instance=temp_instance.txt
agents=30
map_file=den520d.map
solver=PIBTOLD
solved=1
soc=4789
lb_soc=4748
makespan=329
lb_makespan=329
comp_time=15
preprocessing_comp_time=14
starts=(32,184),(48,78),(170,69),(63,163),(244,35),(142,51),(98,87),(224,120),(178,141),(179,105),(215,101),(202,189),(233,101),(185,42),(235,48),(136,27),(74,49),(148,105),(82,202),(146,104),(230,207),(233,55),(180,84),(162,33),(109,168),(241,58),(167,51),(82,96),(150,22),(75,202),
goals=(116,155),(188,71),(231,128),(241,114),(179,80),(201,170),(198,34),(137,6),(146,162),(155,47),(204,84),(156,154),(179,99),(101,46),(83,48),(88,182),(240,48),(152,151),(71,59),(182,176),(45,63),(236,15),(190,41),(222,84),(92,34),(95,204),(207,205),(69,212),(62,96),(62,182),
solution=
0:(32,184),(48,78),(170,69),(63,163),(244,35),(142,51),(98,87),(224,120),(178,141),(179,105),(215,101),(202,189),(233,101),(185,42),(235,48),(136,27),(74,49),(148,105),(82,202),(146,104),(230,207),(233,55),(180,84),(162,33),(109,168),(241,58),(167,51),(82,96),(150,22),(75,202),
1:(32,183),(49,78),(171,69),(63,162),(244,36),(141,51),(99,87),(223,120),(177,141),(179,104),(215,100),(201,189),(232,101),(184,42),(235,49),(136,28),(74,48),(149,105),(83,202),(147,104),(229,207),(233,54),(181,84),(163,33),(109,167),(240,58),(167,52),(83,96),(151,22),(74,202),
2:(33,183),(50,78),(172,69),(64,162),(244,37),(140,51),(100,87),(223,119),(177,142),(179,103),(214,100),(200,189),(232,100),(183,42),(235,50),(136,29),(75,48),(149,106),(84,202),(147,105),(229,206),(234,54),(181,83),(164,33),(109,166),(240,59),(167,53),(83,97),(152,22),(73,202),
3:(34,183),(51,78),(172,70),(64,161),(244,38),(139,51),(101,87),(222,119),(176,142),(178,103),(214,99),(199,189),(232,99),(182,42),(234,50),(137,29),(76,48),(149,107),(84,201),(147,106),(228,206),(235,54),(182,83),(165,33),(110,166),(239,59),(168,53),(84,97),(152,23),(72,202),
4:(35,183),(51,79),(173,70),(64,160),(243,38),(138,51),(102,87),(221,119),(176,143),(177,103),(213,99),(199,188),(231,99),(182,43),(233,50),(138,29),(77,48),(150,107),(85,201),(148,106),(227,206),(236,54),(182,82),(166,33),(111,166),(238,59),(168,54),(85,97),(153,23),(71,202),
5:(36,183),(51,80),(174,70),(65,160),(242,38),(137,51),(102,88),(221,118),(175,143),(177,102),(213,98),(199,187),(230,99),(182,44),(233,51),(139,29),(78,48),(150,108),(85,200),(148,107),(226,206),(236,53),(182,81),(166,34),(112,166),(238,60),(168,55),(85,98),(154,23),(71,201),
6:(37,183),(52,80),(174,71),(65,159),(241,38),(137,50),(102,89),(220,118),(174,143),(177,101),(213,97),(199,186),(230,98),(181,44),(233,52),(140,29),(78,47),(150,109),(85,199),(148,108),(226,205),(236,52),(183,81),(166,35),(113,166),(238,61),(168,56),(86,98),(154,24),(70,201),
7:(38,183),(52,81),(175,71),(65,158),(240,38),(137,49),(102,90),(220,117),(173,143),(177,100),(213,96),(198,186),(229,98),(181,45),(233,53),(141,29),(79,47),(150,110),(85,198),(148,109),(225,205),(236,51),(183,80),(167,35),(113,165),(237,61),(169,56),(86,99),(155,24),(69,201),
8:(39,183),(53,81),(175,72),(66,158),(240,39),(137,48),(102,91),(220,116),(173,144),(176,100),(213,95),(198,185),(228,98),(181,46),(233,54),(142,29),(80,47),(151,110),(85,197),(148,110),(224,205),(236,50),(183,79),(167,36),(114,165),(237,62),(169,57),(86,100),(155,25),(69,200),
9:(40,183),(53,82),(176,72),(66,157),(240,40),(137,47),(102,92),(219,116),(173,145),(176,99),(213,94),(198,184),(228,97),(180,46),(233,55),(143,29),(81,47),(152,110),(85,196),(148,111),(224,204),(236,49),(184,79),(167,37),(114,164),(237,63),(169,58),(86,101),(155,26),(69,199),
10:(41,183),(53,83),(176,73),(67,157),(240,41),(138,47),(103,92),(219,115),(173,146),(175,99),(213,93),(198,183),(228,96),(180,47),(233,56),(144,29),(82,47),(153,110),(85,195),(149,111),(224,203),(236,48),(184,78),(168,37),(114,163),(236,63),(169,59),(87,101),(156,26),(69,198),
11:(41,182),(53,84),(176,74),(68,157),(240,42),(139,47),(103,93),(219,114),(173,147),(175,98),(213,92),(198,182),(227,96),(180,48),(232,56),(145,29),(83,47),(153,111),(85,194),(149,112),(224,202),(236,47),(185,78),(168,38),(115,163),(236,64),(169,60),(87,102),(156,27),(68,198),
12:(41,181),(53,85),(177,74),(68,156),(239,42),(140,47),(104,93),(219,113),(173,148),(174,98),(213,91),(198,181),(227,95),(180,49),(231,56),(146,29),(84,47),(153,112),(86,194),(150,112),(223,202),(236,46),(185,77),(168,39),(115,162),(235,64),(170,60),(87,103),(156,28),(68,197),
13:(41,180),(53,86),(177,75),(68,155),(239,43),(141,47),(105,93),(219,112),(172,148),(174,97),(212,91),(197,181),(226,95),(180,50),(230,56),(147,29),(85,47),(154,112),(87,194),(151,112),(222,202),(236,45),(185,76),(168,40),(115,161),(234,64),(171,60),(87,104),(157,28),(68,196),
14:(41,179),(54,86),(178,75),(68,154),(239,44),(142,47),(106,93),(219,111),(172,149),(173,97),(211,91),(196,181),(226,94),(179,50),(229,56),(148,29),(86,47),(154,113),(87,193),(151,113),(221,202),(236,44),(185,75),(168,41),(115,160),(234,65),(172,60),(88,104),(158,28),(68,195),
15:(41,178),(54,87),(179,75),(68,153),(238,44),(143,47),(107,93),(218,111),(172,150),(173,96),(210,91),(195,181),(225,94),(179,51),(228,56),(149,29),(87,47),(155,113),(88,193),(152,113),(220,202),(236,43),(185,74),(168,42),(116,160),(234,66),(173,60),(88,105),(159,28),(67,195),
16:(41,177),(54,88),(179,76),(69,153),(238,45),(143,48),(108,93),(217,111),(172,151),(172,96),(209,91),(195,180),(225,93),(179,52),(227,56),(150,29),(88,47),(155,114),(88,192),(152,114),(219,202),(236,42),(185,73),(169,42),(117,160),(233,66),(173,61),(89,105),(160,28),(67,194),
17:(41,176),(55,88),(180,76),(70,153),(237,45),(144,48),(109,93),(217,110),(171,151),(171,96),(208,91),(194,180),(224,93),(178,52),(226,56),(151,29),(89,47),(155,115),(88,191),(152,115),(218,202),(236,41),(185,72),(169,43),(118,160),(232,66),(173,62),(89,106),(161,28),(67,193),
18:(42,176),(55,89),(181,76),(71,153),(237,46),(145,48),(110,93),(217,109),(170,151),(171,95),(207,91),(194,179),(224,92),(178,53),(225,56),(151,30),(90,47),(156,115),(88,190),(152,116),(217,202),(236,40),(185,71),(170,43),(119,160),(231,66),(173,63),(89,107),(161,29),(67,192),
19:(42,175),(55,90),(182,76),(72,153),(237,47),(146,48),(111,93),(217,108),(169,151),(170,95),(207,90),(194,178),(224,91),(178,54),(224,56),(152,30),(91,47),(156,116),(88,189),(153,116),(217,201),(236,39),(185,70),(171,43),(119,159),(230,66),(173,64),(89,108),(162,29),(67,191),
20:(43,175),(56,90),(182,77),(73,153),(236,47),(147,48),(112,93),(217,107),(169,152),(169,95),(207,89),(193,178),(224,90),(178,55),(223,56),(153,30),(92,47),(157,116),(89,189),(153,117),(216,201),(236,38),(185,69),(172,43),(119,158),(230,67),(174,64),(90,108),(163,29),(67,190),
21:(43,174),(56,91),(183,77),(74,153),(235,47),(148,48),(113,93),(217,106),(168,152),(168,95),(206,89),(192,178),(223,90),(178,56),(222,56),(154,30),(93,47),(157,117),(90,189),(153,118),(216,200),(236,37),(185,68),(173,43),(119,157),(229,67),(174,65),(91,108),(163,30),(67,189),
22:(43,173),(57,91),(183,78),(75,153),(235,48),(149,48),(114,93),(216,106),(168,153),(167,95),(205,89),(192,177),(222,90),(177,56),(221,56),(155,30),(94,47),(158,117),(90,188),(153,119),(215,200),(236,36),(185,67),(174,43),(120,157),(229,68),(175,65),(92,108),(164,30),(67,188),
23:(43,172),(57,92),(184,78),(76,153),(234,48),(150,48),(115,93),(216,105),(167,153),(166,95),(204,89),(192,176),(221,90),(176,56),(220,56),(156,30),(95,47),(158,118),(90,187),(154,119),(215,199),(236,35),(185,66),(175,43),(121,157),(228,68),(175,66),(93,108),(165,30),(67,187),
24:(44,172),(57,93),(185,78),(77,153),(233,48),(151,48),(116,93),(216,104),(167,154),(166,94),(204,88),(192,175),(221,89),(175,56),(219,56),(157,30),(96,47),(159,118),(90,186),(155,119),(215,198),(236,34),(185,65),(175,44),(121,156),(227,68),(175,67),(94,108),(165,31),(66,187),
25:(44,171),(58,93),(185,79),(78,153),(233,49),(152,48),(117,93),(215,104),(166,154),(166,93),(204,87),(192,174),(220,89),(174,56),(218,56),(157,31),(97,47),(159,119),(91,186),(156,119),(215,197),(236,33),(185,64),(176,44),(121,155),(227,69),(175,68),(95,108),(165,32),(66,186),
26:(44,170),(59,93),(185,80),(79,153),(233,50),(153,48),(118,93),(214,104),(165,154),(166,92),(204,86),(191,174),(219,89),(173,56),(217,56),(157,32),(98,47),(159,120),(91,185),(157,119),(214,197),(236,32),(185,63),(177,44),(122,155),(226,69),(176,68),(96,108),(165,33),(65,186),
27:(44,169),(60,93),(186,80),(80,153),(233,51),(153,49),(119,93),(213,104),(164,154),(166,91),(204,85),(191,173),(218,89),(172,56),(216,56),(157,33),(99,47),(159,121),(91,184),(157,120),(214,196),(236,31),(185,62),(178,44),(123,155),(225,69),(177,68),(97,108),(166,33),(65,185),
28:(45,169),(61,93),(186,81),(81,153),(233,52),(153,50),(120,93),(213,103),(163,154),(166,90),(204,84),(191,172),(218,88),(171,56),(215,56),(157,34),(100,47),(159,122),(92,184),(157,121),(214,195),(236,30),(185,61),(179,44),(124,155),(225,70),(178,68),(98,108),(167,33),(64,185),
29:(45,168),(62,93),(186,82),(82,153),(233,53),(154,50),(121,93),(213,102),(162,154),(165,90),(204,84),(191,171),(218,87),(170,56),(214,56),(158,34),(101,47),(159,123),(93,184),(158,121),(213,195),(236,29),(185,60),(180,44),(125,155),(225,71),(178,69),(99,108),(167,34),(64,184),
30:(45,167),(63,93),(186,83),(83,153),(233,54),(155,50),(122,93),(213,101),(162,155),(165,89),(204,84),(190,171),(218,86),(170,55),(213,56),(158,35),(102,47),(159,124),(94,184),(159,121),(213,194),(236,28),(185,59),(180,45),(125,154),(224,71),(179,69),(100,108),(167,35),(64,183),
31:(46,167),(64,93),(186,84),(84,153),(233,55),(155,51),(123,93),(213,100),(162,156),(165,88),(204,84),(190,170),(217,86),(170,54),(212,56),(159,35),(103,47),(159,125),(94,183),(160,121),(213,193),(236,27),(185,58),(180,46),(126,154),(223,71),(179,70),(101,108),(168,35),(63,183),
32:(47,167),(65,93),(187,84),(85,153),(233,56),(155,52),(124,93),(213,99),(161,156),(165,87),(204,84),(190,169),(216,86),(170,53),(211,56),(160,35),(104,47),(159,126),(94,182),(160,122),(213,192),(236,26),(185,57),(181,46),(127,154),(222,71),(179,71),(102,108),(169,35),(63,182),
33:(48,167),(66,93),(188,84),(86,153),(233,57),(156,52),(125,93),(213,98),(160,156),(165,86),(204,84),(190,168),(215,86),(169,53),(210,56),(161,35),(105,47),(159,127),(94,181),(160,123),(212,192),(236,25),(185,56),(182,46),(128,154),(222,72),(179,72),(103,108),(169,36),(62,182),
34:(48,166),(67,93),(189,84),(87,153),(232,57),(157,52),(126,93),(213,97),(160,157),(165,85),(204,84),(190,167),(214,86),(169,52),(209,56),(162,35),(106,47),(159,128),(94,180),(160,124),(212,191),(236,24),(185,55),(182,47),(129,154),(222,73),(179,73),(104,108),(170,36),(62,182),
35:(49,166),(68,93),(189,85),(88,153),(231,57),(158,52),(127,93),(213,96),(160,158),(165,84),(204,84),(190,166),(213,86),(168,52),(208,56),(163,35),(107,47),(159,129),(95,180),(161,124),(212,190),(236,23),(185,54),(182,48),(129,153),(221,73),(179,74),(105,108),(171,36),(62,182),
36:(49,165),(69,93),(190,85),(89,153),(231,58),(158,53),(128,93),(213,95),(159,158),(165,83),(204,84),(190,165),(212,86),(167,52),(207,56),(163,36),(108,47),(159,130),(95,179),(161,125),(212,189),(236,22),(185,53),(183,48),(129,152),(221,74),(179,75),(106,108),(171,37),(62,182),
37:(50,165),(70,93),(191,85),(90,153),(230,58),(158,54),(129,93),(213,94),(159,159),(165,82),(204,84),(189,165),(211,86),(166,52),(206,56),(164,36),(109,47),(159,131),(96,179),(162,125),(211,189),(236,21),(185,52),(184,48),(130,152),(221,75),(179,76),(107,108),(171,38),(62,182),
38:(51,165),(71,93),(192,85),(91,153),(229,58),(159,54),(130,93),(213,93),(158,159),(165,81),(204,84),(188,165),(210,86),(166,51),(205,56),(165,36),(110,47),(159,132),(96,178),(162,126),(210,189),(236,20),(185,51),(185,48),(131,152),(220,75),(179,77),(108,108),(171,39),(62,182),
39:(51,164),(72,93),(193,85),(92,153),(229,59),(159,55),(131,93),(213,92),(158,160),(165,80),(204,84),(187,165),(209,86),(165,51),(204,56),(165,37),(111,47),(159,133),(97,178),(163,126),(209,189),(236,19),(185,50),(186,48),(132,152),(219,75),(179,78),(109,108),(172,39),(62,182),
40:(51,163),(73,93),(194,85),(93,153),(228,59),(159,56),(132,93),(213,91),(158,161),(165,79),(204,84),(187,164),(208,86),(165,50),(203,56),(166,37),(112,47),(159,134),(97,177),(163,127),(208,189),(236,18),(185,49),(186,49),(133,152),(218,75),(179,79),(110,108),(173,39),(62,182),
41:(52,163),(74,93),(194,86),(94,153),(228,60),(160,56),(133,93),(212,91),(158,162),(165,78),(204,84),(186,164),(207,86),(165,49),(202,56),(166,38),(113,47),(159,135),(97,176),(163,128),(207,189),(236,17),(185,48),(186,50),(133,151),(217,75),(179,80),(111,108),(173,40),(62,182),
42:(53,163),(75,93),(195,86),(95,153),(227,60),(161,56),(134,93),(211,91),(157,162),(165,77),(204,84),(185,164),(206,86),(165,48),(201,56),(167,38),(114,47),(159,136),(98,176),(164,128),(206,189),(236,16),(185,47),(186,51),(134,151),(216,75),(179,81),(112,108),(174,40),(62,182),
43:(53,162),(76,93),(196,86),(96,153),(226,60),(161,57),(135,93),(210,91),(156,162),(165,76),(204,84),(185,163),(205,86),(164,48),(200,56),(167,39),(115,47),(159,137),(98,175),(165,128),(206,188),(236,15),(185,46),(187,51),(134,150),(215,75),(179,82),(113,108),(174,41),(62,182),
44:(53,161),(77,93),(197,86),(97,153),(226,61),(162,57),(136,93),(209,91),(155,162),(165,75),(204,84),(185,162),(204,86),(163,48),(199,56),(167,40),(116,47),(158,137),(99,175),(166,128),(206,187),(236,15),(186,46),(187,52),(135,150),(214,75),(179,83),(114,108),(175,41),(62,182),
45:(54,161),(78,93),(198,86),(98,153),(226,62),(162,58),(137,93),(209,90),(154,162),(165,74),(204,84),(185,161),(203,86),(163,47),(198,56),(167,41),(117,47),(158,138),(99,174),(167,128),(206,186),(236,15),(186,45),(187,53),(136,150),(213,75),(179,84),(115,108),(176,41),(62,182),
46:(54,160),(79,93),(199,86),(99,153),(225,62),(163,58),(138,93),(208,90),(153,162),(165,73),(204,84),(185,160),(202,86),(162,47),(197,56),(168,41),(118,47),(157,138),(99,173),(168,128),(206,185),(236,15),(187,45),(187,54),(137,150),(212,75),(179,85),(116,108),(177,41),(62,182),
47:(55,160),(80,93),(200,86),(100,153),(224,62),(164,58),(139,93),(207,90),(152,162),(165,72),(204,84),(185,159),(201,86),(162,46),(196,56),(169,41),(119,47),(157,139),(99,172),(168,129),(205,185),(236,15),(187,44),(187,55),(137,149),(212,76),(179,86),(117,108),(177,42),(62,182),
48:(55,159),(81,93),(201,86),(101,153),(223,62),(165,58),(140,93),(207,89),(151,162),(165,71),(204,84),(185,158),(202,86),(161,46),(195,56),(170,41),(120,47),(156,139),(100,172),(168,130),(204,185),(236,15),(187,43),(188,55),(138,149),(211,76),(179,87),(118,108),(177,43),(62,182),
49:(56,159),(82,93),(201,87),(102,153),(223,63),(166,58),(141,93),(206,89),(150,162),(165,70),(204,84),(184,158),(201,86),(160,46),(194,56),(171,41),(121,47),(155,139),(101,172),(168,131),(204,184),(236,15),(187,42),(189,55),(138,148),(211,77),(179,88),(119,108),(177,44),(62,182),
50:(57,159),(83,93),(201,88),(103,153),(223,64),(167,58),(142,93),(205,89),(149,162),(165,69),(204,84),(183,158),(200,86),(159,46),(193,56),(172,41),(122,47),(154,139),(101,171),(169,131),(203,184),(236,15),(188,42),(190,55),(139,148),(210,77),(179,89),(120,108),(178,44),(62,182),
51:(57,158),(84,93),(202,88),(104,153),(222,64),(167,59),(143,93),(204,89),(148,162),(165,68),(204,84),(183,157),(199,86),(158,46),(192,56),(173,41),(123,47),(153,139),(101,170),(169,132),(203,183),(236,15),(188,41),(190,56),(140,148),(209,77),(179,90),(121,108),(178,45),(62,182),
52:(58,158),(85,93),(203,88),(105,153),(222,65),(168,59),(144,93),(204,88),(147,162),(165,67),(204,84),(182,157),(198,86),(157,46),(191,56),(174,41),(124,47),(153,140),(101,169),(169,133),(203,182),(236,15),(189,41),(190,57),(141,148),(208,77),(179,91),(122,108),(179,45),(62,182),
53:(59,158),(86,93),(203,89),(106,153),(221,65),(168,60),(145,93),(204,87),(146,162),(165,66),(204,84),(181,157),(197,86),(156,46),(190,56),(174,42),(125,47),(152,140),(102,169),(169,134),(202,182),(236,15),(190,41),(191,57),(142,148),(207,77),(179,92),(123,108),(179,46),(62,182),
54:(60,158),(87,93),(203,90),(107,153),(220,65),(168,61),(145,92),(203,87),(146,162),(165,65),(204,84),(180,157),(196,86),(155,46),(189,56),(174,43),(126,47),(152,141),(102,168),(169,135),(202,181),(236,15),(190,41),(192,57),(143,148),(207,78),(179,93),(124,108),(180,46),(62,182),
55:(61,158),(88,93),(203,91),(108,153),(220,66),(168,62),(146,92),(202,87),(146,162),(165,64),(204,84),(179,157),(195,86),(154,46),(188,56),(174,44),(127,47),(152,142),(102,167),(169,136),(201,181),(236,15),(190,41),(193,57),(144,148),(207,79),(179,94),(125,108),(180,47),(62,182),
56:(61,157),(89,93),(204,91),(109,153),(219,66),(169,62),(147,92),(202,86),(146,162),(165,63),(204,84),(178,157),(194,86),(153,46),(187,56),(175,44),(128,47),(152,143),(103,167),(170,136),(201,180),(236,15),(190,41),(193,58),(145,148),(207,80),(179,95),(126,108),(180,48),(62,182),
57:(61,156),(90,93),(205,91),(110,153),(218,66),(170,62),(148,92),(202,85),(146,162),(165,62),(204,84),(177,157),(193,86),(152,46),(186,56),(176,44),(129,47),(152,144),(103,166),(171,136),(201,179),(236,15),(190,41),(193,59),(146,148),(207,81),(179,96),(127,108),(180,49),(62,182),
58:(62,156),(91,93),(206,91),(111,153),(218,67),(171,62),(149,92),(202,84),(146,162),(165,61),(204,84),(177,156),(192,86),(151,46),(185,56),(177,44),(130,47),(152,145),(103,165),(171,137),(200,179),(236,15),(190,41),(193,60),(147,148),(206,81),(179,97),(128,108),(180,50),(62,182),
59:(62,155),(92,93),(207,91),(112,153),(217,67),(171,63),(150,92),(202,83),(146,162),(165,60),(204,84),(176,156),(191,86),(150,46),(184,56),(178,44),(131,47),(152,146),(104,165),(172,137),(199,179),(236,15),(190,41),(193,61),(148,148),(205,81),(179,98),(129,108),(180,51),(62,182),
60:(63,155),(93,93),(208,91),(113,153),(217,68),(171,64),(151,92),(201,83),(146,162),(165,59),(204,84),(175,156),(190,86),(149,46),(183,56),(178,45),(132,47),(152,147),(105,165),(173,137),(198,179),(236,15),(190,41),(194,61),(148,147),(204,81),(179,99),(130,108),(179,51),(62,182),
61:(64,155),(94,93),(209,91),(114,153),(217,69),(171,65),(152,92),(200,83),(146,162),(165,58),(204,84),(175,155),(190,87),(148,46),(182,56),(179,45),(133,47),(152,148),(106,165),(173,138),(198,178),(236,15),(190,41),(195,61),(148,146),(204,82),(179,100),(131,108),(178,51),(62,182),
62:(65,155),(95,93),(210,91),(115,153),(216,69),(172,65),(152,91),(199,83),(146,162),(164,58),(204,84),(174,155),(189,87),(147,46),(181,56),(179,46),(134,47),(152,149),(106,164),(174,138),(197,178),(236,15),(190,41),(195,62),(149,146),(203,82),(179,101),(132,108),(178,52),(62,182),
63:(66,155),(96,93),(211,91),(116,153),(216,70),(172,66),(152,90),(199,82),(146,162),(164,57),(204,84),(173,155),(188,87),(146,46),(180,56),(180,46),(135,47),(152,150),(106,163),(174,139),(196,178),(236,15),(190,41),(195,63),(150,146),(202,82),(179,102),(133,108),(177,52),(62,182),
64:(67,155),(97,93),(212,91),(116,152),(215,70),(173,66),(153,90),(198,82),(146,162),(164,56),(204,84),(173,154),(187,87),(145,46),(179,56),(180,47),(136,47),(152,151),(106,162),(174,140),(195,178),(236,15),(190,41),(196,63),(151,146),(202,83),(179,103),(134,108),(177,53),(62,182),
65:(68,155),(98,93),(213,91),(117,152),(215,71),(173,67),(154,90),(198,81),(146,162),(164,55),(204,84),(172,154),(187,88),(144,46),(178,56),(180,48),(137,47),(152,151),(106,161),(175,140),(194,178),(236,15),(190,41),(196,64),(152,146),(202,84),(179,104),(135,108),(176,53),(62,182),
66:(69,155),(99,93),(213,92),(118,152),(215,72),(174,67),(155,90),(197,81),(146,162),(163,55),(204,84),(171,154),(186,88),(143,46),(177,56),(180,49),(138,47),(152,151),(106,160),(176,140),(193,178),(236,15),(190,41),(197,64),(152,145),(201,84),(179,105),(136,108),(175,53),(62,182),
67:(70,155),(100,93),(213,93),(119,152),(215,73),(175,67),(156,90),(197,80),(146,162),(162,55),(204,84),(170,154),(185,88),(142,46),(176,56),(180,50),(139,47),(152,151),(107,160),(176,141),(193,177),(236,15),(190,41),(198,64),(153,145),(201,85),(179,106),(137,108),(174,53),(62,182),
68:(71,155),(101,93),(214,93),(120,152),(214,73),(176,67),(157,90),(196,80),(146,162),(161,55),(204,84),(169,154),(184,88),(141,46),(175,56),(180,51),(140,47),(152,151),(107,159),(177,141),(192,177),(236,15),(190,41),(199,64),(154,145),(201,86),(179,107),(138,108),(174,54),(62,182),
69:(72,155),(102,93),(214,94),(121,152),(213,73),(176,68),(158,90),(195,80),(146,162),(160,55),(204,84),(168,154),(184,89),(140,46),(174,56),(180,52),(141,47),(152,151),(108,159),(178,141),(192,176),(236,15),(190,41),(199,65),(154,144),(200,86),(179,108),(139,108),(174,55),(62,182),
70:(73,155),(103,93),(215,94),(122,152),(213,74),(176,69),(159,90),(195,79),(146,162),(160,54),(204,84),(167,154),(184,90),(139,46),(173,56),(180,53),(142,47),(152,151),(108,158),(179,141),(192,175),(236,15),(190,41),(199,66),(154,143),(199,86),(179,109),(139,109),(174,56),(62,182),
71:(74,155),(104,93),(215,95),(123,152),(212,74),(176,70),(159,89),(194,79),(146,162),(160,53),(204,84),(166,154),(183,90),(138,46),(172,56),(180,54),(143,47),(152,151),(109,158),(180,141),(192,174),(236,15),(190,41),(200,66),(154,142),(198,86),(179,110),(139,110),(174,57),(62,182),
72:(75,155),(105,93),(216,95),(124,152),(212,75),(176,71),(160,89),(194,78),(146,162),(159,53),(204,84),(165,154),(183,91),(137,46),(171,56),(179,54),(144,47),(152,151),(109,157),(180,142),(192,173),(236,15),(190,41),(200,67),(155,142),(197,86),(180,110),(140,110),(173,57),(62,182),
73:(76,155),(106,93),(216,96),(125,152),(211,75),(177,71),(160,88),(194,77),(146,162),(158,53),(204,84),(164,154),(183,92),(136,46),(170,56),(179,55),(144,48),(152,151),(109,156),(181,142),(191,173),(236,15),(190,41),(201,67),(156,142),(196,86),(180,111),(141,110),(172,57),(62,182),
74:(77,155),(107,93),(217,96),(126,152),(210,75),(177,72),(161,88),(194,76),(146,162),(158,52),(204,84),(163,154),(183,93),(135,46),(169,56),(179,56),(145,48),(152,151),(110,156),(182,142),(191,172),(236,15),(190,41),(202,67),(157,142),(195,86),(181,111),(142,110),(171,57),(62,182),
75:(78,155),(108,93),(217,97),(127,152),(210,76),(177,73),(162,88),(193,76),(146,162),(158,51),(204,84),(162,154),(182,93),(134,46),(168,56),(178,56),(146,48),(152,151),(110,155),(182,143),(190,172),(236,15),(190,41),(202,68),(158,142),(194,86),(182,111),(142,111),(170,57),(62,182),
76:(79,155),(109,93),(218,97),(128,152),(209,76),(177,74),(162,87),(192,76),(146,162),(158,50),(204,84),(161,154),(181,93),(133,46),(168,55),(177,56),(147,48),(152,151),(110,154),(182,144),(190,171),(236,15),(190,41),(203,68),(158,141),(193,86),(182,112),(142,112),(170,58),(62,182),
77:(80,155),(110,93),(218,98),(129,152),(208,76),(178,74),(163,87),(192,75),(146,162),(157,50),(204,84),(160,154),(180,93),(132,46),(167,55),(177,57),(148,48),(152,151),(110,153),(182,145),(189,171),(236,15),(190,41),(203,69),(159,141),(192,86),(182,113),(142,113),(170,59),(62,182),
78:(81,155),(111,93),(218,99),(130,152),(207,76),(179,74),(164,87),(192,74),(146,162),(157,49),(204,84),(159,154),(180,94),(131,46),(167,54),(177,58),(149,48),(152,151),(111,153),(182,146),(188,171),(236,15),(190,41),(204,69),(159,140),(191,86),(183,113),(143,113),(170,60),(62,182),
79:(82,155),(112,93),(219,99),(130,151),(206,76),(179,75),(164,86),(191,74),(146,162),(157,48),(204,84),(158,154),(180,95),(130,46),(167,53),(176,58),(150,48),(152,151),(112,153),(182,147),(187,171),(236,15),(190,41),(205,69),(160,140),(191,87),(183,114),(144,113),(170,61),(62,182),
80:(83,155),(113,93),(220,99),(131,151),(205,76),(179,76),(165,86),(191,73),(146,162),(156,48),(204,84),(157,154),(180,96),(129,46),(166,53),(176,59),(151,48),(152,151),(113,153),(182,148),(186,171),(236,15),(190,41),(206,69),(161,140),(190,87),(183,115),(145,113),(169,61),(62,182),
81:(84,155),(114,93),(221,99),(131,150),(205,77),(179,77),(166,86),(190,73),(146,162),(156,47),(204,84),(156,154),(179,96),(128,46),(166,52),(175,59),(152,48),(152,151),(114,153),(182,149),(185,171),(236,15),(190,41),(206,70),(162,140),(190,88),(183,116),(146,113),(169,62),(62,182),
82:(85,155),(115,93),(221,100),(131,149),(205,78),(179,78),(166,85),(189,73),(146,162),(155,47),(204,84),(156,154),(179,97),(127,46),(165,52),(175,60),(152,49),(152,151),(115,153),(182,150),(184,171),(236,15),(190,41),(207,70),(162,139),(189,88),(183,117),(147,113),(169,63),(62,182),
83:(86,155),(116,93),(221,101),(132,149),(205,79),(179,79),(166,84),(188,73),(146,162),(155,47),(204,84),(156,154),(179,98),(126,46),(165,51),(174,60),(153,49),(152,151),(116,153),(182,151),(184,170),(236,15),(190,41),(208,70),(163,139),(188,88),(183,118),(148,113),(169,64),(62,182),
84:(87,155),(117,93),(221,102),(133,149),(204,79),(179,80),(166,83),(188,72),(146,162),(155,47),(204,84),(156,154),(179,99),(125,46),(165,50),(173,60),(154,49),(152,151),(116,152),(182,152),(184,169),(236,15),(190,41),(209,70),(164,139),(187,88),(183,119),(148,114),(168,64),(62,182),
85:(88,155),(118,93),(222,102),(134,149),(204,80),(179,81),(167,83),(187,72),(146,162),(155,47),(204,84),(156,154),(179,99),(124,46),(165,49),(172,60),(154,50),(152,151),(117,152),(182,153),(184,168),(236,15),(190,41),(210,70),(165,139),(186,88),(183,120),(149,114),(167,64),(62,182),
86:(89,155),(119,93),(222,103),(135,149),(203,80),(179,82),(168,83),(187,71),(146,162),(155,47),(204,84),(156,154),(179,99),(123,46),(164,49),(172,61),(155,50),(152,151),(118,152),(182,154),(184,167),(236,15),(190,41),(210,71),(165,138),(186,89),(183,121),(149,115),(166,64),(62,182),
87:(90,155),(120,93),(222,104),(136,149),(202,80),(179,83),(169,83),(186,71),(146,162),(155,47),(204,84),(156,154),(179,99),(122,46),(163,49),(172,62),(156,50),(152,151),(119,152),(182,155),(184,166),(236,15),(190,41),(211,71),(165,137),(186,90),(183,122),(150,115),(165,64),(62,182),
88:(91,155),(121,93),(223,104),(137,149),(201,80),(179,84),(170,83),(185,71),(146,162),(155,47),(204,84),(156,154),(179,99),(121,46),(163,48),(172,63),(156,51),(152,151),(120,152),(182,156),(183,166),(236,15),(190,41),(212,71),(165,136),(185,90),(183,123),(151,115),(165,65),(62,182),
89:(92,155),(122,93),(224,104),(138,149),(200,80),(179,85),(170,82),(185,70),(146,162),(155,47),(204,84),(156,154),(179,99),(120,46),(162,48),(171,63),(156,52),(152,151),(121,152),(182,157),(182,166),(236,15),(190,41),(213,71),(165,135),(185,91),(183,124),(151,116),(165,66),(62,182),
90:(93,155),(123,93),(224,105),(138,148),(199,80),(179,86),(170,81),(184,70),(146,162),(155,47),(204,84),(156,154),(179,99),(119,46),(161,48),(171,64),(157,52),(152,151),(122,152),(182,158),(181,166),(236,15),(190,41),(214,71),(165,134),(184,91),(183,125),(152,116),(165,67),(62,182),
91:(94,155),(124,93),(225,105),(139,148),(198,80),(179,87),(170,80),(184,69),(146,162),(155,47),(204,84),(156,154),(179,99),(118,46),(161,47),(171,65),(157,53),(152,151),(123,152),(182,159),(180,166),(236,15),(190,41),(215,71),(165,133),(184,92),(183,126),(153,116),(165,68),(62,182),
92:(95,155),(125,93),(225,106),(140,148),(197,80),(179,88),(170,79),(184,68),(146,162),(155,47),(204,84),(156,154),(179,99),(117,46),(160,47),(170,65),(158,53),(152,151),(124,152),(182,160),(179,166),(236,15),(190,41),(215,72),(165,132),(183,92),(183,127),(154,116),(165,69),(62,182),
93:(96,155),(126,93),(225,107),(141,148),(196,80),(179,89),(170,78),(183,68),(146,162),(155,47),(204,84),(156,154),(179,99),(116,46),(159,47),(170,66),(158,54),(152,151),(125,152),(182,161),(178,166),(236,15),(190,41),(215,73),(165,131),(183,93),(184,127),(155,116),(164,69),(62,182),
94:(97,155),(127,93),(226,107),(142,148),(195,80),(179,90),(170,77),(183,67),(146,162),(155,47),(204,84),(156,154),(179,99),(115,46),(158,47),(169,66),(159,54),(152,151),(126,152),(182,162),(178,165),(236,15),(190,41),(216,73),(165,130),(183,94),(184,128),(155,117),(164,70),(62,182),
95:(98,155),(128,93),(226,108),(143,148),(194,80),(179,91),(171,77),(183,66),(146,162),(155,47),(204,84),(156,154),(179,99),(114,46),(157,47),(168,66),(159,55),(152,151),(127,152),(182,163),(177,165),(236,15),(190,41),(217,73),(165,129),(183,95),(184,129),(155,118),(163,70),(62,182),
96:(99,155),(129,93),(226,109),(144,148),(193,80),(179,92),(171,76),(182,66),(146,162),(155,47),(204,84),(156,154),(179,99),(113,46),(156,47),(167,66),(159,56),(152,151),(128,152),(182,164),(176,165),(236,15),(190,41),(217,74),(165,128),(182,95),(184,130),(155,119),(163,71),(62,182),
97:(100,155),(130,93),(227,109),(145,148),(192,80),(179,93),(172,76),(182,65),(146,162),(155,48),(204,84),(156,154),(179,99),(112,46),(155,47),(167,67),(160,56),(152,151),(129,152),(182,165),(176,164),(236,15),(190,41),(217,75),(165,127),(181,95),(184,131),(156,119),(162,71),(62,182),
98:(101,155),(131,93),(227,110),(146,148),(191,80),(179,94),(173,76),(182,64),(146,162),(155,47),(204,84),(156,154),(179,99),(111,46),(154,47),(166,67),(161,56),(152,151),(129,151),(182,166),(176,163),(236,15),(190,41),(217,76),(165,126),(181,96),(184,132),(157,119),(161,71),(62,182),
99:(102,155),(132,93),(228,110),(147,148),(190,80),(179,95),(174,76),(182,63),(146,162),(155,47),(204,84),(156,154),(179,99),(110,46),(153,47),(165,67),(162,56),(152,151),(130,151),(182,167),(175,163),(236,15),(190,41),(217,77),(165,125),(181,97),(185,132),(157,120),(161,72),(62,182),
100:(103,155),(133,93),(228,111),(148,148),(189,80),(179,96),(174,75),(182,62),(146,162),(155,47),(204,84),(156,154),(179,99),(109,46),(152,47),(165,68),(163,56),(152,151),(130,150),(182,168),(175,162),(236,15),(190,41),(218,77),(165,124),(181,98),(185,133),(157,121),(161,73),(62,182),
101:(104,155),(134,93),(229,111),(149,148),(188,80),(179,97),(175,75),(181,62),(146,162),(155,47),(204,84),(156,154),(179,99),(108,46),(151,47),(165,69),(164,56),(152,151),(131,150),(182,169),(175,161),(236,15),(190,41),(218,78),(165,123),(180,98),(185,134),(157,122),(161,74),(62,182),
102:(105,155),(135,93),(229,112),(150,148),(187,80),(179,98),(175,74),(181,61),(146,162),(155,47),(204,84),(156,154),(179,99),(107,46),(150,47),(164,69),(165,56),(152,151),(131,149),(182,170),(174,161),(236,15),(190,41),(219,78),(165,122),(180,99),(185,135),(157,123),(161,75),(62,182),
103:(106,155),(136,93),(230,112),(150,147),(186,80),(179,99),(175,73),(180,61),(146,162),(155,47),(204,84),(156,154),(179,100),(106,46),(149,47),(164,70),(166,56),(152,151),(132,149),(182,171),(173,161),(236,15),(190,41),(220,78),(165,121),(180,100),(185,136),(158,123),(161,76),(62,182),
104:(107,155),(137,93),(230,113),(150,146),(185,80),(179,100),(175,72),(180,60),(146,162),(155,47),(204,84),(156,154),(178,100),(105,46),(148,47),(164,71),(167,56),(152,151),(133,149),(182,172),(173,160),(236,15),(190,41),(220,79),(165,120),(180,101),(185,137),(158,124),(161,77),(62,182),
105:(108,155),(138,93),(230,114),(151,146),(184,80),(179,101),(175,71),(180,59),(146,162),(155,47),(204,84),(156,154),(178,99),(104,46),(147,47),(163,71),(168,56),(152,151),(134,149),(182,173),(172,160),(236,15),(190,41),(221,79),(165,119),(180,102),(185,138),(159,124),(161,78),(62,182),
106:(109,155),(139,93),(230,115),(151,145),(183,80),(179,101),(175,70),(180,58),(146,162),(155,47),(204,84),(156,154),(179,99),(103,46),(146,47),(162,71),(169,56),(152,151),(135,149),(182,174),(172,159),(236,15),(190,41),(221,80),(165,118),(179,102),(186,138),(159,125),(161,79),(62,182),
107:(110,155),(140,93),(231,115),(152,145),(182,80),(179,102),(176,70),(180,57),(146,162),(155,47),(204,84),(156,154),(179,99),(102,46),(145,47),(161,71),(170,56),(152,151),(136,149),(182,175),(172,158),(236,15),(190,41),(221,81),(165,117),(179,103),(186,139),(159,126),(161,80),(62,182),
108:(111,155),(141,93),(231,116),(153,145),(181,80),(179,103),(176,69),(180,56),(146,162),(155,47),(204,84),(156,154),(179,99),(101,46),(144,47),(161,72),(171,56),(152,151),(137,149),(182,176),(171,158),(236,15),(190,41),(222,81),(165,116),(179,104),(186,140),(159,127),(161,81),(62,182),
109:(112,155),(142,93),(231,117),(153,144),(180,80),(179,104),(176,68),(180,55),(146,162),(155,47),(204,84),(156,154),(179,99),(101,46),(143,47),(161,73),(172,56),(152,151),(138,149),(182,176),(171,157),(236,15),(190,41),(222,82),(165,115),(179,105),(186,141),(159,128),(161,82),(62,182),
110:(113,155),(143,93),(231,118),(153,143),(179,80),(179,105),(176,67),(180,54),(146,162),(155,47),(204,84),(156,154),(179,99),(101,46),(142,47),(161,74),(173,56),(152,151),(139,149),(182,176),(170,157),(236,15),(190,41),(222,83),(165,114),(178,105),(186,142),(159,129),(160,82),(62,182),
111:(114,155),(144,93),(231,119),(154,143),(179,80),(179,106),(177,67),(180,53),(146,162),(155,47),(204,84),(156,154),(179,99),(101,46),(141,47),(161,75),(174,56),(152,151),(140,149),(182,176),(170,156),(236,15),(190,41),(222,84),(165,113),(177,105),(186,143),(159,130),(160,83),(62,182),
112:(115,155),(145,93),(231,120),(155,143),(179,80),(179,107),(177,66),(180,52),(146,162),(155,47),(204,84),(156,154),(179,99),(101,46),(140,47),(161,76),(174,55),(152,151),(141,149),(182,176),(169,156),(236,15),(190,41),(222,84),(165,112),(177,106),(186,144),(159,131),(160,84),(62,182),
113:(116,155),(145,92),(231,121),(156,143),(179,80),(179,108),(177,65),(180,51),(146,162),(155,47),(204,84),(156,154),(179,99),(101,46),(139,47),(161,77),(175,55),(152,151),(142,149),(182,176),(168,156),(236,15),(190,41),(222,84),(165,111),(176,106),(186,145),(159,132),(159,84),(62,182),
114:(116,155),(146,92),(231,122),(157,143),(179,80),(180,108),(178,65),(180,50),(146,162),(155,47),(204,84),(156,154),(179,99),(101,46),(138,47),(161,78),(176,55),(152,151),(142,148),(182,176),(168,155),(236,15),(190,41),(222,84),(165,110),(176,107),(187,145),(159,133),(159,85),(62,182),
115:(116,155),(147,92),(231,123),(158,143),(179,80),(180,109),(179,65),(180,49),(146,162),(155,47),(204,84),(156,154),(179,99),(101,46),(137,47),(161,79),(177,55),(152,151),(143,148),(182,176),(168,154),(236,15),(190,41),(222,84),(165,109),(175,107),(187,146),(159,134),(159,86),(62,182),
116:(116,155),(148,92),(231,124),(158,142),(179,80),(181,109),(179,64),(180,48),(146,162),(155,47),(204,84),(156,154),(179,99),(101,46),(136,47),(161,80),(178,55),(152,151),(144,148),(182,176),(167,154),(236,15),(190,41),(222,84),(165,108),(174,107),(187,147),(159,135),(158,86),(62,182),
117:(116,155),(149,92),(231,125),(158,141),(179,80),(181,110),(180,64),(180,47),(146,162),(155,47),(204,84),(156,154),(179,99),(101,46),(135,47),(161,81),(179,55),(152,151),(145,148),(182,176),(167,153),(236,15),(190,41),(222,84),(165,107),(173,107),(187,148),(159,136),(158,87),(62,182),
118:(116,155),(150,92),(231,126),(158,140),(179,80),(182,110),(181,64),(180,46),(146,162),(155,47),(204,84),(156,154),(179,99),(101,46),(134,47),(161,82),(180,55),(152,151),(146,148),(182,176),(167,152),(236,15),(190,41),(222,84),(165,106),(172,107),(187,149),(159,137),(158,88),(62,182),
119:(116,155),(151,92),(231,127),(158,139),(179,80),(182,111),(182,64),(180,45),(146,162),(155,47),(204,84),(156,154),(179,99),(101,46),(133,47),(160,82),(181,55),(152,151),(147,148),(182,176),(166,152),(236,15),(190,41),(222,84),(165,105),(171,107),(187,150),(159,138),(157,88),(62,182),
120:(116,155),(151,91),(231,128),(159,139),(179,80),(182,112),(183,64),(180,44),(146,162),(155,47),(204,84),(156,154),(179,99),(101,46),(132,47),(160,83),(182,55),(152,151),(148,148),(182,176),(165,152),(236,15),(190,41),(222,84),(165,104),(171,108),(187,151),(158,138),(157,89),(62,182),
121:(116,155),(152,91),(231,128),(159,138),(179,80),(182,113),(184,64),(179,44),(146,162),(155,47),(204,84),(156,154),(179,99),(101,46),(131,47),(159,83),(183,55),(152,151),(149,148),(182,176),(165,151),(236,15),(190,41),(222,84),(165,103),(171,109),(187,152),(158,139),(157,90),(62,182),
122:(116,155),(153,91),(231,128),(160,138),(179,80),(182,114),(184,63),(179,43),(146,162),(155,47),(204,84),(156,154),(179,99),(101,46),(130,47),(159,84),(184,55),(152,151),(149,147),(182,176),(164,151),(236,15),(190,41),(222,84),(165,102),(171,110),(187,153),(158,140),(157,91),(62,182),
123:(116,155),(154,91),(231,128),(160,137),(179,80),(182,115),(185,63),(178,43),(146,162),(155,47),(204,84),(156,154),(179,99),(101,46),(129,47),(159,85),(185,55),(152,151),(149,146),(182,176),(164,150),(236,15),(190,41),(222,84),(165,101),(170,110),(187,154),(157,140),(156,91),(62,182),
124:(116,155),(154,90),(231,128),(160,136),(179,80),(182,116),(185,62),(178,42),(146,162),(155,47),(204,84),(156,154),(179,99),(101,46),(128,47),(159,86),(186,55),(152,151),(149,145),(182,176),(163,150),(236,15),(190,41),(222,84),(165,100),(170,111),(188,154),(157,141),(155,91),(62,182),
125:(116,155),(155,90),(231,128),(160,135),(179,80),(183,116),(185,61),(178,41),(146,162),(155,47),(204,84),(156,154),(179,99),(101,46),(127,47),(159,87),(187,55),(152,151),(149,144),(182,176),(162,150),(236,15),(190,41),(222,84),(165,99),(169,111),(189,154),(156,141),(155,92),(62,182),
126:(116,155),(156,90),(231,128),(161,135),(179,80),(183,117),(185,60),(177,41),(146,162),(155,47),(204,84),(156,154),(179,99),(101,46),(126,47),(159,88),(188,55),(152,151),(150,144),(182,176),(162,149),(236,15),(190,41),(222,84),(165,98),(168,111),(190,154),(156,142),(155,93),(62,182),
127:(116,155),(157,90),(231,128),(162,135),(179,80),(183,118),(185,59),(176,41),(146,162),(155,47),(204,84),(156,154),(179,99),(101,46),(125,47),(159,89),(189,55),(152,151),(151,144),(182,176),(162,148),(236,15),(190,41),(222,84),(165,97),(168,112),(191,154),(155,142),(155,94),(62,182),
128:(116,155),(157,89),(231,128),(162,134),(179,80),(183,119),(185,58),(175,41),(146,162),(155,47),(204,84),(156,154),(179,99),(101,46),(124,47),(159,90),(190,55),(152,151),(151,143),(182,176),(161,148),(236,15),(190,41),(222,84),(165,96),(168,113),(191,155),(155,143),(155,95),(62,182),
129:(116,155),(157,88),(231,128),(163,134),(179,80),(183,120),(185,57),(174,41),(146,162),(155,47),(204,84),(156,154),(179,99),(101,46),(123,47),(159,91),(191,55),(152,151),(151,142),(182,176),(161,147),(236,15),(190,41),(222,84),(165,95),(168,114),(192,155),(155,144),(155,96),(62,182),
130:(116,155),(157,87),(231,128),(164,134),(179,80),(183,121),(185,56),(174,40),(146,162),(155,47),(204,84),(156,154),(179,99),(101,46),(122,47),(159,92),(192,55),(152,151),(152,142),(182,176),(160,147),(236,15),(190,41),(222,84),(165,94),(168,115),(192,156),(154,144),(154,96),(62,182),
131:(116,155),(157,86),(231,128),(164,133),(179,80),(183,122),(185,55),(173,40),(146,162),(155,47),(204,84),(156,154),(179,99),(101,46),(122,48),(159,93),(193,55),(152,151),(153,142),(182,176),(159,147),(236,15),(190,41),(222,84),(165,93),(168,116),(192,157),(154,145),(153,96),(62,182),
132:(116,155),(157,85),(231,128),(165,133),(179,80),(183,123),(185,54),(172,40),(146,162),(155,47),(204,84),(156,154),(179,99),(101,46),(121,48),(159,94),(194,55),(152,151),(154,142),(182,176),(159,146),(236,15),(190,41),(222,84),(165,92),(168,117),(192,158),(153,145),(152,96),(62,182),
133:(116,155),(158,85),(231,128),(166,133),(179,80),(183,124),(185,53),(171,40),(146,162),(155,47),(204,84),(156,154),(179,99),(101,46),(120,48),(159,95),(195,55),(152,151),(154,141),(182,176),(159,145),(236,15),(190,41),(222,84),(165,91),(167,117),(193,158),(152,145),(151,96),(62,182),
134:(116,155),(159,85),(231,128),(167,133),(179,80),(183,125),(185,52),(171,39),(146,162),(155,47),(204,84),(156,154),(179,99),(101,46),(119,48),(159,96),(196,55),(152,151),(155,141),(182,176),(159,144),(236,15),(190,41),(222,84),(165,90),(166,117),(194,158),(151,145),(150,96),(62,182),
135:(116,155),(159,84),(231,128),(168,133),(179,80),(183,126),(185,51),(171,38),(146,162),(155,47),(204,84),(156,154),(179,99),(101,46),(118,48),(159,97),(197,55),(152,151),(156,141),(182,176),(159,143),(236,15),(190,41),(222,84),(165,89),(165,117),(194,159),(150,145),(149,96),(62,182),
136:(116,155),(160,84),(231,128),(169,133),(179,80),(183,127),(185,50),(171,37),(146,162),(155,47),(204,84),(156,154),(179,99),(101,46),(117,48),(159,98),(198,55),(152,151),(156,140),(182,176),(159,142),(236,15),(190,41),(222,84),(165,88),(165,118),(194,160),(149,145),(148,96),(62,182),
137:(116,155),(161,84),(231,128),(170,133),(179,80),(184,127),(185,49),(171,36),(146,162),(155,47),(204,84),(156,154),(179,99),(101,46),(116,48),(159,99),(199,55),(152,151),(156,139),(182,176),(159,141),(236,15),(190,41),(222,84),(165,87),(164,118),(195,160),(149,146),(147,96),(62,182),
138:(116,155),(162,84),(231,128),(170,132),(179,80),(185,127),(185,48),(171,35),(146,162),(155,47),(204,84),(156,154),(179,99),(101,46),(115,48),(159,100),(200,55),(152,151),(156,138),(182,176),(159,140),(236,15),(190,41),(222,84),(165,86),(164,119),(196,160),(148,146),(146,96),(62,182),
139:(116,155),(163,84),(231,128),(170,131),(179,80),(185,128),(185,47),(171,34),(146,162),(155,47),(204,84),(156,154),(179,99),(101,46),(114,48),(159,101),(201,55),(152,151),(157,138),(182,176),(159,139),(236,15),(190,41),(222,84),(165,85),(164,120),(197,160),(147,146),(145,96),(62,182),
140:(116,155),(163,83),(231,128),(171,131),(179,80),(185,129),(185,46),(171,33),(146,162),(155,47),(204,84),(156,154),(179,99),(101,46),(113,48),(159,102),(202,55),(152,151),(158,138),(182,176),(159,138),(236,15),(190,41),(222,84),(165,84),(163,120),(198,160),(147,147),(144,96),(62,182),
141:(116,155),(164,83),(231,128),(172,131),(179,80),(185,130),(186,46),(170,33),(146,162),(155,47),(204,84),(156,154),(179,99),(101,46),(112,48),(159,103),(203,55),(152,151),(158,137),(182,176),(159,137),(236,15),(190,41),(222,84),(165,83),(162,120),(198,161),(147,148),(143,96),(62,182),
142:(116,155),(164,82),(231,128),(172,130),(179,80),(185,131),(186,45),(169,33),(146,162),(155,47),(204,84),(156,154),(179,99),(101,46),(111,48),(159,104),(204,55),(152,151),(159,137),(182,176),(159,136),(236,15),(190,41),(222,84),(165,82),(162,121),(199,161),(147,149),(142,96),(62,182),
143:(116,155),(164,81),(231,128),(173,130),(179,80),(185,132),(186,44),(168,33),(146,162),(155,47),(204,84),(156,154),(179,99),(101,46),(110,48),(159,105),(205,55),(152,151),(159,136),(182,176),(159,135),(236,15),(190,41),(222,84),(165,81),(161,121),(199,162),(146,149),(141,96),(62,182),
144:(116,155),(164,80),(231,128),(173,129),(179,80),(185,133),(187,44),(168,32),(146,162),(155,47),(204,84),(156,154),(179,99),(101,46),(109,48),(159,106),(206,55),(152,151),(159,135),(182,176),(159,134),(236,15),(190,41),(222,84),(165,80),(160,121),(199,163),(146,150),(140,96),(62,182),
145:(116,155),(164,79),(231,128),(173,128),(179,80),(185,134),(188,44),(167,32),(146,162),(155,47),(204,84),(156,154),(179,99),(101,46),(108,48),(159,107),(207,55),(152,151),(159,134),(182,176),(159,133),(236,15),(190,41),(222,84),(165,79),(159,121),(199,164),(145,150),(139,96),(62,182),
146:(116,155),(165,79),(231,128),(173,127),(179,80),(185,135),(188,43),(167,31),(146,162),(155,47),(204,84),(156,154),(179,99),(101,46),(107,48),(159,108),(208,55),(152,151),(159,133),(182,176),(159,132),(236,15),(190,41),(222,84),(165,78),(159,122),(200,164),(145,151),(138,96),(62,182),
147:(116,155),(166,79),(231,128),(173,126),(179,80),(185,136),(188,42),(166,31),(146,162),(155,47),(204,84),(156,154),(179,99),(101,46),(106,48),(159,109),(209,55),(152,151),(159,132),(182,176),(158,132),(236,15),(190,41),(222,84),(165,77),(159,123),(200,165),(144,151),(137,96),(62,182),
148:(116,155),(167,79),(231,128),(173,125),(179,80),(185,137),(189,42),(165,31),(146,162),(155,47),(204,84),(156,154),(179,99),(101,46),(105,48),(159,110),(210,55),(152,151),(159,131),(182,176),(158,131),(236,15),(190,41),(222,84),(165,76),(159,124),(200,166),(144,152),(136,96),(62,182),
149:(116,155),(167,78),(231,128),(174,125),(179,80),(185,138),(189,41),(165,30),(146,162),(155,47),(204,84),(156,154),(179,99),(101,46),(104,48),(159,111),(211,55),(152,151),(159,130),(182,176),(158,130),(236,15),(190,41),(222,84),(165,75),(159,125),(200,167),(143,152),(135,96),(62,182),
150:(116,155),(168,78),(231,128),(174,124),(179,80),(186,138),(189,40),(164,30),(146,162),(155,47),(204,84),(156,154),(179,99),(101,46),(103,48),(159,112),(212,55),(152,151),(159,129),(182,176),(158,129),(236,15),(190,41),(222,84),(165,74),(159,126),(200,168),(142,152),(134,96),(62,182),
151:(116,155),(168,77),(231,128),(174,123),(179,80),(186,139),(190,40),(164,29),(146,162),(155,47),(204,84),(156,154),(179,99),(101,46),(102,48),(159,113),(213,55),(152,151),(159,128),(182,176),(157,129),(236,15),(190,41),(222,84),(165,73),(159,127),(200,169),(141,152),(133,96),(62,182),
152:(116,155),(168,76),(231,128),(175,123),(179,80),(186,140),(190,39),(163,29),(146,162),(155,47),(204,84),(156,154),(179,99),(101,46),(101,48),(159,114),(214,55),(152,151),(158,128),(182,176),(157,128),(236,15),(190,41),(222,84),(165,72),(159,128),(201,169),(140,152),(132,96),(62,182),
153:(116,155),(168,75),(231,128),(176,123),(179,80),(187,140),(190,38),(162,29),(146,162),(155,47),(204,84),(156,154),(179,99),(101,46),(100,48),(159,115),(215,55),(152,151),(158,127),(182,176),(157,127),(236,15),(190,41),(222,84),(165,71),(159,129),(201,170),(139,152),(131,96),(62,182),
154:(116,155),(169,75),(231,128),(177,123),(179,80),(187,141),(191,38),(162,28),(146,162),(155,47),(204,84),(156,154),(179,99),(101,46),(99,48),(159,116),(216,55),(152,151),(158,126),(182,176),(157,126),(236,15),(190,41),(222,84),(165,70),(159,130),(201,171),(139,153),(130,96),(62,182),
155:(116,155),(170,75),(231,128),(178,123),(179,80),(187,142),(191,37),(162,27),(146,162),(155,47),(204,84),(156,154),(179,99),(101,46),(98,48),(159,117),(217,55),(152,151),(158,125),(182,176),(156,126),(236,15),(190,41),(222,84),(165,69),(159,131),(201,172),(139,154),(129,96),(62,182),
156:(116,155),(171,75),(231,128),(178,122),(179,80),(187,143),(191,36),(161,27),(146,162),(155,47),(204,84),(156,154),(179,99),(101,46),(97,48),(159,118),(218,55),(152,151),(157,125),(182,176),(156,125),(236,15),(190,41),(222,84),(165,68),(159,132),(202,172),(138,154),(128,96),(62,182),
157:(116,155),(171,74),(231,128),(178,121),(179,80),(187,144),(192,36),(161,26),(146,162),(155,47),(204,84),(156,154),(179,99),(101,46),(96,48),(159,119),(219,55),(152,151),(157,124),(182,176),(156,124),(236,15),(190,41),(222,84),(165,67),(159,133),(202,173),(137,154),(127,96),(62,182),
158:(116,155),(172,74),(231,128),(179,121),(179,80),(187,145),(193,36),(160,26),(146,162),(155,47),(204,84),(156,154),(179,99),(101,46),(95,48),(159,120),(220,55),(152,151),(157,123),(182,176),(156,123),(236,15),(190,41),(222,84),(165,66),(159,134),(203,173),(136,154),(126,96),(62,182),
159:(116,155),(172,73),(231,128),(179,120),(179,80),(187,146),(194,36),(160,25),(146,162),(155,47),(204,84),(156,154),(179,99),(101,46),(94,48),(159,121),(221,55),(152,151),(157,122),(182,176),(156,122),(236,15),(190,41),(222,84),(165,65),(159,135),(204,173),(135,154),(125,96),(62,182),
160:(116,155),(173,73),(231,128),(179,119),(179,80),(187,147),(195,36),(160,24),(146,162),(155,47),(204,84),(156,154),(179,99),(101,46),(93,48),(159,122),(222,55),(152,151),(157,121),(182,176),(155,122),(236,15),(190,41),(222,84),(165,64),(159,136),(204,174),(135,155),(124,96),(62,182),
161:(116,155),(173,72),(231,128),(179,118),(179,80),(187,148),(195,35),(160,23),(146,162),(155,47),(204,84),(156,154),(179,99),(101,46),(92,48),(159,123),(223,55),(152,151),(156,121),(182,176),(155,121),(236,15),(190,41),(222,84),(165,63),(159,137),(204,175),(135,156),(123,96),(62,182),
162:(116,155),(173,71),(231,128),(179,117),(179,80),(187,149),(195,34),(159,23),(146,162),(155,47),(204,84),(156,154),(179,99),(101,46),(91,48),(159,124),(224,55),(152,151),(156,120),(182,176),(155,120),(236,15),(190,41),(222,84),(165,62),(159,138),(205,175),(135,157),(122,96),(62,182),
163:(116,155),(174,71),(231,128),(179,116),(179,80),(187,150),(196,34),(158,23),(146,162),(155,47),(204,84),(156,154),(179,99),(101,46),(90,48),(159,125),(225,55),(152,151),(156,119),(182,176),(154,120),(236,15),(190,41),(222,84),(165,61),(158,138),(205,176),(134,157),(121,96),(62,182),
164:(116,155),(175,71),(231,128),(179,115),(179,80),(187,151),(197,34),(157,23),(146,162),(155,47),(204,84),(156,154),(179,99),(101,46),(89,48),(159,126),(226,55),(152,151),(155,119),(182,176),(154,119),(236,15),(190,41),(222,84),(165,60),(157,138),(205,177),(134,158),(120,96),(62,182),
165:(116,155),(176,71),(231,128),(179,114),(179,80),(188,151),(198,34),(157,22),(146,162),(155,47),(204,84),(156,154),(179,99),(101,46),(88,48),(159,127),(227,55),(152,151),(155,118),(182,176),(154,118),(236,15),(190,41),(222,84),(165,59),(156,138),(205,178),(134,159),(119,96),(62,182),
166:(116,155),(177,71),(231,128),(179,113),(179,80),(188,152),(198,34),(157,21),(146,162),(155,47),(204,84),(156,154),(179,99),(101,46),(87,48),(159,128),(228,55),(152,151),(155,117),(182,176),(154,117),(236,15),(190,41),(222,84),(165,58),(156,139),(205,179),(134,160),(118,96),(62,182),
167:(116,155),(178,71),(231,128),(179,112),(179,80),(189,152),(198,34),(157,20),(146,162),(155,47),(204,84),(156,154),(179,99),(101,46),(86,48),(159,129),(229,55),(152,151),(155,116),(182,176),(153,117),(236,15),(190,41),(222,84),(165,57),(156,140),(205,180),(133,160),(117,96),(62,182),
168:(116,155),(179,71),(231,128),(179,111),(179,80),(189,153),(198,34),(157,19),(146,162),(155,47),(204,84),(156,154),(179,99),(101,46),(85,48),(159,130),(230,55),(152,151),(155,115),(182,176),(152,117),(236,15),(190,41),(222,84),(165,56),(155,140),(206,180),(132,160),(116,96),(62,182),
169:(116,155),(180,71),(231,128),(179,110),(179,80),(189,154),(198,34),(156,19),(146,162),(155,47),(204,84),(156,154),(179,99),(101,46),(84,48),(159,131),(230,54),(152,151),(154,115),(182,176),(151,117),(236,15),(190,41),(222,84),(165,55),(154,140),(206,181),(132,161),(115,96),(62,182),
170:(116,155),(181,71),(231,128),(179,109),(179,80),(189,155),(198,34),(155,19),(146,162),(155,47),(204,84),(156,154),(179,99),(101,46),(83,48),(159,132),(230,53),(152,151),(153,115),(182,176),(150,117),(236,15),(190,41),(222,84),(164,55),(153,140),(206,182),(131,161),(114,96),(62,182),
171:(116,155),(182,71),(231,128),(179,108),(179,80),(189,156),(198,34),(155,18),(146,162),(155,47),(204,84),(156,154),(179,99),(101,46),(83,48),(159,133),(231,53),(152,151),(153,114),(182,176),(150,116),(236,15),(190,41),(222,84),(163,55),(152,140),(207,182),(130,161),(113,96),(62,182),
172:(116,155),(183,71),(231,128),(179,107),(179,80),(190,156),(198,34),(155,17),(146,162),(155,47),(204,84),(156,154),(179,99),(101,46),(83,48),(159,134),(232,53),(152,151),(153,113),(182,176),(149,116),(236,15),(190,41),(222,84),(162,55),(152,141),(207,183),(129,161),(112,96),(62,182),
173:(116,155),(184,71),(231,128),(179,106),(179,80),(191,156),(198,34),(154,17),(146,162),(155,47),(204,84),(156,154),(179,99),(101,46),(83,48),(159,135),(233,53),(152,151),(153,112),(182,176),(149,115),(236,15),(190,41),(222,84),(162,54),(152,142),(207,184),(128,161),(111,96),(62,182),
174:(116,155),(185,71),(231,128),(179,105),(179,80),(191,157),(198,34),(153,17),(146,162),(155,47),(204,84),(156,154),(179,99),(101,46),(83,48),(159,136),(233,52),(152,151),(152,112),(182,176),(149,114),(236,15),(190,41),(222,84),(161,54),(152,143),(207,185),(128,162),(110,96),(62,182),
175:(116,155),(186,71),(231,128),(180,105),(179,80),(191,158),(198,34),(152,17),(146,162),(155,47),(204,84),(156,154),(179,99),(101,46),(83,48),(159,137),(234,52),(152,151),(152,111),(182,176),(148,114),(236,15),(190,41),(222,84),(160,54),(151,143),(207,186),(127,162),(109,96),(62,182),
176:(116,155),(187,71),(231,128),(180,104),(179,80),(191,159),(198,34),(151,17),(146,162),(155,47),(204,84),(156,154),(179,99),(101,46),(83,48),(158,137),(234,51),(152,151),(151,111),(182,176),(148,113),(236,15),(190,41),(222,84),(160,53),(151,144),(207,187),(126,162),(108,96),(62,182),
177:(116,155),(188,71),(231,128),(181,104),(179,80),(192,159),(198,34),(150,17),(146,162),(155,47),(204,84),(156,154),(179,99),(101,46),(83,48),(158,138),(234,50),(152,151),(151,110),(182,176),(147,113),(236,15),(190,41),(222,84),(160,52),(151,145),(207,188),(126,163),(107,96),(62,182),
178:(116,155),(188,71),(231,128),(181,103),(179,80),(192,160),(198,34),(149,17),(146,162),(155,47),(204,84),(156,154),(179,99),(101,46),(83,48),(158,139),(234,49),(152,151),(150,110),(182,176),(147,112),(236,15),(190,41),(222,84),(160,51),(150,145),(207,189),(125,163),(106,96),(62,182),
179:(116,155),(188,71),(231,128),(182,103),(179,80),(193,160),(198,34),(148,17),(146,162),(155,47),(204,84),(156,154),(179,99),(101,46),(83,48),(157,139),(235,49),(152,151),(149,110),(182,176),(147,111),(236,15),(190,41),(222,84),(160,50),(150,146),(207,190),(124,163),(105,96),(62,182),
180:(116,155),(188,71),(231,128),(182,102),(179,80),(194,160),(198,34),(147,17),(146,162),(155,47),(204,84),(156,154),(179,99),(101,46),(83,48),(156,139),(235,48),(152,151),(148,110),(182,176),(146,111),(236,15),(190,41),(222,84),(160,49),(150,147),(207,191),(124,164),(104,96),(62,182),
181:(116,155),(188,71),(231,128),(182,101),(179,80),(195,160),(198,34),(146,17),(146,162),(155,47),(204,84),(156,154),(179,99),(101,46),(83,48),(155,139),(236,48),(152,151),(148,109),(182,176),(146,110),(236,15),(190,41),(222,84),(160,48),(149,147),(207,192),(124,165),(103,96),(62,182),
182:(116,155),(188,71),(231,128),(183,101),(179,80),(196,160),(198,34),(145,17),(146,162),(155,47),(204,84),(156,154),(179,99),(101,46),(83,48),(154,139),(237,48),(152,151),(148,108),(182,176),(145,110),(236,15),(190,41),(222,84),(160,47),(148,147),(207,193),(123,165),(102,96),(62,182),
183:(116,155),(188,71),(231,128),(184,101),(179,80),(197,160),(198,34),(144,17),(146,162),(155,47),(204,84),(156,154),(179,99),(101,46),(83,48),(153,139),(238,48),(152,151),(147,108),(182,176),(144,110),(236,15),(190,41),(222,84),(160,46),(148,148),(207,194),(122,165),(101,96),(62,182),
184:(116,155),(188,71),(231,128),(185,101),(179,80),(197,161),(198,34),(143,17),(146,162),(155,47),(204,84),(156,154),(179,99),(101,46),(83,48),(153,140),(239,48),(152,151),(146,108),(182,176),(143,110),(236,15),(190,41),(222,84),(159,46),(148,149),(207,195),(121,165),(100,96),(62,182),
185:(116,155),(188,71),(231,128),(185,100),(179,80),(197,162),(198,34),(142,17),(146,162),(155,47),(204,84),(156,154),(179,99),(101,46),(83,48),(152,140),(240,48),(152,151),(145,108),(182,176),(142,110),(236,15),(190,41),(222,84),(159,45),(147,149),(207,196),(121,166),(99,96),(62,182),
186:(116,155),(188,71),(231,128),(185,99),(179,80),(197,163),(198,34),(141,17),(146,162),(155,47),(204,84),(156,154),(179,99),(101,46),(83,48),(152,141),(240,48),(152,151),(145,107),(182,176),(142,109),(236,15),(190,41),(222,84),(158,45),(147,150),(207,197),(120,166),(98,96),(62,182),
187:(116,155),(188,71),(231,128),(185,98),(179,80),(197,164),(198,34),(141,16),(146,162),(155,47),(204,84),(156,154),(179,99),(101,46),(83,48),(151,141),(240,48),(152,151),(144,107),(182,176),(141,109),(236,15),(190,41),(222,84),(158,44),(146,150),(207,198),(120,167),(97,96),(62,182),
188:(116,155),(188,71),(231,128),(185,97),(179,80),(198,164),(198,34),(140,16),(146,162),(155,47),(204,84),(156,154),(179,99),(101,46),(83,48),(150,141),(240,48),(152,151),(143,107),(182,176),(140,109),(236,15),(190,41),(222,84),(157,44),(146,151),(207,199),(120,168),(96,96),(62,182),
189:(116,155),(188,71),(231,128),(185,96),(179,80),(199,164),(198,34),(139,16),(146,162),(155,47),(204,84),(156,154),(179,99),(101,46),(83,48),(150,142),(240,48),(152,151),(142,107),(182,176),(139,109),(236,15),(190,41),(222,84),(156,44),(145,151),(207,200),(120,169),(95,96),(62,182),
190:(116,155),(188,71),(231,128),(185,95),(179,80),(199,165),(198,34),(138,16),(146,162),(155,47),(204,84),(156,154),(179,99),(101,46),(83,48),(149,142),(240,48),(152,151),(142,106),(182,176),(139,108),(236,15),(190,41),(222,84),(156,43),(145,152),(207,201),(119,169),(94,96),(62,182),
191:(116,155),(188,71),(231,128),(185,94),(179,80),(200,165),(198,34),(138,15),(146,162),(155,47),(204,84),(156,154),(179,99),(101,46),(83,48),(148,142),(240,48),(152,151),(141,106),(182,176),(139,107),(236,15),(190,41),(222,84),(155,43),(145,153),(207,202),(119,170),(93,96),(62,182),
192:(116,155),(188,71),(231,128),(185,93),(179,80),(200,166),(198,34),(138,14),(146,162),(155,47),(204,84),(156,154),(179,99),(101,46),(83,48),(148,143),(240,48),(152,151),(140,106),(182,176),(138,107),(236,15),(190,41),(222,84),(154,43),(145,154),(207,203),(119,171),(92,96),(62,182),
193:(116,155),(188,71),(231,128),(186,93),(179,80),(200,167),(198,34),(138,13),(146,162),(155,47),(204,84),(156,154),(179,99),(101,46),(83,48),(147,143),(240,48),(152,151),(140,105),(182,176),(138,106),(236,15),(190,41),(222,84),(154,42),(145,155),(207,204),(119,172),(91,96),(62,182),
194:(116,155),(188,71),(231,128),(186,92),(179,80),(200,168),(198,34),(138,12),(146,162),(155,47),(204,84),(156,154),(179,99),(101,46),(83,48),(147,144),(240,48),(152,151),(139,105),(182,176),(137,106),(236,15),(190,41),(222,84),(153,42),(144,155),(207,205),(119,173),(90,96),(62,182),
195:(116,155),(188,71),(231,128),(187,92),(179,80),(200,169),(198,34),(137,12),(146,162),(155,47),(204,84),(156,154),(179,99),(101,46),(83,48),(147,145),(240,48),(152,151),(138,105),(182,176),(137,105),(236,15),(190,41),(222,84),(153,41),(143,155),(207,205),(118,173),(89,96),(62,182),
196:(116,155),(188,71),(231,128),(187,91),(179,80),(200,170),(198,34),(137,11),(146,162),(155,47),(204,84),(156,154),(179,99),(101,46),(83,48),(147,146),(240,48),(152,151),(138,104),(182,176),(137,104),(236,15),(190,41),(222,84),(152,41),(143,156),(207,205),(117,173),(88,96),(62,182),
197:(116,155),(188,71),(231,128),(187,90),(179,80),(201,170),(198,34),(137,10),(146,162),(155,47),(204,84),(156,154),(179,99),(101,46),(83,48),(147,147),(240,48),(152,151),(138,103),(182,176),(137,103),(236,15),(190,41),(222,84),(151,41),(142,156),(207,205),(116,173),(87,96),(62,182),
198:(116,155),(188,71),(231,128),(187,89),(179,80),(201,170),(198,34),(137,9),(146,162),(155,47),(204,84),(156,154),(179,99),(101,46),(83,48),(147,148),(240,48),(152,151),(138,102),(182,176),(137,102),(236,15),(190,41),(222,84),(151,40),(142,157),(207,205),(115,173),(86,96),(62,182),
199:(116,155),(188,71),(231,128),(188,89),(179,80),(201,170),(198,34),(137,8),(146,162),(155,47),(204,84),(156,154),(179,99),(101,46),(83,48),(147,149),(240,48),(152,151),(138,101),(182,176),(136,102),(236,15),(190,41),(222,84),(151,39),(142,158),(207,205),(114,173),(85,96),(62,182),
200:(116,155),(188,71),(231,128),(189,89),(179,80),(201,170),(198,34),(137,7),(146,162),(155,47),(204,84),(156,154),(179,99),(101,46),(83,48),(146,149),(240,48),(152,151),(138,100),(182,176),(135,102),(236,15),(190,41),(222,84),(151,38),(142,159),(207,205),(113,173),(84,96),(62,182),
201:(116,155),(188,71),(231,128),(190,89),(179,80),(201,170),(198,34),(137,6),(146,162),(155,47),(204,84),(156,154),(179,99),(101,46),(83,48),(145,149),(240,48),(152,151),(138,99),(182,176),(134,102),(236,15),(190,41),(222,84),(150,38),(141,159),(207,205),(112,173),(83,96),(62,182),
202:(116,155),(188,71),(231,128),(190,88),(179,80),(201,170),(198,34),(137,6),(146,162),(155,47),(204,84),(156,154),(179,99),(101,46),(83,48),(144,149),(240,48),(152,151),(137,99),(182,176),(133,102),(236,15),(190,41),(222,84),(150,37),(141,160),(207,205),(111,173),(82,96),(62,182),
203:(116,155),(188,71),(231,128),(190,87),(179,80),(201,170),(198,34),(137,6),(146,162),(155,47),(204,84),(156,154),(179,99),(101,46),(83,48),(144,150),(240,48),(152,151),(136,99),(182,176),(132,102),(236,15),(190,41),(222,84),(149,37),(141,161),(207,205),(110,173),(81,96),(62,182),
204:(116,155),(188,71),(231,128),(191,87),(179,80),(201,170),(198,34),(137,6),(146,162),(155,47),(204,84),(156,154),(179,99),(101,46),(83,48),(144,151),(240,48),(152,151),(135,99),(182,176),(132,101),(236,15),(190,41),(222,84),(149,36),(140,161),(207,205),(109,173),(80,96),(62,182),
205:(116,155),(188,71),(231,128),(191,86),(179,80),(201,170),(198,34),(137,6),(146,162),(155,47),(204,84),(156,154),(179,99),(101,46),(83,48),(144,152),(240,48),(152,151),(135,98),(182,176),(132,100),(236,15),(190,41),(222,84),(148,36),(140,162),(207,205),(108,173),(79,96),(62,182),
206:(116,155),(188,71),(231,128),(192,86),(179,80),(201,170),(198,34),(137,6),(146,162),(155,47),(204,84),(156,154),(179,99),(101,46),(83,48),(143,152),(240,48),(152,151),(135,97),(182,176),(131,100),(236,15),(190,41),(222,84),(147,36),(140,163),(207,205),(107,173),(78,96),(62,182),
207:(116,155),(188,71),(231,128),(193,86),(179,80),(201,170),(198,34),(137,6),(146,162),(155,47),(204,84),(156,154),(179,99),(101,46),(83,48),(142,152),(240,48),(152,151),(134,97),(182,176),(130,100),(236,15),(190,41),(222,84),(146,36),(140,164),(207,205),(106,173),(77,96),(62,182),
208:(116,155),(188,71),(231,128),(194,86),(179,80),(201,170),(198,34),(137,6),(146,162),(155,47),(204,84),(156,154),(179,99),(101,46),(83,48),(141,152),(240,48),(152,151),(134,96),(182,176),(130,99),(236,15),(190,41),(222,84),(146,35),(139,164),(207,205),(105,173),(76,96),(62,182),
209:(116,155),(188,71),(231,128),(195,86),(179,80),(201,170),(198,34),(137,6),(146,162),(155,47),(204,84),(156,154),(179,99),(101,46),(83,48),(141,153),(240,48),(152,151),(134,95),(182,176),(129,99),(236,15),(190,41),(222,84),(145,35),(139,165),(207,205),(104,173),(75,96),(62,182),
210:(116,155),(188,71),(231,128),(196,86),(179,80),(201,170),(198,34),(137,6),(146,162),(155,47),(204,84),(156,154),(179,99),(101,46),(83,48),(141,154),(240,48),(152,151),(133,95),(182,176),(128,99),(236,15),(190,41),(222,84),(144,35),(139,166),(207,205),(103,173),(74,96),(62,182),
211:(116,155),(188,71),(231,128),(197,86),(179,80),(201,170),(198,34),(137,6),(146,162),(155,47),(204,84),(156,154),(179,99),(101,46),(83,48),(141,155),(240,48),(152,151),(133,94),(182,176),(127,99),(236,15),(190,41),(222,84),(143,35),(138,166),(207,205),(102,173),(73,96),(62,182),
212:(116,155),(188,71),(231,128),(198,86),(179,80),(201,170),(198,34),(137,6),(146,162),(155,47),(204,84),(156,154),(179,99),(101,46),(83,48),(141,156),(240,48),(152,151),(133,93),(182,176),(127,98),(236,15),(190,41),(222,84),(142,35),(137,166),(207,205),(101,173),(72,96),(62,182),
213:(116,155),(188,71),(231,128),(199,86),(179,80),(201,170),(198,34),(137,6),(146,162),(155,47),(204,84),(156,154),(179,99),(101,46),(83,48),(140,156),(240,48),(152,151),(132,93),(182,176),(127,97),(236,15),(190,41),(222,84),(141,35),(137,167),(207,205),(100,173),(71,96),(62,182),
214:(116,155),(188,71),(231,128),(200,86),(179,80),(201,170),(198,34),(137,6),(146,162),(155,47),(204,84),(156,154),(179,99),(101,46),(83,48),(139,156),(240,48),(152,151),(132,92),(182,176),(126,97),(236,15),(190,41),(222,84),(140,35),(137,168),(207,205),(100,174),(70,96),(62,182),
215:(116,155),(188,71),(231,128),(201,86),(179,80),(201,170),(198,34),(137,6),(146,162),(155,47),(204,84),(156,154),(179,99),(101,46),(83,48),(138,156),(240,48),(152,151),(131,92),(182,176),(125,97),(236,15),(190,41),(222,84),(139,35),(137,169),(207,205),(99,174),(69,96),(62,182),
216:(116,155),(188,71),(231,128),(201,87),(179,80),(201,170),(198,34),(137,6),(146,162),(155,47),(204,84),(156,154),(179,99),(101,46),(83,48),(138,157),(240,48),(152,151),(131,91),(182,176),(124,97),(236,15),(190,41),(222,84),(138,35),(136,169),(207,205),(99,175),(68,96),(62,182),
217:(116,155),(188,71),(231,128),(202,87),(179,80),(201,170),(198,34),(137,6),(146,162),(155,47),(204,84),(156,154),(179,99),(101,46),(83,48),(138,158),(240,48),(152,151),(130,91),(182,176),(124,96),(236,15),(190,41),(222,84),(137,35),(136,170),(207,205),(98,175),(67,96),(62,182),
218:(116,155),(188,71),(231,128),(203,87),(179,80),(201,170),(198,34),(137,6),(146,162),(155,47),(204,84),(156,154),(179,99),(101,46),(83,48),(137,158),(240,48),(152,151),(129,91),(182,176),(124,95),(236,15),(190,41),(222,84),(136,35),(136,171),(207,205),(98,176),(66,96),(62,182),
219:(116,155),(188,71),(231,128),(204,87),(179,80),(201,170),(198,34),(137,6),(146,162),(155,47),(204,84),(156,154),(179,99),(101,46),(83,48),(137,159),(240,48),(152,151),(128,91),(182,176),(124,94),(236,15),(190,41),(222,84),(135,35),(135,171),(207,205),(97,176),(65,96),(62,182),
220:(116,155),(188,71),(231,128),(204,88),(179,80),(201,170),(198,34),(137,6),(146,162),(155,47),(204,84),(156,154),(179,99),(101,46),(83,48),(137,160),(240,48),(152,151),(127,91),(182,176),(123,94),(236,15),(190,41),(222,84),(134,35),(134,171),(207,205),(97,177),(64,96),(62,182),
221:(116,155),(188,71),(231,128),(205,88),(179,80),(201,170),(198,34),(137,6),(146,162),(155,47),(204,84),(156,154),(179,99),(101,46),(83,48),(136,160),(240,48),(152,151),(126,91),(182,176),(122,94),(236,15),(190,41),(222,84),(133,35),(134,172),(207,205),(96,177),(63,96),(62,182),
222:(116,155),(188,71),(231,128),(206,88),(179,80),(201,170),(198,34),(137,6),(146,162),(155,47),(204,84),(156,154),(179,99),(101,46),(83,48),(135,160),(240,48),(152,151),(126,90),(182,176),(121,94),(236,15),(190,41),(222,84),(132,35),(133,172),(207,205),(96,178),(62,96),(62,182),
223:(116,155),(188,71),(231,128),(206,89),(179,80),(201,170),(198,34),(137,6),(146,162),(155,47),(204,84),(156,154),(179,99),(101,46),(83,48),(135,161),(240,48),(152,151),(126,89),(182,176),(120,94),(236,15),(190,41),(222,84),(132,34),(132,172),(207,205),(95,178),(62,96),(62,182),
224:(116,155),(188,71),(231,128),(207,89),(179,80),(201,170),(198,34),(137,6),(146,162),(155,47),(204,84),(156,154),(179,99),(101,46),(83,48),(134,161),(240,48),(152,151),(125,89),(182,176),(119,94),(236,15),(190,41),(222,84),(131,34),(131,172),(207,205),(94,178),(62,96),(62,182),
225:(116,155),(188,71),(231,128),(208,89),(179,80),(201,170),(198,34),(137,6),(146,162),(155,47),(204,84),(156,154),(179,99),(101,46),(83,48),(134,162),(240,48),(152,151),(124,89),(182,176),(118,94),(236,15),(190,41),(222,84),(130,34),(130,172),(207,205),(93,178),(62,96),(62,182),
226:(116,155),(188,71),(231,128),(208,90),(179,80),(201,170),(198,34),(137,6),(146,162),(155,47),(204,84),(156,154),(179,99),(101,46),(83,48),(133,162),(240,48),(152,151),(124,88),(182,176),(117,94),(236,15),(190,41),(222,84),(129,34),(130,173),(207,205),(93,179),(62,96),(62,182),
227:(116,155),(188,71),(231,128),(209,90),(179,80),(201,170),(198,34),(137,6),(146,162),(155,47),(204,84),(156,154),(179,99),(101,46),(83,48),(133,163),(240,48),(152,151),(123,88),(182,176),(117,93),(236,15),(190,41),(222,84),(128,34),(129,173),(207,205),(92,179),(62,96),(62,182),
228:(116,155),(188,71),(231,128),(210,90),(179,80),(201,170),(198,34),(137,6),(146,162),(155,47),(204,84),(156,154),(179,99),(101,46),(83,48),(133,164),(240,48),(152,151),(122,88),(182,176),(117,92),(236,15),(190,41),(222,84),(127,34),(128,173),(207,205),(91,179),(62,96),(62,182),
229:(116,155),(188,71),(231,128),(210,91),(179,80),(201,170),(198,34),(137,6),(146,162),(155,47),(204,84),(156,154),(179,99),(101,46),(83,48),(132,164),(240,48),(152,151),(121,88),(182,176),(117,91),(236,15),(190,41),(222,84),(126,34),(127,173),(207,205),(90,179),(62,96),(62,182),
230:(116,155),(188,71),(231,128),(211,91),(179,80),(201,170),(198,34),(137,6),(146,162),(155,47),(204,84),(156,154),(179,99),(101,46),(83,48),(131,164),(240,48),(152,151),(121,87),(182,176),(116,91),(236,15),(190,41),(222,84),(125,34),(126,173),(207,205),(90,180),(62,96),(62,182),
231:(116,155),(188,71),(231,128),(212,91),(179,80),(201,170),(198,34),(137,6),(146,162),(155,47),(204,84),(156,154),(179,99),(101,46),(83,48),(130,164),(240,48),(152,151),(121,86),(182,176),(116,90),(236,15),(190,41),(222,84),(124,34),(125,173),(207,205),(90,181),(62,96),(62,182),
232:(116,155),(188,71),(231,128),(213,91),(179,80),(201,170),(198,34),(137,6),(146,162),(155,47),(204,84),(156,154),(179,99),(101,46),(83,48),(129,164),(240,48),(152,151),(121,85),(182,176),(116,89),(236,15),(190,41),(222,84),(123,34),(124,173),(207,205),(90,182),(62,96),(62,182),
233:(116,155),(188,71),(231,128),(214,91),(179,80),(201,170),(198,34),(137,6),(146,162),(155,47),(204,84),(156,154),(179,99),(101,46),(83,48),(128,164),(240,48),(152,151),(120,85),(182,176),(115,89),(236,15),(190,41),(222,84),(122,34),(123,173),(207,205),(90,183),(62,96),(62,182),
234:(116,155),(188,71),(231,128),(214,92),(179,80),(201,170),(198,34),(137,6),(146,162),(155,47),(204,84),(156,154),(179,99),(101,46),(83,48),(128,165),(240,48),(152,151),(119,85),(182,176),(114,89),(236,15),(190,41),(222,84),(121,34),(122,173),(207,205),(89,183),(62,96),(62,182),
235:(116,155),(188,71),(231,128),(214,93),(179,80),(201,170),(198,34),(137,6),(146,162),(155,47),(204,84),(156,154),(179,99),(101,46),(83,48),(127,165),(240,48),(152,151),(118,85),(182,176),(113,89),(236,15),(190,41),(222,84),(120,34),(121,173),(207,205),(89,184),(62,96),(62,182),
236:(116,155),(188,71),(231,128),(214,94),(179,80),(201,170),(198,34),(137,6),(146,162),(155,47),(204,84),(156,154),(179,99),(101,46),(83,48),(127,166),(240,48),(152,151),(117,85),(182,176),(112,89),(236,15),(190,41),(222,84),(119,34),(120,173),(207,205),(88,184),(62,96),(62,182),
237:(116,155),(188,71),(231,128),(215,94),(179,80),(201,170),(198,34),(137,6),(146,162),(155,47),(204,84),(156,154),(179,99),(101,46),(83,48),(127,167),(240,48),(152,151),(116,85),(182,176),(112,88),(236,15),(190,41),(222,84),(118,34),(119,173),(207,205),(88,185),(62,96),(62,182),
238:(116,155),(188,71),(231,128),(215,95),(179,80),(201,170),(198,34),(137,6),(146,162),(155,47),(204,84),(156,154),(179,99),(101,46),(83,48),(127,168),(240,48),(152,151),(115,85),(182,176),(112,87),(236,15),(190,41),(222,84),(117,34),(118,173),(207,205),(87,185),(62,96),(62,182),
239:(116,155),(188,71),(231,128),(215,96),(179,80),(201,170),(198,34),(137,6),(146,162),(155,47),(204,84),(156,154),(179,99),(101,46),(83,48),(126,168),(240,48),(152,151),(114,85),(182,176),(111,87),(236,15),(190,41),(222,84),(116,34),(117,173),(207,205),(86,185),(62,96),(62,182),
240:(116,155),(188,71),(231,128),(215,97),(179,80),(201,170),(198,34),(137,6),(146,162),(155,47),(204,84),(156,154),(179,99),(101,46),(83,48),(125,168),(240,48),(152,151),(113,85),(182,176),(111,86),(236,15),(190,41),(222,84),(115,34),(116,173),(207,205),(86,186),(62,96),(62,182),
241:(116,155),(188,71),(231,128),(216,97),(179,80),(201,170),(198,34),(137,6),(146,162),(155,47),(204,84),(156,154),(179,99),(101,46),(83,48),(124,168),(240,48),(152,151),(112,85),(182,176),(110,86),(236,15),(190,41),(222,84),(114,34),(115,173),(207,205),(86,187),(62,96),(62,182),
242:(116,155),(188,71),(231,128),(217,97),(179,80),(201,170),(198,34),(137,6),(146,162),(155,47),(204,84),(156,154),(179,99),(101,46),(83,48),(124,169),(240,48),(152,151),(111,85),(182,176),(110,85),(236,15),(190,41),(222,84),(113,34),(114,173),(207,205),(86,188),(62,96),(62,182),
243:(116,155),(188,71),(231,128),(217,98),(179,80),(201,170),(198,34),(137,6),(146,162),(155,47),(204,84),(156,154),(179,99),(101,46),(83,48),(124,170),(240,48),(152,151),(110,85),(182,176),(109,85),(236,15),(190,41),(222,84),(112,34),(113,173),(207,205),(85,188),(62,96),(62,182),
244:(116,155),(188,71),(231,128),(217,99),(179,80),(201,170),(198,34),(137,6),(146,162),(155,47),(204,84),(156,154),(179,99),(101,46),(83,48),(124,171),(240,48),(152,151),(109,85),(182,176),(108,85),(236,15),(190,41),(222,84),(111,34),(112,173),(207,205),(84,188),(62,96),(62,182),
245:(116,155),(188,71),(231,128),(218,99),(179,80),(201,170),(198,34),(137,6),(146,162),(155,47),(204,84),(156,154),(179,99),(101,46),(83,48),(124,172),(240,48),(152,151),(108,85),(182,176),(107,85),(236,15),(190,41),(222,84),(110,34),(111,173),(207,205),(84,189),(62,96),(62,182),
246:(116,155),(188,71),(231,128),(218,100),(179,80),(201,170),(198,34),(137,6),(146,162),(155,47),(204,84),(156,154),(179,99),(101,46),(83,48),(123,172),(240,48),(152,151),(107,85),(182,176),(106,85),(236,15),(190,41),(222,84),(109,34),(110,173),(207,205),(84,190),(62,96),(62,182),
247:(116,155),(188,71),(231,128),(218,101),(179,80),(201,170),(198,34),(137,6),(146,162),(155,47),(204,84),(156,154),(179,99),(101,46),(83,48),(123,173),(240,48),(152,151),(106,85),(182,176),(105,85),(236,15),(190,41),(222,84),(108,34),(109,173),(207,205),(84,191),(62,96),(62,182),
248:(116,155),(188,71),(231,128),(219,101),(179,80),(201,170),(198,34),(137,6),(146,162),(155,47),(204,84),(156,154),(179,99),(101,46),(83,48),(122,173),(240,48),(152,151),(105,85),(182,176),(104,85),(236,15),(190,41),(222,84),(107,34),(108,173),(207,205),(84,192),(62,96),(62,182),
249:(116,155),(188,71),(231,128),(220,101),(179,80),(201,170),(198,34),(137,6),(146,162),(155,47),(204,84),(156,154),(179,99),(101,46),(83,48),(121,173),(240,48),(152,151),(104,85),(182,176),(103,85),(236,15),(190,41),(222,84),(106,34),(107,173),(207,205),(83,192),(62,96),(62,182),
250:(116,155),(188,71),(231,128),(220,102),(179,80),(201,170),(198,34),(137,6),(146,162),(155,47),(204,84),(156,154),(179,99),(101,46),(83,48),(120,173),(240,48),(152,151),(103,85),(182,176),(102,85),(236,15),(190,41),(222,84),(105,34),(106,173),(207,205),(82,192),(62,96),(62,182),
251:(116,155),(188,71),(231,128),(221,102),(179,80),(201,170),(198,34),(137,6),(146,162),(155,47),(204,84),(156,154),(179,99),(101,46),(83,48),(119,173),(240,48),(152,151),(102,85),(182,176),(101,85),(236,15),(190,41),(222,84),(104,34),(105,173),(207,205),(82,193),(62,96),(62,182),
252:(116,155),(188,71),(231,128),(222,102),(179,80),(201,170),(198,34),(137,6),(146,162),(155,47),(204,84),(156,154),(179,99),(101,46),(83,48),(118,173),(240,48),(152,151),(101,85),(182,176),(100,85),(236,15),(190,41),(222,84),(103,34),(104,173),(207,205),(82,194),(62,96),(62,182),
253:(116,155),(188,71),(231,128),(223,102),(179,80),(201,170),(198,34),(137,6),(146,162),(155,47),(204,84),(156,154),(179,99),(101,46),(83,48),(117,173),(240,48),(152,151),(100,85),(182,176),(99,85),(236,15),(190,41),(222,84),(102,34),(103,173),(207,205),(81,194),(62,96),(62,182),
254:(116,155),(188,71),(231,128),(223,103),(179,80),(201,170),(198,34),(137,6),(146,162),(155,47),(204,84),(156,154),(179,99),(101,46),(83,48),(116,173),(240,48),(152,151),(99,85),(182,176),(98,85),(236,15),(190,41),(222,84),(101,34),(102,173),(207,205),(80,194),(62,96),(62,182),
255:(116,155),(188,71),(231,128),(223,104),(179,80),(201,170),(198,34),(137,6),(146,162),(155,47),(204,84),(156,154),(179,99),(101,46),(83,48),(115,173),(240,48),(152,151),(98,85),(182,176),(97,85),(236,15),(190,41),(222,84),(100,34),(101,173),(207,205),(79,194),(62,96),(62,182),
256:(116,155),(188,71),(231,128),(223,105),(179,80),(201,170),(198,34),(137,6),(146,162),(155,47),(204,84),(156,154),(179,99),(101,46),(83,48),(114,173),(240,48),(152,151),(97,85),(182,176),(96,85),(236,15),(190,41),(222,84),(99,34),(100,173),(207,205),(79,195),(62,96),(62,182),
257:(116,155),(188,71),(231,128),(223,106),(179,80),(201,170),(198,34),(137,6),(146,162),(155,47),(204,84),(156,154),(179,99),(101,46),(83,48),(113,173),(240,48),(152,151),(97,84),(182,176),(95,85),(236,15),(190,41),(222,84),(98,34),(100,174),(207,205),(78,195),(62,96),(62,182),
258:(116,155),(188,71),(231,128),(223,107),(179,80),(201,170),(198,34),(137,6),(146,162),(155,47),(204,84),(156,154),(179,99),(101,46),(83,48),(112,173),(240,48),(152,151),(96,84),(182,176),(94,85),(236,15),(190,41),(222,84),(97,34),(99,174),(207,205),(78,196),(62,96),(62,182),
259:(116,155),(188,71),(231,128),(223,108),(179,80),(201,170),(198,34),(137,6),(146,162),(155,47),(204,84),(156,154),(179,99),(101,46),(83,48),(111,173),(240,48),(152,151),(95,84),(182,176),(94,84),(236,15),(190,41),(222,84),(96,34),(98,174),(207,205),(78,197),(62,96),(62,182),
260:(116,155),(188,71),(231,128),(223,109),(179,80),(201,170),(198,34),(137,6),(146,162),(155,47),(204,84),(156,154),(179,99),(101,46),(83,48),(110,173),(240,48),(152,151),(94,84),(182,176),(93,84),(236,15),(190,41),(222,84),(95,34),(97,174),(207,205),(77,197),(62,96),(62,182),
261:(116,155),(188,71),(231,128),(224,109),(179,80),(201,170),(198,34),(137,6),(146,162),(155,47),(204,84),(156,154),(179,99),(101,46),(83,48),(109,173),(240,48),(152,151),(93,84),(182,176),(92,84),(236,15),(190,41),(222,84),(94,34),(96,174),(207,205),(77,198),(62,96),(62,182),
262:(116,155),(188,71),(231,128),(224,110),(179,80),(201,170),(198,34),(137,6),(146,162),(155,47),(204,84),(156,154),(179,99),(101,46),(83,48),(108,173),(240,48),(152,151),(93,83),(182,176),(91,84),(236,15),(190,41),(222,84),(93,34),(95,174),(207,205),(77,199),(62,96),(62,182),
263:(116,155),(188,71),(231,128),(225,110),(179,80),(201,170),(198,34),(137,6),(146,162),(155,47),(204,84),(156,154),(179,99),(101,46),(83,48),(107,173),(240,48),(152,151),(93,82),(182,176),(91,83),(236,15),(190,41),(222,84),(92,34),(95,175),(207,205),(77,200),(62,96),(62,182),
264:(116,155),(188,71),(231,128),(225,111),(179,80),(201,170),(198,34),(137,6),(146,162),(155,47),(204,84),(156,154),(179,99),(101,46),(83,48),(106,173),(240,48),(152,151),(92,82),(182,176),(91,82),(236,15),(190,41),(222,84),(92,34),(95,176),(207,205),(76,200),(62,96),(62,182),
265:(116,155),(188,71),(231,128),(226,111),(179,80),(201,170),(198,34),(137,6),(146,162),(155,47),(204,84),(156,154),(179,99),(101,46),(83,48),(105,173),(240,48),(152,151),(91,82),(182,176),(90,82),(236,15),(190,41),(222,84),(92,34),(95,177),(207,205),(75,200),(62,96),(62,182),
266:(116,155),(188,71),(231,128),(227,111),(179,80),(201,170),(198,34),(137,6),(146,162),(155,47),(204,84),(156,154),(179,99),(101,46),(83,48),(104,173),(240,48),(152,151),(90,82),(182,176),(89,82),(236,15),(190,41),(222,84),(92,34),(95,178),(207,205),(74,200),(62,96),(62,182),
267:(116,155),(188,71),(231,128),(227,112),(179,80),(201,170),(198,34),(137,6),(146,162),(155,47),(204,84),(156,154),(179,99),(101,46),(83,48),(103,173),(240,48),(152,151),(89,82),(182,176),(88,82),(236,15),(190,41),(222,84),(92,34),(95,179),(207,205),(74,201),(62,96),(62,182),
268:(116,155),(188,71),(231,128),(227,113),(179,80),(201,170),(198,34),(137,6),(146,162),(155,47),(204,84),(156,154),(179,99),(101,46),(83,48),(102,173),(240,48),(152,151),(88,82),(182,176),(88,81),(236,15),(190,41),(222,84),(92,34),(95,180),(207,205),(74,202),(62,96),(62,182),
269:(116,155),(188,71),(231,128),(227,114),(179,80),(201,170),(198,34),(137,6),(146,162),(155,47),(204,84),(156,154),(179,99),(101,46),(83,48),(101,173),(240,48),(152,151),(87,82),(182,176),(87,81),(236,15),(190,41),(222,84),(92,34),(95,181),(207,205),(74,203),(62,96),(62,182),
270:(116,155),(188,71),(231,128),(228,114),(179,80),(201,170),(198,34),(137,6),(146,162),(155,47),(204,84),(156,154),(179,99),(101,46),(83,48),(100,173),(240,48),(152,151),(86,82),(182,176),(86,81),(236,15),(190,41),(222,84),(92,34),(95,182),(207,205),(73,203),(62,96),(62,182),
271:(116,155),(188,71),(231,128),(229,114),(179,80),(201,170),(198,34),(137,6),(146,162),(155,47),(204,84),(156,154),(179,99),(101,46),(83,48),(99,173),(240,48),(152,151),(85,82),(182,176),(86,80),(236,15),(190,41),(222,84),(92,34),(95,183),(207,205),(72,203),(62,96),(62,182),
272:(116,155),(188,71),(231,128),(230,114),(179,80),(201,170),(198,34),(137,6),(146,162),(155,47),(204,84),(156,154),(179,99),(101,46),(83,48),(98,173),(240,48),(152,151),(85,81),(182,176),(85,80),(236,15),(190,41),(222,84),(92,34),(95,184),(207,205),(72,204),(62,96),(62,182),
273:(116,155),(188,71),(231,128),(231,114),(179,80),(201,170),(198,34),(137,6),(146,162),(155,47),(204,84),(156,154),(179,99),(101,46),(83,48),(98,174),(240,48),(152,151),(84,81),(182,176),(84,80),(236,15),(190,41),(222,84),(92,34),(95,185),(207,205),(71,204),(62,96),(62,182),
274:(116,155),(188,71),(231,128),(232,114),(179,80),(201,170),(198,34),(137,6),(146,162),(155,47),(204,84),(156,154),(179,99),(101,46),(83,48),(98,175),(240,48),(152,151),(83,81),(182,176),(84,79),(236,15),(190,41),(222,84),(92,34),(95,186),(207,205),(70,204),(62,96),(62,182),
275:(116,155),(188,71),(231,128),(233,114),(179,80),(201,170),(198,34),(137,6),(146,162),(155,47),(204,84),(156,154),(179,99),(101,46),(83,48),(98,176),(240,48),(152,151),(82,81),(182,176),(84,78),(236,15),(190,41),(222,84),(92,34),(95,187),(207,205),(70,205),(62,96),(62,182),
276:(116,155),(188,71),(231,128),(234,114),(179,80),(201,170),(198,34),(137,6),(146,162),(155,47),(204,84),(156,154),(179,99),(101,46),(83,48),(97,176),(240,48),(152,151),(82,80),(182,176),(84,77),(236,15),(190,41),(222,84),(92,34),(95,188),(207,205),(70,206),(62,96),(62,182),
277:(116,155),(188,71),(231,128),(235,114),(179,80),(201,170),(198,34),(137,6),(146,162),(155,47),(204,84),(156,154),(179,99),(101,46),(83,48),(96,176),(240,48),(152,151),(81,80),(182,176),(83,77),(236,15),(190,41),(222,84),(92,34),(95,189),(207,205),(69,206),(62,96),(62,182),
278:(116,155),(188,71),(231,128),(236,114),(179,80),(201,170),(198,34),(137,6),(146,162),(155,47),(204,84),(156,154),(179,99),(101,46),(83,48),(95,176),(240,48),(152,151),(81,79),(182,176),(82,77),(236,15),(190,41),(222,84),(92,34),(95,190),(207,205),(69,207),(62,96),(62,182),
279:(116,155),(188,71),(231,128),(237,114),(179,80),(201,170),(198,34),(137,6),(146,162),(155,47),(204,84),(156,154),(179,99),(101,46),(83,48),(95,177),(240,48),(152,151),(81,78),(182,176),(81,77),(236,15),(190,41),(222,84),(92,34),(95,191),(207,205),(69,208),(62,96),(62,182),
280:(116,155),(188,71),(231,128),(238,114),(179,80),(201,170),(198,34),(137,6),(146,162),(155,47),(204,84),(156,154),(179,99),(101,46),(83,48),(94,177),(240,48),(152,151),(80,78),(182,176),(81,76),(236,15),(190,41),(222,84),(92,34),(95,192),(207,205),(69,209),(62,96),(62,182),
281:(116,155),(188,71),(231,128),(239,114),(179,80),(201,170),(198,34),(137,6),(146,162),(155,47),(204,84),(156,154),(179,99),(101,46),(83,48),(94,178),(240,48),(152,151),(79,78),(182,176),(80,76),(236,15),(190,41),(222,84),(92,34),(95,193),(207,205),(69,210),(62,96),(62,182),
282:(116,155),(188,71),(231,128),(240,114),(179,80),(201,170),(198,34),(137,6),(146,162),(155,47),(204,84),(156,154),(179,99),(101,46),(83,48),(93,178),(240,48),(152,151),(79,77),(182,176),(79,76),(236,15),(190,41),(222,84),(92,34),(95,194),(207,205),(69,211),(62,96),(62,182),
283:(116,155),(188,71),(231,128),(241,114),(179,80),(201,170),(198,34),(137,6),(146,162),(155,47),(204,84),(156,154),(179,99),(101,46),(83,48),(92,178),(240,48),(152,151),(78,77),(182,176),(79,75),(236,15),(190,41),(222,84),(92,34),(95,195),(207,205),(69,212),(62,96),(62,182),
284:(116,155),(188,71),(231,128),(241,114),(179,80),(201,170),(198,34),(137,6),(146,162),(155,47),(204,84),(156,154),(179,99),(101,46),(83,48),(91,178),(240,48),(152,151),(78,76),(182,176),(78,75),(236,15),(190,41),(222,84),(92,34),(95,196),(207,205),(69,212),(62,96),(62,182),
285:(116,155),(188,71),(231,128),(241,114),(179,80),(201,170),(198,34),(137,6),(146,162),(155,47),(204,84),(156,154),(179,99),(101,46),(83,48),(91,179),(240,48),(152,151),(77,76),(182,176),(77,75),(236,15),(190,41),(222,84),(92,34),(95,197),(207,205),(69,212),(62,96),(62,182),
286:(116,155),(188,71),(231,128),(241,114),(179,80),(201,170),(198,34),(137,6),(146,162),(155,47),(204,84),(156,154),(179,99),(101,46),(83,48),(90,179),(240,48),(152,151),(76,76),(182,176),(76,75),(236,15),(190,41),(222,84),(92,34),(95,198),(207,205),(69,212),(62,96),(62,182),
287:(116,155),(188,71),(231,128),(241,114),(179,80),(201,170),(198,34),(137,6),(146,162),(155,47),(204,84),(156,154),(179,99),(101,46),(83,48),(89,179),(240,48),(152,151),(75,76),(182,176),(76,74),(236,15),(190,41),(222,84),(92,34),(95,199),(207,205),(69,212),(62,96),(62,182),
288:(116,155),(188,71),(231,128),(241,114),(179,80),(201,170),(198,34),(137,6),(146,162),(155,47),(204,84),(156,154),(179,99),(101,46),(83,48),(88,179),(240,48),(152,151),(75,75),(182,176),(75,74),(236,15),(190,41),(222,84),(92,34),(95,200),(207,205),(69,212),(62,96),(62,182),
289:(116,155),(188,71),(231,128),(241,114),(179,80),(201,170),(198,34),(137,6),(146,162),(155,47),(204,84),(156,154),(179,99),(101,46),(83,48),(88,180),(240,48),(152,151),(74,75),(182,176),(74,74),(236,15),(190,41),(222,84),(92,34),(95,201),(207,205),(69,212),(62,96),(62,182),
290:(116,155),(188,71),(231,128),(241,114),(179,80),(201,170),(198,34),(137,6),(146,162),(155,47),(204,84),(156,154),(179,99),(101,46),(83,48),(88,181),(240,48),(152,151),(73,75),(182,176),(73,74),(236,15),(190,41),(222,84),(92,34),(95,202),(207,205),(69,212),(62,96),(62,182),
291:(116,155),(188,71),(231,128),(241,114),(179,80),(201,170),(198,34),(137,6),(146,162),(155,47),(204,84),(156,154),(179,99),(101,46),(83,48),(88,182),(240,48),(152,151),(72,75),(182,176),(73,73),(236,15),(190,41),(222,84),(92,34),(95,203),(207,205),(69,212),(62,96),(62,182),
292:(116,155),(188,71),(231,128),(241,114),(179,80),(201,170),(198,34),(137,6),(146,162),(155,47),(204,84),(156,154),(179,99),(101,46),(83,48),(88,182),(240,48),(152,151),(71,75),(182,176),(72,73),(236,15),(190,41),(222,84),(92,34),(95,204),(207,205),(69,212),(62,96),(62,182),
293:(116,155),(188,71),(231,128),(241,114),(179,80),(201,170),(198,34),(137,6),(146,162),(155,47),(204,84),(156,154),(179,99),(101,46),(83,48),(88,182),(240,48),(152,151),(71,74),(182,176),(71,73),(236,15),(190,41),(222,84),(92,34),(95,204),(207,205),(69,212),(62,96),(62,182),
294:(116,155),(188,71),(231,128),(241,114),(179,80),(201,170),(198,34),(137,6),(146,162),(155,47),(204,84),(156,154),(179,99),(101,46),(83,48),(88,182),(240,48),(152,151),(71,73),(182,176),(71,72),(236,15),(190,41),(222,84),(92,34),(95,204),(207,205),(69,212),(62,96),(62,182),
295:(116,155),(188,71),(231,128),(241,114),(179,80),(201,170),(198,34),(137,6),(146,162),(155,47),(204,84),(156,154),(179,99),(101,46),(83,48),(88,182),(240,48),(152,151),(71,72),(182,176),(70,72),(236,15),(190,41),(222,84),(92,34),(95,204),(207,205),(69,212),(62,96),(62,182),
296:(116,155),(188,71),(231,128),(241,114),(179,80),(201,170),(198,34),(137,6),(146,162),(155,47),(204,84),(156,154),(179,99),(101,46),(83,48),(88,182),(240,48),(152,151),(71,71),(182,176),(69,72),(236,15),(190,41),(222,84),(92,34),(95,204),(207,205),(69,212),(62,96),(62,182),
297:(116,155),(188,71),(231,128),(241,114),(179,80),(201,170),(198,34),(137,6),(146,162),(155,47),(204,84),(156,154),(179,99),(101,46),(83,48),(88,182),(240,48),(152,151),(71,70),(182,176),(69,71),(236,15),(190,41),(222,84),(92,34),(95,204),(207,205),(69,212),(62,96),(62,182),
298:(116,155),(188,71),(231,128),(241,114),(179,80),(201,170),(198,34),(137,6),(146,162),(155,47),(204,84),(156,154),(179,99),(101,46),(83,48),(88,182),(240,48),(152,151),(71,69),(182,176),(69,70),(236,15),(190,41),(222,84),(92,34),(95,204),(207,205),(69,212),(62,96),(62,182),
299:(116,155),(188,71),(231,128),(241,114),(179,80),(201,170),(198,34),(137,6),(146,162),(155,47),(204,84),(156,154),(179,99),(101,46),(83,48),(88,182),(240,48),(152,151),(71,68),(182,176),(68,70),(236,15),(190,41),(222,84),(92,34),(95,204),(207,205),(69,212),(62,96),(62,182),
300:(116,155),(188,71),(231,128),(241,114),(179,80),(201,170),(198,34),(137,6),(146,162),(155,47),(204,84),(156,154),(179,99),(101,46),(83,48),(88,182),(240,48),(152,151),(71,67),(182,176),(68,69),(236,15),(190,41),(222,84),(92,34),(95,204),(207,205),(69,212),(62,96),(62,182),
301:(116,155),(188,71),(231,128),(241,114),(179,80),(201,170),(198,34),(137,6),(146,162),(155,47),(204,84),(156,154),(179,99),(101,46),(83,48),(88,182),(240,48),(152,151),(71,66),(182,176),(67,69),(236,15),(190,41),(222,84),(92,34),(95,204),(207,205),(69,212),(62,96),(62,182),
302:(116,155),(188,71),(231,128),(241,114),(179,80),(201,170),(198,34),(137,6),(146,162),(155,47),(204,84),(156,154),(179,99),(101,46),(83,48),(88,182),(240,48),(152,151),(71,65),(182,176),(67,68),(236,15),(190,41),(222,84),(92,34),(95,204),(207,205),(69,212),(62,96),(62,182),
303:(116,155),(188,71),(231,128),(241,114),(179,80),(201,170),(198,34),(137,6),(146,162),(155,47),(204,84),(156,154),(179,99),(101,46),(83,48),(88,182),(240,48),(152,151),(71,64),(182,176),(67,67),(236,15),(190,41),(222,84),(92,34),(95,204),(207,205),(69,212),(62,96),(62,182),
304:(116,155),(188,71),(231,128),(241,114),(179,80),(201,170),(198,34),(137,6),(146,162),(155,47),(204,84),(156,154),(179,99),(101,46),(83,48),(88,182),(240,48),(152,151),(71,63),(182,176),(67,66),(236,15),(190,41),(222,84),(92,34),(95,204),(207,205),(69,212),(62,96),(62,182),
305:(116,155),(188,71),(231,128),(241,114),(179,80),(201,170),(198,34),(137,6),(146,162),(155,47),(204,84),(156,154),(179,99),(101,46),(83,48),(88,182),(240,48),(152,151),(71,62),(182,176),(67,65),(236,15),(190,41),(222,84),(92,34),(95,204),(207,205),(69,212),(62,96),(62,182),
306:(116,155),(188,71),(231,128),(241,114),(179,80),(201,170),(198,34),(137,6),(146,162),(155,47),(204,84),(156,154),(179,99),(101,46),(83,48),(88,182),(240,48),(152,151),(71,61),(182,176),(66,65),(236,15),(190,41),(222,84),(92,34),(95,204),(207,205),(69,212),(62,96),(62,182),
307:(116,155),(188,71),(231,128),(241,114),(179,80),(201,170),(198,34),(137,6),(146,162),(155,47),(204,84),(156,154),(179,99),(101,46),(83,48),(88,182),(240,48),(152,151),(71,60),(182,176),(66,64),(236,15),(190,41),(222,84),(92,34),(95,204),(207,205),(69,212),(62,96),(62,182),
308:(116,155),(188,71),(231,128),(241,114),(179,80),(201,170),(198,34),(137,6),(146,162),(155,47),(204,84),(156,154),(179,99),(101,46),(83,48),(88,182),(240,48),(152,151),(71,59),(182,176),(66,63),(236,15),(190,41),(222,84),(92,34),(95,204),(207,205),(69,212),(62,96),(62,182),
309:(116,155),(188,71),(231,128),(241,114),(179,80),(201,170),(198,34),(137,6),(146,162),(155,47),(204,84),(156,154),(179,99),(101,46),(83,48),(88,182),(240,48),(152,151),(71,59),(182,176),(65,63),(236,15),(190,41),(222,84),(92,34),(95,204),(207,205),(69,212),(62,96),(62,182),
310:(116,155),(188,71),(231,128),(241,114),(179,80),(201,170),(198,34),(137,6),(146,162),(155,47),(204,84),(156,154),(179,99),(101,46),(83,48),(88,182),(240,48),(152,151),(71,59),(182,176),(64,63),(236,15),(190,41),(222,84),(92,34),(95,204),(207,205),(69,212),(62,96),(62,182),
311:(116,155),(188,71),(231,128),(241,114),(179,80),(201,170),(198,34),(137,6),(146,162),(155,47),(204,84),(156,154),(179,99),(101,46),(83,48),(88,182),(240,48),(152,151),(71,59),(182,176),(63,63),(236,15),(190,41),(222,84),(92,34),(95,204),(207,205),(69,212),(62,96),(62,182),
312:(116,155),(188,71),(231,128),(241,114),(179,80),(201,170),(198,34),(137,6),(146,162),(155,47),(204,84),(156,154),(179,99),(101,46),(83,48),(88,182),(240,48),(152,151),(71,59),(182,176),(62,63),(236,15),(190,41),(222,84),(92,34),(95,204),(207,205),(69,212),(62,96),(62,182),
313:(116,155),(188,71),(231,128),(241,114),(179,80),(201,170),(198,34),(137,6),(146,162),(155,47),(204,84),(156,154),(179,99),(101,46),(83,48),(88,182),(240,48),(152,151),(71,59),(182,176),(61,63),(236,15),(190,41),(222,84),(92,34),(95,204),(207,205),(69,212),(62,96),(62,182),
314:(116,155),(188,71),(231,128),(241,114),(179,80),(201,170),(198,34),(137,6),(146,162),(155,47),(204,84),(156,154),(179,99),(101,46),(83,48),(88,182),(240,48),(152,151),(71,59),(182,176),(60,63),(236,15),(190,41),(222,84),(92,34),(95,204),(207,205),(69,212),(62,96),(62,182),
315:(116,155),(188,71),(231,128),(241,114),(179,80),(201,170),(198,34),(137,6),(146,162),(155,47),(204,84),(156,154),(179,99),(101,46),(83,48),(88,182),(240,48),(152,151),(71,59),(182,176),(59,63),(236,15),(190,41),(222,84),(92,34),(95,204),(207,205),(69,212),(62,96),(62,182),
316:(116,155),(188,71),(231,128),(241,114),(179,80),(201,170),(198,34),(137,6),(146,162),(155,47),(204,84),(156,154),(179,99),(101,46),(83,48),(88,182),(240,48),(152,151),(71,59),(182,176),(58,63),(236,15),(190,41),(222,84),(92,34),(95,204),(207,205),(69,212),(62,96),(62,182),
317:(116,155),(188,71),(231,128),(241,114),(179,80),(201,170),(198,34),(137,6),(146,162),(155,47),(204,84),(156,154),(179,99),(101,46),(83,48),(88,182),(240,48),(152,151),(71,59),(182,176),(57,63),(236,15),(190,41),(222,84),(92,34),(95,204),(207,205),(69,212),(62,96),(62,182),
318:(116,155),(188,71),(231,128),(241,114),(179,80),(201,170),(198,34),(137,6),(146,162),(155,47),(204,84),(156,154),(179,99),(101,46),(83,48),(88,182),(240,48),(152,151),(71,59),(182,176),(56,63),(236,15),(190,41),(222,84),(92,34),(95,204),(207,205),(69,212),(62,96),(62,182),
319:(116,155),(188,71),(231,128),(241,114),(179,80),(201,170),(198,34),(137,6),(146,162),(155,47),(204,84),(156,154),(179,99),(101,46),(83,48),(88,182),(240,48),(152,151),(71,59),(182,176),(55,63),(236,15),(190,41),(222,84),(92,34),(95,204),(207,205),(69,212),(62,96),(62,182),
320:(116,155),(188,71),(231,128),(241,114),(179,80),(201,170),(198,34),(137,6),(146,162),(155,47),(204,84),(156,154),(179,99),(101,46),(83,48),(88,182),(240,48),(152,151),(71,59),(182,176),(54,63),(236,15),(190,41),(222,84),(92,34),(95,204),(207,205),(69,212),(62,96),(62,182),
321:(116,155),(188,71),(231,128),(241,114),(179,80),(201,170),(198,34),(137,6),(146,162),(155,47),(204,84),(156,154),(179,99),(101,46),(83,48),(88,182),(240,48),(152,151),(71,59),(182,176),(53,63),(236,15),(190,41),(222,84),(92,34),(95,204),(207,205),(69,212),(62,96),(62,182),
322:(116,155),(188,71),(231,128),(241,114),(179,80),(201,170),(198,34),(137,6),(146,162),(155,47),(204,84),(156,154),(179,99),(101,46),(83,48),(88,182),(240,48),(152,151),(71,59),(182,176),(52,63),(236,15),(190,41),(222,84),(92,34),(95,204),(207,205),(69,212),(62,96),(62,182),
323:(116,155),(188,71),(231,128),(241,114),(179,80),(201,170),(198,34),(137,6),(146,162),(155,47),(204,84),(156,154),(179,99),(101,46),(83,48),(88,182),(240,48),(152,151),(71,59),(182,176),(51,63),(236,15),(190,41),(222,84),(92,34),(95,204),(207,205),(69,212),(62,96),(62,182),
324:(116,155),(188,71),(231,128),(241,114),(179,80),(201,170),(198,34),(137,6),(146,162),(155,47),(204,84),(156,154),(179,99),(101,46),(83,48),(88,182),(240,48),(152,151),(71,59),(182,176),(50,63),(236,15),(190,41),(222,84),(92,34),(95,204),(207,205),(69,212),(62,96),(62,182),
325:(116,155),(188,71),(231,128),(241,114),(179,80),(201,170),(198,34),(137,6),(146,162),(155,47),(204,84),(156,154),(179,99),(101,46),(83,48),(88,182),(240,48),(152,151),(71,59),(182,176),(49,63),(236,15),(190,41),(222,84),(92,34),(95,204),(207,205),(69,212),(62,96),(62,182),
326:(116,155),(188,71),(231,128),(241,114),(179,80),(201,170),(198,34),(137,6),(146,162),(155,47),(204,84),(156,154),(179,99),(101,46),(83,48),(88,182),(240,48),(152,151),(71,59),(182,176),(48,63),(236,15),(190,41),(222,84),(92,34),(95,204),(207,205),(69,212),(62,96),(62,182),
327:(116,155),(188,71),(231,128),(241,114),(179,80),(201,170),(198,34),(137,6),(146,162),(155,47),(204,84),(156,154),(179,99),(101,46),(83,48),(88,182),(240,48),(152,151),(71,59),(182,176),(47,63),(236,15),(190,41),(222,84),(92,34),(95,204),(207,205),(69,212),(62,96),(62,182),
328:(116,155),(188,71),(231,128),(241,114),(179,80),(201,170),(198,34),(137,6),(146,162),(155,47),(204,84),(156,154),(179,99),(101,46),(83,48),(88,182),(240,48),(152,151),(71,59),(182,176),(46,63),(236,15),(190,41),(222,84),(92,34),(95,204),(207,205),(69,212),(62,96),(62,182),
329:(116,155),(188,71),(231,128),(241,114),(179,80),(201,170),(198,34),(137,6),(146,162),(155,47),(204,84),(156,154),(179,99),(101,46),(83,48),(88,182),(240,48),(152,151),(71,59),(182,176),(45,63),(236,15),(190,41),(222,84),(92,34),(95,204),(207,205),(69,212),(62,96),(62,182),
