instance=temp_instance.txt
agents=30
map_file=den520d.map
solver=PIBTOLD
solved=1
soc=6140
lb_soc=5885
makespan=347
lb_makespan=347
comp_time=19
preprocessing_comp_time=18
starts=(72,43),(76,221),(244,23),(48,56),(165,58),(213,43),(63,137),(243,195),(69,96),(214,63),(205,59),(236,128),(80,37),(113,170),(153,21),(64,76),(30,179),(25,167),(233,130),(221,40),(217,179),(162,32),(217,54),(61,37),(67,165),(85,205),(75,146),(63,71),(188,56),(215,85),
goals=(161,95),(70,92),(72,159),(246,36),(148,219),(106,104),(184,69),(48,148),(121,49),(192,157),(104,95),(70,168),(20,152),(62,41),(131,103),(129,158),(98,184),(171,101),(46,67),(96,188),(148,226),(50,145),(154,147),(214,80),(170,31),(92,159),(123,109),(65,68),(167,121),(239,32),
solution=
0:(72,43),(76,221),(244,23),(48,56),(165,58),(213,43),(63,137),(243,195),(69,96),(214,63),(205,59),(236,128),(80,37),(113,170),(153,21),(64,76),(30,179),(25,167),(233,130),(221,40),(217,179),(162,32),(217,54),(61,37),(67,165),(85,205),(75,146),(63,71),(188,56),(215,85),
1:(71,43),(76,220),(243,23),(48,55),(165,59),(212,43),(64,137),(243,194),(70,96),(214,64),(205,60),(235,128),(80,38),(113,169),(153,22),(65,76),(31,179),(25,166),(232,130),(221,41),(216,179),(162,33),(216,54),(61,38),(68,165),(85,204),(75,147),(63,70),(188,57),(215,84),
2:(71,44),(77,220),(243,24),(48,54),(165,60),(211,43),(65,137),(243,193),(71,96),(214,65),(205,61),(234,128),(81,38),(113,168),(153,23),(65,77),(32,179),(25,165),(232,129),(220,41),(215,179),(163,33),(216,55),(62,38),(68,164),(86,204),(75,148),(64,70),(188,58),(215,83),
3:(71,45),(78,220),(242,24),(48,53),(165,61),(210,43),(66,137),(243,192),(71,95),(214,66),(204,61),(234,127),(81,39),(114,168),(153,24),(66,77),(33,179),(25,164),(231,129),(219,41),(214,179),(163,34),(215,55),(62,39),(68,163),(86,203),(76,148),(65,70),(187,58),(215,82),
4:(71,46),(79,220),(242,25),(49,53),(165,62),(209,43),(67,137),(243,191),(71,94),(213,66),(203,61),(234,126),(81,40),(114,167),(153,25),(66,78),(34,179),(26,164),(230,129),(219,42),(213,179),(164,34),(214,55),(63,39),(69,163),(86,202),(77,148),(65,69),(186,58),(215,81),
5:(71,47),(80,220),(242,26),(50,53),(165,63),(208,43),(67,138),(242,191),(71,93),(213,67),(202,61),(234,125),(82,40),(114,166),(154,25),(67,78),(35,179),(26,163),(230,128),(219,43),(213,178),(165,34),(213,55),(64,39),(70,163),(87,202),(77,149),(65,68),(186,59),(216,81),
6:(71,48),(80,219),(242,27),(50,52),(165,64),(207,43),(67,139),(241,191),(71,92),(212,67),(202,62),(234,124),(82,41),(115,166),(154,26),(68,78),(35,178),(27,163),(229,128),(218,43),(212,178),(166,34),(212,55),(64,40),(71,163),(87,201),(78,149),(65,68),(186,60),(216,80),
7:(71,49),(80,218),(242,28),(51,52),(165,65),(206,43),(68,139),(240,191),(71,91),(211,67),(201,62),(233,124),(82,42),(116,166),(155,26),(68,79),(36,178),(27,162),(229,127),(217,43),(212,177),(167,34),(211,55),(64,41),(72,163),(87,200),(78,150),(65,68),(186,61),(216,79),
8:(71,50),(80,217),(242,29),(51,51),(165,66),(205,43),(68,140),(239,191),(71,90),(211,68),(200,62),(233,123),(83,42),(116,165),(156,26),(68,80),(37,178),(28,162),(228,127),(216,43),(211,177),(168,34),(211,56),(65,41),(73,163),(88,200),(78,151),(65,68),(185,61),(217,79),
9:(71,51),(80,216),(242,30),(52,51),(165,67),(204,43),(69,140),(239,190),(71,89),(210,68),(200,63),(233,122),(83,43),(116,164),(156,27),(69,80),(38,178),(28,161),(227,127),(215,43),(210,177),(168,35),(210,56),(65,42),(74,163),(89,200),(78,152),(65,68),(185,62),(218,79),
10:(71,52),(81,216),(242,31),(52,50),(165,68),(203,43),(70,140),(238,190),(71,88),(210,69),(200,64),(233,121),(84,43),(116,163),(156,28),(69,81),(39,178),(28,160),(227,126),(214,43),(209,177),(168,36),(209,56),(66,42),(74,162),(89,199),(79,152),(65,68),(185,63),(218,78),
11:(71,53),(82,216),(242,32),(53,50),(165,69),(202,43),(71,140),(238,189),(71,87),(210,70),(200,65),(233,120),(85,43),(117,163),(157,28),(70,81),(40,178),(28,159),(226,126),(213,43),(208,177),(168,37),(209,57),(66,43),(75,162),(89,198),(79,153),(65,68),(184,63),(218,77),
12:(71,54),(83,216),(242,33),(53,49),(165,70),(201,43),(71,141),(237,189),(71,86),(209,70),(200,66),(233,119),(86,43),(118,163),(157,29),(71,81),(41,178),(28,158),(226,125),(212,43),(207,177),(168,38),(209,58),(66,44),(76,162),(89,197),(80,153),(65,68),(184,64),(218,76),
13:(71,55),(83,215),(241,33),(53,48),(164,70),(200,43),(72,141),(237,188),(71,85),(209,71),(200,67),(232,119),(87,43),(118,162),(157,30),(71,82),(42,178),(29,158),(226,124),(211,43),(207,176),(168,39),(208,58),(67,44),(76,161),(89,196),(81,153),(65,68),(183,64),(218,75),
14:(71,56),(84,215),(240,33),(54,48),(163,70),(199,43),(73,141),(236,188),(71,84),(208,71),(200,68),(231,119),(87,44),(119,162),(158,30),(71,83),(43,178),(29,157),(225,124),(210,43),(206,176),(169,39),(207,58),(68,44),(76,160),(89,195),(82,153),(65,68),(183,65),(219,75),
15:(71,57),(85,215),(239,33),(55,48),(163,71),(198,43),(73,142),(235,188),(71,83),(207,71),(199,68),(231,118),(88,44),(120,162),(159,30),(72,83),(44,178),(29,156),(225,123),(209,43),(206,175),(169,40),(206,58),(69,44),(77,160),(89,194),(83,153),(65,68),(182,65),(219,74),
16:(71,58),(85,214),(238,33),(56,48),(162,71),(197,43),(74,142),(235,187),(71,82),(207,72),(198,68),(230,118),(88,45),(120,161),(159,31),(73,83),(45,178),(30,156),(225,122),(208,43),(205,175),(169,41),(206,59),(70,44),(77,159),(89,193),(84,153),(65,68),(182,66),(220,74),
17:(71,59),(85,213),(237,33),(56,47),(161,71),(196,43),(75,142),(235,186),(71,81),(206,72),(197,68),(229,118),(88,46),(120,160),(159,32),(74,83),(46,178),(31,156),(225,121),(207,43),(204,175),(170,41),(205,59),(71,44),(78,159),(89,192),(85,153),(65,68),(182,67),(221,74),
18:(71,60),(85,212),(236,33),(57,47),(161,72),(195,43),(76,142),(234,186),(71,80),(205,72),(196,68),(229,117),(89,46),(121,160),(159,33),(75,83),(47,178),(31,155),(225,120),(206,43),(204,174),(171,41),(205,60),(72,44),(78,158),(89,191),(86,153),(65,68),(181,67),(222,74),
19:(71,61),(86,212),(235,33),(58,47),(161,73),(194,43),(77,142),(233,186),(71,79),(204,72),(196,69),(228,117),(89,47),(121,159),(159,34),(76,83),(48,178),(32,155),(225,119),(205,43),(203,174),(172,41),(204,60),(73,44),(78,157),(89,190),(87,153),(65,68),(180,67),(222,73),
20:(71,62),(86,211),(234,33),(59,47),(161,74),(193,43),(77,143),(233,185),(71,78),(204,73),(196,70),(227,117),(90,47),(121,158),(160,34),(76,84),(48,179),(32,154),(225,118),(204,43),(203,173),(172,42),(203,60),(73,45),(79,157),(89,189),(88,153),(65,68),(180,68),(223,73),
21:(71,63),(87,211),(234,34),(60,47),(161,75),(193,44),(78,143),(232,185),(71,77),(203,73),(195,70),(227,116),(91,47),(121,157),(160,35),(76,85),(49,179),(32,153),(224,118),(203,43),(202,173),(173,42),(202,60),(74,45),(79,156),(90,189),(89,153),(65,68),(180,69),(223,72),
22:(71,64),(87,210),(234,35),(61,47),(161,76),(192,44),(78,144),(231,185),(71,76),(202,73),(195,71),(227,115),(92,47),(122,157),(160,36),(77,85),(50,179),(33,153),(224,117),(202,43),(201,173),(173,43),(201,60),(74,46),(79,155),(91,189),(90,153),(65,68),(179,69),(223,71),
23:(71,65),(87,209),(234,36),(62,47),(161,77),(191,44),(79,144),(230,185),(71,75),(202,74),(195,72),(227,114),(93,47),(123,157),(161,36),(77,86),(50,180),(34,153),(224,116),(201,43),(200,173),(174,43),(201,61),(74,47),(79,154),(91,188),(91,153),(65,68),(178,69),(223,70),
24:(71,66),(87,208),(233,36),(63,47),(161,78),(190,44),(79,145),(229,185),(71,74),(201,74),(194,72),(226,114),(94,47),(123,156),(162,36),(78,86),(51,180),(35,153),(224,115),(200,43),(199,173),(175,43),(201,62),(75,47),(79,153),(92,188),(92,153),(65,68),(177,69),(224,70),
25:(71,67),(88,208),(233,37),(64,47),(161,79),(189,44),(80,145),(229,184),(71,73),(201,75),(194,73),(226,113),(95,47),(124,156),(162,37),(79,86),(51,181),(36,153),(224,114),(199,43),(198,173),(175,44),(200,62),(76,47),(80,153),(92,187),(93,153),(65,68),(177,70),(225,70),
26:(71,68),(89,208),(233,38),(65,47),(161,80),(188,44),(80,146),(229,183),(71,72),(200,75),(194,74),(225,113),(96,47),(125,156),(163,37),(79,87),(51,182),(37,153),(224,113),(198,43),(197,173),(176,44),(200,63),(77,47),(81,153),(92,186),(94,153),(65,68),(177,71),(226,70),
27:(71,69),(90,208),(233,39),(66,47),(161,81),(187,44),(80,147),(228,183),(71,71),(200,76),(194,75),(225,112),(97,47),(125,155),(163,38),(80,87),(52,182),(38,153),(223,113),(197,43),(196,173),(177,44),(200,64),(78,47),(82,153),(92,185),(95,153),(65,68),(176,71),(226,69),
28:(71,70),(91,208),(233,40),(67,47),(161,82),(187,45),(81,147),(227,183),(71,71),(200,77),(193,75),(225,111),(98,47),(126,155),(164,38),(80,88),(53,182),(39,153),(222,113),(196,43),(195,173),(178,44),(200,65),(79,47),(83,153),(92,184),(96,153),(65,68),(176,72),(226,68),
29:(71,71),(92,208),(233,41),(68,47),(160,82),(186,45),(82,147),(226,183),(71,72),(200,78),(193,76),(224,111),(99,47),(127,155),(164,39),(80,89),(54,182),(40,153),(221,113),(196,44),(194,173),(179,44),(199,65),(80,47),(84,153),(92,183),(97,153),(65,68),(175,72),(226,67),
30:(71,72),(93,208),(233,42),(69,47),(159,82),(186,46),(82,148),(225,183),(70,72),(200,79),(192,76),(224,110),(100,47),(128,155),(165,39),(81,89),(55,182),(41,153),(220,113),(195,44),(193,173),(180,44),(199,66),(81,47),(85,153),(92,182),(98,153),(65,68),(175,73),(227,67),
31:(71,73),(93,207),(233,43),(70,47),(159,83),(185,46),(82,149),(224,183),(70,71),(200,80),(191,76),(223,110),(101,47),(129,155),(165,40),(81,90),(56,182),(42,153),(219,113),(194,44),(192,173),(180,45),(199,67),(82,47),(86,153),(92,181),(99,153),(65,68),(175,74),(228,67),
32:(72,73),(93,206),(233,44),(71,47),(159,84),(184,46),(83,149),(224,182),(70,70),(200,81),(190,76),(223,109),(102,47),(129,154),(166,40),(81,91),(57,182),(43,153),(219,112),(193,44),(191,173),(180,46),(199,68),(83,47),(87,153),(92,180),(100,153),(65,68),(174,74),(228,66),
33:(72,74),(94,206),(233,45),(72,47),(159,85),(183,46),(84,149),(224,181),(70,69),(200,82),(190,77),(223,108),(103,47),(130,154),(167,40),(81,92),(58,182),(44,153),(218,112),(192,44),(190,173),(180,47),(198,68),(84,47),(88,153),(92,179),(101,153),(65,68),(173,74),(228,65),
34:(73,74),(94,205),(233,46),(73,47),(159,86),(182,46),(85,149),(224,180),(70,68),(200,83),(189,77),(223,107),(104,47),(131,154),(168,40),(82,92),(59,182),(45,153),(218,111),(191,44),(189,173),(180,48),(198,69),(85,47),(89,153),(92,178),(102,153),(65,68),(173,75),(229,65),
35:(74,74),(94,204),(233,47),(74,47),(159,87),(182,47),(86,149),(224,179),(71,68),(200,84),(189,78),(223,106),(105,47),(132,154),(168,41),(83,92),(60,182),(46,153),(217,111),(190,44),(188,173),(180,49),(198,70),(86,47),(90,153),(92,177),(103,153),(65,68),(172,75),(229,64),
36:(75,74),(95,204),(233,48),(75,47),(159,88),(182,48),(86,150),(223,179),(71,67),(200,85),(188,78),(223,105),(106,47),(133,154),(169,41),(83,93),(61,182),(47,153),(217,110),(189,44),(187,173),(180,50),(198,71),(87,47),(91,153),(92,176),(104,153),(65,68),(171,75),(230,64),
37:(76,74),(95,203),(233,49),(76,47),(159,89),(182,49),(86,151),(222,179),(71,66),(200,86),(188,79),(222,105),(107,47),(133,153),(169,42),(84,93),(62,182),(48,153),(217,109),(188,44),(186,173),(179,50),(197,71),(88,47),(92,153),(92,175),(105,153),(65,68),(171,76),(230,63),
38:(76,75),(96,203),(233,50),(77,47),(159,90),(182,50),(86,152),(222,178),(72,66),(199,86),(188,80),(221,105),(108,47),(134,153),(169,43),(85,93),(63,182),(49,153),(217,108),(187,44),(185,173),(179,51),(197,72),(89,47),(93,153),(92,174),(106,153),(65,68),(170,76),(230,62),
39:(76,76),(97,203),(233,51),(78,47),(159,91),(182,51),(86,153),(222,177),(73,66),(198,86),(187,80),(220,105),(109,47),(135,153),(170,43),(85,94),(64,182),(50,153),(217,107),(187,45),(184,173),(179,52),(196,72),(90,47),(94,153),(92,173),(107,153),(65,68),(170,77),(230,61),
40:(77,76),(97,202),(233,52),(79,47),(159,92),(182,52),(87,153),(221,177),(73,65),(197,86),(186,80),(220,104),(110,47),(136,153),(171,43),(86,94),(64,183),(51,153),(217,106),(186,45),(183,173),(179,53),(196,73),(91,47),(95,153),(92,172),(108,153),(65,68),(170,78),(230,60),
41:(78,76),(97,201),(233,53),(80,47),(159,93),(182,53),(88,153),(220,177),(73,64),(196,86),(186,81),(220,103),(111,47),(137,153),(172,43),(86,95),(65,183),(52,153),(216,106),(185,45),(182,173),(179,54),(195,73),(92,47),(96,153),(92,171),(109,153),(65,68),(169,78),(230,59),
42:(78,77),(97,200),(232,53),(81,47),(159,94),(182,54),(89,153),(219,177),(73,63),(195,86),(186,82),(219,103),(112,47),(138,153),(173,43),(87,95),(65,184),(53,153),(216,105),(185,46),(181,173),(178,54),(194,73),(93,47),(97,153),(92,170),(110,153),(65,68),(168,78),(230,58),
43:(79,77),(97,199),(232,54),(82,47),(159,95),(182,55),(90,153),(218,177),(73,62),(194,86),(185,82),(219,102),(113,47),(139,153),(173,44),(87,96),(66,184),(54,153),(216,104),(184,46),(180,173),(178,55),(193,73),(94,47),(98,153),(92,169),(111,153),(65,68),(167,78),(230,57),
44:(80,77),(97,198),(232,55),(83,47),(159,96),(182,56),(91,153),(217,177),(74,62),(193,86),(184,82),(219,101),(114,47),(139,152),(174,44),(88,96),(67,184),(55,153),(215,104),(183,46),(179,173),(178,56),(192,73),(95,47),(99,153),(92,168),(112,153),(65,68),(167,79),(230,56),
45:(81,77),(97,197),(231,55),(84,47),(159,97),(181,56),(92,153),(216,177),(74,61),(192,86),(184,83),(218,101),(115,47),(139,151),(175,44),(88,97),(68,184),(56,153),(214,104),(183,47),(178,173),(177,56),(192,74),(96,47),(100,153),(92,167),(113,153),(65,68),(167,80),(230,55),
46:(82,77),(97,196),(231,56),(85,47),(159,98),(181,57),(93,153),(215,177),(74,60),(191,86),(183,83),(217,101),(116,47),(140,151),(176,44),(88,98),(69,184),(57,153),(214,103),(182,47),(177,173),(176,56),(191,74),(97,47),(101,153),(92,166),(114,153),(65,68),(167,81),(230,54),
47:(83,77),(97,195),(230,56),(86,47),(159,99),(180,57),(94,153),(214,177),(74,59),(190,86),(183,84),(216,101),(117,47),(140,150),(177,44),(89,98),(70,184),(58,153),(213,103),(181,47),(176,173),(175,56),(191,75),(98,47),(102,153),(92,165),(115,153),(65,68),(167,82),(231,54),
48:(83,78),(97,194),(230,57),(87,47),(159,100),(180,58),(95,153),(213,177),(74,58),(189,86),(183,85),(215,101),(118,47),(141,150),(178,44),(89,99),(71,184),(59,153),(213,102),(181,48),(175,173),(174,56),(190,75),(99,47),(103,153),(92,164),(116,153),(65,68),(167,83),(231,53),
49:(83,79),(97,193),(229,57),(88,47),(159,101),(179,58),(96,153),(212,177),(75,58),(189,87),(183,86),(214,101),(119,47),(141,149),(178,45),(89,100),(72,184),(60,153),(213,101),(180,48),(174,173),(174,57),(190,76),(100,47),(104,153),(92,163),(116,152),(65,68),(167,84),(232,53),
50:(84,79),(97,192),(228,57),(89,47),(159,102),(179,59),(97,153),(211,177),(76,58),(189,88),(182,86),(214,100),(120,47),(142,149),(179,45),(90,100),(73,184),(61,153),(213,100),(180,49),(173,173),(174,58),(190,77),(101,47),(105,153),(92,162),(117,152),(65,68),(167,85),(233,53),
51:(85,79),(97,191),(228,58),(90,47),(159,103),(179,60),(98,153),(210,177),(76,57),(188,88),(182,87),(214,99),(121,47),(142,148),(180,45),(91,100),(74,184),(62,153),(213,99),(180,50),(172,173),(173,58),(190,78),(102,47),(106,153),(92,161),(118,152),(65,68),(167,86),(234,53),
52:(85,80),(97,190),(228,59),(91,47),(159,104),(178,60),(99,153),(209,177),(77,57),(188,89),(181,87),(214,98),(122,47),(143,148),(180,46),(91,101),(75,184),(63,153),(213,98),(180,51),(171,173),(172,58),(189,78),(103,47),(107,153),(92,160),(119,152),(65,68),(167,87),(234,52),
53:(86,80),(97,189),(228,60),(92,47),(159,105),(178,61),(100,153),(209,176),(77,56),(188,90),(181,88),(214,97),(123,47),(144,148),(180,47),(92,101),(76,184),(64,153),(213,97),(179,51),(170,173),(171,58),(189,79),(104,47),(108,153),(92,159),(120,152),(65,68),(167,88),(235,52),
54:(86,81),(97,188),(227,60),(93,47),(159,106),(177,61),(101,153),(208,176),(78,56),(188,91),(180,88),(214,96),(124,47),(145,148),(180,48),(93,101),(77,184),(65,153),(213,96),(178,51),(169,173),(171,59),(189,80),(105,47),(109,153),(92,159),(121,152),(65,68),(167,89),(236,52),
55:(86,82),(97,187),(226,60),(94,47),(159,107),(177,62),(102,153),(207,176),(79,56),(187,91),(179,88),(214,95),(125,47),(146,148),(180,49),(94,101),(78,184),(66,153),(213,95),(178,52),(168,173),(171,60),(189,81),(106,47),(110,153),(92,159),(122,152),(65,68),(167,90),(236,51),
56:(86,83),(97,186),(225,60),(95,47),(159,108),(177,63),(103,153),(206,176),(80,56),(186,91),(179,89),(214,94),(126,47),(147,148),(180,50),(94,102),(79,184),(67,153),(213,94),(178,53),(167,173),(170,60),(189,82),(107,47),(111,153),(92,159),(123,152),(65,68),(167,91),(237,51),
57:(87,83),(97,185),(224,60),(96,47),(159,109),(177,64),(104,153),(206,175),(80,55),(186,92),(179,90),(214,93),(127,47),(147,147),(180,51),(94,103),(80,184),(68,153),(213,93),(178,54),(166,173),(169,60),(189,83),(108,47),(112,153),(92,159),(124,152),(65,68),(167,92),(238,51),
58:(88,83),(97,184),(224,61),(97,47),(159,110),(176,64),(105,153),(205,175),(80,54),(185,92),(179,91),(214,92),(128,47),(148,147),(180,52),(95,103),(81,184),(69,153),(213,92),(177,54),(165,173),(168,60),(189,84),(109,47),(113,153),(92,159),(125,152),(65,68),(167,93),(238,50),
59:(88,84),(97,183),(223,61),(98,47),(159,111),(175,64),(106,153),(204,175),(80,53),(184,92),(178,91),(214,91),(129,47),(148,146),(179,52),(95,104),(82,184),(70,153),(213,91),(176,54),(164,173),(167,60),(189,85),(110,47),(114,153),(92,159),(126,152),(65,68),(167,94),(239,50),
60:(88,85),(97,182),(222,61),(99,47),(159,112),(174,64),(107,153),(203,175),(80,52),(183,92),(178,92),(214,90),(130,47),(148,145),(179,53),(96,104),(83,184),(71,153),(213,90),(176,55),(163,173),(166,60),(189,86),(111,47),(115,153),(92,159),(127,152),(65,68),(167,95),(239,49),
61:(89,85),(97,181),(222,62),(100,47),(159,113),(173,64),(108,153),(202,175),(80,51),(183,93),(177,92),(214,89),(131,47),(148,144),(178,53),(97,104),(84,184),(72,153),(213,89),(176,56),(162,173),(166,61),(188,86),(112,47),(116,153),(92,159),(128,152),(65,68),(167,96),(239,48),
62:(90,85),(97,180),(222,63),(101,47),(159,114),(172,64),(109,153),(202,174),(81,51),(182,93),(176,92),(214,88),(132,47),(148,143),(177,53),(97,105),(85,184),(73,153),(212,89),(176,57),(161,173),(166,62),(187,86),(113,47),(116,152),(92,159),(129,152),(65,68),(167,97),(239,47),
63:(90,86),(97,179),(222,64),(102,47),(159,115),(171,64),(110,153),(202,173),(81,50),(182,94),(176,93),(213,88),(133,47),(148,142),(176,53),(98,105),(86,184),(74,153),(211,89),(175,57),(160,173),(166,63),(187,87),(114,47),(117,152),(92,159),(130,152),(65,68),(167,98),(239,46),
64:(91,86),(97,178),(222,65),(103,47),(159,116),(171,65),(111,153),(201,173),(81,49),(182,95),(176,94),(213,87),(134,47),(149,142),(175,53),(99,105),(87,184),(75,153),(211,88),(174,57),(159,173),(165,63),(186,87),(115,47),(118,152),(92,159),(130,151),(65,68),(167,99),(239,45),
65:(92,86),(97,177),(222,66),(104,47),(159,117),(170,65),(112,153),(201,172),(82,49),(182,96),(175,94),(213,86),(135,47),(150,142),(174,53),(100,105),(88,184),(76,153),(210,88),(173,57),(158,173),(165,64),(186,88),(116,47),(119,152),(92,159),(130,150),(65,68),(167,100),(239,44),
66:(93,86),(97,176),(221,66),(105,47),(159,118),(170,66),(113,153),(200,172),(83,49),(182,97),(174,94),(212,86),(136,47),(150,141),(174,54),(101,105),(89,184),(77,153),(210,87),(172,57),(157,173),(165,65),(185,88),(117,47),(120,152),(92,159),(130,149),(65,68),(167,101),(239,43),
67:(94,86),(98,176),(220,66),(106,47),(159,119),(170,67),(114,153),(199,172),(84,49),(181,97),(174,95),(211,86),(137,47),(151,141),(174,55),(102,105),(90,184),(78,153),(209,87),(172,58),(156,173),(165,66),(184,88),(118,47),(121,152),(92,159),(131,149),(65,68),(167,102),(239,42),
68:(95,86),(98,175),(219,66),(107,47),(159,120),(169,67),(115,153),(198,172),(85,49),(181,98),(173,95),(210,86),(138,47),(152,141),(174,56),(103,105),(91,184),(79,153),(208,87),(172,59),(155,173),(165,67),(183,88),(119,47),(122,152),(92,159),(132,149),(65,68),(167,103),(239,41),
69:(95,87),(98,174),(218,66),(108,47),(159,121),(169,68),(116,153),(197,172),(86,49),(181,99),(172,95),(209,86),(139,47),(152,140),(174,57),(104,105),(92,184),(80,153),(207,87),(172,60),(154,173),(165,68),(182,88),(120,47),(123,152),(92,159),(133,149),(65,68),(167,104),(239,40),
70:(96,87),(98,173),(217,66),(109,47),(159,122),(168,68),(116,152),(197,171),(87,49),(181,100),(171,95),(208,86),(140,47),(153,140),(174,58),(105,105),(93,184),(81,153),(207,86),(172,61),(153,173),(165,69),(182,89),(121,47),(124,152),(92,159),(134,149),(65,68),(167,105),(239,39),
71:(96,88),(98,172),(217,67),(110,47),(159,123),(167,68),(117,152),(197,170),(88,49),(180,100),(170,95),(207,86),(141,47),(153,139),(173,58),(105,106),(94,184),(82,153),(206,86),(172,62),(152,173),(164,69),(182,90),(122,47),(125,152),(92,159),(135,149),(65,68),(167,106),(239,38),
72:(96,89),(99,172),(216,67),(111,47),(159,124),(166,68),(118,152),(196,170),(89,49),(180,101),(169,95),(206,86),(142,47),(154,139),(172,58),(106,106),(95,184),(83,153),(205,86),(172,63),(151,173),(163,69),(181,90),(123,47),(126,152),(92,159),(136,149),(65,68),(167,107),(239,37),
73:(96,90),(99,171),(216,68),(112,47),(159,125),(165,68),(119,152),(195,170),(90,49),(179,101),(168,95),(205,86),(143,47),(155,139),(172,59),(106,107),(96,184),(84,153),(204,86),(171,63),(150,173),(163,70),(180,90),(124,47),(127,152),(92,159),(137,149),(65,68),(167,108),(239,36),
74:(96,91),(100,171),(216,69),(113,47),(159,126),(165,69),(120,152),(195,169),(91,49),(179,102),(167,95),(204,86),(143,48),(156,139),(172,60),(107,107),(97,184),(85,153),(203,86),(170,63),(149,173),(162,70),(180,91),(125,47),(128,152),(92,159),(138,149),(65,68),(167,109),(239,35),
75:(97,91),(100,170),(216,70),(114,47),(159,127),(165,70),(121,152),(195,168),(92,49),(179,103),(166,95),(203,86),(144,48),(156,138),(172,61),(107,108),(98,184),(86,153),(202,86),(170,64),(148,173),(162,71),(180,92),(126,47),(128,151),(92,159),(138,148),(65,68),(167,110),(239,34),
76:(98,91),(101,170),(216,71),(115,47),(159,128),(164,70),(122,152),(194,168),(93,49),(179,104),(165,95),(202,86),(145,48),(157,138),(172,62),(108,108),(98,184),(87,153),(201,86),(169,64),(147,173),(161,71),(180,93),(127,47),(128,150),(92,159),(139,148),(65,68),(167,111),(239,33),
77:(99,91),(102,170),(216,72),(116,47),(159,129),(164,71),(123,152),(193,168),(94,49),(179,105),(164,95),(201,86),(146,48),(158,138),(172,63),(109,108),(98,184),(88,153),(200,86),(169,65),(146,173),(161,72),(180,94),(128,47),(129,150),(92,159),(140,148),(65,68),(167,112),(239,32),
78:(100,91),(102,169),(215,72),(117,47),(159,130),(163,71),(124,152),(192,168),(95,49),(179,106),(163,95),(200,86),(147,48),(158,137),(171,63),(110,108),(98,184),(89,153),(199,86),(168,65),(145,173),(161,73),(180,95),(129,47),(129,149),(92,159),(141,148),(65,68),(167,113),(239,32),
79:(101,91),(103,169),(214,72),(118,47),(159,131),(162,71),(125,152),(191,168),(96,49),(179,107),(162,95),(199,86),(148,48),(159,137),(170,63),(111,108),(98,184),(90,153),(198,86),(168,66),(144,173),(161,74),(180,96),(130,47),(130,149),(92,159),(142,148),(65,68),(167,114),(239,32),
80:(102,91),(104,169),(214,73),(119,47),(159,132),(161,71),(126,152),(190,168),(97,49),(179,108),(161,95),(198,86),(149,48),(159,136),(170,64),(112,108),(98,184),(91,153),(197,86),(167,66),(143,173),(161,75),(179,96),(131,47),(131,149),(92,159),(143,148),(65,68),(167,115),(239,32),
81:(103,91),(105,169),(214,74),(120,47),(159,133),(161,72),(127,152),(190,167),(98,49),(179,109),(160,95),(197,86),(150,48),(159,135),(169,64),(113,108),(98,184),(92,153),(196,86),(167,67),(142,173),(161,76),(178,96),(132,47),(132,149),(92,159),(144,148),(65,68),(167,116),(239,32),
82:(103,92),(106,169),(213,74),(121,47),(159,134),(161,73),(128,152),(190,166),(99,49),(180,109),(159,95),(196,86),(150,49),(159,135),(168,64),(114,108),(98,184),(93,153),(195,86),(167,68),(141,173),(161,77),(177,96),(133,47),(133,149),(92,159),(145,148),(65,68),(167,117),(239,32),
83:(103,93),(107,169),(212,74),(122,47),(159,135),(161,74),(128,151),(189,166),(100,49),(181,109),(158,95),(195,86),(150,50),(159,136),(168,65),(115,108),(98,184),(94,153),(194,86),(166,68),(140,173),(161,78),(176,96),(134,47),(134,149),(92,159),(146,148),(65,68),(167,118),(239,32),
84:(103,94),(107,168),(211,74),(123,47),(159,136),(161,75),(129,151),(188,166),(101,49),(181,110),(157,95),(194,86),(151,50),(160,136),(167,65),(116,108),(98,184),(95,153),(193,86),(165,68),(139,173),(161,79),(176,97),(135,47),(135,149),(92,159),(147,148),(65,68),(167,119),(239,32),
85:(103,95),(107,167),(210,74),(124,47),(159,137),(161,76),(130,151),(188,165),(102,49),(182,110),(156,95),(193,86),(152,50),(160,135),(167,66),(117,108),(98,184),(96,153),(192,86),(165,69),(138,173),(161,80),(175,97),(136,47),(136,149),(92,159),(147,147),(65,68),(167,120),(239,32),
86:(104,95),(108,167),(210,75),(125,47),(159,138),(161,77),(130,150),(187,165),(103,49),(182,111),(155,95),(192,86),(153,50),(160,134),(166,66),(118,108),(98,184),(97,153),(191,86),(164,69),(137,173),(161,81),(174,97),(137,47),(137,149),(92,159),(148,147),(65,68),(167,121),(239,32),
87:(105,95),(108,166),(209,75),(126,47),(159,139),(161,78),(131,150),(187,164),(104,49),(182,112),(154,95),(191,86),(154,50),(159,134),(166,67),(119,108),(98,184),(98,153),(190,86),(164,70),(136,173),(161,82),(174,98),(138,47),(138,149),(92,159),(149,147),(65,68),(167,121),(239,32),
88:(106,95),(108,165),(208,75),(127,47),(158,139),(161,79),(132,150),(186,164),(105,49),(182,113),(153,95),(191,87),(155,50),(159,133),(166,68),(120,108),(98,184),(99,153),(190,87),(163,70),(135,173),(160,82),(174,99),(139,47),(139,149),(92,159),(150,147),(65,68),(167,121),(239,32),
89:(107,95),(109,165),(207,75),(128,47),(157,139),(161,80),(132,149),(185,164),(106,49),(182,114),(152,95),(191,88),(156,50),(159,132),(166,69),(121,108),(98,184),(100,153),(189,87),(163,71),(134,173),(159,82),(174,100),(140,47),(140,149),(92,159),(150,146),(65,68),(167,121),(239,32),
90:(108,95),(109,164),(207,76),(129,47),(157,140),(161,81),(133,149),(184,164),(107,49),(183,114),(151,95),(190,88),(157,50),(158,132),(165,69),(122,108),(98,184),(101,153),(189,88),(162,71),(133,173),(159,83),(173,100),(141,47),(141,149),(92,159),(151,146),(65,68),(167,121),(239,32),
91:(109,95),(109,163),(207,77),(130,47),(156,140),(161,82),(134,149),(183,164),(108,49),(183,115),(150,95),(190,89),(158,50),(158,131),(164,69),(123,108),(98,184),(102,153),(189,89),(161,71),(132,173),(159,84),(172,100),(142,47),(141,148),(92,159),(152,146),(65,68),(167,121),(239,32),
92:(110,95),(109,162),(206,77),(131,47),(156,141),(161,83),(135,149),(183,163),(109,49),(183,116),(149,95),(190,90),(158,51),(158,130),(163,69),(124,108),(98,184),(103,153),(188,89),(161,72),(131,173),(159,85),(171,100),(143,47),(142,148),(92,159),(152,145),(65,68),(167,121),(239,32),
93:(111,95),(109,161),(206,78),(132,47),(155,141),(161,84),(136,149),(182,163),(110,49),(183,117),(148,95),(189,90),(158,52),(158,129),(163,70),(125,108),(98,184),(104,153),(188,90),(161,73),(130,173),(159,86),(170,100),(144,47),(143,148),(92,159),(152,144),(65,68),(167,121),(239,32),
94:(112,95),(110,161),(206,79),(133,47),(155,142),(161,85),(137,149),(182,162),(111,49),(183,118),(147,95),(189,91),(159,52),(158,128),(162,70),(126,108),(98,184),(105,153),(187,90),(161,74),(129,173),(159,87),(170,101),(144,48),(144,148),(92,159),(153,144),(65,68),(167,121),(239,32),
95:(113,95),(111,161),(205,79),(134,47),(154,142),(161,86),(138,149),(181,162),(112,49),(183,119),(146,95),(188,91),(160,52),(157,128),(162,71),(127,108),(98,184),(106,153),(187,91),(161,75),(128,173),(159,88),(170,102),(145,48),(145,148),(92,159),(153,143),(65,68),(167,121),(239,32),
96:(114,95),(111,160),(205,80),(135,47),(153,142),(161,87),(139,149),(181,161),(113,49),(183,120),(145,95),(187,91),(161,52),(157,127),(161,71),(128,108),(98,184),(107,153),(187,92),(161,76),(127,173),(159,89),(170,103),(146,48),(146,148),(92,159),(154,143),(65,68),(167,121),(239,32),
97:(115,95),(112,160),(205,81),(136,47),(152,142),(161,88),(139,148),(180,161),(114,49),(183,121),(144,95),(186,91),(162,52),(157,126),(161,72),(129,108),(98,184),(108,153),(186,92),(161,77),(126,173),(159,90),(170,104),(147,48),(147,148),(92,159),(154,142),(65,68),(167,121),(239,32),
98:(116,95),(112,159),(205,82),(137,47),(151,142),(161,89),(140,148),(179,161),(115,49),(183,122),(143,95),(185,91),(163,52),(157,125),(161,73),(130,108),(98,184),(109,153),(186,93),(161,78),(125,173),(159,91),(169,104),(148,48),(148,148),(92,159),(155,142),(65,68),(167,121),(239,32),
99:(117,95),(112,158),(204,82),(138,47),(151,143),(160,89),(141,148),(179,160),(116,49),(183,123),(142,95),(184,91),(163,53),(157,124),(161,74),(131,108),(98,184),(110,153),(185,93),(161,79),(124,173),(159,92),(168,104),(149,48),(148,147),(92,159),(156,142),(65,68),(167,121),(239,32),
100:(118,95),(113,158),(204,83),(139,47),(151,144),(159,89),(142,148),(179,159),(117,49),(183,124),(141,95),(184,92),(164,53),(156,124),(161,75),(132,108),(98,184),(111,153),(184,93),(161,80),(123,173),(159,93),(167,104),(150,48),(148,146),(92,159),(156,141),(65,68),(167,121),(239,32),
101:(119,95),(113,157),(203,83),(140,47),(151,145),(159,90),(143,148),(178,159),(118,49),(183,125),(140,95),(183,92),(164,54),(156,123),(161,76),(133,108),(98,184),(112,153),(183,93),(161,81),(122,173),(159,94),(166,104),(150,49),(149,146),(92,159),(157,141),(65,68),(167,121),(239,32),
102:(120,95),(114,157),(203,84),(141,47),(150,145),(158,90),(144,148),(177,159),(119,49),(183,126),(139,95),(182,92),(165,54),(156,122),(161,77),(134,108),(98,184),(113,153),(182,93),(161,82),(121,173),(159,95),(165,104),(150,50),(149,145),(92,159),(158,141),(65,68),(167,121),(239,32),
103:(121,95),(115,157),(203,85),(142,47),(150,146),(157,90),(145,148),(176,159),(120,49),(184,126),(138,95),(181,92),(165,55),(155,122),(161,78),(135,108),(98,184),(114,153),(181,93),(160,82),(120,173),(159,96),(165,105),(151,50),(149,144),(92,159),(158,140),(65,68),(167,121),(239,32),
104:(122,95),(116,157),(202,85),(143,47),(149,146),(156,90),(146,148),(176,158),(121,49),(185,126),(137,95),(180,92),(165,56),(155,121),(161,79),(136,108),(98,184),(115,153),(180,93),(159,82),(119,173),(159,97),(165,106),(152,50),(149,143),(92,159),(159,140),(65,68),(167,121),(239,32),
105:(123,95),(117,157),(201,85),(143,48),(149,147),(156,91),(147,148),(176,157),(121,49),(185,127),(136,95),(179,92),(165,57),(155,120),(161,80),(137,108),(98,184),(116,153),(179,93),(159,83),(118,173),(159,98),(164,106),(153,50),(149,142),(92,159),(159,139),(65,68),(167,121),(239,32),
106:(124,95),(118,157),(200,85),(144,48),(148,147),(156,92),(147,147),(175,157),(121,49),(185,128),(135,95),(178,92),(165,58),(155,119),(161,81),(138,108),(98,184),(117,153),(178,93),(159,84),(117,173),(159,99),(163,106),(154,50),(150,142),(92,159),(159,138),(65,68),(167,121),(239,32),
107:(125,95),(118,156),(200,86),(145,48),(148,148),(155,92),(147,146),(174,157),(121,49),(185,129),(134,95),(177,92),(165,59),(154,119),(161,82),(139,108),(98,184),(117,152),(177,93),(159,85),(116,173),(159,100),(162,106),(155,50),(150,141),(92,159),(159,137),(65,68),(167,121),(239,32),
108:(126,95),(119,156),(199,86),(146,48),(147,148),(155,93),(147,145),(174,156),(121,49),(185,130),(133,95),(176,92),(165,60),(153,119),(160,82),(140,108),(98,184),(118,152),(176,93),(159,86),(115,173),(159,101),(162,107),(156,50),(150,140),(92,159),(159,136),(65,68),(167,121),(239,32),
109:(127,95),(119,155),(198,86),(147,48),(147,149),(155,94),(148,145),(174,155),(121,49),(185,131),(132,95),(175,92),(165,61),(153,118),(160,83),(141,108),(98,184),(119,152),(175,93),(159,87),(114,173),(159,102),(162,108),(157,50),(151,140),(92,159),(159,135),(65,68),(167,121),(239,32),
110:(128,95),(119,154),(197,86),(148,48),(147,150),(155,95),(149,145),(174,154),(121,49),(185,132),(131,95),(174,92),(165,62),(152,118),(159,83),(141,109),(98,184),(120,152),(174,93),(159,88),(113,173),(159,103),(162,109),(158,50),(152,140),(92,159),(159,134),(65,68),(167,121),(239,32),
111:(129,95),(120,154),(196,86),(149,48),(147,151),(154,95),(149,144),(173,154),(121,49),(185,133),(130,95),(173,92),(165,63),(152,117),(158,83),(141,110),(98,184),(121,152),(173,93),(159,89),(112,173),(159,104),(161,109),(158,51),(153,140),(92,159),(159,133),(65,68),(167,121),(239,32),
112:(130,95),(121,154),(195,86),(150,48),(146,151),(154,96),(150,144),(173,153),(121,49),(185,134),(131,95),(172,92),(165,64),(152,116),(158,84),(142,110),(98,184),(122,152),(172,93),(159,90),(111,173),(159,105),(160,109),(158,52),(153,139),(92,159),(159,132),(65,68),(167,121),(239,32),
113:(131,95),(121,153),(194,86),(151,48),(146,152),(153,96),(150,143),(172,153),(121,49),(185,135),(132,95),(171,92),(165,65),(152,115),(158,85),(142,111),(98,184),(123,152),(171,93),(159,91),(110,173),(159,106),(160,110),(158,53),(154,139),(92,159),(158,132),(65,68),(167,121),(239,32),
114:(132,95),(121,152),(193,86),(151,49),(145,152),(152,96),(151,143),(171,153),(121,49),(185,136),(132,96),(170,92),(165,66),(152,114),(157,85),(142,112),(98,184),(124,152),(170,93),(159,92),(109,173),(159,107),(159,110),(159,53),(155,139),(92,159),(158,131),(65,68),(167,121),(239,32),
115:(133,95),(122,152),(192,86),(152,49),(144,152),(151,96),(152,143),(170,153),(121,49),(185,137),(131,96),(169,92),(165,67),(152,113),(157,86),(142,113),(98,184),(125,152),(169,93),(159,93),(108,173),(159,108),(159,111),(159,54),(156,139),(92,159),(158,130),(65,68),(167,121),(239,32),
116:(134,95),(123,152),(191,86),(152,50),(143,152),(150,96),(152,142),(169,153),(121,49),(185,138),(131,95),(168,92),(165,68),(152,112),(157,87),(143,113),(98,184),(126,152),(168,93),(159,94),(107,173),(159,109),(159,112),(159,55),(156,138),(92,159),(158,129),(65,68),(167,121),(239,32),
117:(135,95),(124,152),(191,87),(153,50),(142,152),(149,96),(152,141),(168,153),(121,49),(185,139),(130,95),(167,92),(165,69),(151,112),(157,88),(144,113),(98,184),(127,152),(167,93),(159,95),(106,173),(159,110),(159,113),(160,55),(157,138),(92,159),(157,129),(65,68),(167,121),(239,32),
118:(136,95),(125,152),(191,88),(154,50),(141,152),(148,96),(152,140),(167,153),(121,49),(185,140),(129,95),(166,92),(165,70),(151,111),(157,89),(145,113),(98,184),(128,152),(166,93),(159,96),(105,173),(159,111),(159,114),(161,55),(158,138),(92,159),(157,128),(65,68),(167,121),(239,32),
119:(137,95),(126,152),(191,89),(155,50),(141,153),(147,96),(153,140),(166,153),(121,49),(186,140),(128,95),(165,92),(164,70),(151,110),(157,90),(146,113),(98,184),(129,152),(165,93),(159,97),(104,173),(159,112),(159,115),(162,55),(159,138),(92,159),(157,127),(65,68),(167,121),(239,32),
120:(138,95),(127,152),(190,89),(156,50),(140,153),(147,97),(154,140),(165,153),(121,49),(186,141),(127,95),(164,92),(163,70),(150,110),(157,91),(147,113),(98,184),(130,152),(164,93),(159,98),(103,173),(159,113),(159,116),(162,56),(159,137),(92,159),(157,126),(65,68),(167,121),(239,32),
121:(139,95),(128,152),(189,89),(157,50),(139,153),(146,97),(154,139),(164,153),(121,49),(186,142),(126,95),(163,92),(163,71),(150,109),(156,91),(148,113),(98,184),(130,151),(163,93),(159,99),(102,173),(159,114),(159,117),(162,57),(160,137),(92,159),(157,125),(65,68),(167,121),(239,32),
122:(140,95),(128,151),(188,89),(158,50),(138,153),(146,98),(155,139),(163,153),(121,49),(186,143),(125,95),(162,92),(162,71),(150,108),(156,92),(149,113),(98,184),(131,151),(162,93),(159,100),(101,173),(159,115),(159,118),(162,58),(160,136),(92,159),(156,125),(65,68),(167,121),(239,32),
123:(141,95),(129,151),(188,90),(159,50),(138,154),(145,98),(156,139),(162,153),(121,49),(186,144),(124,95),(161,92),(161,71),(149,108),(155,92),(149,114),(98,184),(132,151),(161,93),(159,101),(100,173),(159,116),(159,119),(163,58),(161,136),(92,159),(156,124),(65,68),(167,121),(239,32),
124:(142,95),(130,151),(188,91),(159,51),(138,155),(145,99),(157,139),(161,153),(121,49),(187,144),(123,95),(160,92),(161,72),(148,108),(155,93),(149,115),(98,184),(133,151),(160,93),(159,102),(99,173),(159,117),(159,120),(164,58),(161,135),(92,159),(156,123),(65,68),(167,121),(239,32),
125:(143,95),(130,150),(187,91),(159,52),(137,155),(145,100),(157,138),(160,153),(121,49),(187,145),(122,95),(159,92),(161,73),(148,107),(155,94),(149,116),(98,184),(133,150),(159,93),(159,103),(99,174),(159,118),(159,121),(165,58),(162,135),(92,159),(156,122),(65,68),(167,121),(239,32),
126:(144,95),(131,150),(187,92),(159,53),(137,156),(145,101),(158,138),(159,153),(121,49),(187,146),(121,95),(159,93),(161,74),(148,106),(155,95),(150,116),(98,184),(134,150),(158,93),(159,104),(99,175),(159,119),(159,122),(166,58),(163,135),(92,159),(156,121),(65,68),(167,121),(239,32),
127:(145,95),(131,149),(186,92),(159,54),(136,156),(145,102),(159,138),(158,153),(121,49),(187,147),(120,95),(159,94),(161,75),(148,105),(155,96),(150,117),(98,184),(134,149),(157,93),(159,105),(98,175),(159,120),(159,123),(166,59),(164,135),(92,159),(155,121),(65,68),(167,121),(239,32),
128:(146,95),(132,149),(186,93),(159,55),(136,157),(144,102),(159,137),(157,153),(121,49),(187,148),(119,95),(159,95),(161,76),(148,104),(154,96),(151,117),(98,184),(135,149),(156,93),(159,106),(97,175),(159,121),(159,124),(166,60),(165,135),(92,159),(155,120),(65,68),(167,121),(239,32),
129:(147,95),(133,149),(185,93),(160,55),(135,157),(143,102),(159,136),(156,153),(121,49),(187,149),(118,95),(159,96),(161,77),(148,103),(153,96),(151,118),(98,184),(136,149),(155,93),(159,107),(97,176),(159,122),(159,125),(167,60),(166,135),(92,159),(154,120),(65,68),(167,121),(239,32),
130:(148,95),(134,149),(184,93),(160,56),(135,158),(142,102),(160,136),(155,153),(121,49),(187,150),(117,95),(159,97),(161,78),(148,102),(152,96),(152,118),(98,184),(137,149),(154,93),(159,108),(97,177),(159,123),(159,126),(168,60),(166,134),(92,159),(154,119),(65,68),(167,121),(239,32),
131:(149,95),(135,149),(184,94),(161,56),(135,159),(141,102),(160,135),(154,153),(121,49),(187,151),(116,95),(159,98),(161,79),(147,102),(151,96),(152,119),(98,184),(138,149),(153,93),(159,109),(97,178),(159,124),(159,127),(169,60),(167,134),(92,159),(153,119),(65,68),(167,121),(239,32),
132:(150,95),(136,149),(184,95),(162,56),(135,160),(140,102),(161,135),(153,153),(121,49),(187,152),(115,95),(159,99),(161,80),(147,101),(151,97),(153,119),(98,184),(138,148),(152,93),(159,110),(97,179),(159,125),(159,128),(170,60),(167,133),(92,159),(153,118),(65,68),(167,121),(239,32),
133:(151,95),(137,149),(184,96),(163,56),(135,161),(140,103),(161,134),(152,153),(121,49),(188,152),(114,95),(159,100),(161,81),(146,101),(151,98),(154,119),(98,184),(139,148),(151,93),(159,111),(97,180),(159,126),(159,129),(170,61),(167,132),(92,159),(152,118),(65,68),(167,121),(239,32),
134:(152,95),(138,149),(183,96),(164,56),(135,162),(139,103),(162,134),(151,153),(121,49),(189,152),(113,95),(159,101),(161,82),(146,100),(150,98),(155,119),(98,184),(140,148),(150,93),(159,112),(97,181),(159,127),(159,130),(170,62),(167,131),(92,159),(151,118),(65,68),(167,121),(239,32),
135:(153,95),(138,148),(183,97),(165,56),(135,163),(139,104),(163,134),(150,153),(121,49),(190,152),(112,95),(159,102),(161,83),(145,100),(150,99),(155,120),(98,184),(141,148),(149,93),(159,113),(97,182),(159,128),(159,131),(170,63),(167,130),(92,159),(151,117),(65,68),(167,121),(239,32),
136:(154,95),(139,148),(183,98),(166,56),(135,164),(138,104),(164,134),(149,153),(121,49),(191,152),(111,95),(159,103),(161,84),(144,100),(150,100),(156,120),(98,184),(142,148),(148,93),(159,114),(97,183),(159,129),(159,132),(171,63),(168,130),(92,159),(151,116),(65,68),(167,121),(239,32),
137:(155,95),(140,148),(183,99),(167,56),(134,164),(137,104),(164,133),(148,153),(121,49),(192,152),(110,95),(159,104),(161,85),(144,99),(149,100),(157,120),(98,184),(143,148),(147,93),(159,115),(97,184),(159,130),(159,133),(171,64),(168,129),(92,159),(150,116),(65,68),(167,121),(239,32),
138:(156,95),(141,148),(182,99),(168,56),(133,164),(136,104),(164,132),(147,153),(121,49),(192,153),(109,95),(159,105),(160,85),(144,98),(148,100),(158,120),(98,184),(144,148),(146,93),(159,116),(97,185),(159,131),(159,134),(171,65),(168,128),(92,159),(150,115),(65,68),(167,121),(239,32),
139:(157,95),(142,148),(181,99),(169,56),(132,164),(135,104),(164,131),(146,153),(121,49),(192,154),(108,95),(159,106),(160,86),(144,97),(148,101),(159,120),(98,184),(145,148),(145,93),(159,117),(97,186),(159,132),(159,135),(172,65),(169,128),(92,159),(150,114),(65,68),(167,121),(239,32),
140:(158,95),(143,148),(180,99),(170,56),(132,165),(134,104),(164,130),(145,153),(121,49),(192,155),(107,95),(159,107),(160,87),(143,97),(148,102),(159,121),(98,184),(146,148),(144,93),(159,118),(97,187),(159,133),(159,136),(172,66),(169,127),(92,159),(150,113),(65,68),(167,121),(239,32),
141:(159,95),(144,148),(180,100),(171,56),(131,165),(133,104),(165,130),(144,153),(121,49),(192,156),(106,95),(159,108),(159,87),(143,96),(148,103),(159,122),(98,184),(147,148),(143,93),(159,119),(97,188),(159,134),(159,137),(172,67),(170,127),(92,159),(149,113),(65,68),(167,121),(239,32),
142:(160,95),(145,148),(180,101),(172,56),(131,166),(132,104),(165,129),(143,153),(121,49),(192,157),(105,95),(159,109),(159,88),(142,96),(147,103),(159,123),(98,184),(147,147),(142,93),(159,120),(97,189),(159,135),(158,137),(172,68),(171,127),(92,159),(149,112),(65,68),(167,121),(239,32),
143:(161,95),(146,148),(179,101),(173,56),(130,166),(131,104),(166,129),(142,153),(121,49),(192,157),(104,95),(159,110),(159,89),(142,95),(146,103),(159,124),(98,184),(147,146),(141,93),(159,121),(97,190),(159,136),(158,138),(173,68),(171,126),(92,159),(148,112),(65,68),(167,121),(239,32),
144:(161,95),(147,148),(179,102),(174,56),(130,167),(130,104),(167,129),(141,153),(121,49),(192,157),(104,95),(159,111),(159,90),(142,94),(145,103),(159,125),(98,184),(148,146),(141,92),(159,122),(97,191),(159,137),(157,138),(174,68),(172,126),(92,159),(148,111),(65,68),(167,121),(239,32),
145:(161,95),(148,148),(179,103),(174,55),(129,167),(129,104),(167,128),(140,153),(121,49),(192,157),(104,95),(159,112),(159,91),(142,93),(144,103),(159,126),(98,184),(149,146),(141,91),(159,123),(97,192),(158,137),(156,138),(175,68),(173,126),(92,159),(148,110),(65,68),(167,121),(239,32),
146:(161,95),(149,148),(179,104),(175,55),(128,167),(128,104),(167,127),(139,153),(121,49),(192,157),(104,95),(159,113),(159,92),(141,93),(143,103),(159,127),(98,184),(149,145),(140,91),(159,124),(97,193),(158,138),(156,139),(176,68),(174,126),(92,159),(148,109),(65,68),(167,121),(239,32),
147:(161,95),(150,148),(178,104),(176,55),(128,168),(127,104),(168,127),(138,153),(121,49),(192,157),(104,95),(159,114),(159,93),(140,93),(142,103),(159,128),(98,184),(150,145),(140,90),(159,125),(97,194),(157,138),(155,139),(176,69),(174,125),(92,159),(147,109),(65,68),(167,121),(239,32),
148:(161,95),(150,147),(178,105),(177,55),(128,169),(126,104),(169,127),(137,153),(121,49),(192,157),(104,95),(159,115),(159,94),(139,93),(141,103),(159,129),(98,184),(151,145),(139,90),(159,126),(97,195),(156,138),(155,140),(177,69),(174,124),(92,159),(147,108),(65,68),(167,121),(239,32),
149:(161,95),(151,147),(178,106),(178,55),(128,170),(125,104),(169,126),(136,153),(121,49),(192,157),(104,95),(159,116),(159,95),(139,92),(140,103),(159,130),(98,184),(152,145),(138,90),(159,127),(97,196),(156,139),(155,141),(178,69),(175,124),(92,159),(146,108),(65,68),(167,121),(239,32),
150:(161,95),(151,146),(177,106),(179,55),(128,171),(124,104),(169,125),(135,153),(121,49),(192,157),(104,95),(159,117),(159,96),(139,91),(139,103),(159,131),(98,184),(152,144),(137,90),(159,128),(97,197),(156,140),(155,142),(179,69),(175,123),(92,159),(145,108),(65,68),(167,121),(239,32),
151:(161,95),(152,146),(176,106),(180,55),(127,171),(123,104),(170,125),(134,153),(121,49),(192,157),(104,95),(159,118),(159,97),(138,91),(138,103),(159,132),(98,184),(152,143),(136,90),(159,129),(97,198),(156,141),(154,142),(179,70),(175,122),(92,159),(144,108),(65,68),(167,121),(239,32),
152:(161,95),(152,145),(176,107),(181,55),(126,171),(122,104),(170,124),(133,153),(121,49),(192,157),(104,95),(159,119),(159,98),(138,90),(137,103),(159,133),(98,184),(152,142),(135,90),(159,130),(97,199),(155,141),(154,143),(179,71),(175,121),(92,159),(143,108),(65,68),(167,121),(239,32),
153:(161,95),(153,145),(176,108),(182,55),(125,171),(121,104),(170,123),(132,153),(121,49),(192,157),(104,95),(159,120),(159,99),(137,90),(136,103),(159,134),(98,184),(152,141),(134,90),(159,131),(98,199),(154,141),(154,144),(179,72),(176,121),(92,159),(142,108),(65,68),(167,121),(239,32),
154:(161,95),(154,145),(175,108),(183,55),(124,171),(120,104),(170,122),(131,153),(121,49),(192,157),(104,95),(159,121),(159,100),(136,90),(135,103),(159,135),(98,184),(153,141),(133,90),(159,132),(98,200),(154,142),(154,144),(180,72),(176,120),(92,159),(141,108),(65,68),(167,121),(239,32),
155:(161,95),(155,145),(174,108),(184,55),(124,172),(119,104),(171,122),(130,153),(121,49),(192,157),(104,95),(159,122),(159,101),(135,90),(134,103),(159,136),(98,184),(153,140),(132,90),(159,133),(98,201),(154,143),(154,145),(181,72),(177,120),(92,159),(140,108),(65,68),(167,121),(239,32),
156:(161,95),(156,145),(174,109),(185,55),(123,172),(118,104),(172,122),(129,153),(121,49),(192,157),(104,95),(159,123),(159,102),(134,90),(133,103),(159,137),(98,184),(153,139),(131,90),(159,134),(99,201),(154,144),(154,146),(182,72),(178,120),(92,159),(139,108),(65,68),(167,121),(239,32),
157:(161,95),(157,145),(174,110),(186,55),(122,172),(117,104),(172,121),(128,153),(121,49),(192,157),(104,95),(159,124),(159,103),(133,90),(132,103),(158,137),(98,184),(154,139),(131,89),(159,135),(99,202),(153,144),(154,147),(183,72),(179,120),(92,159),(138,108),(65,68),(167,121),(239,32),
158:(161,95),(157,144),(174,111),(187,55),(121,172),(116,104),(172,120),(127,153),(121,49),(192,157),(104,95),(159,125),(159,104),(132,90),(131,103),(158,138),(98,184),(155,139),(130,89),(159,136),(99,203),(153,145),(154,147),(184,72),(179,119),(92,159),(137,108),(65,68),(167,121),(239,32),
159:(161,95),(157,143),(173,111),(188,55),(120,172),(115,104),(173,120),(126,153),(121,49),(192,157),(104,95),(159,126),(159,105),(131,90),(131,103),(158,139),(98,184),(156,139),(129,89),(159,137),(99,204),(153,146),(154,147),(184,73),(179,118),(92,159),(136,108),(65,68),(167,121),(239,32),
160:(161,95),(157,142),(173,112),(189,55),(120,173),(114,104),(174,120),(125,153),(121,49),(192,157),(104,95),(159,127),(159,106),(131,89),(131,103),(157,139),(98,184),(156,138),(129,88),(158,137),(99,205),(152,146),(154,147),(185,73),(179,117),(92,159),(135,108),(65,68),(167,121),(239,32),
161:(161,95),(158,142),(172,112),(190,55),(119,173),(113,104),(175,120),(124,153),(121,49),(192,157),(104,95),(159,128),(159,107),(130,89),(131,103),(156,139),(98,184),(157,138),(129,87),(158,138),(99,206),(152,147),(154,147),(185,74),(179,116),(92,159),(135,109),(65,68),(167,121),(239,32),
162:(161,95),(158,141),(171,112),(191,55),(118,173),(112,104),(176,120),(123,153),(121,49),(192,157),(104,95),(159,129),(159,108),(130,88),(131,103),(155,139),(98,184),(158,138),(128,87),(158,139),(99,207),(151,147),(154,147),(185,75),(179,115),(92,159),(134,109),(65,68),(167,121),(239,32),
163:(161,95),(159,141),(170,112),(192,55),(117,173),(111,104),(177,120),(122,153),(121,49),(192,157),(104,95),(159,130),(159,109),(129,88),(131,103),(154,139),(98,184),(158,137),(128,86),(157,139),(99,208),(150,147),(154,147),(186,75),(179,114),(92,159),(133,109),(65,68),(167,121),(239,32),
164:(161,95),(159,140),(170,113),(193,55),(116,173),(110,104),(178,120),(121,153),(121,49),(192,157),(104,95),(159,131),(159,110),(128,88),(131,103),(154,140),(98,184),(159,137),(127,86),(157,140),(99,209),(150,148),(154,147),(187,75),(179,113),(92,159),(132,109),(65,68),(167,121),(239,32),
165:(161,95),(159,139),(170,114),(194,55),(115,173),(109,104),(178,119),(120,153),(121,49),(192,157),(104,95),(159,132),(159,111),(127,88),(131,103),(153,140),(98,184),(160,137),(126,86),(156,140),(100,209),(150,149),(154,147),(188,75),(179,112),(92,159),(131,109),(65,68),(167,121),(239,32),
166:(161,95),(159,138),(170,115),(195,55),(114,173),(108,104),(179,119),(119,153),(121,49),(192,157),(104,95),(159,133),(159,112),(127,87),(131,103),(152,140),(98,184),(161,137),(125,86),(156,141),(100,210),(149,149),(154,147),(189,75),(179,111),(92,159),(130,109),(65,68),(167,121),(239,32),
167:(161,95),(159,137),(170,116),(196,55),(113,173),(107,104),(179,118),(118,153),(121,49),(192,157),(104,95),(159,134),(159,113),(127,86),(131,103),(151,140),(98,184),(161,136),(124,86),(156,142),(100,211),(149,150),(154,147),(189,76),(179,110),(92,159),(129,109),(65,68),(167,121),(239,32),
168:(161,95),(159,136),(169,116),(197,55),(112,173),(106,104),(179,117),(117,153),(121,49),(192,157),(104,95),(159,135),(159,114),(127,85),(131,103),(151,141),(98,184),(161,135),(124,85),(155,142),(101,211),(149,151),(154,147),(190,76),(179,109),(92,159),(128,109),(65,68),(167,121),(239,32),
169:(161,95),(159,135),(169,117),(198,55),(111,173),(106,104),(179,116),(116,153),(121,49),(192,157),(104,95),(160,135),(159,115),(126,85),(131,103),(150,141),(98,184),(162,135),(123,85),(154,142),(101,212),(148,151),(154,147),(191,76),(179,108),(92,159),(127,109),(65,68),(167,121),(239,32),
170:(161,95),(159,134),(168,117),(199,55),(110,173),(106,104),(179,115),(115,153),(121,49),(192,157),(104,95),(160,136),(159,116),(125,85),(131,103),(150,142),(98,184),(162,134),(122,85),(154,143),(101,213),(148,152),(154,147),(191,77),(179,107),(92,159),(126,109),(65,68),(167,121),(239,32),
171:(161,95),(159,133),(167,117),(200,55),(109,173),(106,104),(179,114),(114,153),(121,49),(192,157),(104,95),(160,137),(159,117),(124,85),(131,103),(149,142),(98,184),(163,134),(121,85),(153,143),(101,214),(147,152),(154,147),(191,78),(179,106),(92,159),(125,109),(65,68),(167,121),(239,32),
172:(161,95),(159,132),(166,117),(201,55),(108,173),(106,104),(179,113),(113,153),(121,49),(192,157),(104,95),(159,137),(159,118),(123,85),(131,103),(148,142),(98,184),(163,133),(120,85),(153,144),(102,214),(147,153),(154,147),(192,78),(179,105),(92,159),(124,109),(65,68),(167,121),(239,32),
173:(161,95),(159,131),(166,118),(202,55),(107,173),(106,104),(179,112),(112,153),(121,49),(192,157),(104,95),(158,137),(159,119),(122,85),(131,103),(148,143),(98,184),(163,132),(119,85),(152,144),(102,215),(146,153),(154,147),(192,79),(180,105),(92,159),(123,109),(65,68),(167,121),(239,32),
174:(161,95),(158,131),(165,118),(203,55),(106,173),(106,104),(179,111),(111,153),(121,49),(192,157),(104,95),(158,138),(159,120),(121,85),(131,103),(147,143),(98,184),(163,131),(118,85),(151,144),(103,215),(145,153),(154,147),(193,79),(180,104),(92,159),(123,109),(65,68),(167,121),(239,32),
175:(161,95),(158,130),(164,118),(204,55),(105,173),(106,104),(179,110),(110,153),(121,49),(192,157),(104,95),(157,138),(159,121),(120,85),(131,103),(147,144),(98,184),(164,131),(117,85),(151,145),(104,215),(144,153),(154,147),(194,79),(180,103),(92,159),(123,109),(65,68),(167,121),(239,32),
176:(161,95),(158,129),(163,118),(205,55),(104,173),(106,104),(179,109),(109,153),(121,49),(192,157),(104,95),(156,138),(159,122),(119,85),(131,103),(147,145),(98,184),(165,131),(116,85),(151,146),(104,216),(143,153),(154,147),(194,80),(180,102),(92,159),(123,109),(65,68),(167,121),(239,32),
177:(161,95),(158,128),(162,118),(206,55),(103,173),(106,104),(179,108),(108,153),(121,49),(192,157),(104,95),(156,139),(159,123),(118,85),(131,103),(147,146),(98,184),(166,131),(115,85),(151,147),(105,216),(142,153),(154,147),(195,80),(180,101),(92,159),(123,109),(65,68),(167,121),(239,32),
178:(161,95),(157,128),(162,119),(207,55),(102,173),(106,104),(179,107),(108,152),(121,49),(192,157),(104,95),(156,140),(159,124),(117,85),(131,103),(147,147),(98,184),(166,130),(114,85),(150,147),(105,217),(141,153),(154,147),(196,80),(180,100),(92,159),(123,109),(65,68),(167,121),(239,32),
179:(161,95),(157,127),(162,120),(208,55),(101,173),(106,104),(179,106),(107,152),(121,49),(192,157),(104,95),(156,141),(159,125),(116,85),(131,103),(147,148),(98,184),(166,129),(113,85),(149,147),(105,218),(140,153),(154,147),(197,80),(180,99),(92,159),(123,109),(65,68),(167,121),(239,32),
180:(161,95),(157,126),(162,121),(209,55),(100,173),(106,104),(179,105),(106,152),(121,49),(192,157),(104,95),(155,141),(159,126),(115,85),(131,103),(146,148),(98,184),(167,129),(112,85),(149,148),(105,219),(139,153),(154,147),(198,80),(180,98),(92,159),(123,109),(65,68),(167,121),(239,32),
181:(161,95),(157,125),(161,121),(210,55),(100,174),(106,104),(180,105),(105,152),(121,49),(192,157),(104,95),(154,141),(159,127),(114,85),(131,103),(145,148),(98,184),(168,129),(111,85),(148,148),(105,220),(138,153),(154,147),(199,80),(180,97),(92,159),(123,109),(65,68),(167,121),(239,32),
182:(161,95),(157,124),(160,121),(211,55),(99,174),(106,104),(180,104),(105,151),(121,49),(192,157),(104,95),(154,142),(159,128),(113,85),(131,103),(144,148),(98,184),(169,129),(110,85),(147,148),(106,220),(137,153),(154,147),(200,80),(180,96),(92,159),(123,109),(65,68),(167,121),(239,32),
183:(161,95),(157,123),(159,121),(212,55),(99,175),(106,104),(181,104),(104,151),(121,49),(192,157),(104,95),(154,143),(159,129),(112,85),(131,103),(144,149),(98,184),(169,128),(109,85),(146,148),(107,220),(136,153),(154,147),(201,80),(180,95),(92,159),(123,109),(65,68),(167,121),(239,32),
184:(161,95),(157,122),(159,122),(213,55),(98,175),(106,104),(181,103),(104,150),(121,49),(192,157),(104,95),(153,143),(159,130),(111,85),(131,103),(143,149),(98,184),(169,127),(108,85),(145,148),(107,221),(135,153),(154,147),(202,80),(180,94),(92,159),(123,109),(65,68),(167,121),(239,32),
185:(161,95),(157,121),(159,123),(214,55),(98,176),(106,104),(181,102),(103,150),(121,49),(192,157),(104,95),(152,143),(159,131),(110,85),(131,103),(142,149),(98,184),(169,126),(107,85),(144,148),(108,221),(134,153),(154,147),(203,80),(180,93),(92,159),(123,109),(65,68),(167,121),(239,32),
186:(161,95),(157,120),(159,124),(215,55),(97,176),(106,104),(182,102),(102,150),(121,49),(192,157),(104,95),(151,143),(159,132),(109,85),(131,103),(141,149),(98,184),(169,125),(106,85),(144,149),(109,221),(133,153),(154,147),(204,80),(180,92),(92,159),(123,109),(65,68),(167,121),(239,32),
187:(161,95),(156,120),(159,125),(216,55),(97,177),(106,104),(182,101),(101,150),(121,49),(192,157),(104,95),(150,143),(159,133),(108,85),(131,103),(140,149),(98,184),(170,125),(105,85),(143,149),(110,221),(132,153),(154,147),(205,80),(180,91),(92,159),(123,109),(65,68),(167,121),(239,32),
188:(161,95),(156,119),(159,126),(217,55),(97,178),(106,104),(182,100),(101,149),(121,49),(192,157),(104,95),(149,143),(159,134),(107,85),(131,103),(140,150),(98,184),(171,125),(104,85),(142,149),(111,221),(131,153),(154,147),(206,80),(180,90),(92,159),(123,109),(65,68),(167,121),(239,32),
189:(161,95),(156,118),(159,127),(218,55),(97,179),(106,104),(183,100),(101,148),(121,49),(192,157),(104,95),(148,143),(159,135),(106,85),(131,103),(140,151),(98,184),(171,124),(103,85),(142,150),(111,222),(130,153),(154,147),(207,80),(180,89),(92,159),(123,109),(65,68),(167,121),(239,32),
190:(161,95),(155,118),(159,128),(219,55),(97,180),(106,104),(184,100),(100,148),(121,49),(192,157),(104,95),(147,143),(159,136),(105,85),(131,103),(140,152),(98,184),(171,123),(102,85),(141,150),(112,222),(129,153),(154,147),(208,80),(180,88),(92,159),(123,109),(65,68),(167,121),(239,32),
191:(161,95),(154,118),(159,129),(220,55),(97,181),(106,104),(184,99),(99,148),(121,49),(192,157),(104,95),(147,144),(159,137),(104,85),(131,103),(140,153),(98,184),(171,122),(101,85),(141,151),(112,223),(128,153),(154,147),(209,80),(180,87),(92,159),(123,109),(65,68),(167,121),(239,32),
192:(161,95),(153,118),(159,130),(221,55),(97,182),(106,104),(184,98),(98,148),(121,49),(192,157),(104,95),(147,145),(159,138),(103,85),(131,103),(140,154),(98,184),(171,121),(100,85),(140,151),(113,223),(127,153),(154,147),(210,80),(180,86),(92,159),(123,109),(65,68),(167,121),(239,32),
193:(161,95),(152,118),(159,131),(222,55),(97,183),(106,104),(184,97),(97,148),(121,49),(192,157),(104,95),(147,146),(159,139),(102,85),(131,103),(140,155),(98,184),(171,120),(99,85),(140,152),(113,224),(126,153),(154,147),(211,80),(180,85),(92,159),(123,109),(65,68),(167,121),(239,32),
194:(161,95),(151,118),(159,132),(223,55),(97,184),(106,104),(184,96),(96,148),(121,49),(192,157),(104,95),(147,147),(159,140),(101,85),(131,103),(139,155),(98,184),(171,119),(98,85),(140,153),(113,225),(125,153),(154,147),(212,80),(180,84),(92,159),(123,109),(65,68),(167,121),(239,32),
195:(161,95),(151,117),(159,133),(224,55),(97,185),(106,104),(184,95),(95,148),(121,49),(192,157),(104,95),(147,148),(159,141),(100,85),(131,103),(139,156),(98,184),(171,118),(97,85),(140,154),(113,226),(124,153),(154,147),(213,80),(180,83),(92,159),(123,109),(65,68),(167,121),(239,32),
196:(161,95),(151,116),(159,134),(225,55),(97,186),(106,104),(184,94),(94,148),(121,49),(192,157),(104,95),(146,148),(158,141),(99,85),(131,103),(138,156),(98,184),(171,117),(97,84),(140,155),(114,226),(123,153),(154,147),(214,80),(180,82),(92,159),(123,109),(65,68),(167,121),(239,32),
197:(161,95),(150,116),(159,135),(226,55),(97,187),(106,104),(184,93),(93,148),(121,49),(192,157),(104,95),(145,148),(158,142),(98,85),(131,103),(138,157),(98,184),(171,116),(96,84),(139,155),(115,226),(122,153),(154,147),(214,80),(180,81),(92,159),(123,109),(65,68),(167,121),(239,32),
198:(161,95),(149,116),(159,136),(227,55),(97,188),(106,104),(184,92),(92,148),(121,49),(192,157),(104,95),(144,148),(157,142),(97,85),(131,103),(138,158),(98,184),(171,115),(95,84),(138,155),(116,226),(121,153),(154,147),(214,80),(180,80),(92,159),(123,109),(65,68),(167,121),(239,32),
199:(161,95),(149,115),(159,137),(228,55),(97,189),(106,104),(184,91),(91,148),(121,49),(192,157),(104,95),(144,149),(156,142),(97,84),(131,103),(137,158),(98,184),(171,114),(94,84),(137,155),(117,226),(120,153),(154,147),(214,80),(180,79),(92,159),(123,109),(65,68),(167,121),(239,32),
200:(161,95),(148,115),(158,137),(229,55),(97,190),(106,104),(184,90),(90,148),(121,49),(192,157),(104,95),(143,149),(155,142),(96,84),(131,103),(136,158),(98,184),(171,113),(93,84),(136,155),(118,226),(119,153),(154,147),(214,80),(180,78),(92,159),(123,109),(65,68),(167,121),(239,32),
201:(161,95),(148,114),(158,138),(230,55),(97,191),(106,104),(184,89),(89,148),(121,49),(192,157),(104,95),(142,149),(154,142),(95,84),(131,103),(135,158),(98,184),(171,112),(93,83),(136,156),(119,226),(118,153),(154,147),(214,80),(180,77),(92,159),(123,109),(65,68),(167,121),(239,32),
202:(161,95),(148,113),(157,138),(231,55),(97,192),(106,104),(184,88),(88,148),(121,49),(192,157),(104,95),(141,149),(153,142),(94,84),(131,103),(134,158),(98,184),(171,111),(92,83),(135,156),(120,226),(117,153),(154,147),(214,80),(180,76),(92,159),(123,109),(65,68),(167,121),(239,32),
203:(161,95),(148,112),(157,139),(232,55),(97,193),(106,104),(184,87),(87,148),(121,49),(192,157),(104,95),(140,149),(152,142),(93,84),(131,103),(133,158),(98,184),(171,110),(91,83),(134,156),(121,226),(116,153),(154,147),(214,80),(180,75),(92,159),(123,109),(65,68),(167,121),(239,32),
204:(161,95),(147,112),(157,140),(232,54),(97,194),(106,104),(184,86),(86,148),(121,49),(192,157),(104,95),(139,149),(152,143),(92,84),(131,103),(132,158),(98,184),(171,109),(91,82),(134,157),(122,226),(115,153),(154,147),(214,80),(180,74),(92,159),(123,109),(65,68),(167,121),(239,32),
205:(161,95),(146,112),(157,141),(233,54),(97,195),(106,104),(184,85),(85,148),(121,49),(192,157),(104,95),(138,149),(151,143),(91,84),(131,103),(131,158),(98,184),(171,108),(90,82),(133,157),(123,226),(114,153),(154,147),(214,80),(180,73),(92,159),(123,109),(65,68),(167,121),(239,32),
206:(161,95),(146,111),(157,142),(233,53),(97,196),(106,104),(184,84),(84,148),(121,49),(192,157),(104,95),(137,149),(151,144),(90,84),(131,103),(130,158),(98,184),(171,107),(89,82),(132,157),(124,226),(113,153),(154,147),(214,80),(180,72),(92,159),(123,109),(65,68),(167,121),(239,32),
207:(161,95),(145,111),(156,142),(233,52),(97,197),(106,104),(184,83),(83,148),(121,49),(192,157),(104,95),(136,149),(151,145),(89,84),(131,103),(129,158),(98,184),(171,106),(88,82),(131,157),(125,226),(112,153),(154,147),(214,80),(180,71),(92,159),(123,109),(65,68),(167,121),(239,32),
208:(161,95),(144,111),(156,143),(234,52),(97,198),(106,104),(184,82),(82,148),(121,49),(192,157),(104,95),(136,150),(151,146),(89,83),(131,103),(129,158),(98,184),(171,105),(88,81),(130,157),(126,226),(111,153),(154,147),(214,80),(180,70),(92,159),(123,109),(65,68),(167,121),(239,32),
209:(161,95),(144,110),(156,144),(234,51),(97,199),(106,104),(184,81),(81,148),(121,49),(192,157),(104,95),(136,151),(150,146),(89,82),(131,103),(129,158),(98,184),(171,104),(87,81),(130,158),(127,226),(110,153),(154,147),(214,80),(180,69),(92,159),(123,109),(65,68),(167,121),(239,32),
210:(161,95),(144,109),(156,145),(234,50),(98,199),(106,104),(184,80),(80,148),(121,49),(192,157),(104,95),(136,152),(149,146),(88,82),(131,103),(129,158),(98,184),(171,103),(87,80),(130,159),(128,226),(109,153),(154,147),(214,80),(180,68),(92,159),(123,109),(65,68),(167,121),(239,32),
211:(161,95),(144,108),(156,146),(234,49),(98,200),(106,104),(184,79),(79,148),(121,49),(192,157),(104,95),(135,152),(149,147),(88,81),(131,103),(129,158),(98,184),(171,102),(86,80),(129,159),(129,226),(109,152),(154,147),(214,80),(180,67),(92,159),(123,109),(65,68),(167,121),(239,32),
212:(161,95),(144,107),(156,147),(234,48),(98,201),(106,104),(184,78),(78,148),(121,49),(192,157),(104,95),(135,153),(148,147),(88,80),(131,103),(129,158),(98,184),(171,101),(85,80),(128,159),(130,226),(108,152),(154,147),(214,80),(180,66),(92,159),(123,109),(65,68),(167,121),(239,32),
213:(161,95),(144,106),(156,148),(235,48),(99,201),(106,104),(184,77),(77,148),(121,49),(192,157),(104,95),(135,154),(148,148),(87,80),(131,103),(129,158),(98,184),(171,101),(85,79),(128,160),(131,226),(108,151),(154,147),(214,80),(180,65),(92,159),(123,109),(65,68),(167,121),(239,32),
214:(161,95),(143,106),(156,149),(236,48),(99,202),(106,104),(184,76),(76,148),(121,49),(192,157),(104,95),(134,154),(147,148),(86,80),(131,103),(129,158),(98,184),(171,101),(85,78),(127,160),(132,226),(107,151),(154,147),(214,80),(180,64),(92,159),(123,109),(65,68),(167,121),(239,32),
215:(161,95),(143,105),(155,149),(236,47),(99,203),(106,104),(184,75),(75,148),(121,49),(192,157),(104,95),(134,155),(146,148),(85,80),(131,103),(129,158),(98,184),(171,101),(85,77),(126,160),(133,226),(107,150),(154,147),(214,80),(180,63),(92,159),(123,109),(65,68),(167,121),(239,32),
216:(161,95),(142,105),(154,149),(236,46),(99,204),(106,104),(184,74),(74,148),(121,49),(192,157),(104,95),(133,155),(145,148),(84,80),(131,103),(129,158),(98,184),(171,101),(85,76),(126,161),(134,226),(106,150),(154,147),(214,80),(180,62),(92,159),(123,109),(65,68),(167,121),(239,32),
217:(161,95),(142,104),(154,150),(236,45),(99,205),(106,104),(184,73),(73,148),(121,49),(192,157),(104,95),(133,156),(145,149),(83,80),(131,103),(129,158),(98,184),(171,101),(84,76),(125,161),(135,226),(106,149),(154,147),(214,80),(180,61),(92,159),(123,109),(65,68),(167,121),(239,32),
218:(161,95),(142,103),(154,151),(237,45),(99,206),(106,104),(184,72),(72,148),(121,49),(192,157),(104,95),(132,156),(145,150),(82,80),(131,103),(129,158),(98,184),(171,101),(83,76),(124,161),(136,226),(106,148),(154,147),(214,80),(180,60),(92,159),(123,109),(65,68),(167,121),(239,32),
219:(161,95),(142,102),(153,151),(237,44),(99,207),(106,104),(184,71),(71,148),(121,49),(192,157),(104,95),(132,157),(145,151),(82,79),(131,103),(129,158),(98,184),(171,101),(82,76),(123,161),(137,226),(105,148),(154,147),(214,80),(180,59),(92,159),(123,109),(65,68),(167,121),(239,32),
220:(161,95),(142,101),(153,152),(237,43),(99,208),(106,104),(184,70),(70,148),(121,49),(192,157),(104,95),(132,158),(145,152),(81,79),(131,103),(129,158),(98,184),(171,101),(81,76),(123,162),(138,226),(105,147),(154,147),(214,80),(180,58),(92,159),(123,109),(65,68),(167,121),(239,32),
221:(161,95),(141,101),(153,153),(237,42),(100,208),(106,104),(184,69),(69,148),(121,49),(192,157),(104,95),(131,158),(144,152),(80,79),(131,103),(129,158),(98,184),(171,101),(80,76),(122,162),(139,226),(105,146),(154,147),(214,80),(180,57),(92,159),(123,109),(65,68),(167,121),(239,32),
222:(161,95),(141,100),(153,154),(238,42),(100,209),(106,104),(184,69),(68,148),(121,49),(192,157),(104,95),(131,159),(144,153),(80,78),(131,103),(129,158),(98,184),(171,101),(79,76),(122,163),(140,226),(104,146),(154,147),(214,80),(180,56),(92,159),(123,109),(65,68),(167,121),(239,32),
223:(161,95),(140,100),(152,154),(239,42),(100,210),(106,104),(184,69),(67,148),(121,49),(192,157),(104,95),(131,160),(143,153),(80,77),(131,103),(129,158),(98,184),(171,101),(79,75),(121,163),(141,226),(104,145),(154,147),(214,80),(180,55),(92,159),(123,109),(65,68),(167,121),(239,32),
224:(161,95),(139,100),(151,154),(240,42),(100,211),(106,104),(184,69),(66,148),(121,49),(192,157),(104,95),(130,160),(142,153),(79,77),(131,103),(129,158),(98,184),(171,101),(78,75),(120,163),(142,226),(103,145),(154,147),(214,80),(180,54),(92,159),(123,109),(65,68),(167,121),(239,32),
225:(161,95),(138,100),(150,154),(240,41),(100,212),(106,104),(184,69),(65,148),(121,49),(192,157),(104,95),(129,160),(141,153),(79,76),(131,103),(129,158),(98,184),(171,101),(77,75),(119,163),(143,226),(102,145),(154,147),(214,80),(180,53),(92,159),(123,109),(65,68),(167,121),(239,32),
226:(161,95),(137,100),(149,154),(241,41),(101,212),(106,104),(184,69),(64,148),(121,49),(192,157),(104,95),(128,160),(140,153),(78,76),(131,103),(129,158),(98,184),(171,101),(76,75),(119,164),(144,226),(101,145),(154,147),(214,80),(180,52),(92,159),(123,109),(65,68),(167,121),(239,32),
227:(161,95),(136,100),(148,154),(242,41),(102,212),(106,104),(184,69),(63,148),(121,49),(192,157),(104,95),(127,160),(139,153),(77,76),(131,103),(129,158),(98,184),(171,101),(75,75),(118,164),(145,226),(100,145),(154,147),(214,80),(180,51),(92,159),(123,109),(65,68),(167,121),(239,32),
228:(161,95),(136,99),(147,154),(242,40),(102,213),(106,104),(184,69),(62,148),(121,49),(192,157),(104,95),(126,160),(138,153),(76,76),(131,103),(129,158),(98,184),(171,101),(74,75),(117,164),(146,226),(99,145),(154,147),(214,80),(180,50),(92,159),(123,109),(65,68),(167,121),(239,32),
229:(161,95),(136,98),(146,154),(242,39),(102,214),(106,104),(184,69),(61,148),(121,49),(192,157),(104,95),(125,160),(137,153),(76,75),(131,103),(129,158),(98,184),(171,101),(74,74),(116,164),(147,226),(98,145),(154,147),(214,80),(180,49),(92,159),(123,109),(65,68),(167,121),(239,32),
230:(161,95),(136,97),(145,154),(243,39),(102,215),(106,104),(184,69),(60,148),(121,49),(192,157),(104,95),(125,161),(136,153),(75,75),(131,103),(129,158),(98,184),(171,101),(73,74),(116,165),(148,226),(97,145),(154,147),(214,80),(180,48),(92,159),(123,109),(65,68),(167,121),(239,32),
231:(161,95),(135,97),(145,155),(243,38),(103,215),(106,104),(184,69),(59,148),(121,49),(192,157),(104,95),(124,161),(135,153),(74,75),(131,103),(129,158),(98,184),(171,101),(73,73),(116,166),(148,226),(96,145),(154,147),(214,80),(180,47),(92,159),(123,109),(65,68),(167,121),(239,32),
232:(161,95),(134,97),(145,156),(244,38),(104,215),(106,104),(184,69),(58,148),(121,49),(192,157),(104,95),(124,162),(134,153),(73,75),(131,103),(129,158),(98,184),(171,101),(72,73),(116,167),(148,226),(95,145),(154,147),(214,80),(180,46),(92,159),(123,109),(65,68),(167,121),(239,32),
233:(161,95),(133,97),(144,156),(244,37),(104,216),(106,104),(184,69),(57,148),(121,49),(192,157),(104,95),(124,163),(133,153),(72,75),(131,103),(129,158),(98,184),(171,101),(71,73),(116,168),(148,226),(94,145),(154,147),(214,80),(180,45),(92,159),(123,109),(65,68),(167,121),(239,32),
234:(161,95),(133,96),(144,157),(244,36),(105,216),(106,104),(184,69),(56,148),(121,49),(192,157),(104,95),(123,163),(132,153),(71,75),(131,103),(129,158),(98,184),(171,101),(70,73),(116,169),(148,226),(93,145),(154,147),(214,80),(179,45),(92,159),(123,109),(65,68),(167,121),(239,32),
235:(161,95),(132,96),(143,157),(245,36),(105,217),(106,104),(184,69),(55,148),(121,49),(192,157),(104,95),(122,163),(131,153),(70,75),(131,103),(129,158),(98,184),(171,101),(70,72),(115,169),(148,226),(92,145),(154,147),(214,80),(179,44),(92,159),(123,109),(65,68),(167,121),(239,32),
236:(161,95),(132,95),(143,158),(246,36),(106,217),(106,104),(184,69),(54,148),(121,49),(192,157),(104,95),(122,164),(130,153),(70,74),(131,103),(129,158),(98,184),(171,101),(69,72),(115,170),(148,226),(91,145),(154,147),(214,80),(179,43),(92,159),(123,109),(65,68),(167,121),(239,32),
237:(161,95),(132,94),(142,158),(246,36),(106,218),(106,104),(184,69),(53,148),(121,49),(192,157),(104,95),(121,164),(129,153),(70,73),(131,103),(129,158),(98,184),(171,101),(68,72),(114,170),(148,226),(90,145),(154,147),(214,80),(178,43),(92,159),(123,109),(65,68),(167,121),(239,32),
238:(161,95),(131,94),(142,159),(246,36),(106,219),(106,104),(184,69),(52,148),(121,49),(192,157),(104,95),(121,165),(128,153),(69,73),(131,103),(129,158),(98,184),(171,101),(68,71),(114,171),(148,226),(89,145),(154,147),(214,80),(178,42),(92,159),(123,109),(65,68),(167,121),(239,32),
239:(161,95),(131,93),(141,159),(246,36),(107,219),(106,104),(184,69),(51,148),(121,49),(192,157),(104,95),(121,166),(127,153),(69,72),(131,103),(129,158),(98,184),(171,101),(67,71),(113,171),(148,226),(88,145),(154,147),(214,80),(178,41),(92,159),(123,109),(65,68),(167,121),(239,32),
240:(161,95),(131,92),(140,159),(246,36),(108,219),(106,104),(184,69),(50,148),(121,49),(192,157),(104,95),(121,167),(126,153),(68,72),(131,103),(129,158),(98,184),(171,101),(66,71),(112,171),(148,226),(87,145),(154,147),(214,80),(178,40),(92,159),(123,109),(65,68),(167,121),(239,32),
241:(161,95),(130,92),(139,159),(246,36),(109,219),(106,104),(184,69),(49,148),(121,49),(192,157),(104,95),(120,167),(125,153),(67,72),(131,103),(129,158),(98,184),(171,101),(65,71),(112,172),(148,226),(86,145),(154,147),(214,80),(178,39),(92,159),(123,109),(65,68),(167,121),(239,32),
242:(161,95),(129,92),(138,159),(246,36),(110,219),(106,104),(184,69),(48,148),(121,49),(192,157),(104,95),(120,168),(124,153),(66,72),(131,103),(129,158),(98,184),(171,101),(65,70),(112,173),(148,226),(85,145),(154,147),(214,80),(178,38),(92,159),(123,109),(65,68),(167,121),(239,32),
243:(161,95),(128,92),(137,159),(246,36),(111,219),(106,104),(184,69),(48,148),(121,49),(192,157),(104,95),(119,168),(123,153),(66,71),(131,103),(129,158),(98,184),(171,101),(65,69),(111,173),(148,226),(84,145),(154,147),(214,80),(178,37),(92,159),(123,109),(65,68),(167,121),(239,32),
244:(161,95),(127,92),(136,159),(246,36),(112,219),(106,104),(184,69),(48,148),(121,49),(192,157),(104,95),(118,168),(122,153),(65,71),(131,103),(129,158),(98,184),(171,101),(64,69),(110,173),(148,226),(83,145),(154,147),(214,80),(178,36),(92,159),(123,109),(65,68),(167,121),(239,32),
245:(161,95),(126,92),(135,159),(246,36),(113,219),(106,104),(184,69),(48,148),(121,49),(192,157),(104,95),(117,168),(121,153),(64,71),(131,103),(129,158),(98,184),(171,101),(64,68),(109,173),(148,226),(82,145),(154,147),(214,80),(178,35),(92,159),(123,109),(65,68),(167,121),(239,32),
246:(161,95),(125,92),(134,159),(246,36),(114,219),(106,104),(184,69),(48,148),(121,49),(192,157),(104,95),(116,168),(120,153),(63,71),(131,103),(129,158),(98,184),(171,101),(63,68),(108,173),(148,226),(81,145),(154,147),(214,80),(177,35),(92,159),(123,109),(65,68),(167,121),(239,32),
247:(161,95),(124,92),(133,159),(246,36),(115,219),(106,104),(184,69),(48,148),(121,49),(192,157),(104,95),(115,168),(119,153),(63,70),(131,103),(129,158),(98,184),(171,101),(62,68),(107,173),(148,226),(80,145),(154,147),(214,80),(177,34),(92,159),(123,109),(65,68),(167,121),(239,32),
248:(161,95),(123,92),(132,159),(246,36),(116,219),(106,104),(184,69),(48,148),(121,49),(192,157),(104,95),(114,168),(118,153),(62,70),(131,103),(129,158),(98,184),(171,101),(61,68),(106,173),(148,226),(79,145),(154,147),(214,80),(176,34),(92,159),(123,109),(65,68),(167,121),(239,32),
249:(161,95),(122,92),(131,159),(246,36),(117,219),(106,104),(184,69),(48,148),(121,49),(192,157),(104,95),(113,168),(117,153),(62,69),(131,103),(129,158),(98,184),(171,101),(61,67),(105,173),(148,226),(78,145),(154,147),(214,80),(175,34),(92,159),(123,109),(65,68),(167,121),(239,32),
250:(161,95),(121,92),(130,159),(246,36),(118,219),(106,104),(184,69),(48,148),(121,49),(192,157),(104,95),(112,168),(116,153),(62,68),(131,103),(129,158),(98,184),(171,101),(60,67),(104,173),(148,226),(77,145),(154,147),(214,80),(175,33),(92,159),(123,109),(65,68),(167,121),(239,32),
251:(161,95),(120,92),(129,159),(246,36),(119,219),(106,104),(184,69),(48,148),(121,49),(192,157),(104,95),(111,168),(115,153),(62,67),(131,103),(129,158),(98,184),(171,101),(59,67),(103,173),(148,226),(76,145),(154,147),(214,80),(175,32),(92,159),(123,109),(65,68),(167,121),(239,32),
252:(161,95),(119,92),(128,159),(246,36),(120,219),(106,104),(184,69),(48,148),(121,49),(192,157),(104,95),(110,168),(114,153),(62,66),(131,103),(129,158),(98,184),(171,101),(58,67),(102,173),(148,226),(75,145),(154,147),(214,80),(175,31),(92,159),(123,109),(65,68),(167,121),(239,32),
253:(161,95),(118,92),(127,159),(246,36),(121,219),(106,104),(184,69),(48,148),(121,49),(192,157),(104,95),(109,168),(113,153),(62,65),(131,103),(129,158),(98,184),(171,101),(57,67),(101,173),(148,226),(74,145),(154,147),(214,80),(174,31),(92,159),(123,109),(65,68),(167,121),(239,32),
254:(161,95),(117,92),(126,159),(246,36),(122,219),(106,104),(184,69),(48,148),(121,49),(192,157),(104,95),(108,168),(112,153),(62,64),(131,103),(129,158),(98,184),(171,101),(56,67),(100,173),(148,226),(73,145),(154,147),(214,80),(173,31),(92,159),(123,109),(65,68),(167,121),(239,32),
255:(161,95),(116,92),(125,159),(246,36),(123,219),(106,104),(184,69),(48,148),(121,49),(192,157),(104,95),(107,168),(111,153),(62,63),(131,103),(129,158),(98,184),(171,101),(55,67),(99,173),(148,226),(72,145),(154,147),(214,80),(172,31),(92,159),(123,109),(65,68),(167,121),(239,32),
256:(161,95),(115,92),(124,159),(246,36),(124,219),(106,104),(184,69),(48,148),(121,49),(192,157),(104,95),(106,168),(110,153),(62,62),(131,103),(129,158),(98,184),(171,101),(54,67),(98,173),(148,226),(71,145),(154,147),(214,80),(171,31),(92,159),(123,109),(65,68),(167,121),(239,32),
257:(161,95),(114,92),(123,159),(246,36),(125,219),(106,104),(184,69),(48,148),(121,49),(192,157),(104,95),(105,168),(109,153),(62,61),(131,103),(129,158),(98,184),(171,101),(53,67),(98,174),(148,226),(70,145),(154,147),(214,80),(170,31),(92,159),(123,109),(65,68),(167,121),(239,32),
258:(161,95),(113,92),(122,159),(246,36),(126,219),(106,104),(184,69),(48,148),(121,49),(192,157),(104,95),(104,168),(109,152),(62,60),(131,103),(129,158),(98,184),(171,101),(52,67),(98,175),(148,226),(69,145),(154,147),(214,80),(170,31),(92,159),(123,109),(65,68),(167,121),(239,32),
259:(161,95),(112,92),(121,159),(246,36),(127,219),(106,104),(184,69),(48,148),(121,49),(192,157),(104,95),(103,168),(108,152),(62,59),(131,103),(129,158),(98,184),(171,101),(51,67),(97,175),(148,226),(68,145),(154,147),(214,80),(170,31),(92,159),(123,109),(65,68),(167,121),(239,32),
260:(161,95),(111,92),(120,159),(246,36),(128,219),(106,104),(184,69),(48,148),(121,49),(192,157),(104,95),(102,168),(107,152),(62,58),(131,103),(129,158),(98,184),(171,101),(50,67),(97,176),(148,226),(67,145),(154,147),(214,80),(170,31),(92,159),(123,109),(65,68),(167,121),(239,32),
261:(161,95),(110,92),(119,159),(246,36),(129,219),(106,104),(184,69),(48,148),(121,49),(192,157),(104,95),(101,168),(106,152),(62,57),(131,103),(129,158),(98,184),(171,101),(49,67),(96,176),(148,226),(66,145),(154,147),(214,80),(170,31),(92,159),(123,109),(65,68),(167,121),(239,32),
262:(161,95),(109,92),(118,159),(246,36),(130,219),(106,104),(184,69),(48,148),(121,49),(192,157),(104,95),(100,168),(105,152),(62,56),(131,103),(129,158),(98,184),(171,101),(48,67),(96,177),(148,226),(65,145),(154,147),(214,80),(170,31),(92,159),(123,109),(65,68),(167,121),(239,32),
263:(161,95),(108,92),(117,159),(246,36),(131,219),(106,104),(184,69),(48,148),(121,49),(192,157),(104,95),(99,168),(104,152),(62,55),(131,103),(129,158),(98,184),(171,101),(47,67),(96,178),(148,226),(64,145),(154,147),(214,80),(170,31),(92,159),(123,109),(65,68),(167,121),(239,32),
264:(161,95),(107,92),(116,159),(246,36),(132,219),(106,104),(184,69),(48,148),(121,49),(192,157),(104,95),(98,168),(103,152),(62,54),(131,103),(129,158),(98,184),(171,101),(46,67),(96,179),(148,226),(63,145),(154,147),(214,80),(170,31),(92,159),(123,109),(65,68),(167,121),(239,32),
265:(161,95),(106,92),(115,159),(246,36),(133,219),(106,104),(184,69),(48,148),(121,49),(192,157),(104,95),(97,168),(102,152),(62,53),(131,103),(129,158),(98,184),(171,101),(46,67),(96,180),(148,226),(62,145),(154,147),(214,80),(170,31),(92,159),(123,109),(65,68),(167,121),(239,32),
266:(161,95),(105,92),(114,159),(246,36),(134,219),(106,104),(184,69),(48,148),(121,49),(192,157),(104,95),(96,168),(101,152),(62,52),(131,103),(129,158),(98,184),(171,101),(46,67),(96,181),(148,226),(61,145),(154,147),(214,80),(170,31),(92,159),(123,109),(65,68),(167,121),(239,32),
267:(161,95),(104,92),(113,159),(246,36),(135,219),(106,104),(184,69),(48,148),(121,49),(192,157),(104,95),(95,168),(100,152),(62,51),(131,103),(129,158),(98,184),(171,101),(46,67),(96,182),(148,226),(60,145),(154,147),(214,80),(170,31),(92,159),(123,109),(65,68),(167,121),(239,32),
268:(161,95),(103,92),(112,159),(246,36),(136,219),(106,104),(184,69),(48,148),(121,49),(192,157),(104,95),(94,168),(99,152),(62,50),(131,103),(129,158),(98,184),(171,101),(46,67),(96,183),(148,226),(59,145),(154,147),(214,80),(170,31),(92,159),(123,109),(65,68),(167,121),(239,32),
269:(161,95),(102,92),(111,159),(246,36),(137,219),(106,104),(184,69),(48,148),(121,49),(192,157),(104,95),(93,168),(98,152),(62,49),(131,103),(129,158),(98,184),(171,101),(46,67),(96,184),(148,226),(58,145),(154,147),(214,80),(170,31),(92,159),(123,109),(65,68),(167,121),(239,32),
270:(161,95),(101,92),(110,159),(246,36),(138,219),(106,104),(184,69),(48,148),(121,49),(192,157),(104,95),(92,168),(97,152),(62,48),(131,103),(129,158),(98,184),(171,101),(46,67),(96,185),(148,226),(57,145),(154,147),(214,80),(170,31),(92,159),(123,109),(65,68),(167,121),(239,32),
271:(161,95),(100,92),(109,159),(246,36),(139,219),(106,104),(184,69),(48,148),(121,49),(192,157),(104,95),(91,168),(96,152),(62,47),(131,103),(129,158),(98,184),(171,101),(46,67),(96,186),(148,226),(56,145),(154,147),(214,80),(170,31),(92,159),(123,109),(65,68),(167,121),(239,32),
272:(161,95),(99,92),(108,159),(246,36),(140,219),(106,104),(184,69),(48,148),(121,49),(192,157),(104,95),(90,168),(95,152),(62,46),(131,103),(129,158),(98,184),(171,101),(46,67),(96,187),(148,226),(55,145),(154,147),(214,80),(170,31),(92,159),(123,109),(65,68),(167,121),(239,32),
273:(161,95),(98,92),(107,159),(246,36),(141,219),(106,104),(184,69),(48,148),(121,49),(192,157),(104,95),(89,168),(94,152),(62,45),(131,103),(129,158),(98,184),(171,101),(46,67),(96,188),(148,226),(54,145),(154,147),(214,80),(170,31),(92,159),(123,109),(65,68),(167,121),(239,32),
274:(161,95),(97,92),(106,159),(246,36),(142,219),(106,104),(184,69),(48,148),(121,49),(192,157),(104,95),(88,168),(93,152),(62,44),(131,103),(129,158),(98,184),(171,101),(46,67),(96,188),(148,226),(53,145),(154,147),(214,80),(170,31),(92,159),(123,109),(65,68),(167,121),(239,32),
275:(161,95),(96,92),(105,159),(246,36),(143,219),(106,104),(184,69),(48,148),(121,49),(192,157),(104,95),(87,168),(92,152),(62,43),(131,103),(129,158),(98,184),(171,101),(46,67),(96,188),(148,226),(52,145),(154,147),(214,80),(170,31),(92,159),(123,109),(65,68),(167,121),(239,32),
276:(161,95),(95,92),(104,159),(246,36),(144,219),(106,104),(184,69),(48,148),(121,49),(192,157),(104,95),(86,168),(91,152),(62,42),(131,103),(129,158),(98,184),(171,101),(46,67),(96,188),(148,226),(51,145),(154,147),(214,80),(170,31),(92,159),(123,109),(65,68),(167,121),(239,32),
277:(161,95),(94,92),(103,159),(246,36),(145,219),(106,104),(184,69),(48,148),(121,49),(192,157),(104,95),(85,168),(90,152),(62,41),(131,103),(129,158),(98,184),(171,101),(46,67),(96,188),(148,226),(50,145),(154,147),(214,80),(170,31),(92,159),(123,109),(65,68),(167,121),(239,32),
278:(161,95),(93,92),(102,159),(246,36),(146,219),(106,104),(184,69),(48,148),(121,49),(192,157),(104,95),(84,168),(89,152),(62,41),(131,103),(129,158),(98,184),(171,101),(46,67),(96,188),(148,226),(50,145),(154,147),(214,80),(170,31),(92,159),(123,109),(65,68),(167,121),(239,32),
279:(161,95),(92,92),(101,159),(246,36),(147,219),(106,104),(184,69),(48,148),(121,49),(192,157),(104,95),(83,168),(88,152),(62,41),(131,103),(129,158),(98,184),(171,101),(46,67),(96,188),(148,226),(50,145),(154,147),(214,80),(170,31),(92,159),(123,109),(65,68),(167,121),(239,32),
280:(161,95),(91,92),(100,159),(246,36),(148,219),(106,104),(184,69),(48,148),(121,49),(192,157),(104,95),(82,168),(87,152),(62,41),(131,103),(129,158),(98,184),(171,101),(46,67),(96,188),(148,226),(50,145),(154,147),(214,80),(170,31),(92,159),(123,109),(65,68),(167,121),(239,32),
281:(161,95),(90,92),(99,159),(246,36),(148,219),(106,104),(184,69),(48,148),(121,49),(192,157),(104,95),(81,168),(86,152),(62,41),(131,103),(129,158),(98,184),(171,101),(46,67),(96,188),(148,226),(50,145),(154,147),(214,80),(170,31),(92,159),(123,109),(65,68),(167,121),(239,32),
282:(161,95),(89,92),(98,159),(246,36),(148,219),(106,104),(184,69),(48,148),(121,49),(192,157),(104,95),(80,168),(85,152),(62,41),(131,103),(129,158),(98,184),(171,101),(46,67),(96,188),(148,226),(50,145),(154,147),(214,80),(170,31),(92,159),(123,109),(65,68),(167,121),(239,32),
283:(161,95),(88,92),(97,159),(246,36),(148,219),(106,104),(184,69),(48,148),(121,49),(192,157),(104,95),(79,168),(84,152),(62,41),(131,103),(129,158),(98,184),(171,101),(46,67),(96,188),(148,226),(50,145),(154,147),(214,80),(170,31),(92,159),(123,109),(65,68),(167,121),(239,32),
284:(161,95),(87,92),(96,159),(246,36),(148,219),(106,104),(184,69),(48,148),(121,49),(192,157),(104,95),(78,168),(83,152),(62,41),(131,103),(129,158),(98,184),(171,101),(46,67),(96,188),(148,226),(50,145),(154,147),(214,80),(170,31),(92,159),(123,109),(65,68),(167,121),(239,32),
285:(161,95),(86,92),(95,159),(246,36),(148,219),(106,104),(184,69),(48,148),(121,49),(192,157),(104,95),(77,168),(82,152),(62,41),(131,103),(129,158),(98,184),(171,101),(46,67),(96,188),(148,226),(50,145),(154,147),(214,80),(170,31),(92,159),(123,109),(65,68),(167,121),(239,32),
286:(161,95),(85,92),(94,159),(246,36),(148,219),(106,104),(184,69),(48,148),(121,49),(192,157),(104,95),(76,168),(81,152),(62,41),(131,103),(129,158),(98,184),(171,101),(46,67),(96,188),(148,226),(50,145),(154,147),(214,80),(170,31),(92,159),(123,109),(65,68),(167,121),(239,32),
287:(161,95),(84,92),(93,159),(246,36),(148,219),(106,104),(184,69),(48,148),(121,49),(192,157),(104,95),(75,168),(80,152),(62,41),(131,103),(129,158),(98,184),(171,101),(46,67),(96,188),(148,226),(50,145),(154,147),(214,80),(170,31),(92,159),(123,109),(65,68),(167,121),(239,32),
288:(161,95),(83,92),(92,159),(246,36),(148,219),(106,104),(184,69),(48,148),(121,49),(192,157),(104,95),(74,168),(79,152),(62,41),(131,103),(129,158),(98,184),(171,101),(46,67),(96,188),(148,226),(50,145),(154,147),(214,80),(170,31),(92,160),(123,109),(65,68),(167,121),(239,32),
289:(161,95),(82,92),(91,159),(246,36),(148,219),(106,104),(184,69),(48,148),(121,49),(192,157),(104,95),(73,168),(78,152),(62,41),(131,103),(129,158),(98,184),(171,101),(46,67),(96,188),(148,226),(50,145),(154,147),(214,80),(170,31),(92,159),(123,109),(65,68),(167,121),(239,32),
290:(161,95),(81,92),(90,159),(246,36),(148,219),(106,104),(184,69),(48,148),(121,49),(192,157),(104,95),(72,168),(77,152),(62,41),(131,103),(129,158),(98,184),(171,101),(46,67),(96,188),(148,226),(50,145),(154,147),(214,80),(170,31),(92,159),(123,109),(65,68),(167,121),(239,32),
291:(161,95),(80,92),(89,159),(246,36),(148,219),(106,104),(184,69),(48,148),(121,49),(192,157),(104,95),(71,168),(76,152),(62,41),(131,103),(129,158),(98,184),(171,101),(46,67),(96,188),(148,226),(50,145),(154,147),(214,80),(170,31),(92,159),(123,109),(65,68),(167,121),(239,32),
292:(161,95),(79,92),(88,159),(246,36),(148,219),(106,104),(184,69),(48,148),(121,49),(192,157),(104,95),(70,168),(75,152),(62,41),(131,103),(129,158),(98,184),(171,101),(46,67),(96,188),(148,226),(50,145),(154,147),(214,80),(170,31),(92,159),(123,109),(65,68),(167,121),(239,32),
293:(161,95),(78,92),(87,159),(246,36),(148,219),(106,104),(184,69),(48,148),(121,49),(192,157),(104,95),(70,168),(74,152),(62,41),(131,103),(129,158),(98,184),(171,101),(46,67),(96,188),(148,226),(50,145),(154,147),(214,80),(170,31),(92,159),(123,109),(65,68),(167,121),(239,32),
294:(161,95),(77,92),(86,159),(246,36),(148,219),(106,104),(184,69),(48,148),(121,49),(192,157),(104,95),(70,168),(73,152),(62,41),(131,103),(129,158),(98,184),(171,101),(46,67),(96,188),(148,226),(50,145),(154,147),(214,80),(170,31),(92,159),(123,109),(65,68),(167,121),(239,32),
295:(161,95),(76,92),(85,159),(246,36),(148,219),(106,104),(184,69),(48,148),(121,49),(192,157),(104,95),(70,168),(72,152),(62,41),(131,103),(129,158),(98,184),(171,101),(46,67),(96,188),(148,226),(50,145),(154,147),(214,80),(170,31),(92,159),(123,109),(65,68),(167,121),(239,32),
296:(161,95),(75,92),(84,159),(246,36),(148,219),(106,104),(184,69),(48,148),(121,49),(192,157),(104,95),(70,168),(71,152),(62,41),(131,103),(129,158),(98,184),(171,101),(46,67),(96,188),(148,226),(50,145),(154,147),(214,80),(170,31),(92,159),(123,109),(65,68),(167,121),(239,32),
297:(161,95),(74,92),(83,159),(246,36),(148,219),(106,104),(184,69),(48,148),(121,49),(192,157),(104,95),(70,168),(70,152),(62,41),(131,103),(129,158),(98,184),(171,101),(46,67),(96,188),(148,226),(50,145),(154,147),(214,80),(170,31),(92,159),(123,109),(65,68),(167,121),(239,32),
298:(161,95),(73,92),(82,159),(246,36),(148,219),(106,104),(184,69),(48,148),(121,49),(192,157),(104,95),(70,168),(69,152),(62,41),(131,103),(129,158),(98,184),(171,101),(46,67),(96,188),(148,226),(50,145),(154,147),(214,80),(170,31),(92,159),(123,109),(65,68),(167,121),(239,32),
299:(161,95),(72,92),(81,159),(246,36),(148,219),(106,104),(184,69),(48,148),(121,49),(192,157),(104,95),(70,168),(68,152),(62,41),(131,103),(129,158),(98,184),(171,101),(46,67),(96,188),(148,226),(50,145),(154,147),(214,80),(170,31),(92,159),(123,109),(65,68),(167,121),(239,32),
300:(161,95),(71,92),(80,159),(246,36),(148,219),(106,104),(184,69),(48,148),(121,49),(192,157),(104,95),(70,168),(67,152),(62,41),(131,103),(129,158),(98,184),(171,101),(46,67),(96,188),(148,226),(50,145),(154,147),(214,80),(170,31),(92,159),(123,109),(65,68),(167,121),(239,32),
301:(161,95),(70,92),(79,159),(246,36),(148,219),(106,104),(184,69),(48,148),(121,49),(192,157),(104,95),(70,168),(66,152),(62,41),(131,103),(129,158),(98,184),(171,101),(46,67),(96,188),(148,226),(50,145),(154,147),(214,80),(170,31),(92,159),(123,109),(65,68),(167,121),(239,32),
302:(161,95),(70,92),(78,159),(246,36),(148,219),(106,104),(184,69),(48,148),(121,49),(192,157),(104,95),(70,168),(65,152),(62,41),(131,103),(129,158),(98,184),(171,101),(46,67),(96,188),(148,226),(50,145),(154,147),(214,80),(170,31),(92,159),(123,109),(65,68),(167,121),(239,32),
303:(161,95),(70,92),(77,159),(246,36),(148,219),(106,104),(184,69),(48,148),(121,49),(192,157),(104,95),(70,168),(64,152),(62,41),(131,103),(129,158),(98,184),(171,101),(46,67),(96,188),(148,226),(50,145),(154,147),(214,80),(170,31),(92,159),(123,109),(65,68),(167,121),(239,32),
304:(161,95),(70,92),(76,159),(246,36),(148,219),(106,104),(184,69),(48,148),(121,49),(192,157),(104,95),(70,168),(63,152),(62,41),(131,103),(129,158),(98,184),(171,101),(46,67),(96,188),(148,226),(50,145),(154,147),(214,80),(170,31),(92,159),(123,109),(65,68),(167,121),(239,32),
305:(161,95),(70,92),(75,159),(246,36),(148,219),(106,104),(184,69),(48,148),(121,49),(192,157),(104,95),(70,168),(62,152),(62,41),(131,103),(129,158),(98,184),(171,101),(46,67),(96,188),(148,226),(50,145),(154,147),(214,80),(170,31),(92,159),(123,109),(65,68),(167,121),(239,32),
306:(161,95),(70,92),(74,159),(246,36),(148,219),(106,104),(184,69),(48,148),(121,49),(192,157),(104,95),(70,168),(61,152),(62,41),(131,103),(129,158),(98,184),(171,101),(46,67),(96,188),(148,226),(50,145),(154,147),(214,80),(170,31),(92,159),(123,109),(65,68),(167,121),(239,32),
307:(161,95),(70,92),(73,159),(246,36),(148,219),(106,104),(184,69),(48,148),(121,49),(192,157),(104,95),(70,168),(60,152),(62,41),(131,103),(129,158),(98,184),(171,101),(46,67),(96,188),(148,226),(50,145),(154,147),(214,80),(170,31),(92,159),(123,109),(65,68),(167,121),(239,32),
308:(161,95),(70,92),(72,159),(246,36),(148,219),(106,104),(184,69),(48,148),(121,49),(192,157),(104,95),(70,168),(59,152),(62,41),(131,103),(129,158),(98,184),(171,101),(46,67),(96,188),(148,226),(50,145),(154,147),(214,80),(170,31),(92,159),(123,109),(65,68),(167,121),(239,32),
309:(161,95),(70,92),(72,159),(246,36),(148,219),(106,104),(184,69),(48,148),(121,49),(192,157),(104,95),(70,168),(58,152),(62,41),(131,103),(129,158),(98,184),(171,101),(46,67),(96,188),(148,226),(50,145),(154,147),(214,80),(170,31),(92,159),(123,109),(65,68),(167,121),(239,32),
310:(161,95),(70,92),(72,159),(246,36),(148,219),(106,104),(184,69),(48,148),(121,49),(192,157),(104,95),(70,168),(57,152),(62,41),(131,103),(129,158),(98,184),(171,101),(46,67),(96,188),(148,226),(50,145),(154,147),(214,80),(170,31),(92,159),(123,109),(65,68),(167,121),(239,32),
311:(161,95),(70,92),(72,159),(246,36),(148,219),(106,104),(184,69),(48,148),(121,49),(192,157),(104,95),(70,168),(56,152),(62,41),(131,103),(129,158),(98,184),(171,101),(46,67),(96,188),(148,226),(50,145),(154,147),(214,80),(170,31),(92,159),(123,109),(65,68),(167,121),(239,32),
312:(161,95),(70,92),(72,159),(246,36),(148,219),(106,104),(184,69),(48,148),(121,49),(192,157),(104,95),(70,168),(55,152),(62,41),(131,103),(129,158),(98,184),(171,101),(46,67),(96,188),(148,226),(50,145),(154,147),(214,80),(170,31),(92,159),(123,109),(65,68),(167,121),(239,32),
313:(161,95),(70,92),(72,159),(246,36),(148,219),(106,104),(184,69),(48,148),(121,49),(192,157),(104,95),(70,168),(54,152),(62,41),(131,103),(129,158),(98,184),(171,101),(46,67),(96,188),(148,226),(50,145),(154,147),(214,80),(170,31),(92,159),(123,109),(65,68),(167,121),(239,32),
314:(161,95),(70,92),(72,159),(246,36),(148,219),(106,104),(184,69),(48,148),(121,49),(192,157),(104,95),(70,168),(53,152),(62,41),(131,103),(129,158),(98,184),(171,101),(46,67),(96,188),(148,226),(50,145),(154,147),(214,80),(170,31),(92,159),(123,109),(65,68),(167,121),(239,32),
315:(161,95),(70,92),(72,159),(246,36),(148,219),(106,104),(184,69),(48,148),(121,49),(192,157),(104,95),(70,168),(52,152),(62,41),(131,103),(129,158),(98,184),(171,101),(46,67),(96,188),(148,226),(50,145),(154,147),(214,80),(170,31),(92,159),(123,109),(65,68),(167,121),(239,32),
316:(161,95),(70,92),(72,159),(246,36),(148,219),(106,104),(184,69),(48,148),(121,49),(192,157),(104,95),(70,168),(51,152),(62,41),(131,103),(129,158),(98,184),(171,101),(46,67),(96,188),(148,226),(50,145),(154,147),(214,80),(170,31),(92,159),(123,109),(65,68),(167,121),(239,32),
317:(161,95),(70,92),(72,159),(246,36),(148,219),(106,104),(184,69),(48,148),(121,49),(192,157),(104,95),(70,168),(50,152),(62,41),(131,103),(129,158),(98,184),(171,101),(46,67),(96,188),(148,226),(50,145),(154,147),(214,80),(170,31),(92,159),(123,109),(65,68),(167,121),(239,32),
318:(161,95),(70,92),(72,159),(246,36),(148,219),(106,104),(184,69),(48,148),(121,49),(192,157),(104,95),(70,168),(49,152),(62,41),(131,103),(129,158),(98,184),(171,101),(46,67),(96,188),(148,226),(50,145),(154,147),(214,80),(170,31),(92,159),(123,109),(65,68),(167,121),(239,32),
319:(161,95),(70,92),(72,159),(246,36),(148,219),(106,104),(184,69),(48,148),(121,49),(192,157),(104,95),(70,168),(48,152),(62,41),(131,103),(129,158),(98,184),(171,101),(46,67),(96,188),(148,226),(50,145),(154,147),(214,80),(170,31),(92,159),(123,109),(65,68),(167,121),(239,32),
320:(161,95),(70,92),(72,159),(246,36),(148,219),(106,104),(184,69),(48,148),(121,49),(192,157),(104,95),(70,168),(47,152),(62,41),(131,103),(129,158),(98,184),(171,101),(46,67),(96,188),(148,226),(50,145),(154,147),(214,80),(170,31),(92,159),(123,109),(65,68),(167,121),(239,32),
321:(161,95),(70,92),(72,159),(246,36),(148,219),(106,104),(184,69),(48,148),(121,49),(192,157),(104,95),(70,168),(46,152),(62,41),(131,103),(129,158),(98,184),(171,101),(46,67),(96,188),(148,226),(50,145),(154,147),(214,80),(170,31),(92,159),(123,109),(65,68),(167,121),(239,32),
322:(161,95),(70,92),(72,159),(246,36),(148,219),(106,104),(184,69),(48,148),(121,49),(192,157),(104,95),(70,168),(45,152),(62,41),(131,103),(129,158),(98,184),(171,101),(46,67),(96,188),(148,226),(50,145),(154,147),(214,80),(170,31),(92,159),(123,109),(65,68),(167,121),(239,32),
323:(161,95),(70,92),(72,159),(246,36),(148,219),(106,104),(184,69),(48,148),(121,49),(192,157),(104,95),(70,168),(44,152),(62,41),(131,103),(129,158),(98,184),(171,101),(46,67),(96,188),(148,226),(50,145),(154,147),(214,80),(170,31),(92,159),(123,109),(65,68),(167,121),(239,32),
324:(161,95),(70,92),(72,159),(246,36),(148,219),(106,104),(184,69),(48,148),(121,49),(192,157),(104,95),(70,168),(43,152),(62,41),(131,103),(129,158),(98,184),(171,101),(46,67),(96,188),(148,226),(50,145),(154,147),(214,80),(170,31),(92,159),(123,109),(65,68),(167,121),(239,32),
325:(161,95),(70,92),(72,159),(246,36),(148,219),(106,104),(184,69),(48,148),(121,49),(192,157),(104,95),(70,168),(42,152),(62,41),(131,103),(129,158),(98,184),(171,101),(46,67),(96,188),(148,226),(50,145),(154,147),(214,80),(170,31),(92,159),(123,109),(65,68),(167,121),(239,32),
326:(161,95),(70,92),(72,159),(246,36),(148,219),(106,104),(184,69),(48,148),(121,49),(192,157),(104,95),(70,168),(41,152),(62,41),(131,103),(129,158),(98,184),(171,101),(46,67),(96,188),(148,226),(50,145),(154,147),(214,80),(170,31),(92,159),(123,109),(65,68),(167,121),(239,32),
327:(161,95),(70,92),(72,159),(246,36),(148,219),(106,104),(184,69),(48,148),(121,49),(192,157),(104,95),(70,168),(40,152),(62,41),(131,103),(129,158),(98,184),(171,101),(46,67),(96,188),(148,226),(50,145),(154,147),(214,80),(170,31),(92,159),(123,109),(65,68),(167,121),(239,32),
328:(161,95),(70,92),(72,159),(246,36),(148,219),(106,104),(184,69),(48,148),(121,49),(192,157),(104,95),(70,168),(39,152),(62,41),(131,103),(129,158),(98,184),(171,101),(46,67),(96,188),(148,226),(50,145),(154,147),(214,80),(170,31),(92,159),(123,109),(65,68),(167,121),(239,32),
329:(161,95),(70,92),(72,159),(246,36),(148,219),(106,104),(184,69),(48,148),(121,49),(192,157),(104,95),(70,168),(38,152),(62,41),(131,103),(129,158),(98,184),(171,101),(46,67),(96,188),(148,226),(50,145),(154,147),(214,80),(170,31),(92,159),(123,109),(65,68),(167,121),(239,32),
330:(161,95),(70,92),(72,159),(246,36),(148,219),(106,104),(184,69),(48,148),(121,49),(192,157),(104,95),(70,168),(37,152),(62,41),(131,103),(129,158),(98,184),(171,101),(46,67),(96,188),(148,226),(50,145),(154,147),(214,80),(170,31),(92,159),(123,109),(65,68),(167,121),(239,32),
331:(161,95),(70,92),(72,159),(246,36),(148,219),(106,104),(184,69),(48,148),(121,49),(192,157),(104,95),(70,168),(36,152),(62,41),(131,103),(129,158),(98,184),(171,101),(46,67),(96,188),(148,226),(50,145),(154,147),(214,80),(170,31),(92,159),(123,109),(65,68),(167,121),(239,32),
332:(161,95),(70,92),(72,159),(246,36),(148,219),(106,104),(184,69),(48,148),(121,49),(192,157),(104,95),(70,168),(35,152),(62,41),(131,103),(129,158),(98,184),(171,101),(46,67),(96,188),(148,226),(50,145),(154,147),(214,80),(170,31),(92,159),(123,109),(65,68),(167,121),(239,32),
333:(161,95),(70,92),(72,159),(246,36),(148,219),(106,104),(184,69),(48,148),(121,49),(192,157),(104,95),(70,168),(34,152),(62,41),(131,103),(129,158),(98,184),(171,101),(46,67),(96,188),(148,226),(50,145),(154,147),(214,80),(170,31),(92,159),(123,109),(65,68),(167,121),(239,32),
334:(161,95),(70,92),(72,159),(246,36),(148,219),(106,104),(184,69),(48,148),(121,49),(192,157),(104,95),(70,168),(33,152),(62,41),(131,103),(129,158),(98,184),(171,101),(46,67),(96,188),(148,226),(50,145),(154,147),(214,80),(170,31),(92,159),(123,109),(65,68),(167,121),(239,32),
335:(161,95),(70,92),(72,159),(246,36),(148,219),(106,104),(184,69),(48,148),(121,49),(192,157),(104,95),(70,168),(32,152),(62,41),(131,103),(129,158),(98,184),(171,101),(46,67),(96,188),(148,226),(50,145),(154,147),(214,80),(170,31),(92,159),(123,109),(65,68),(167,121),(239,32),
336:(161,95),(70,92),(72,159),(246,36),(148,219),(106,104),(184,69),(48,148),(121,49),(192,157),(104,95),(70,168),(31,152),(62,41),(131,103),(129,158),(98,184),(171,101),(46,67),(96,188),(148,226),(50,145),(154,147),(214,80),(170,31),(92,159),(123,109),(65,68),(167,121),(239,32),
337:(161,95),(70,92),(72,159),(246,36),(148,219),(106,104),(184,69),(48,148),(121,49),(192,157),(104,95),(70,168),(30,152),(62,41),(131,103),(129,158),(98,184),(171,101),(46,67),(96,188),(148,226),(50,145),(154,147),(214,80),(170,31),(92,159),(123,109),(65,68),(167,121),(239,32),
338:(161,95),(70,92),(72,159),(246,36),(148,219),(106,104),(184,69),(48,148),(121,49),(192,157),(104,95),(70,168),(29,152),(62,41),(131,103),(129,158),(98,184),(171,101),(46,67),(96,188),(148,226),(50,145),(154,147),(214,80),(170,31),(92,159),(123,109),(65,68),(167,121),(239,32),
339:(161,95),(70,92),(72,159),(246,36),(148,219),(106,104),(184,69),(48,148),(121,49),(192,157),(104,95),(70,168),(28,152),(62,41),(131,103),(129,158),(98,184),(171,101),(46,67),(96,188),(148,226),(50,145),(154,147),(214,80),(170,31),(92,159),(123,109),(65,68),(167,121),(239,32),
340:(161,95),(70,92),(72,159),(246,36),(148,219),(106,104),(184,69),(48,148),(121,49),(192,157),(104,95),(70,168),(27,152),(62,41),(131,103),(129,158),(98,184),(171,101),(46,67),(96,188),(148,226),(50,145),(154,147),(214,80),(170,31),(92,159),(123,109),(65,68),(167,121),(239,32),
341:(161,95),(70,92),(72,159),(246,36),(148,219),(106,104),(184,69),(48,148),(121,49),(192,157),(104,95),(70,168),(26,152),(62,41),(131,103),(129,158),(98,184),(171,101),(46,67),(96,188),(148,226),(50,145),(154,147),(214,80),(170,31),(92,159),(123,109),(65,68),(167,121),(239,32),
342:(161,95),(70,92),(72,159),(246,36),(148,219),(106,104),(184,69),(48,148),(121,49),(192,157),(104,95),(70,168),(25,152),(62,41),(131,103),(129,158),(98,184),(171,101),(46,67),(96,188),(148,226),(50,145),(154,147),(214,80),(170,31),(92,159),(123,109),(65,68),(167,121),(239,32),
343:(161,95),(70,92),(72,159),(246,36),(148,219),(106,104),(184,69),(48,148),(121,49),(192,157),(104,95),(70,168),(24,152),(62,41),(131,103),(129,158),(98,184),(171,101),(46,67),(96,188),(148,226),(50,145),(154,147),(214,80),(170,31),(92,159),(123,109),(65,68),(167,121),(239,32),
344:(161,95),(70,92),(72,159),(246,36),(148,219),(106,104),(184,69),(48,148),(121,49),(192,157),(104,95),(70,168),(23,152),(62,41),(131,103),(129,158),(98,184),(171,101),(46,67),(96,188),(148,226),(50,145),(154,147),(214,80),(170,31),(92,159),(123,109),(65,68),(167,121),(239,32),
345:(161,95),(70,92),(72,159),(246,36),(148,219),(106,104),(184,69),(48,148),(121,49),(192,157),(104,95),(70,168),(22,152),(62,41),(131,103),(129,158),(98,184),(171,101),(46,67),(96,188),(148,226),(50,145),(154,147),(214,80),(170,31),(92,159),(123,109),(65,68),(167,121),(239,32),
346:(161,95),(70,92),(72,159),(246,36),(148,219),(106,104),(184,69),(48,148),(121,49),(192,157),(104,95),(70,168),(21,152),(62,41),(131,103),(129,158),(98,184),(171,101),(46,67),(96,188),(148,226),(50,145),(154,147),(214,80),(170,31),(92,159),(123,109),(65,68),(167,121),(239,32),
347:(161,95),(70,92),(72,159),(246,36),(148,219),(106,104),(184,69),(48,148),(121,49),(192,157),(104,95),(70,168),(20,152),(62,41),(131,103),(129,158),(98,184),(171,101),(46,67),(96,188),(148,226),(50,145),(154,147),(214,80),(170,31),(92,159),(123,109),(65,68),(167,121),(239,32),
