instance=temp_instance.txt
agents=20
map_file=warehouse-20-40-10-2-2.map
solver=PIBT
solved=1
soc=3775
lb_soc=3609
makespan=421
lb_makespan=421
comp_time=25
preprocessing_comp_time=13
starts=(327,162),(328,41),(5,66),(8,15),(177,98),(270,18),(102,57),(221,86),(335,72),(192,109),(42,46),(37,97),(46,39),(69,66),(312,122),(44,138),(241,61),(87,133),(144,30),(333,52),
goals=(32,36),(161,149),(88,162),(238,150),(177,74),(254,116),(41,9),(108,90),(172,21),(177,57),(273,17),(315,152),(77,86),(29,56),(152,34),(17,153),(236,70),(301,5),(247,93),(203,105),
solution=
0:(327,162),(328,41),(5,66),(8,15),(177,98),(270,18),(102,57),(221,86),(335,72),(192,109),(42,46),(37,97),(46,39),(69,66),(312,122),(44,138),(241,61),(87,133),(144,30),(333,52),
1:(326,162),(327,41),(5,67),(9,15),(178,98),(269,18),(101,57),(220,86),(335,71),(191,109),(43,46),(38,97),(46,40),(68,66),(312,121),(43,138),(241,62),(88,133),(145,30),(333,53),
2:(326,161),(327,42),(6,67),(9,16),(178,97),(268,18),(100,57),(219,86),(335,70),(190,109),(44,46),(38,98),(46,41),(68,65),(312,120),(43,139),(241,63),(89,133),(145,31),(332,53),
3:(325,161),(326,42),(6,68),(9,17),(179,97),(267,18),(99,57),(218,86),(335,69),(189,109),(44,45),(38,99),(46,42),(67,65),(311,120),(43,140),(241,64),(90,133),(146,31),(331,53),
4:(325,160),(325,42),(7,68),(9,18),(180,97),(266,18),(98,57),(217,86),(335,68),(188,109),(44,44),(39,99),(47,42),(66,65),(311,119),(43,141),(241,65),(91,133),(146,32),(331,54),
5:(324,160),(324,42),(8,68),(9,19),(181,97),(265,18),(98,56),(216,86),(335,67),(187,109),(45,44),(39,100),(47,43),(65,65),(310,119),(42,141),(241,66),(92,133),(146,33),(331,55),
6:(324,159),(323,42),(9,68),(9,20),(181,96),(265,19),(98,55),(215,86),(335,66),(186,109),(45,43),(39,101),(48,43),(64,65),(310,118),(41,141),(241,67),(93,133),(147,33),(331,56),
7:(323,159),(322,42),(10,68),(9,21),(181,95),(265,20),(98,54),(214,86),(335,65),(185,109),(46,43),(39,102),(49,43),(63,65),(309,118),(41,142),(241,68),(94,133),(147,34),(330,56),
8:(323,158),(322,43),(11,68),(9,22),(181,94),(265,21),(98,53),(213,86),(334,65),(184,109),(46,42),(40,102),(49,44),(62,65),(308,118),(40,142),(241,69),(95,133),(148,34),(330,57),
9:(322,158),(322,44),(12,68),(10,22),(181,93),(264,21),(98,52),(212,86),(333,65),(183,109),(47,42),(41,102),(49,45),(62,64),(308,117),(40,143),(240,69),(96,133),(149,34),(330,58),
10:(322,157),(322,45),(12,69),(10,23),(181,92),(264,22),(97,52),(211,86),(332,65),(182,109),(47,41),(41,103),(49,46),(61,64),(307,117),(39,143),(239,69),(97,133),(150,34),(330,59),
11:(322,156),(321,45),(13,69),(10,24),(181,91),(263,22),(97,51),(210,86),(331,65),(181,109),(48,41),(41,104),(49,47),(61,63),(306,117),(39,144),(238,69),(97,132),(151,34),(330,60),
12:(321,156),(320,45),(14,69),(10,25),(181,90),(262,22),(97,50),(209,86),(331,64),(181,108),(49,41),(42,104),(49,48),(61,62),(305,117),(39,145),(238,70),(97,131),(152,34),(330,61),
13:(320,156),(320,46),(14,70),(11,25),(181,89),(261,22),(97,49),(208,86),(331,63),(181,107),(50,41),(43,104),(50,48),(60,62),(305,116),(39,146),(237,70),(97,130),(153,34),(330,62),
14:(319,156),(320,47),(14,71),(12,25),(181,88),(260,22),(96,49),(207,86),(330,63),(181,106),(51,41),(44,104),(50,49),(59,62),(304,116),(38,146),(236,70),(97,129),(154,34),(329,62),
15:(318,156),(320,48),(14,72),(12,26),(181,87),(259,22),(95,49),(206,86),(330,62),(181,105),(52,41),(45,104),(50,50),(59,61),(303,116),(38,147),(236,70),(98,129),(155,34),(329,63),
16:(317,156),(319,48),(15,72),(12,27),(181,86),(258,22),(94,49),(206,87),(329,62),(181,104),(53,41),(46,104),(50,51),(58,61),(302,116),(37,147),(236,70),(98,128),(156,34),(329,64),
17:(316,156),(318,48),(15,73),(12,28),(181,85),(257,22),(93,49),(205,87),(329,61),(181,103),(54,41),(46,105),(50,52),(57,61),(302,115),(37,148),(236,70),(98,127),(157,34),(329,65),
18:(315,156),(318,49),(15,74),(13,28),(181,84),(256,22),(92,49),(205,88),(328,61),(181,102),(55,41),(46,106),(50,53),(56,61),(301,115),(36,148),(236,70),(98,126),(158,34),(328,65),
19:(315,155),(318,50),(16,74),(14,28),(181,83),(255,22),(91,49),(205,89),(327,61),(181,101),(56,41),(46,107),(51,53),(55,61),(300,115),(35,148),(236,70),(99,126),(158,35),(328,66),
20:(315,154),(317,50),(17,74),(15,28),(181,82),(254,22),(90,49),(204,89),(327,60),(181,100),(57,41),(46,108),(51,54),(54,61),(299,115),(34,148),(236,70),(99,125),(158,36),(328,67),
21:(314,154),(317,51),(17,75),(15,29),(181,81),(254,23),(89,49),(203,89),(326,60),(181,99),(58,41),(47,108),(52,54),(53,61),(298,115),(33,148),(236,70),(100,125),(158,37),(328,68),
22:(313,154),(317,52),(17,76),(15,30),(181,80),(254,24),(88,49),(202,89),(326,59),(181,98),(59,41),(47,109),(53,54),(52,61),(297,115),(33,149),(236,70),(101,125),(158,38),(328,69),
23:(312,154),(317,53),(17,77),(15,31),(181,79),(254,25),(87,49),(202,90),(326,58),(181,97),(60,41),(47,110),(54,54),(51,61),(296,115),(33,150),(236,70),(102,125),(158,39),(328,70),
24:(311,154),(316,53),(18,77),(16,31),(181,78),(254,26),(86,49),(201,90),(325,58),(181,96),(61,41),(47,111),(55,54),(50,61),(295,115),(33,151),(236,70),(103,125),(158,40),(328,71),
25:(311,153),(316,54),(18,78),(17,31),(181,77),(254,27),(85,49),(200,90),(325,57),(181,95),(62,41),(48,111),(56,54),(50,60),(294,115),(33,152),(236,70),(104,125),(158,41),(327,71),
26:(311,152),(315,54),(18,79),(18,31),(181,76),(254,28),(84,49),(199,90),(324,57),(181,94),(63,41),(49,111),(57,54),(49,60),(294,114),(32,152),(236,70),(105,125),(158,42),(326,71),
27:(310,152),(314,54),(19,79),(19,31),(181,75),(254,29),(83,49),(198,90),(323,57),(181,93),(64,41),(49,112),(58,54),(48,60),(293,114),(32,153),(236,70),(106,125),(158,43),(325,71),
28:(310,151),(314,55),(19,80),(19,32),(181,74),(254,30),(82,49),(197,90),(322,57),(181,92),(65,41),(50,112),(59,54),(47,60),(292,114),(31,153),(236,70),(107,125),(158,44),(325,72),
29:(310,150),(313,55),(19,81),(19,33),(180,74),(254,31),(81,49),(196,90),(322,56),(181,91),(66,41),(50,113),(60,54),(46,60),(291,114),(30,153),(236,70),(108,125),(158,45),(325,73),
30:(309,150),(312,55),(19,82),(20,33),(179,74),(254,32),(80,49),(195,90),(321,56),(181,90),(67,41),(51,113),(61,54),(46,59),(291,113),(29,153),(236,70),(109,125),(158,46),(325,74),
31:(309,149),(312,56),(19,83),(21,33),(178,74),(254,33),(79,49),(194,90),(320,56),(181,89),(68,41),(51,114),(61,55),(46,58),(290,113),(28,153),(236,70),(110,125),(158,47),(324,74),
32:(309,148),(311,56),(20,83),(22,33),(177,74),(254,34),(78,49),(193,90),(319,56),(181,88),(69,41),(52,114),(62,55),(45,58),(290,112),(27,153),(236,70),(111,125),(158,48),(324,75),
33:(309,147),(311,57),(21,83),(23,33),(177,74),(254,35),(77,49),(192,90),(318,56),(181,87),(70,41),(53,114),(62,56),(45,57),(289,112),(26,153),(236,70),(112,125),(158,49),(324,76),
34:(309,146),(310,57),(21,84),(23,34),(177,74),(254,36),(76,49),(191,90),(318,55),(181,86),(71,41),(54,114),(62,57),(44,57),(289,111),(25,153),(236,70),(113,125),(158,50),(323,76),
35:(308,146),(310,58),(21,85),(24,34),(177,74),(254,37),(75,49),(190,90),(317,55),(181,85),(72,41),(55,114),(63,57),(44,56),(289,110),(24,153),(236,70),(114,125),(159,50),(322,76),
36:(307,146),(309,58),(22,85),(25,34),(177,74),(254,38),(74,49),(189,90),(317,54),(181,84),(73,41),(56,114),(63,58),(43,56),(288,110),(23,153),(236,70),(115,125),(160,50),(321,76),
37:(306,146),(308,58),(23,85),(25,35),(177,74),(254,39),(73,49),(188,90),(316,54),(181,83),(74,41),(57,114),(64,58),(42,56),(287,110),(22,153),(236,70),(116,125),(161,50),(320,76),
38:(305,146),(307,58),(23,86),(25,36),(177,74),(254,40),(72,49),(187,90),(315,54),(181,82),(74,40),(58,114),(65,58),(41,56),(286,110),(21,153),(236,70),(117,125),(162,50),(320,77),
39:(305,145),(307,59),(24,86),(26,36),(177,74),(254,41),(71,49),(186,90),(314,54),(181,81),(74,39),(59,114),(66,58),(40,56),(285,110),(20,153),(236,70),(118,125),(163,50),(319,77),
40:(305,144),(306,59),(25,86),(27,36),(177,74),(254,42),(70,49),(185,90),(314,53),(181,80),(74,38),(60,114),(67,58),(39,56),(284,110),(19,153),(236,70),(119,125),(164,50),(319,78),
41:(304,144),(306,60),(25,87),(28,36),(177,74),(254,43),(69,49),(184,90),(313,53),(181,79),(74,37),(61,114),(68,58),(38,56),(283,110),(18,153),(236,70),(120,125),(165,50),(319,79),
42:(304,143),(306,61),(25,88),(29,36),(177,74),(254,44),(68,49),(183,90),(313,52),(181,78),(75,37),(62,114),(69,58),(37,56),(283,109),(17,153),(236,70),(121,125),(166,50),(319,80),
43:(303,143),(306,62),(26,88),(29,37),(177,74),(254,45),(67,49),(182,90),(313,51),(181,77),(76,37),(63,114),(70,58),(36,56),(282,109),(17,153),(236,70),(121,124),(167,50),(318,80),
44:(302,143),(305,62),(26,89),(29,38),(177,74),(254,46),(66,49),(181,90),(312,51),(181,76),(77,37),(64,114),(71,58),(35,56),(281,109),(17,153),(236,70),(122,124),(168,50),(318,81),
45:(302,142),(305,63),(26,90),(30,38),(177,74),(254,47),(65,49),(180,90),(311,51),(181,75),(78,37),(65,114),(72,58),(34,56),(280,109),(17,153),(236,70),(122,123),(169,50),(317,81),
46:(301,142),(305,64),(26,91),(31,38),(177,74),(254,48),(64,49),(179,90),(311,50),(181,74),(79,37),(66,114),(73,58),(33,56),(279,109),(17,153),(236,70),(122,122),(170,50),(316,81),
47:(301,141),(305,65),(26,92),(31,39),(177,74),(254,49),(63,49),(178,90),(310,50),(181,73),(80,37),(67,114),(73,59),(32,56),(278,109),(17,153),(236,70),(123,122),(171,50),(316,82),
48:(301,140),(304,65),(27,92),(31,40),(177,74),(254,50),(62,49),(177,90),(309,50),(181,72),(81,37),(68,114),(73,60),(31,56),(278,108),(17,153),(236,70),(124,122),(172,50),(315,82),
49:(300,140),(304,66),(27,93),(32,40),(177,74),(254,51),(62,48),(176,90),(309,49),(181,71),(82,37),(69,114),(74,60),(30,56),(277,108),(17,153),(236,70),(125,122),(173,50),(315,83),
50:(300,139),(303,66),(28,93),(33,40),(177,74),(254,52),(61,48),(175,90),(309,48),(181,70),(83,37),(70,114),(74,61),(29,56),(277,107),(17,153),(236,70),(126,122),(174,50),(314,83),
51:(299,139),(303,67),(29,93),(33,41),(177,74),(254,53),(61,47),(174,90),(309,47),(181,69),(84,37),(71,114),(74,62),(29,56),(277,106),(17,153),(236,70),(126,121),(175,50),(314,84),
52:(298,139),(303,68),(29,94),(34,41),(177,74),(254,54),(61,46),(173,90),(309,46),(181,68),(85,37),(72,114),(74,63),(29,56),(277,105),(17,153),(236,70),(127,121),(176,50),(314,85),
53:(298,138),(303,69),(29,95),(34,42),(177,74),(254,55),(61,45),(172,90),(309,45),(181,67),(85,36),(73,114),(74,64),(29,56),(277,104),(17,153),(236,70),(128,121),(177,50),(314,86),
54:(297,138),(303,70),(30,95),(34,43),(177,74),(254,56),(60,45),(171,90),(308,45),(181,66),(86,36),(73,115),(74,65),(29,56),(277,103),(17,153),(236,70),(129,121),(178,50),(314,87),
55:(296,138),(302,70),(30,96),(34,44),(177,74),(254,57),(59,45),(170,90),(307,45),(181,65),(86,35),(74,115),(74,66),(29,56),(277,102),(17,153),(236,70),(130,121),(179,50),(314,88),
56:(296,137),(301,70),(31,96),(34,45),(177,74),(254,58),(58,45),(169,90),(307,44),(181,64),(86,34),(74,116),(74,67),(29,56),(277,101),(17,153),(236,70),(131,121),(180,50),(313,88),
57:(296,136),(300,70),(32,96),(34,46),(177,74),(254,59),(57,45),(168,90),(306,44),(181,63),(86,33),(74,117),(74,68),(29,56),(276,101),(17,153),(236,70),(132,121),(181,50),(312,88),
58:(295,136),(299,70),(33,96),(34,47),(177,74),(254,60),(56,45),(167,90),(306,43),(181,62),(86,32),(75,117),(74,69),(29,56),(275,101),(17,153),(236,70),(133,121),(182,50),(311,88),
59:(294,136),(299,71),(34,96),(35,47),(177,74),(254,61),(55,45),(166,90),(305,43),(181,61),(86,31),(76,117),(74,70),(29,56),(274,101),(17,153),(236,70),(133,120),(183,50),(311,89),
60:(293,136),(298,71),(35,96),(36,47),(177,74),(254,62),(54,45),(165,90),(305,42),(181,60),(86,30),(76,118),(74,71),(29,56),(273,101),(17,153),(236,70),(134,120),(184,50),(311,90),
61:(293,135),(298,72),(36,96),(37,47),(177,74),(254,63),(53,45),(164,90),(304,42),(181,59),(86,29),(77,118),(74,72),(29,56),(272,101),(17,153),(236,70),(134,119),(185,50),(311,91),
62:(293,134),(297,72),(37,96),(37,48),(177,74),(254,64),(52,45),(163,90),(304,41),(181,58),(87,29),(78,118),(74,73),(29,56),(271,101),(17,153),(236,70),(134,118),(186,50),(310,91),
63:(292,134),(297,73),(38,96),(37,49),(177,74),(254,65),(51,45),(162,90),(303,41),(181,57),(88,29),(79,118),(74,74),(29,56),(270,101),(17,153),(236,70),(134,117),(187,50),(310,92),
64:(291,134),(296,73),(39,96),(37,50),(177,74),(254,66),(50,45),(161,90),(303,40),(180,57),(89,29),(80,118),(74,75),(29,56),(269,101),(17,153),(236,70),(134,116),(188,50),(310,93),
65:(291,133),(296,74),(39,97),(37,51),(177,74),(254,67),(50,44),(160,90),(303,39),(179,57),(90,29),(81,118),(74,76),(29,56),(268,101),(17,153),(236,70),(134,115),(189,50),(309,93),
66:(291,132),(295,74),(40,97),(37,52),(177,74),(254,68),(50,43),(159,90),(302,39),(178,57),(91,29),(82,118),(74,77),(29,56),(267,101),(17,153),(236,70),(134,114),(190,50),(308,93),
67:(291,131),(294,74),(41,97),(38,52),(177,74),(254,69),(50,42),(158,90),(301,39),(177,57),(92,29),(83,118),(74,78),(29,56),(266,101),(17,153),(236,70),(135,114),(191,50),(308,94),
68:(290,131),(293,74),(42,97),(39,52),(177,74),(254,70),(50,41),(157,90),(301,38),(177,57),(93,29),(84,118),(74,79),(29,56),(266,100),(17,153),(236,70),(136,114),(192,50),(307,94),
69:(290,130),(292,74),(42,98),(39,53),(177,74),(254,71),(50,40),(156,90),(300,38),(177,57),(94,29),(85,118),(74,80),(29,56),(265,100),(17,153),(236,70),(136,113),(193,50),(307,95),
70:(290,129),(292,75),(42,99),(39,54),(177,74),(254,72),(49,40),(155,90),(300,37),(177,57),(95,29),(86,118),(74,81),(29,56),(265,99),(17,153),(236,70),(137,113),(193,51),(307,96),
71:(289,129),(291,75),(43,99),(39,55),(177,74),(254,73),(48,40),(154,90),(300,36),(177,57),(96,29),(86,119),(74,82),(29,56),(265,98),(17,153),(236,70),(138,113),(193,52),(307,97),
72:(289,128),(291,76),(43,100),(39,56),(177,74),(254,74),(48,39),(153,90),(299,36),(177,57),(97,29),(86,120),(74,83),(29,56),(265,97),(17,153),(236,70),(139,113),(193,53),(307,98),
73:(289,127),(290,76),(43,101),(39,57),(177,74),(254,75),(47,39),(152,90),(298,36),(177,57),(97,28),(86,121),(74,84),(29,56),(265,96),(17,153),(236,70),(140,113),(193,54),(306,98),
74:(289,126),(289,76),(44,101),(40,57),(177,74),(254,76),(47,38),(151,90),(297,36),(177,57),(97,27),(87,121),(74,85),(29,56),(265,95),(17,153),(236,70),(141,113),(193,55),(306,99),
75:(288,126),(289,77),(44,102),(41,57),(177,74),(254,77),(46,38),(150,90),(297,35),(177,57),(97,26),(88,121),(75,85),(29,56),(265,94),(17,153),(236,70),(142,113),(193,56),(305,99),
76:(287,126),(288,77),(45,102),(42,57),(177,74),(254,78),(45,38),(149,90),(297,34),(177,57),(97,25),(88,122),(76,85),(29,56),(265,93),(17,153),(236,70),(143,113),(193,57),(305,100),
77:(286,126),(288,78),(46,102),(42,58),(177,74),(254,79),(44,38),(148,90),(297,33),(177,57),(97,24),(89,122),(76,86),(29,56),(264,93),(17,153),(236,70),(144,113),(194,57),(305,101),
78:(285,126),(287,78),(47,102),(43,58),(177,74),(254,80),(44,37),(147,90),(297,32),(177,57),(97,23),(90,122),(77,86),(29,56),(263,93),(17,153),(236,70),(145,113),(195,57),(305,102),
79:(285,125),(286,78),(48,102),(43,59),(177,74),(254,81),(44,36),(146,90),(297,31),(177,57),(98,23),(91,122),(77,86),(29,56),(262,93),(17,153),(236,70),(146,113),(195,58),(304,102),
80:(284,125),(285,78),(48,103),(44,59),(177,74),(254,82),(44,35),(145,90),(297,30),(177,57),(98,22),(92,122),(77,86),(29,56),(261,93),(17,153),(236,70),(147,113),(196,58),(304,103),
81:(283,125),(284,78),(49,103),(45,59),(177,74),(254,83),(43,35),(144,90),(296,30),(177,57),(98,21),(93,122),(77,86),(29,56),(260,93),(17,153),(236,70),(148,113),(197,58),(304,104),
82:(282,125),(283,78),(49,104),(45,60),(177,74),(254,84),(42,35),(143,90),(295,30),(177,57),(98,20),(94,122),(77,86),(29,56),(259,93),(17,153),(236,70),(149,113),(198,58),(303,104),
83:(281,125),(282,78),(49,105),(45,61),(177,74),(254,85),(42,34),(142,90),(294,30),(177,57),(98,19),(95,122),(77,86),(29,56),(258,93),(17,153),(236,70),(150,113),(199,58),(303,105),
84:(280,125),(281,78),(50,105),(46,61),(177,74),(254,86),(41,34),(141,90),(294,29),(177,57),(98,18),(96,122),(77,86),(29,56),(257,93),(17,153),(236,70),(151,113),(200,58),(302,105),
85:(279,125),(280,78),(51,105),(47,61),(177,74),(254,87),(41,33),(140,90),(294,28),(177,57),(98,17),(97,122),(77,86),(29,56),(256,93),(17,153),(236,70),(152,113),(201,58),(301,105),
86:(278,125),(279,78),(51,106),(47,62),(177,74),(254,88),(41,32),(139,90),(294,27),(177,57),(99,17),(98,122),(77,86),(29,56),(255,93),(17,153),(236,70),(153,113),(202,58),(300,105),
87:(277,125),(278,78),(52,106),(47,63),(177,74),(254,89),(41,31),(138,90),(293,27),(177,57),(100,17),(98,123),(77,86),(29,56),(254,93),(17,153),(236,70),(154,113),(203,58),(299,105),
88:(277,124),(278,79),(53,106),(47,64),(177,74),(254,90),(41,30),(137,90),(293,26),(177,57),(101,17),(98,124),(77,86),(29,56),(254,92),(17,153),(236,70),(155,113),(204,58),(298,105),
89:(277,123),(277,79),(54,106),(48,64),(177,74),(254,91),(41,29),(136,90),(292,26),(177,57),(102,17),(98,125),(77,86),(29,56),(253,92),(17,153),(236,70),(156,113),(205,58),(297,105),
90:(277,122),(277,80),(55,106),(49,64),(177,74),(254,92),(41,28),(135,90),(291,26),(177,57),(103,17),(98,126),(77,86),(29,56),(253,91),(17,153),(236,70),(157,113),(205,59),(296,105),
91:(276,122),(277,81),(56,106),(50,64),(177,74),(254,93),(41,27),(134,90),(291,25),(177,57),(104,17),(99,126),(77,86),(29,56),(253,90),(17,153),(236,70),(158,113),(205,60),(295,105),
92:(276,121),(277,82),(57,106),(50,65),(177,74),(254,94),(41,26),(133,90),(290,25),(177,57),(105,17),(100,126),(77,86),(29,56),(253,89),(17,153),(236,70),(159,113),(206,60),(294,105),
93:(275,121),(276,82),(58,106),(51,65),(177,74),(254,95),(41,25),(132,90),(289,25),(177,57),(106,17),(101,126),(77,86),(29,56),(253,88),(17,153),(236,70),(160,113),(206,61),(293,105),
94:(274,121),(275,82),(59,106),(52,65),(177,74),(254,96),(41,24),(131,90),(288,25),(177,57),(107,17),(102,126),(77,86),(29,56),(253,87),(17,153),(236,70),(161,113),(206,62),(292,105),
95:(273,121),(274,82),(60,106),(52,66),(177,74),(254,97),(41,23),(130,90),(287,25),(177,57),(108,17),(103,126),(77,86),(29,56),(253,86),(17,153),(236,70),(162,113),(207,62),(291,105),
96:(272,121),(273,82),(61,106),(53,66),(177,74),(254,98),(41,22),(129,90),(286,25),(177,57),(109,17),(104,126),(77,86),(29,56),(253,85),(17,153),(236,70),(163,113),(208,62),(290,105),
97:(271,121),(272,82),(62,106),(54,66),(177,74),(254,99),(41,21),(128,90),(285,25),(177,57),(110,17),(105,126),(77,86),(29,56),(252,85),(17,153),(236,70),(164,113),(209,62),(289,105),
98:(270,121),(271,82),(62,107),(55,66),(177,74),(254,100),(41,20),(127,90),(284,25),(177,57),(111,17),(106,126),(77,86),(29,56),(251,85),(17,153),(236,70),(165,113),(210,62),(288,105),
99:(269,121),(270,82),(62,108),(56,66),(177,74),(254,101),(41,19),(126,90),(283,25),(177,57),(112,17),(107,126),(77,86),(29,56),(250,85),(17,153),(236,70),(166,113),(211,62),(287,105),
100:(268,121),(269,82),(62,109),(57,66),(177,74),(254,102),(41,18),(125,90),(282,25),(177,57),(113,17),(108,126),(77,86),(29,56),(249,85),(17,153),(236,70),(167,113),(212,62),(286,105),
101:(267,121),(268,82),(63,109),(58,66),(177,74),(254,103),(41,17),(124,90),(281,25),(177,57),(114,17),(109,126),(77,86),(29,56),(248,85),(17,153),(236,70),(168,113),(213,62),(285,105),
102:(266,121),(267,82),(64,109),(59,66),(177,74),(254,104),(41,16),(123,90),(280,25),(177,57),(115,17),(110,126),(77,86),(29,56),(247,85),(17,153),(236,70),(169,113),(214,62),(284,105),
103:(265,121),(266,82),(65,109),(60,66),(177,74),(254,105),(41,15),(122,90),(279,25),(177,57),(116,17),(111,126),(77,86),(29,56),(246,85),(17,153),(236,70),(170,113),(215,62),(283,105),
104:(265,120),(266,83),(66,109),(61,66),(177,74),(254,106),(41,14),(121,90),(278,25),(177,57),(117,17),(112,126),(77,86),(29,56),(245,85),(17,153),(236,70),(171,113),(216,62),(282,105),
105:(265,119),(266,84),(67,109),(61,67),(177,74),(254,107),(41,13),(120,90),(278,24),(177,57),(118,17),(113,126),(77,86),(29,56),(244,85),(17,153),(236,70),(172,113),(217,62),(281,105),
106:(265,118),(265,84),(68,109),(61,68),(177,74),(254,108),(41,12),(119,90),(278,23),(177,57),(119,17),(114,126),(77,86),(29,56),(243,85),(17,153),(236,70),(173,113),(218,62),(280,105),
107:(265,117),(265,85),(69,109),(62,68),(177,74),(254,109),(41,11),(118,90),(277,23),(177,57),(120,17),(115,126),(77,86),(29,56),(242,85),(17,153),(236,70),(174,113),(219,62),(279,105),
108:(265,116),(265,86),(69,110),(62,69),(177,74),(254,110),(41,10),(117,90),(277,22),(177,57),(121,17),(116,126),(77,86),(29,56),(241,85),(17,153),(236,70),(175,113),(220,62),(278,105),
109:(265,115),(265,87),(70,110),(63,69),(177,74),(254,111),(41,9),(116,90),(277,21),(177,57),(122,17),(117,126),(77,86),(29,56),(241,84),(17,153),(236,70),(176,113),(221,62),(277,105),
110:(265,114),(265,88),(71,110),(64,69),(177,74),(254,112),(41,9),(115,90),(276,21),(177,57),(123,17),(118,126),(77,86),(29,56),(241,83),(17,153),(236,70),(177,113),(222,62),(276,105),
111:(265,113),(265,89),(72,110),(64,70),(177,74),(254,113),(41,9),(114,90),(275,21),(177,57),(124,17),(119,126),(77,86),(29,56),(241,82),(17,153),(236,70),(178,113),(223,62),(275,105),
112:(265,112),(265,90),(73,110),(65,70),(177,74),(254,114),(41,9),(113,90),(274,21),(177,57),(125,17),(120,126),(77,86),(29,56),(241,81),(17,153),(236,70),(179,113),(224,62),(274,105),
113:(265,111),(264,90),(74,110),(66,70),(177,74),(254,115),(41,9),(112,90),(273,21),(177,57),(126,17),(121,126),(77,86),(29,56),(241,80),(17,153),(236,70),(180,113),(225,62),(273,105),
114:(265,110),(263,90),(74,111),(67,70),(177,74),(254,116),(41,9),(111,90),(272,21),(177,57),(127,17),(122,126),(77,86),(29,56),(241,79),(17,153),(236,70),(181,113),(226,62),(272,105),
115:(265,109),(262,90),(74,112),(68,70),(177,74),(254,116),(41,9),(110,90),(271,21),(177,57),(128,17),(122,127),(77,86),(29,56),(241,78),(17,153),(236,70),(182,113),(227,62),(271,105),
116:(264,109),(261,90),(74,113),(69,70),(177,74),(254,116),(41,9),(109,90),(270,21),(177,57),(129,17),(122,128),(77,86),(29,56),(240,78),(17,153),(236,70),(183,113),(228,62),(270,105),
117:(263,109),(260,90),(75,113),(70,70),(177,74),(254,116),(41,9),(108,90),(269,21),(177,57),(130,17),(122,129),(77,86),(29,56),(239,78),(17,153),(236,70),(184,113),(229,62),(269,105),
118:(262,109),(259,90),(76,113),(71,70),(177,74),(254,116),(41,9),(108,90),(268,21),(177,57),(131,17),(123,129),(77,86),(29,56),(239,77),(17,153),(236,70),(185,113),(230,62),(268,105),
119:(261,109),(258,90),(76,114),(72,70),(177,74),(254,116),(41,9),(108,90),(267,21),(177,57),(132,17),(123,130),(77,86),(29,56),(238,77),(17,153),(236,70),(186,113),(230,63),(267,105),
120:(260,109),(257,90),(77,114),(73,70),(177,74),(254,116),(41,9),(108,90),(266,21),(177,57),(133,17),(124,130),(77,86),(29,56),(237,77),(17,153),(236,70),(187,113),(230,64),(266,105),
121:(259,109),(256,90),(78,114),(74,70),(177,74),(254,116),(41,9),(108,90),(265,21),(177,57),(134,17),(125,130),(77,86),(29,56),(236,77),(17,153),(236,70),(188,113),(230,65),(265,105),
122:(258,109),(255,90),(79,114),(74,71),(177,74),(254,116),(41,9),(108,90),(264,21),(177,57),(135,17),(126,130),(77,86),(29,56),(235,77),(17,153),(236,70),(189,113),(230,66),(264,105),
123:(257,109),(254,90),(80,114),(74,72),(177,74),(254,116),(41,9),(108,90),(263,21),(177,57),(136,17),(127,130),(77,86),(29,56),(234,77),(17,153),(236,70),(190,113),(230,67),(263,105),
124:(256,109),(253,90),(81,114),(74,73),(177,74),(254,116),(41,9),(108,90),(262,21),(177,57),(137,17),(128,130),(77,86),(29,56),(233,77),(17,153),(236,70),(191,113),(230,68),(262,105),
125:(255,109),(252,90),(82,114),(74,74),(177,74),(254,116),(41,9),(108,90),(261,21),(177,57),(138,17),(129,130),(77,86),(29,56),(232,77),(17,153),(236,70),(192,113),(230,69),(261,105),
126:(254,109),(251,90),(83,114),(75,74),(177,74),(254,116),(41,9),(108,90),(260,21),(177,57),(139,17),(130,130),(77,86),(29,56),(231,77),(17,153),(236,70),(193,113),(230,70),(260,105),
127:(253,109),(250,90),(84,114),(76,74),(177,74),(254,116),(41,9),(108,90),(259,21),(177,57),(140,17),(131,130),(77,86),(29,56),(230,77),(17,153),(236,70),(193,112),(231,70),(259,105),
128:(252,109),(249,90),(85,114),(77,74),(177,74),(254,116),(41,9),(108,90),(258,21),(177,57),(141,17),(132,130),(77,86),(29,56),(229,77),(17,153),(236,70),(194,112),(232,70),(258,105),
129:(251,109),(248,90),(85,115),(78,74),(177,74),(254,116),(41,9),(108,90),(257,21),(177,57),(142,17),(133,130),(77,86),(29,56),(228,77),(17,153),(236,70),(194,111),(233,70),(257,105),
130:(250,109),(247,90),(85,116),(79,74),(177,74),(254,116),(41,9),(108,90),(256,21),(177,57),(143,17),(133,131),(77,86),(29,56),(227,77),(17,153),(236,70),(194,110),(234,70),(256,105),
131:(249,109),(246,90),(85,117),(80,74),(177,74),(254,116),(41,9),(108,90),(255,21),(177,57),(144,17),(133,132),(77,86),(29,56),(226,77),(17,153),(236,70),(194,109),(235,70),(255,105),
132:(248,109),(245,90),(86,117),(81,74),(177,74),(254,116),(41,9),(108,90),(254,21),(177,57),(145,17),(133,133),(77,86),(29,56),(225,77),(17,153),(236,69),(195,109),(236,70),(254,105),
133:(247,109),(244,90),(86,118),(82,74),(177,74),(254,116),(41,9),(108,90),(253,21),(177,57),(146,17),(133,134),(77,86),(29,56),(224,77),(17,153),(236,70),(196,109),(237,70),(253,105),
134:(246,109),(243,90),(86,119),(83,74),(177,74),(254,116),(41,9),(108,90),(252,21),(177,57),(147,17),(133,135),(77,86),(29,56),(223,77),(17,153),(236,70),(197,109),(238,70),(252,105),
135:(245,109),(242,90),(86,120),(84,74),(177,74),(254,116),(41,9),(108,90),(251,21),(177,57),(148,17),(134,135),(77,86),(29,56),(222,77),(17,153),(236,70),(198,109),(239,70),(251,105),
136:(244,109),(242,91),(86,121),(85,74),(177,74),(254,116),(41,9),(108,90),(250,21),(177,57),(149,17),(134,136),(77,86),(29,56),(221,77),(17,153),(236,70),(199,109),(240,70),(250,105),
137:(243,109),(242,92),(86,122),(85,75),(177,74),(254,116),(41,9),(108,90),(249,21),(177,57),(150,17),(134,137),(77,86),(29,56),(220,77),(17,153),(236,70),(200,109),(241,70),(249,105),
138:(242,109),(241,92),(86,123),(85,76),(177,74),(254,116),(41,9),(108,90),(248,21),(177,57),(151,17),(135,137),(77,86),(29,56),(219,77),(17,153),(236,70),(201,109),(242,70),(248,105),
139:(242,108),(241,93),(86,124),(85,77),(177,74),(254,116),(41,9),(108,90),(247,21),(177,57),(152,17),(136,137),(77,86),(29,56),(218,77),(17,153),(236,70),(202,109),(242,71),(247,105),
140:(241,108),(241,94),(86,125),(86,77),(177,74),(254,116),(41,9),(108,90),(246,21),(177,57),(153,17),(137,137),(77,86),(29,56),(217,77),(17,153),(236,70),(203,109),(242,72),(246,105),
141:(241,107),(240,94),(86,126),(87,77),(177,74),(254,116),(41,9),(108,90),(245,21),(177,57),(154,17),(137,138),(77,86),(29,56),(216,77),(17,153),(236,70),(204,109),(242,73),(245,105),
142:(241,106),(239,94),(86,127),(88,77),(177,74),(254,116),(41,9),(108,90),(244,21),(177,57),(155,17),(138,138),(77,86),(29,56),(215,77),(17,153),(236,70),(205,109),(242,74),(244,105),
143:(240,106),(238,94),(86,128),(89,77),(177,74),(254,116),(41,9),(108,90),(243,21),(177,57),(156,17),(139,138),(77,86),(29,56),(214,77),(17,153),(236,70),(206,109),(242,75),(243,105),
144:(240,105),(237,94),(86,129),(89,78),(177,74),(254,116),(41,9),(108,90),(242,21),(177,57),(157,17),(140,138),(77,86),(29,56),(213,77),(17,153),(236,70),(206,108),(242,76),(242,105),
145:(239,105),(236,94),(86,130),(90,78),(177,74),(254,116),(41,9),(108,90),(241,21),(177,57),(158,17),(141,138),(77,86),(29,56),(212,77),(17,153),(236,70),(206,107),(242,77),(241,105),
146:(238,105),(235,94),(86,131),(91,78),(177,74),(254,116),(41,9),(108,90),(240,21),(177,57),(159,17),(142,138),(77,86),(29,56),(211,77),(17,153),(236,70),(206,106),(242,78),(240,105),
147:(237,105),(234,94),(86,132),(92,78),(177,74),(254,116),(41,9),(108,90),(239,21),(177,57),(160,17),(143,138),(77,86),(29,56),(210,77),(17,153),(236,70),(207,106),(242,79),(239,105),
148:(236,105),(233,94),(86,133),(93,78),(177,74),(254,116),(41,9),(108,90),(238,21),(177,57),(161,17),(144,138),(77,86),(29,56),(209,77),(17,153),(236,70),(207,105),(242,80),(238,105),
149:(235,105),(232,94),(86,134),(94,78),(177,74),(254,116),(41,9),(108,90),(237,21),(177,57),(162,17),(145,138),(77,86),(29,56),(208,77),(17,153),(236,70),(208,105),(242,81),(237,105),
150:(234,105),(231,94),(86,135),(95,78),(177,74),(254,116),(41,9),(108,90),(236,21),(177,57),(163,17),(145,139),(77,86),(29,56),(207,77),(17,153),(236,70),(209,105),(242,82),(236,105),
151:(233,105),(230,94),(86,136),(96,78),(177,74),(254,116),(41,9),(108,90),(235,21),(177,57),(164,17),(146,139),(77,86),(29,56),(206,77),(17,153),(236,70),(210,105),(242,83),(235,105),
152:(232,105),(229,94),(86,137),(97,78),(177,74),(254,116),(41,9),(108,90),(234,21),(177,57),(165,17),(146,140),(77,86),(29,56),(206,76),(17,153),(236,70),(211,105),(242,84),(234,105),
153:(231,105),(229,95),(86,138),(98,78),(177,74),(254,116),(41,9),(108,90),(233,21),(177,57),(166,17),(146,141),(77,86),(29,56),(205,76),(17,153),(236,70),(212,105),(242,85),(233,105),
154:(230,105),(229,96),(86,139),(98,79),(177,74),(254,116),(41,9),(108,90),(232,21),(177,57),(167,17),(147,141),(77,86),(29,56),(205,75),(17,153),(236,70),(213,105),(242,86),(232,105),
155:(229,105),(229,97),(86,140),(98,80),(177,74),(254,116),(41,9),(108,90),(231,21),(177,57),(168,17),(147,142),(77,86),(29,56),(205,74),(17,153),(236,70),(214,105),(242,87),(231,105),
156:(228,105),(229,98),(86,141),(98,81),(177,74),(254,116),(41,9),(108,90),(230,21),(177,57),(169,17),(148,142),(77,86),(29,56),(204,74),(17,153),(236,70),(215,105),(242,88),(230,105),
157:(227,105),(229,99),(86,142),(98,82),(177,74),(254,116),(41,9),(108,90),(229,21),(177,57),(170,17),(149,142),(77,86),(29,56),(203,74),(17,153),(236,70),(216,105),(242,89),(229,105),
158:(226,105),(229,100),(86,143),(98,83),(177,74),(254,116),(41,9),(108,90),(228,21),(177,57),(171,17),(150,142),(77,86),(29,56),(202,74),(17,153),(236,70),(217,105),(242,90),(228,105),
159:(225,105),(229,101),(86,144),(98,84),(177,74),(254,116),(41,9),(108,90),(227,21),(177,57),(172,17),(151,142),(77,86),(29,56),(201,74),(17,153),(236,70),(218,105),(242,91),(227,105),
160:(224,105),(228,101),(86,145),(98,85),(177,74),(254,116),(41,9),(108,90),(226,21),(177,57),(173,17),(152,142),(77,86),(29,56),(200,74),(17,153),(236,70),(218,104),(242,92),(226,105),
161:(223,105),(227,101),(86,146),(98,86),(177,74),(254,116),(41,9),(108,90),(225,21),(177,57),(174,17),(153,142),(77,86),(29,56),(199,74),(17,153),(236,70),(218,103),(242,93),(225,105),
162:(222,105),(226,101),(86,147),(99,86),(177,74),(254,116),(41,9),(108,90),(224,21),(177,57),(175,17),(154,142),(77,86),(29,56),(198,74),(17,153),(236,70),(218,102),(243,93),(224,105),
163:(221,105),(225,101),(86,148),(100,86),(177,74),(254,116),(41,9),(108,90),(223,21),(177,57),(176,17),(155,142),(77,86),(29,56),(197,74),(17,153),(236,70),(219,102),(244,93),(223,105),
164:(220,105),(225,102),(86,149),(101,86),(177,74),(254,116),(41,9),(108,90),(222,21),(177,57),(177,17),(156,142),(77,86),(29,56),(197,73),(17,153),(236,70),(220,102),(245,93),(222,105),
165:(219,105),(224,102),(86,150),(102,86),(177,74),(254,116),(41,9),(108,90),(221,21),(177,57),(178,17),(157,142),(77,86),(29,56),(196,73),(17,153),(236,70),(220,101),(246,93),(221,105),
166:(218,105),(223,102),(86,151),(103,86),(177,74),(254,116),(41,9),(108,90),(220,21),(177,57),(179,17),(157,143),(77,86),(29,56),(195,73),(17,153),(236,70),(221,101),(247,93),(220,105),
167:(218,104),(222,102),(86,152),(104,86),(177,74),(254,116),(41,9),(108,90),(219,21),(177,57),(180,17),(157,144),(77,86),(29,56),(194,73),(17,153),(236,70),(222,101),(247,93),(219,105),
168:(217,104),(221,102),(86,153),(105,86),(177,74),(254,116),(41,9),(108,90),(218,21),(177,57),(181,17),(158,144),(77,86),(29,56),(194,72),(17,153),(236,70),(223,101),(247,93),(218,105),
169:(217,103),(220,102),(86,154),(106,86),(177,74),(254,116),(41,9),(108,90),(217,21),(177,57),(182,17),(158,145),(77,86),(29,56),(193,72),(17,153),(236,70),(224,101),(247,93),(217,105),
170:(217,102),(219,102),(86,155),(107,86),(177,74),(254,116),(41,9),(108,90),(216,21),(177,57),(183,17),(159,145),(77,86),(29,56),(193,71),(17,153),(236,70),(225,101),(247,93),(216,105),
171:(217,101),(218,102),(86,156),(108,86),(177,74),(254,116),(41,9),(108,90),(215,21),(177,57),(184,17),(159,146),(77,86),(29,56),(193,70),(17,153),(236,70),(226,101),(247,93),(215,105),
172:(217,100),(218,103),(86,157),(109,86),(177,74),(254,116),(41,9),(108,90),(214,21),(177,57),(185,17),(160,146),(77,86),(29,56),(193,69),(17,153),(236,70),(227,101),(247,93),(214,105),
173:(217,99),(217,103),(86,158),(110,86),(177,74),(254,116),(41,9),(108,90),(213,21),(177,57),(186,17),(161,146),(77,86),(29,56),(192,69),(17,153),(236,70),(228,101),(247,93),(213,105),
174:(217,98),(217,104),(86,159),(111,86),(177,74),(254,116),(41,9),(108,90),(212,21),(177,57),(187,17),(162,146),(77,86),(29,56),(191,69),(17,153),(236,70),(229,101),(247,93),(212,105),
175:(216,98),(217,105),(86,160),(112,86),(177,74),(254,116),(41,9),(108,90),(211,21),(177,57),(188,17),(163,146),(77,86),(29,56),(190,69),(17,153),(236,70),(229,100),(247,93),(211,105),
176:(215,98),(216,105),(86,161),(113,86),(177,74),(254,116),(41,9),(108,90),(210,21),(177,57),(189,17),(164,146),(77,86),(29,56),(189,69),(17,153),(236,70),(230,100),(247,93),(210,105),
177:(214,98),(215,105),(86,162),(114,86),(177,74),(254,116),(41,9),(108,90),(209,21),(177,57),(190,17),(165,146),(77,86),(29,56),(188,69),(17,153),(236,70),(230,99),(247,93),(209,105),
178:(214,97),(215,106),(87,162),(115,86),(177,74),(254,116),(41,9),(108,90),(208,21),(177,57),(191,17),(166,146),(77,86),(29,56),(187,69),(17,153),(236,70),(230,98),(247,93),(208,105),
179:(213,97),(214,106),(88,162),(116,86),(177,74),(254,116),(41,9),(108,90),(207,21),(177,57),(192,17),(167,146),(77,86),(29,56),(186,69),(17,153),(236,70),(231,98),(247,93),(207,105),
180:(212,97),(213,106),(88,162),(117,86),(177,74),(254,116),(41,9),(108,90),(206,21),(177,57),(193,17),(168,146),(77,86),(29,56),(185,69),(17,153),(236,70),(231,97),(247,93),(206,105),
181:(211,97),(212,106),(88,162),(118,86),(177,74),(254,116),(41,9),(108,90),(205,21),(177,57),(194,17),(169,146),(77,86),(29,56),(184,69),(17,153),(236,70),(232,97),(247,93),(205,105),
182:(210,97),(211,106),(88,162),(119,86),(177,74),(254,116),(41,9),(108,90),(204,21),(177,57),(195,17),(170,146),(77,86),(29,56),(183,69),(17,153),(236,70),(233,97),(247,93),(204,105),
183:(209,97),(210,106),(88,162),(120,86),(177,74),(254,116),(41,9),(108,90),(203,21),(177,57),(196,17),(170,147),(77,86),(29,56),(182,69),(17,153),(236,70),(234,97),(247,93),(203,105),
184:(208,97),(209,106),(88,162),(121,86),(177,74),(254,116),(41,9),(108,90),(202,21),(177,57),(197,17),(170,148),(77,86),(29,56),(181,69),(17,153),(236,70),(235,97),(247,93),(203,105),
185:(207,97),(208,106),(88,162),(122,86),(177,74),(254,116),(41,9),(108,90),(201,21),(177,57),(198,17),(170,149),(77,86),(29,56),(181,68),(17,153),(236,70),(236,97),(247,93),(203,105),
186:(206,97),(207,106),(88,162),(123,86),(177,74),(254,116),(41,9),(108,90),(200,21),(177,57),(199,17),(170,150),(77,86),(29,56),(181,67),(17,153),(236,70),(237,97),(247,93),(203,105),
187:(205,97),(206,106),(88,162),(124,86),(177,74),(254,116),(41,9),(108,90),(199,21),(177,57),(200,17),(171,150),(77,86),(29,56),(181,66),(17,153),(236,70),(238,97),(247,93),(203,105),
188:(205,96),(205,106),(88,162),(125,86),(177,74),(254,116),(41,9),(108,90),(198,21),(177,57),(201,17),(172,150),(77,86),(29,56),(180,66),(17,153),(236,70),(239,97),(247,93),(203,105),
189:(205,95),(204,106),(88,162),(126,86),(177,74),(254,116),(41,9),(108,90),(197,21),(177,57),(202,17),(173,150),(77,86),(29,56),(180,65),(17,153),(236,70),(240,97),(247,93),(203,105),
190:(205,94),(203,106),(88,162),(127,86),(177,74),(254,116),(41,9),(108,90),(196,21),(177,57),(203,17),(174,150),(77,86),(29,56),(179,65),(17,153),(236,70),(241,97),(247,93),(203,105),
191:(204,94),(202,106),(88,162),(128,86),(177,74),(254,116),(41,9),(108,90),(195,21),(177,57),(204,17),(175,150),(77,86),(29,56),(178,65),(17,153),(236,70),(241,96),(247,93),(203,105),
192:(203,94),(201,106),(88,162),(129,86),(177,74),(254,116),(41,9),(108,90),(194,21),(177,57),(205,17),(176,150),(77,86),(29,56),(177,65),(17,153),(236,70),(242,96),(247,93),(203,105),
193:(202,94),(200,106),(88,162),(130,86),(177,74),(254,116),(41,9),(108,90),(193,21),(177,57),(206,17),(177,150),(77,86),(29,56),(176,65),(17,153),(236,70),(242,95),(247,93),(203,105),
194:(202,93),(199,106),(88,162),(131,86),(177,74),(254,116),(41,9),(108,90),(192,21),(177,57),(207,17),(178,150),(77,86),(29,56),(175,65),(17,153),(236,70),(242,94),(247,93),(203,105),
195:(201,93),(198,106),(88,162),(132,86),(177,74),(254,116),(41,9),(108,90),(191,21),(177,57),(208,17),(179,150),(77,86),(29,56),(174,65),(17,153),(236,70),(242,93),(247,93),(203,105),
196:(200,93),(197,106),(88,162),(133,86),(177,74),(254,116),(41,9),(108,90),(190,21),(177,57),(209,17),(180,150),(77,86),(29,56),(173,65),(17,153),(236,70),(243,93),(247,93),(203,105),
197:(199,93),(196,106),(88,162),(134,86),(177,74),(254,116),(41,9),(108,90),(189,21),(177,57),(210,17),(181,150),(77,86),(29,56),(172,65),(17,153),(236,70),(244,93),(247,93),(203,105),
198:(198,93),(195,106),(88,162),(135,86),(177,74),(254,116),(41,9),(108,90),(188,21),(177,57),(211,17),(182,150),(77,86),(29,56),(171,65),(17,153),(236,70),(245,93),(247,93),(203,105),
199:(197,93),(194,106),(88,162),(136,86),(177,74),(254,116),(41,9),(108,90),(187,21),(177,57),(212,17),(183,150),(77,86),(29,56),(170,65),(17,153),(236,70),(246,93),(247,93),(203,105),
200:(196,93),(193,106),(88,162),(137,86),(177,74),(254,116),(41,9),(108,90),(186,21),(177,57),(213,17),(184,150),(77,86),(29,56),(170,64),(17,153),(236,70),(247,93),(248,93),(203,105),
201:(195,93),(192,106),(88,162),(138,86),(177,74),(254,116),(41,9),(108,90),(185,21),(177,57),(214,17),(185,150),(77,86),(29,56),(170,63),(17,153),(236,70),(248,93),(249,93),(203,105),
202:(194,93),(191,106),(88,162),(139,86),(177,74),(254,116),(41,9),(108,90),(184,21),(177,57),(215,17),(186,150),(77,86),(29,56),(169,63),(17,153),(236,70),(249,93),(250,93),(203,105),
203:(194,92),(190,106),(88,162),(140,86),(177,74),(254,116),(41,9),(108,90),(183,21),(177,57),(216,17),(187,150),(77,86),(29,56),(169,62),(17,153),(236,70),(250,93),(251,93),(203,105),
204:(193,92),(189,106),(88,162),(141,86),(177,74),(254,116),(41,9),(108,90),(182,21),(177,57),(217,17),(188,150),(77,86),(29,56),(169,61),(17,153),(236,70),(251,93),(252,93),(203,105),
205:(193,91),(188,106),(88,162),(142,86),(177,74),(254,116),(41,9),(108,90),(181,21),(177,57),(218,17),(189,150),(77,86),(29,56),(169,60),(17,153),(236,70),(252,93),(253,93),(203,105),
206:(193,90),(187,106),(88,162),(143,86),(177,74),(254,116),(41,9),(108,90),(180,21),(177,57),(219,17),(190,150),(77,86),(29,56),(169,59),(17,153),(236,70),(253,93),(254,93),(203,105),
207:(193,89),(186,106),(88,162),(144,86),(177,74),(254,116),(41,9),(108,90),(179,21),(177,57),(220,17),(191,150),(77,86),(29,56),(169,58),(17,153),(236,70),(253,92),(253,93),(203,105),
208:(193,88),(185,106),(88,162),(145,86),(177,74),(254,116),(41,9),(108,90),(178,21),(177,57),(221,17),(192,150),(77,86),(29,56),(168,58),(17,153),(236,70),(254,92),(252,93),(203,105),
209:(193,87),(184,106),(88,162),(146,86),(177,74),(254,116),(41,9),(108,90),(177,21),(177,57),(222,17),(193,150),(77,86),(29,56),(167,58),(17,153),(236,70),(254,91),(251,93),(203,105),
210:(193,86),(183,106),(88,162),(146,87),(177,74),(254,116),(41,9),(108,90),(176,21),(177,57),(223,17),(194,150),(77,86),(29,56),(166,58),(17,153),(236,70),(254,90),(250,93),(203,105),
211:(193,85),(182,106),(88,162),(146,88),(177,74),(254,116),(41,9),(108,90),(175,21),(177,57),(224,17),(195,150),(77,86),(29,56),(166,57),(17,153),(236,70),(254,89),(249,93),(203,105),
212:(192,85),(181,106),(88,162),(146,89),(177,74),(254,116),(41,9),(108,90),(174,21),(177,57),(225,17),(196,150),(77,86),(29,56),(165,57),(17,153),(236,70),(254,88),(248,93),(203,105),
213:(191,85),(180,106),(88,162),(146,90),(177,74),(254,116),(41,9),(108,90),(173,21),(177,57),(226,17),(197,150),(77,86),(29,56),(164,57),(17,153),(236,70),(254,87),(247,93),(203,105),
214:(190,85),(179,106),(88,162),(147,90),(177,74),(254,116),(41,9),(108,90),(172,21),(177,57),(227,17),(198,150),(77,86),(29,56),(163,57),(17,153),(236,70),(254,86),(247,93),(203,105),
215:(189,85),(178,106),(88,162),(148,90),(177,74),(254,116),(41,9),(108,90),(172,21),(177,57),(228,17),(199,150),(77,86),(29,56),(162,57),(17,153),(236,70),(254,85),(247,93),(203,105),
216:(188,85),(177,106),(88,162),(149,90),(177,74),(254,116),(41,9),(108,90),(172,21),(177,57),(229,17),(200,150),(77,86),(29,56),(161,57),(17,153),(236,70),(254,84),(247,93),(203,105),
217:(187,85),(176,106),(88,162),(150,90),(177,74),(254,116),(41,9),(108,90),(172,21),(177,57),(230,17),(201,150),(77,86),(29,56),(160,57),(17,153),(236,70),(254,83),(247,93),(203,105),
218:(186,85),(175,106),(88,162),(151,90),(177,74),(254,116),(41,9),(108,90),(172,21),(177,57),(231,17),(202,150),(77,86),(29,56),(159,57),(17,153),(236,70),(254,82),(247,93),(203,105),
219:(185,85),(174,106),(88,162),(152,90),(177,74),(254,116),(41,9),(108,90),(172,21),(177,57),(232,17),(203,150),(77,86),(29,56),(158,57),(17,153),(236,70),(254,81),(247,93),(203,105),
220:(184,85),(173,106),(88,162),(153,90),(177,74),(254,116),(41,9),(108,90),(172,21),(177,57),(233,17),(204,150),(77,86),(29,56),(158,56),(17,153),(236,70),(255,81),(247,93),(203,105),
221:(183,85),(172,106),(88,162),(154,90),(177,74),(254,116),(41,9),(108,90),(172,21),(177,57),(234,17),(205,150),(77,86),(29,56),(157,56),(17,153),(236,70),(256,81),(247,93),(203,105),
222:(182,85),(171,106),(88,162),(155,90),(177,74),(254,116),(41,9),(108,90),(172,21),(177,57),(235,17),(206,150),(77,86),(29,56),(157,55),(17,153),(236,70),(257,81),(247,93),(203,105),
223:(181,85),(170,106),(88,162),(156,90),(177,74),(254,116),(41,9),(108,90),(172,21),(177,57),(236,17),(207,150),(77,86),(29,56),(157,54),(17,153),(236,70),(258,81),(247,93),(203,105),
224:(181,84),(170,107),(88,162),(157,90),(177,74),(254,116),(41,9),(108,90),(172,21),(177,57),(237,17),(208,150),(77,86),(29,56),(157,53),(17,153),(236,70),(259,81),(247,93),(203,105),
225:(181,83),(169,107),(88,162),(157,91),(177,74),(254,116),(41,9),(108,90),(172,21),(177,57),(238,17),(209,150),(77,86),(29,56),(157,52),(17,153),(236,70),(260,81),(247,93),(203,105),
226:(181,82),(169,108),(88,162),(157,92),(177,74),(254,116),(41,9),(108,90),(172,21),(177,57),(239,17),(210,150),(77,86),(29,56),(157,51),(17,153),(236,70),(261,81),(247,93),(203,105),
227:(181,81),(169,109),(88,162),(158,92),(177,74),(254,116),(41,9),(108,90),(172,21),(177,57),(240,17),(211,150),(77,86),(29,56),(157,50),(17,153),(236,70),(262,81),(247,93),(203,105),
228:(180,81),(169,110),(88,162),(158,93),(177,74),(254,116),(41,9),(108,90),(172,21),(177,57),(241,17),(212,150),(77,86),(29,56),(157,49),(17,153),(236,70),(263,81),(247,93),(203,105),
229:(179,81),(169,111),(88,162),(158,94),(177,74),(254,116),(41,9),(108,90),(172,21),(177,57),(242,17),(213,150),(77,86),(29,56),(157,48),(17,153),(236,70),(264,81),(247,93),(203,105),
230:(178,81),(169,112),(88,162),(159,94),(177,74),(254,116),(41,9),(108,90),(172,21),(177,57),(243,17),(214,150),(77,86),(29,56),(157,47),(17,153),(236,70),(265,81),(247,93),(203,105),
231:(177,81),(169,113),(88,162),(160,94),(177,74),(254,116),(41,9),(108,90),(172,21),(177,57),(244,17),(215,150),(77,86),(29,56),(157,46),(17,153),(236,70),(265,80),(247,93),(203,105),
232:(176,81),(169,114),(88,162),(161,94),(177,74),(254,116),(41,9),(108,90),(172,21),(177,57),(245,17),(216,150),(77,86),(29,56),(157,45),(17,153),(236,70),(266,80),(247,93),(203,105),
233:(175,81),(169,115),(88,162),(162,94),(177,74),(254,116),(41,9),(108,90),(172,21),(177,57),(246,17),(217,150),(77,86),(29,56),(157,44),(17,153),(236,70),(266,79),(247,93),(203,105),
234:(174,81),(169,116),(88,162),(163,94),(177,74),(254,116),(41,9),(108,90),(172,21),(177,57),(247,17),(218,150),(77,86),(29,56),(157,43),(17,153),(236,70),(266,78),(247,93),(203,105),
235:(173,81),(169,117),(88,162),(164,94),(177,74),(254,116),(41,9),(108,90),(172,21),(177,57),(248,17),(219,150),(77,86),(29,56),(157,42),(17,153),(236,70),(266,77),(247,93),(203,105),
236:(172,81),(169,118),(88,162),(165,94),(177,74),(254,116),(41,9),(108,90),(172,21),(177,57),(249,17),(220,150),(77,86),(29,56),(157,41),(17,153),(236,70),(267,77),(247,93),(203,105),
237:(171,81),(169,119),(88,162),(166,94),(177,74),(254,116),(41,9),(108,90),(172,21),(177,57),(250,17),(221,150),(77,86),(29,56),(157,40),(17,153),(236,70),(268,77),(247,93),(203,105),
238:(170,81),(169,120),(88,162),(167,94),(177,74),(254,116),(41,9),(108,90),(172,21),(177,57),(251,17),(222,150),(77,86),(29,56),(157,39),(17,153),(236,70),(269,77),(247,93),(203,105),
239:(170,80),(169,121),(88,162),(168,94),(177,74),(254,116),(41,9),(108,90),(172,21),(177,57),(252,17),(223,150),(77,86),(29,56),(157,38),(17,153),(236,70),(270,77),(247,93),(203,105),
240:(170,79),(169,122),(88,162),(169,94),(177,74),(254,116),(41,9),(108,90),(172,21),(177,57),(253,17),(224,150),(77,86),(29,56),(157,37),(17,153),(236,70),(271,77),(247,93),(203,105),
241:(170,78),(169,123),(88,162),(170,94),(177,74),(254,116),(41,9),(108,90),(172,21),(177,57),(254,17),(225,150),(77,86),(29,56),(157,36),(17,153),(236,70),(272,77),(247,93),(203,105),
242:(169,78),(169,124),(88,162),(171,94),(177,74),(254,116),(41,9),(108,90),(172,21),(177,57),(255,17),(226,150),(77,86),(29,56),(157,35),(17,153),(236,70),(273,77),(247,93),(203,105),
243:(169,77),(169,125),(88,162),(172,94),(177,74),(254,116),(41,9),(108,90),(172,21),(177,57),(256,17),(227,150),(77,86),(29,56),(157,34),(17,153),(236,70),(274,77),(247,93),(203,105),
244:(169,76),(169,126),(88,162),(173,94),(177,74),(254,116),(41,9),(108,90),(172,21),(177,57),(257,17),(228,150),(77,86),(29,56),(156,34),(17,153),(236,70),(275,77),(247,93),(203,105),
245:(169,75),(169,127),(88,162),(174,94),(177,74),(254,116),(41,9),(108,90),(172,21),(177,57),(258,17),(229,150),(77,86),(29,56),(155,34),(17,153),(236,70),(276,77),(247,93),(203,105),
246:(169,74),(169,128),(88,162),(175,94),(177,74),(254,116),(41,9),(108,90),(172,21),(177,57),(259,17),(230,150),(77,86),(29,56),(154,34),(17,153),(236,70),(277,77),(247,93),(203,105),
247:(169,73),(169,129),(88,162),(176,94),(177,74),(254,116),(41,9),(108,90),(172,21),(177,57),(260,17),(231,150),(77,86),(29,56),(153,34),(17,153),(236,70),(277,76),(247,93),(203,105),
248:(169,72),(169,130),(88,162),(177,94),(177,74),(254,116),(41,9),(108,90),(172,21),(177,57),(261,17),(232,150),(77,86),(29,56),(152,34),(17,153),(236,70),(278,76),(247,93),(203,105),
249:(169,71),(169,131),(88,162),(178,94),(177,74),(254,116),(41,9),(108,90),(172,21),(177,57),(262,17),(233,150),(77,86),(29,56),(152,34),(17,153),(236,70),(278,75),(247,93),(203,105),
250:(169,70),(169,132),(88,162),(179,94),(177,74),(254,116),(41,9),(108,90),(172,21),(177,57),(263,17),(234,150),(77,86),(29,56),(152,34),(17,153),(236,70),(278,74),(247,93),(203,105),
251:(169,69),(169,133),(88,162),(180,94),(177,74),(254,116),(41,9),(108,90),(172,21),(177,57),(264,17),(235,150),(77,86),(29,56),(152,34),(17,153),(236,70),(278,73),(247,93),(203,105),
252:(168,69),(169,134),(88,162),(181,94),(177,74),(254,116),(41,9),(108,90),(172,21),(177,57),(265,17),(236,150),(77,86),(29,56),(152,34),(17,153),(236,70),(278,72),(247,93),(203,105),
253:(167,69),(169,135),(88,162),(181,95),(177,74),(254,116),(41,9),(108,90),(172,21),(177,57),(266,17),(237,150),(77,86),(29,56),(152,34),(17,153),(236,70),(278,71),(247,93),(203,105),
254:(166,69),(169,136),(88,162),(181,96),(177,74),(254,116),(41,9),(108,90),(172,21),(177,57),(267,17),(238,150),(77,86),(29,56),(152,34),(17,153),(236,70),(278,70),(247,93),(203,105),
255:(165,69),(169,137),(88,162),(181,97),(177,74),(254,116),(41,9),(108,90),(172,21),(177,57),(268,17),(239,150),(77,86),(29,56),(152,34),(17,153),(236,70),(278,69),(247,93),(203,105),
256:(164,69),(169,138),(88,162),(182,97),(177,74),(254,116),(41,9),(108,90),(172,21),(177,57),(269,17),(240,150),(77,86),(29,56),(152,34),(17,153),(236,70),(279,69),(247,93),(203,105),
257:(163,69),(169,139),(88,162),(182,98),(177,74),(254,116),(41,9),(108,90),(172,21),(177,57),(270,17),(241,150),(77,86),(29,56),(152,34),(17,153),(236,70),(280,69),(247,93),(203,105),
258:(162,69),(169,140),(88,162),(183,98),(177,74),(254,116),(41,9),(108,90),(172,21),(177,57),(271,17),(242,150),(77,86),(29,56),(152,34),(17,153),(236,70),(281,69),(247,93),(203,105),
259:(161,69),(169,141),(88,162),(184,98),(177,74),(254,116),(41,9),(108,90),(172,21),(177,57),(272,17),(243,150),(77,86),(29,56),(152,34),(17,153),(236,70),(282,69),(247,93),(203,105),
260:(160,69),(169,142),(88,162),(185,98),(177,74),(254,116),(41,9),(108,90),(172,21),(177,57),(273,17),(244,150),(77,86),(29,56),(152,34),(17,153),(236,70),(283,69),(247,93),(203,105),
261:(159,69),(169,143),(88,162),(186,98),(177,74),(254,116),(41,9),(108,90),(172,21),(177,57),(273,17),(245,150),(77,86),(29,56),(152,34),(17,153),(236,70),(284,69),(247,93),(203,105),
262:(158,69),(169,144),(88,162),(187,98),(177,74),(254,116),(41,9),(108,90),(172,21),(177,57),(273,17),(246,150),(77,86),(29,56),(152,34),(17,153),(236,70),(285,69),(247,93),(203,105),
263:(158,68),(169,145),(88,162),(188,98),(177,74),(254,116),(41,9),(108,90),(172,21),(177,57),(273,17),(247,150),(77,86),(29,56),(152,34),(17,153),(236,70),(286,69),(247,93),(203,105),
264:(157,68),(169,146),(88,162),(189,98),(177,74),(254,116),(41,9),(108,90),(172,21),(177,57),(273,17),(248,150),(77,86),(29,56),(152,34),(17,153),(236,70),(287,69),(247,93),(203,105),
265:(157,67),(169,147),(88,162),(190,98),(177,74),(254,116),(41,9),(108,90),(172,21),(177,57),(273,17),(249,150),(77,86),(29,56),(152,34),(17,153),(236,70),(288,69),(247,93),(203,105),
266:(157,66),(169,148),(88,162),(191,98),(177,74),(254,116),(41,9),(108,90),(172,21),(177,57),(273,17),(250,150),(77,86),(29,56),(152,34),(17,153),(236,70),(289,69),(247,93),(203,105),
267:(156,66),(169,149),(88,162),(192,98),(177,74),(254,116),(41,9),(108,90),(172,21),(177,57),(273,17),(251,150),(77,86),(29,56),(152,34),(17,153),(236,70),(289,68),(247,93),(203,105),
268:(155,66),(168,149),(88,162),(193,98),(177,74),(254,116),(41,9),(108,90),(172,21),(177,57),(273,17),(252,150),(77,86),(29,56),(152,34),(17,153),(236,70),(289,67),(247,93),(203,105),
269:(155,65),(167,149),(88,162),(194,98),(177,74),(254,116),(41,9),(108,90),(172,21),(177,57),(273,17),(253,150),(77,86),(29,56),(152,34),(17,153),(236,70),(290,67),(247,93),(203,105),
270:(154,65),(166,149),(88,162),(194,99),(177,74),(254,116),(41,9),(108,90),(172,21),(177,57),(273,17),(254,150),(77,86),(29,56),(152,34),(17,153),(236,70),(290,66),(247,93),(203,105),
271:(153,65),(165,149),(88,162),(194,100),(177,74),(254,116),(41,9),(108,90),(172,21),(177,57),(273,17),(255,150),(77,86),(29,56),(152,34),(17,153),(236,70),(291,66),(247,93),(203,105),
272:(152,65),(164,149),(88,162),(194,101),(177,74),(254,116),(41,9),(108,90),(172,21),(177,57),(273,17),(256,150),(77,86),(29,56),(152,34),(17,153),(236,70),(292,66),(247,93),(203,105),
273:(151,65),(163,149),(88,162),(195,101),(177,74),(254,116),(41,9),(108,90),(172,21),(177,57),(273,17),(257,150),(77,86),(29,56),(152,34),(17,153),(236,70),(292,65),(247,93),(203,105),
274:(150,65),(162,149),(88,162),(196,101),(177,74),(254,116),(41,9),(108,90),(172,21),(177,57),(273,17),(258,150),(77,86),(29,56),(152,34),(17,153),(236,70),(292,64),(247,93),(203,105),
275:(149,65),(161,149),(88,162),(196,102),(177,74),(254,116),(41,9),(108,90),(172,21),(177,57),(273,17),(259,150),(77,86),(29,56),(152,34),(17,153),(236,70),(293,64),(247,93),(203,105),
276:(148,65),(161,149),(88,162),(197,102),(177,74),(254,116),(41,9),(108,90),(172,21),(177,57),(273,17),(260,150),(77,86),(29,56),(152,34),(17,153),(236,70),(294,64),(247,93),(203,105),
277:(147,65),(161,149),(88,162),(198,102),(177,74),(254,116),(41,9),(108,90),(172,21),(177,57),(273,17),(261,150),(77,86),(29,56),(152,34),(17,153),(236,70),(294,63),(247,93),(203,105),
278:(146,65),(161,149),(88,162),(199,102),(177,74),(254,116),(41,9),(108,90),(172,21),(177,57),(273,17),(262,150),(77,86),(29,56),(152,34),(17,153),(236,70),(295,63),(247,93),(203,105),
279:(145,65),(161,149),(88,162),(200,102),(177,74),(254,116),(41,9),(108,90),(172,21),(177,57),(273,17),(263,150),(77,86),(29,56),(152,34),(17,153),(236,70),(295,62),(247,93),(203,105),
280:(145,64),(161,149),(88,162),(201,102),(177,74),(254,116),(41,9),(108,90),(172,21),(177,57),(273,17),(264,150),(77,86),(29,56),(152,34),(17,153),(236,70),(296,62),(247,93),(203,105),
281:(145,63),(161,149),(88,162),(202,102),(177,74),(254,116),(41,9),(108,90),(172,21),(177,57),(273,17),(265,150),(77,86),(29,56),(152,34),(17,153),(236,70),(296,61),(247,93),(203,105),
282:(145,62),(161,149),(88,162),(203,102),(177,74),(254,116),(41,9),(108,90),(172,21),(177,57),(273,17),(266,150),(77,86),(29,56),(152,34),(17,153),(236,70),(296,60),(247,93),(203,105),
283:(144,62),(161,149),(88,162),(204,102),(177,74),(254,116),(41,9),(108,90),(172,21),(177,57),(273,17),(267,150),(77,86),(29,56),(152,34),(17,153),(236,70),(297,60),(247,93),(203,105),
284:(144,61),(161,149),(88,162),(205,102),(177,74),(254,116),(41,9),(108,90),(172,21),(177,57),(273,17),(268,150),(77,86),(29,56),(152,34),(17,153),(236,70),(298,60),(247,93),(203,105),
285:(143,61),(161,149),(88,162),(205,103),(177,74),(254,116),(41,9),(108,90),(172,21),(177,57),(273,17),(269,150),(77,86),(29,56),(152,34),(17,153),(236,70),(298,59),(247,93),(203,105),
286:(142,61),(161,149),(88,162),(206,103),(177,74),(254,116),(41,9),(108,90),(172,21),(177,57),(273,17),(270,150),(77,86),(29,56),(152,34),(17,153),(236,70),(298,58),(247,93),(203,105),
287:(141,61),(161,149),(88,162),(206,104),(177,74),(254,116),(41,9),(108,90),(172,21),(177,57),(273,17),(271,150),(77,86),(29,56),(152,34),(17,153),(236,70),(298,57),(247,93),(203,105),
288:(140,61),(161,149),(88,162),(206,105),(177,74),(254,116),(41,9),(108,90),(172,21),(177,57),(273,17),(272,150),(77,86),(29,56),(152,34),(17,153),(236,70),(299,57),(247,93),(203,105),
289:(139,61),(161,149),(88,162),(207,105),(177,74),(254,116),(41,9),(108,90),(172,21),(177,57),(273,17),(273,150),(77,86),(29,56),(152,34),(17,153),(236,70),(300,57),(247,93),(203,105),
290:(138,61),(161,149),(88,162),(207,106),(177,74),(254,116),(41,9),(108,90),(172,21),(177,57),(273,17),(274,150),(77,86),(29,56),(152,34),(17,153),(236,70),(301,57),(247,93),(203,105),
291:(137,61),(161,149),(88,162),(208,106),(177,74),(254,116),(41,9),(108,90),(172,21),(177,57),(273,17),(275,150),(77,86),(29,56),(152,34),(17,153),(236,70),(301,56),(247,93),(203,105),
292:(136,61),(161,149),(88,162),(209,106),(177,74),(254,116),(41,9),(108,90),(172,21),(177,57),(273,17),(276,150),(77,86),(29,56),(152,34),(17,153),(236,70),(301,55),(247,93),(203,105),
293:(135,61),(161,149),(88,162),(210,106),(177,74),(254,116),(41,9),(108,90),(172,21),(177,57),(273,17),(277,150),(77,86),(29,56),(152,34),(17,153),(236,70),(301,54),(247,93),(203,105),
294:(134,61),(161,149),(88,162),(211,106),(177,74),(254,116),(41,9),(108,90),(172,21),(177,57),(273,17),(278,150),(77,86),(29,56),(152,34),(17,153),(236,70),(301,53),(247,93),(203,105),
295:(133,61),(161,149),(88,162),(212,106),(177,74),(254,116),(41,9),(108,90),(172,21),(177,57),(273,17),(279,150),(77,86),(29,56),(152,34),(17,153),(236,70),(301,52),(247,93),(203,105),
296:(133,60),(161,149),(88,162),(213,106),(177,74),(254,116),(41,9),(108,90),(172,21),(177,57),(273,17),(280,150),(77,86),(29,56),(152,34),(17,153),(236,70),(301,51),(247,93),(203,105),
297:(133,59),(161,149),(88,162),(214,106),(177,74),(254,116),(41,9),(108,90),(172,21),(177,57),(273,17),(281,150),(77,86),(29,56),(152,34),(17,153),(236,70),(301,50),(247,93),(203,105),
298:(133,58),(161,149),(88,162),(215,106),(177,74),(254,116),(41,9),(108,90),(172,21),(177,57),(273,17),(282,150),(77,86),(29,56),(152,34),(17,153),(236,70),(301,49),(247,93),(203,105),
299:(133,57),(161,149),(88,162),(216,106),(177,74),(254,116),(41,9),(108,90),(172,21),(177,57),(273,17),(283,150),(77,86),(29,56),(152,34),(17,153),(236,70),(301,48),(247,93),(203,105),
300:(132,57),(161,149),(88,162),(217,106),(177,74),(254,116),(41,9),(108,90),(172,21),(177,57),(273,17),(284,150),(77,86),(29,56),(152,34),(17,153),(236,70),(301,47),(247,93),(203,105),
301:(131,57),(161,149),(88,162),(218,106),(177,74),(254,116),(41,9),(108,90),(172,21),(177,57),(273,17),(285,150),(77,86),(29,56),(152,34),(17,153),(236,70),(301,46),(247,93),(203,105),
302:(130,57),(161,149),(88,162),(218,107),(177,74),(254,116),(41,9),(108,90),(172,21),(177,57),(273,17),(286,150),(77,86),(29,56),(152,34),(17,153),(236,70),(301,45),(247,93),(203,105),
303:(129,57),(161,149),(88,162),(218,108),(177,74),(254,116),(41,9),(108,90),(172,21),(177,57),(273,17),(287,150),(77,86),(29,56),(152,34),(17,153),(236,70),(301,44),(247,93),(203,105),
304:(128,57),(161,149),(88,162),(218,109),(177,74),(254,116),(41,9),(108,90),(172,21),(177,57),(273,17),(288,150),(77,86),(29,56),(152,34),(17,153),(236,70),(301,43),(247,93),(203,105),
305:(127,57),(161,149),(88,162),(219,109),(177,74),(254,116),(41,9),(108,90),(172,21),(177,57),(273,17),(289,150),(77,86),(29,56),(152,34),(17,153),(236,70),(301,42),(247,93),(203,105),
306:(126,57),(161,149),(88,162),(219,110),(177,74),(254,116),(41,9),(108,90),(172,21),(177,57),(273,17),(290,150),(77,86),(29,56),(152,34),(17,153),(236,70),(301,41),(247,93),(203,105),
307:(125,57),(161,149),(88,162),(220,110),(177,74),(254,116),(41,9),(108,90),(172,21),(177,57),(273,17),(290,151),(77,86),(29,56),(152,34),(17,153),(236,70),(301,40),(247,93),(203,105),
308:(124,57),(161,149),(88,162),(221,110),(177,74),(254,116),(41,9),(108,90),(172,21),(177,57),(273,17),(291,151),(77,86),(29,56),(152,34),(17,153),(236,70),(301,39),(247,93),(203,105),
309:(123,57),(161,149),(88,162),(222,110),(177,74),(254,116),(41,9),(108,90),(172,21),(177,57),(273,17),(291,152),(77,86),(29,56),(152,34),(17,153),(236,70),(301,38),(247,93),(203,105),
310:(122,57),(161,149),(88,162),(223,110),(177,74),(254,116),(41,9),(108,90),(172,21),(177,57),(273,17),(292,152),(77,86),(29,56),(152,34),(17,153),(236,70),(301,37),(247,93),(203,105),
311:(122,56),(161,149),(88,162),(224,110),(177,74),(254,116),(41,9),(108,90),(172,21),(177,57),(273,17),(293,152),(77,86),(29,56),(152,34),(17,153),(236,70),(301,36),(247,93),(203,105),
312:(121,56),(161,149),(88,162),(225,110),(177,74),(254,116),(41,9),(108,90),(172,21),(177,57),(273,17),(294,152),(77,86),(29,56),(152,34),(17,153),(236,70),(301,35),(247,93),(203,105),
313:(121,55),(161,149),(88,162),(226,110),(177,74),(254,116),(41,9),(108,90),(172,21),(177,57),(273,17),(295,152),(77,86),(29,56),(152,34),(17,153),(236,70),(301,34),(247,93),(203,105),
314:(121,54),(161,149),(88,162),(227,110),(177,74),(254,116),(41,9),(108,90),(172,21),(177,57),(273,17),(296,152),(77,86),(29,56),(152,34),(17,153),(236,70),(301,33),(247,93),(203,105),
315:(120,54),(161,149),(88,162),(228,110),(177,74),(254,116),(41,9),(108,90),(172,21),(177,57),(273,17),(297,152),(77,86),(29,56),(152,34),(17,153),(236,70),(301,32),(247,93),(203,105),
316:(119,54),(161,149),(88,162),(229,110),(177,74),(254,116),(41,9),(108,90),(172,21),(177,57),(273,17),(298,152),(77,86),(29,56),(152,34),(17,153),(236,70),(301,31),(247,93),(203,105),
317:(119,53),(161,149),(88,162),(229,111),(177,74),(254,116),(41,9),(108,90),(172,21),(177,57),(273,17),(299,152),(77,86),(29,56),(152,34),(17,153),(236,70),(301,30),(247,93),(203,105),
318:(118,53),(161,149),(88,162),(229,112),(177,74),(254,116),(41,9),(108,90),(172,21),(177,57),(273,17),(300,152),(77,86),(29,56),(152,34),(17,153),(236,70),(301,29),(247,93),(203,105),
319:(117,53),(161,149),(88,162),(229,113),(177,74),(254,116),(41,9),(108,90),(172,21),(177,57),(273,17),(301,152),(77,86),(29,56),(152,34),(17,153),(236,70),(301,28),(247,93),(203,105),
320:(116,53),(161,149),(88,162),(230,113),(177,74),(254,116),(41,9),(108,90),(172,21),(177,57),(273,17),(302,152),(77,86),(29,56),(152,34),(17,153),(236,70),(301,27),(247,93),(203,105),
321:(115,53),(161,149),(88,162),(230,114),(177,74),(254,116),(41,9),(108,90),(172,21),(177,57),(273,17),(303,152),(77,86),(29,56),(152,34),(17,153),(236,70),(301,26),(247,93),(203,105),
322:(114,53),(161,149),(88,162),(230,115),(177,74),(254,116),(41,9),(108,90),(172,21),(177,57),(273,17),(304,152),(77,86),(29,56),(152,34),(17,153),(236,70),(301,25),(247,93),(203,105),
323:(113,53),(161,149),(88,162),(230,116),(177,74),(254,116),(41,9),(108,90),(172,21),(177,57),(273,17),(305,152),(77,86),(29,56),(152,34),(17,153),(236,70),(301,24),(247,93),(203,105),
324:(112,53),(161,149),(88,162),(230,117),(177,74),(254,116),(41,9),(108,90),(172,21),(177,57),(273,17),(306,152),(77,86),(29,56),(152,34),(17,153),(236,70),(301,23),(247,93),(203,105),
325:(111,53),(161,149),(88,162),(230,118),(177,74),(254,116),(41,9),(108,90),(172,21),(177,57),(273,17),(307,152),(77,86),(29,56),(152,34),(17,153),(236,70),(301,22),(247,93),(203,105),
326:(110,53),(161,149),(88,162),(230,119),(177,74),(254,116),(41,9),(108,90),(172,21),(177,57),(273,17),(308,152),(77,86),(29,56),(152,34),(17,153),(236,70),(301,21),(247,93),(203,105),
327:(110,52),(161,149),(88,162),(230,120),(177,74),(254,116),(41,9),(108,90),(172,21),(177,57),(273,17),(309,152),(77,86),(29,56),(152,34),(17,153),(236,70),(301,20),(247,93),(203,105),
328:(110,51),(161,149),(88,162),(230,121),(177,74),(254,116),(41,9),(108,90),(172,21),(177,57),(273,17),(310,152),(77,86),(29,56),(152,34),(17,153),(236,70),(301,19),(247,93),(203,105),
329:(109,51),(161,149),(88,162),(230,122),(177,74),(254,116),(41,9),(108,90),(172,21),(177,57),(273,17),(311,152),(77,86),(29,56),(152,34),(17,153),(236,70),(301,18),(247,93),(203,105),
330:(109,50),(161,149),(88,162),(230,123),(177,74),(254,116),(41,9),(108,90),(172,21),(177,57),(273,17),(312,152),(77,86),(29,56),(152,34),(17,153),(236,70),(301,17),(247,93),(203,105),
331:(108,50),(161,149),(88,162),(230,124),(177,74),(254,116),(41,9),(108,90),(172,21),(177,57),(273,17),(313,152),(77,86),(29,56),(152,34),(17,153),(236,70),(301,16),(247,93),(203,105),
332:(107,50),(161,149),(88,162),(230,125),(177,74),(254,116),(41,9),(108,90),(172,21),(177,57),(273,17),(314,152),(77,86),(29,56),(152,34),(17,153),(236,70),(301,15),(247,93),(203,105),
333:(106,50),(161,149),(88,162),(230,126),(177,74),(254,116),(41,9),(108,90),(172,21),(177,57),(273,17),(315,152),(77,86),(29,56),(152,34),(17,153),(236,70),(301,14),(247,93),(203,105),
334:(105,50),(161,149),(88,162),(230,127),(177,74),(254,116),(41,9),(108,90),(172,21),(177,57),(273,17),(315,152),(77,86),(29,56),(152,34),(17,153),(236,70),(301,13),(247,93),(203,105),
335:(105,49),(161,149),(88,162),(230,128),(177,74),(254,116),(41,9),(108,90),(172,21),(177,57),(273,17),(315,152),(77,86),(29,56),(152,34),(17,153),(236,70),(301,12),(247,93),(203,105),
336:(104,49),(161,149),(88,162),(230,129),(177,74),(254,116),(41,9),(108,90),(172,21),(177,57),(273,17),(315,152),(77,86),(29,56),(152,34),(17,153),(236,70),(301,11),(247,93),(203,105),
337:(103,49),(161,149),(88,162),(230,130),(177,74),(254,116),(41,9),(108,90),(172,21),(177,57),(273,17),(315,152),(77,86),(29,56),(152,34),(17,153),(236,70),(301,10),(247,93),(203,105),
338:(102,49),(161,149),(88,162),(230,131),(177,74),(254,116),(41,9),(108,90),(172,21),(177,57),(273,17),(315,152),(77,86),(29,56),(152,34),(17,153),(236,70),(301,9),(247,93),(203,105),
339:(101,49),(161,149),(88,162),(230,132),(177,74),(254,116),(41,9),(108,90),(172,21),(177,57),(273,17),(315,152),(77,86),(29,56),(152,34),(17,153),(236,70),(301,8),(247,93),(203,105),
340:(100,49),(161,149),(88,162),(230,133),(177,74),(254,116),(41,9),(108,90),(172,21),(177,57),(273,17),(315,152),(77,86),(29,56),(152,34),(17,153),(236,70),(301,7),(247,93),(203,105),
341:(99,49),(161,149),(88,162),(230,134),(177,74),(254,116),(41,9),(108,90),(172,21),(177,57),(273,17),(315,152),(77,86),(29,56),(152,34),(17,153),(236,70),(301,6),(247,93),(203,105),
342:(98,49),(161,149),(88,162),(230,135),(177,74),(254,116),(41,9),(108,90),(172,21),(177,57),(273,17),(315,152),(77,86),(29,56),(152,34),(17,153),(236,70),(301,5),(247,93),(203,105),
343:(98,48),(161,149),(88,162),(230,136),(177,74),(254,116),(41,9),(108,90),(172,21),(177,57),(273,17),(315,152),(77,86),(29,56),(152,34),(17,153),(236,70),(301,5),(247,93),(203,105),
344:(98,47),(161,149),(88,162),(230,137),(177,74),(254,116),(41,9),(108,90),(172,21),(177,57),(273,17),(315,152),(77,86),(29,56),(152,34),(17,153),(236,70),(301,5),(247,93),(203,105),
345:(97,47),(161,149),(88,162),(230,138),(177,74),(254,116),(41,9),(108,90),(172,21),(177,57),(273,17),(315,152),(77,86),(29,56),(152,34),(17,153),(236,70),(301,5),(247,93),(203,105),
346:(97,46),(161,149),(88,162),(230,139),(177,74),(254,116),(41,9),(108,90),(172,21),(177,57),(273,17),(315,152),(77,86),(29,56),(152,34),(17,153),(236,70),(301,5),(247,93),(203,105),
347:(97,45),(161,149),(88,162),(230,140),(177,74),(254,116),(41,9),(108,90),(172,21),(177,57),(273,17),(315,152),(77,86),(29,56),(152,34),(17,153),(236,70),(301,5),(247,93),(203,105),
348:(96,45),(161,149),(88,162),(230,141),(177,74),(254,116),(41,9),(108,90),(172,21),(177,57),(273,17),(315,152),(77,86),(29,56),(152,34),(17,153),(236,70),(301,5),(247,93),(203,105),
349:(95,45),(161,149),(88,162),(230,142),(177,74),(254,116),(41,9),(108,90),(172,21),(177,57),(273,17),(315,152),(77,86),(29,56),(152,34),(17,153),(236,70),(301,5),(247,93),(203,105),
350:(94,45),(161,149),(88,162),(230,143),(177,74),(254,116),(41,9),(108,90),(172,21),(177,57),(273,17),(315,152),(77,86),(29,56),(152,34),(17,153),(236,70),(301,5),(247,93),(203,105),
351:(93,45),(161,149),(88,162),(230,144),(177,74),(254,116),(41,9),(108,90),(172,21),(177,57),(273,17),(315,152),(77,86),(29,56),(152,34),(17,153),(236,70),(301,5),(247,93),(203,105),
352:(92,45),(161,149),(88,162),(230,145),(177,74),(254,116),(41,9),(108,90),(172,21),(177,57),(273,17),(315,152),(77,86),(29,56),(152,34),(17,153),(236,70),(301,5),(247,93),(203,105),
353:(91,45),(161,149),(88,162),(230,146),(177,74),(254,116),(41,9),(108,90),(172,21),(177,57),(273,17),(315,152),(77,86),(29,56),(152,34),(17,153),(236,70),(301,5),(247,93),(203,105),
354:(90,45),(161,149),(88,162),(230,147),(177,74),(254,116),(41,9),(108,90),(172,21),(177,57),(273,17),(315,152),(77,86),(29,56),(152,34),(17,153),(236,70),(301,5),(247,93),(203,105),
355:(89,45),(161,149),(88,162),(230,148),(177,74),(254,116),(41,9),(108,90),(172,21),(177,57),(273,17),(315,152),(77,86),(29,56),(152,34),(17,153),(236,70),(301,5),(247,93),(203,105),
356:(88,45),(161,149),(88,162),(230,149),(177,74),(254,116),(41,9),(108,90),(172,21),(177,57),(273,17),(315,152),(77,86),(29,56),(152,34),(17,153),(236,70),(301,5),(247,93),(203,105),
357:(87,45),(161,149),(88,162),(231,149),(177,74),(254,116),(41,9),(108,90),(172,21),(177,57),(273,17),(315,152),(77,86),(29,56),(152,34),(17,153),(236,70),(301,5),(247,93),(203,105),
358:(86,45),(161,149),(88,162),(231,150),(177,74),(254,116),(41,9),(108,90),(172,21),(177,57),(273,17),(315,152),(77,86),(29,56),(152,34),(17,153),(236,70),(301,5),(247,93),(203,105),
359:(85,45),(161,149),(88,162),(232,150),(177,74),(254,116),(41,9),(108,90),(172,21),(177,57),(273,17),(315,152),(77,86),(29,56),(152,34),(17,153),(236,70),(301,5),(247,93),(203,105),
360:(84,45),(161,149),(88,162),(233,150),(177,74),(254,116),(41,9),(108,90),(172,21),(177,57),(273,17),(315,152),(77,86),(29,56),(152,34),(17,153),(236,70),(301,5),(247,93),(203,105),
361:(83,45),(161,149),(88,162),(234,150),(177,74),(254,116),(41,9),(108,90),(172,21),(177,57),(273,17),(315,152),(77,86),(29,56),(152,34),(17,153),(236,70),(301,5),(247,93),(203,105),
362:(82,45),(161,149),(88,162),(235,150),(177,74),(254,116),(41,9),(108,90),(172,21),(177,57),(273,17),(315,152),(77,86),(29,56),(152,34),(17,153),(236,70),(301,5),(247,93),(203,105),
363:(81,45),(161,149),(88,162),(236,150),(177,74),(254,116),(41,9),(108,90),(172,21),(177,57),(273,17),(315,152),(77,86),(29,56),(152,34),(17,153),(236,70),(301,5),(247,93),(203,105),
364:(80,45),(161,149),(88,162),(237,150),(177,74),(254,116),(41,9),(108,90),(172,21),(177,57),(273,17),(315,152),(77,86),(29,56),(152,34),(17,153),(236,70),(301,5),(247,93),(203,105),
365:(79,45),(161,149),(88,162),(238,150),(177,74),(254,116),(41,9),(108,90),(172,21),(177,57),(273,17),(315,152),(77,86),(29,56),(152,34),(17,153),(236,70),(301,5),(247,93),(203,105),
366:(78,45),(161,149),(88,162),(238,150),(177,74),(254,116),(41,9),(108,90),(172,21),(177,57),(273,17),(315,152),(77,86),(29,56),(152,34),(17,153),(236,70),(301,5),(247,93),(203,105),
367:(77,45),(161,149),(88,162),(238,150),(177,74),(254,116),(41,9),(108,90),(172,21),(177,57),(273,17),(315,152),(77,86),(29,56),(152,34),(17,153),(236,70),(301,5),(247,93),(203,105),
368:(76,45),(161,149),(88,162),(238,150),(177,74),(254,116),(41,9),(108,90),(172,21),(177,57),(273,17),(315,152),(77,86),(29,56),(152,34),(17,153),(236,70),(301,5),(247,93),(203,105),
369:(75,45),(161,149),(88,162),(238,150),(177,74),(254,116),(41,9),(108,90),(172,21),(177,57),(273,17),(315,152),(77,86),(29,56),(152,34),(17,153),(236,70),(301,5),(247,93),(203,105),
370:(74,45),(161,149),(88,162),(238,150),(177,74),(254,116),(41,9),(108,90),(172,21),(177,57),(273,17),(315,152),(77,86),(29,56),(152,34),(17,153),(236,70),(301,5),(247,93),(203,105),
371:(73,45),(161,149),(88,162),(238,150),(177,74),(254,116),(41,9),(108,90),(172,21),(177,57),(273,17),(315,152),(77,86),(29,56),(152,34),(17,153),(236,70),(301,5),(247,93),(203,105),
372:(73,44),(161,149),(88,162),(238,150),(177,74),(254,116),(41,9),(108,90),(172,21),(177,57),(273,17),(315,152),(77,86),(29,56),(152,34),(17,153),(236,70),(301,5),(247,93),(203,105),
373:(73,43),(161,149),(88,162),(238,150),(177,74),(254,116),(41,9),(108,90),(172,21),(177,57),(273,17),(315,152),(77,86),(29,56),(152,34),(17,153),(236,70),(301,5),(247,93),(203,105),
374:(73,42),(161,149),(88,162),(238,150),(177,74),(254,116),(41,9),(108,90),(172,21),(177,57),(273,17),(315,152),(77,86),(29,56),(152,34),(17,153),(236,70),(301,5),(247,93),(203,105),
375:(73,41),(161,149),(88,162),(238,150),(177,74),(254,116),(41,9),(108,90),(172,21),(177,57),(273,17),(315,152),(77,86),(29,56),(152,34),(17,153),(236,70),(301,5),(247,93),(203,105),
376:(73,40),(161,149),(88,162),(238,150),(177,74),(254,116),(41,9),(108,90),(172,21),(177,57),(273,17),(315,152),(77,86),(29,56),(152,34),(17,153),(236,70),(301,5),(247,93),(203,105),
377:(73,39),(161,149),(88,162),(238,150),(177,74),(254,116),(41,9),(108,90),(172,21),(177,57),(273,17),(315,152),(77,86),(29,56),(152,34),(17,153),(236,70),(301,5),(247,93),(203,105),
378:(73,38),(161,149),(88,162),(238,150),(177,74),(254,116),(41,9),(108,90),(172,21),(177,57),(273,17),(315,152),(77,86),(29,56),(152,34),(17,153),(236,70),(301,5),(247,93),(203,105),
379:(72,38),(161,149),(88,162),(238,150),(177,74),(254,116),(41,9),(108,90),(172,21),(177,57),(273,17),(315,152),(77,86),(29,56),(152,34),(17,153),(236,70),(301,5),(247,93),(203,105),
380:(72,37),(161,149),(88,162),(238,150),(177,74),(254,116),(41,9),(108,90),(172,21),(177,57),(273,17),(315,152),(77,86),(29,56),(152,34),(17,153),(236,70),(301,5),(247,93),(203,105),
381:(71,37),(161,149),(88,162),(238,150),(177,74),(254,116),(41,9),(108,90),(172,21),(177,57),(273,17),(315,152),(77,86),(29,56),(152,34),(17,153),(236,70),(301,5),(247,93),(203,105),
382:(70,37),(161,149),(88,162),(238,150),(177,74),(254,116),(41,9),(108,90),(172,21),(177,57),(273,17),(315,152),(77,86),(29,56),(152,34),(17,153),(236,70),(301,5),(247,93),(203,105),
383:(69,37),(161,149),(88,162),(238,150),(177,74),(254,116),(41,9),(108,90),(172,21),(177,57),(273,17),(315,152),(77,86),(29,56),(152,34),(17,153),(236,70),(301,5),(247,93),(203,105),
384:(68,37),(161,149),(88,162),(238,150),(177,74),(254,116),(41,9),(108,90),(172,21),(177,57),(273,17),(315,152),(77,86),(29,56),(152,34),(17,153),(236,70),(301,5),(247,93),(203,105),
385:(67,37),(161,149),(88,162),(238,150),(177,74),(254,116),(41,9),(108,90),(172,21),(177,57),(273,17),(315,152),(77,86),(29,56),(152,34),(17,153),(236,70),(301,5),(247,93),(203,105),
386:(66,37),(161,149),(88,162),(238,150),(177,74),(254,116),(41,9),(108,90),(172,21),(177,57),(273,17),(315,152),(77,86),(29,56),(152,34),(17,153),(236,70),(301,5),(247,93),(203,105),
387:(65,37),(161,149),(88,162),(238,150),(177,74),(254,116),(41,9),(108,90),(172,21),(177,57),(273,17),(315,152),(77,86),(29,56),(152,34),(17,153),(236,70),(301,5),(247,93),(203,105),
388:(64,37),(161,149),(88,162),(238,150),(177,74),(254,116),(41,9),(108,90),(172,21),(177,57),(273,17),(315,152),(77,86),(29,56),(152,34),(17,153),(236,70),(301,5),(247,93),(203,105),
389:(63,37),(161,149),(88,162),(238,150),(177,74),(254,116),(41,9),(108,90),(172,21),(177,57),(273,17),(315,152),(77,86),(29,56),(152,34),(17,153),(236,70),(301,5),(247,93),(203,105),
390:(62,37),(161,149),(88,162),(238,150),(177,74),(254,116),(41,9),(108,90),(172,21),(177,57),(273,17),(315,152),(77,86),(29,56),(152,34),(17,153),(236,70),(301,5),(247,93),(203,105),
391:(61,37),(161,149),(88,162),(238,150),(177,74),(254,116),(41,9),(108,90),(172,21),(177,57),(273,17),(315,152),(77,86),(29,56),(152,34),(17,153),(236,70),(301,5),(247,93),(203,105),
392:(60,37),(161,149),(88,162),(238,150),(177,74),(254,116),(41,9),(108,90),(172,21),(177,57),(273,17),(315,152),(77,86),(29,56),(152,34),(17,153),(236,70),(301,5),(247,93),(203,105),
393:(59,37),(161,149),(88,162),(238,150),(177,74),(254,116),(41,9),(108,90),(172,21),(177,57),(273,17),(315,152),(77,86),(29,56),(152,34),(17,153),(236,70),(301,5),(247,93),(203,105),
394:(58,37),(161,149),(88,162),(238,150),(177,74),(254,116),(41,9),(108,90),(172,21),(177,57),(273,17),(315,152),(77,86),(29,56),(152,34),(17,153),(236,70),(301,5),(247,93),(203,105),
395:(57,37),(161,149),(88,162),(238,150),(177,74),(254,116),(41,9),(108,90),(172,21),(177,57),(273,17),(315,152),(77,86),(29,56),(152,34),(17,153),(236,70),(301,5),(247,93),(203,105),
396:(56,37),(161,149),(88,162),(238,150),(177,74),(254,116),(41,9),(108,90),(172,21),(177,57),(273,17),(315,152),(77,86),(29,56),(152,34),(17,153),(236,70),(301,5),(247,93),(203,105),
397:(55,37),(161,149),(88,162),(238,150),(177,74),(254,116),(41,9),(108,90),(172,21),(177,57),(273,17),(315,152),(77,86),(29,56),(152,34),(17,153),(236,70),(301,5),(247,93),(203,105),
398:(54,37),(161,149),(88,162),(238,150),(177,74),(254,116),(41,9),(108,90),(172,21),(177,57),(273,17),(315,152),(77,86),(29,56),(152,34),(17,153),(236,70),(301,5),(247,93),(203,105),
399:(53,37),(161,149),(88,162),(238,150),(177,74),(254,116),(41,9),(108,90),(172,21),(177,57),(273,17),(315,152),(77,86),(29,56),(152,34),(17,153),(236,70),(301,5),(247,93),(203,105),
400:(52,37),(161,149),(88,162),(238,150),(177,74),(254,116),(41,9),(108,90),(172,21),(177,57),(273,17),(315,152),(77,86),(29,56),(152,34),(17,153),(236,70),(301,5),(247,93),(203,105),
401:(51,37),(161,149),(88,162),(238,150),(177,74),(254,116),(41,9),(108,90),(172,21),(177,57),(273,17),(315,152),(77,86),(29,56),(152,34),(17,153),(236,70),(301,5),(247,93),(203,105),
402:(50,37),(161,149),(88,162),(238,150),(177,74),(254,116),(41,9),(108,90),(172,21),(177,57),(273,17),(315,152),(77,86),(29,56),(152,34),(17,153),(236,70),(301,5),(247,93),(203,105),
403:(50,36),(161,149),(88,162),(238,150),(177,74),(254,116),(41,9),(108,90),(172,21),(177,57),(273,17),(315,152),(77,86),(29,56),(152,34),(17,153),(236,70),(301,5),(247,93),(203,105),
404:(49,36),(161,149),(88,162),(238,150),(177,74),(254,116),(41,9),(108,90),(172,21),(177,57),(273,17),(315,152),(77,86),(29,56),(152,34),(17,153),(236,70),(301,5),(247,93),(203,105),
405:(48,36),(161,149),(88,162),(238,150),(177,74),(254,116),(41,9),(108,90),(172,21),(177,57),(273,17),(315,152),(77,86),(29,56),(152,34),(17,153),(236,70),(301,5),(247,93),(203,105),
406:(47,36),(161,149),(88,162),(238,150),(177,74),(254,116),(41,9),(108,90),(172,21),(177,57),(273,17),(315,152),(77,86),(29,56),(152,34),(17,153),(236,70),(301,5),(247,93),(203,105),
407:(46,36),(161,149),(88,162),(238,150),(177,74),(254,116),(41,9),(108,90),(172,21),(177,57),(273,17),(315,152),(77,86),(29,56),(152,34),(17,153),(236,70),(301,5),(247,93),(203,105),
408:(45,36),(161,149),(88,162),(238,150),(177,74),(254,116),(41,9),(108,90),(172,21),(177,57),(273,17),(315,152),(77,86),(29,56),(152,34),(17,153),(236,70),(301,5),(247,93),(203,105),
409:(44,36),(161,149),(88,162),(238,150),(177,74),(254,116),(41,9),(108,90),(172,21),(177,57),(273,17),(315,152),(77,86),(29,56),(152,34),(17,153),(236,70),(301,5),(247,93),(203,105),
410:(43,36),(161,149),(88,162),(238,150),(177,74),(254,116),(41,9),(108,90),(172,21),(177,57),(273,17),(315,152),(77,86),(29,56),(152,34),(17,153),(236,70),(301,5),(247,93),(203,105),
411:(42,36),(161,149),(88,162),(238,150),(177,74),(254,116),(41,9),(108,90),(172,21),(177,57),(273,17),(315,152),(77,86),(29,56),(152,34),(17,153),(236,70),(301,5),(247,93),(203,105),
412:(41,36),(161,149),(88,162),(238,150),(177,74),(254,116),(41,9),(108,90),(172,21),(177,57),(273,17),(315,152),(77,86),(29,56),(152,34),(17,153),(236,70),(301,5),(247,93),(203,105),
413:(40,36),(161,149),(88,162),(238,150),(177,74),(254,116),(41,9),(108,90),(172,21),(177,57),(273,17),(315,152),(77,86),(29,56),(152,34),(17,153),(236,70),(301,5),(247,93),(203,105),
414:(39,36),(161,149),(88,162),(238,150),(177,74),(254,116),(41,9),(108,90),(172,21),(177,57),(273,17),(315,152),(77,86),(29,56),(152,34),(17,153),(236,70),(301,5),(247,93),(203,105),
415:(38,36),(161,149),(88,162),(238,150),(177,74),(254,116),(41,9),(108,90),(172,21),(177,57),(273,17),(315,152),(77,86),(29,56),(152,34),(17,153),(236,70),(301,5),(247,93),(203,105),
416:(37,36),(161,149),(88,162),(238,150),(177,74),(254,116),(41,9),(108,90),(172,21),(177,57),(273,17),(315,152),(77,86),(29,56),(152,34),(17,153),(236,70),(301,5),(247,93),(203,105),
417:(36,36),(161,149),(88,162),(238,150),(177,74),(254,116),(41,9),(108,90),(172,21),(177,57),(273,17),(315,152),(77,86),(29,56),(152,34),(17,153),(236,70),(301,5),(247,93),(203,105),
418:(35,36),(161,149),(88,162),(238,150),(177,74),(254,116),(41,9),(108,90),(172,21),(177,57),(273,17),(315,152),(77,86),(29,56),(152,34),(17,153),(236,70),(301,5),(247,93),(203,105),
419:(34,36),(161,149),(88,162),(238,150),(177,74),(254,116),(41,9),(108,90),(172,21),(177,57),(273,17),(315,152),(77,86),(29,56),(152,34),(17,153),(236,70),(301,5),(247,93),(203,105),
420:(33,36),(161,149),(88,162),(238,150),(177,74),(254,116),(41,9),(108,90),(172,21),(177,57),(273,17),(315,152),(77,86),(29,56),(152,34),(17,153),(236,70),(301,5),(247,93),(203,105),
421:(32,36),(161,149),(88,162),(238,150),(177,74),(254,116),(41,9),(108,90),(172,21),(177,57),(273,17),(315,152),(77,86),(29,56),(152,34),(17,153),(236,70),(301,5),(247,93),(203,105),
