instance=temp_instance.txt
agents=20
map_file=warehouse-20-40-10-2-2.map
solver=PIBTOLD
solved=1
soc=3582
lb_soc=3573
makespan=355
lb_makespan=355
comp_time=11
preprocessing_comp_time=10
starts=(256,85),(313,48),(61,30),(319,54),(118,89),(100,46),(35,81),(156,134),(67,38),(96,129),(152,157),(4,89),(229,127),(270,82),(61,153),(213,74),(118,57),(289,56),(77,45),(162,146),
goals=(212,6),(43,60),(29,105),(325,145),(2,141),(53,125),(331,121),(230,28),(6,90),(219,89),(331,120),(97,16),(337,67),(205,51),(334,71),(98,64),(320,136),(327,3),(169,121),(28,68),
solution=
0:(256,85),(313,48),(61,30),(319,54),(118,89),(100,46),(35,81),(156,134),(67,38),(96,129),(152,157),(4,89),(229,127),(270,82),(61,153),(213,74),(118,57),(289,56),(77,45),(162,146),
1:(255,85),(313,49),(60,30),(320,54),(117,89),(99,46),(35,82),(156,133),(66,38),(97,129),(153,157),(5,89),(230,127),(270,81),(62,153),(212,74),(118,58),(290,56),(77,46),(162,145),
2:(254,85),(313,50),(59,30),(321,54),(117,90),(98,46),(36,82),(157,133),(65,38),(98,129),(154,157),(6,89),(230,126),(269,81),(62,152),(212,73),(119,58),(290,55),(78,46),(161,145),
3:(253,85),(312,50),(58,30),(322,54),(116,90),(97,46),(37,82),(157,132),(64,38),(99,129),(155,157),(7,89),(230,125),(268,81),(62,151),(211,73),(120,58),(291,55),(79,46),(160,145),
4:(253,84),(311,50),(57,30),(322,55),(115,90),(96,46),(37,83),(158,132),(63,38),(100,129),(156,157),(7,88),(230,124),(267,81),(62,150),(210,73),(121,58),(292,55),(80,46),(159,145),
5:(253,83),(310,50),(56,30),(323,55),(114,90),(95,46),(38,83),(158,131),(62,38),(101,129),(157,157),(8,88),(230,123),(266,81),(63,150),(209,73),(122,58),(293,55),(81,46),(158,145),
6:(253,82),(309,50),(55,30),(324,55),(113,90),(94,46),(38,84),(158,130),(61,38),(102,129),(158,157),(9,88),(230,122),(265,81),(63,149),(208,73),(122,59),(293,54),(82,46),(158,144),
7:(252,82),(309,51),(54,30),(324,56),(112,90),(93,46),(39,84),(158,129),(60,38),(103,129),(159,157),(9,87),(231,122),(265,80),(64,149),(207,73),(122,60),(293,53),(83,46),(158,143),
8:(252,81),(309,52),(53,30),(325,56),(111,90),(92,46),(40,84),(158,128),(59,38),(104,129),(160,157),(9,86),(231,121),(265,79),(65,149),(206,73),(122,61),(293,52),(84,46),(158,142),
9:(251,81),(308,52),(52,30),(325,57),(110,90),(91,46),(40,85),(158,127),(58,38),(105,129),(161,157),(9,85),(232,121),(265,78),(66,149),(205,73),(123,61),(294,52),(85,46),(157,142),
10:(250,81),(307,52),(51,30),(325,58),(109,90),(90,46),(40,86),(158,126),(57,38),(106,129),(162,157),(10,85),(233,121),(265,77),(67,149),(205,72),(124,61),(294,51),(86,46),(156,142),
11:(249,81),(307,53),(50,30),(325,59),(109,91),(89,46),(40,87),(159,126),(56,38),(107,129),(163,157),(10,84),(234,121),(265,76),(68,149),(205,71),(125,61),(294,50),(86,47),(156,141),
12:(248,81),(307,54),(49,30),(325,60),(109,92),(88,46),(40,88),(160,126),(55,38),(108,129),(164,157),(10,83),(235,121),(265,75),(69,149),(205,70),(126,61),(295,50),(86,48),(155,141),
13:(247,81),(307,55),(49,31),(325,61),(109,93),(87,46),(41,88),(160,125),(54,38),(109,129),(165,157),(10,82),(236,121),(265,74),(70,149),(204,70),(126,62),(295,49),(86,49),(154,141),
14:(246,81),(307,56),(49,32),(325,62),(108,93),(86,46),(42,88),(161,125),(53,38),(109,128),(166,157),(11,82),(237,121),(265,73),(71,149),(204,69),(127,62),(295,48),(87,49),(153,141),
15:(245,81),(306,56),(48,32),(325,63),(107,93),(86,47),(42,89),(162,125),(52,38),(110,128),(167,157),(11,81),(238,121),(265,72),(72,149),(203,69),(128,62),(296,48),(87,50),(152,141),
16:(244,81),(305,56),(48,33),(325,64),(107,94),(86,48),(42,90),(163,125),(51,38),(110,127),(168,157),(11,80),(239,121),(265,71),(73,149),(202,69),(129,62),(297,48),(88,50),(151,141),
17:(243,81),(305,57),(48,34),(325,65),(106,94),(85,48),(43,90),(164,125),(50,38),(110,126),(169,157),(12,80),(240,121),(265,70),(74,149),(201,69),(130,62),(298,48),(89,50),(150,141),
18:(242,81),(304,57),(48,35),(325,66),(105,94),(85,49),(44,90),(165,125),(49,38),(111,126),(169,156),(12,79),(241,121),(265,69),(74,148),(200,69),(131,62),(299,48),(90,50),(149,141),
19:(241,81),(303,57),(48,36),(325,67),(104,94),(84,49),(44,91),(166,125),(49,39),(112,126),(170,156),(13,79),(242,121),(265,68),(74,147),(199,69),(132,62),(299,47),(91,50),(148,141),
20:(241,80),(303,58),(48,37),(325,68),(103,94),(84,50),(44,92),(167,125),(48,39),(112,125),(170,155),(13,78),(243,121),(265,67),(74,146),(198,69),(133,62),(299,46),(92,50),(147,141),
21:(241,79),(302,58),(48,38),(325,69),(102,94),(83,50),(45,92),(168,125),(48,40),(113,125),(170,154),(14,78),(244,121),(265,66),(74,145),(197,69),(133,63),(300,46),(93,50),(146,141),
22:(241,78),(301,58),(48,39),(325,70),(101,94),(82,50),(45,93),(169,125),(47,40),(114,125),(170,153),(15,78),(245,121),(265,65),(75,145),(196,69),(133,64),(300,45),(94,50),(145,141),
23:(241,77),(300,58),(48,40),(325,71),(100,94),(81,50),(46,93),(169,124),(47,41),(115,125),(171,153),(16,78),(246,121),(264,65),(76,145),(195,69),(134,64),(301,45),(95,50),(145,140),
24:(240,77),(299,58),(48,41),(325,72),(99,94),(80,50),(46,94),(169,123),(47,42),(116,125),(172,153),(17,78),(247,121),(263,65),(77,145),(194,69),(134,65),(302,45),(96,50),(145,139),
25:(239,77),(298,58),(48,42),(325,73),(98,94),(79,50),(46,95),(169,122),(47,43),(117,125),(173,153),(18,78),(248,121),(262,65),(78,145),(193,69),(134,66),(302,44),(97,50),(145,138),
26:(238,77),(297,58),(48,43),(325,74),(97,94),(78,50),(46,96),(170,122),(46,43),(118,125),(174,153),(18,77),(249,121),(261,65),(79,145),(192,69),(135,66),(303,44),(98,50),(145,137),
27:(237,77),(296,58),(47,43),(325,75),(97,95),(77,50),(47,96),(171,122),(45,43),(119,125),(175,153),(19,77),(250,121),(260,65),(80,145),(191,69),(136,66),(303,43),(99,50),(145,136),
28:(236,77),(295,58),(47,44),(325,76),(97,96),(76,50),(48,96),(171,121),(44,43),(120,125),(176,153),(20,77),(251,121),(259,65),(81,145),(190,69),(137,66),(304,43),(100,50),(145,135),
29:(235,77),(294,58),(46,44),(325,77),(97,97),(75,50),(49,96),(172,121),(43,43),(121,125),(177,153),(21,77),(252,121),(258,65),(82,145),(189,69),(138,66),(305,43),(101,50),(145,134),
30:(234,77),(293,58),(46,45),(325,78),(97,98),(74,50),(49,97),(173,121),(43,44),(122,125),(178,153),(21,76),(253,121),(257,65),(83,145),(188,69),(139,66),(305,42),(102,50),(145,133),
31:(233,77),(292,58),(46,46),(325,79),(96,98),(73,50),(49,98),(174,121),(43,45),(123,125),(179,153),(21,75),(253,120),(256,65),(84,145),(187,69),(140,66),(306,42),(103,50),(144,133),
32:(232,77),(291,58),(45,46),(325,80),(95,98),(73,51),(50,98),(175,121),(43,46),(124,125),(180,153),(22,75),(253,119),(255,65),(85,145),(186,69),(141,66),(306,41),(104,50),(143,133),
33:(231,77),(290,58),(45,47),(325,81),(94,98),(73,52),(51,98),(176,121),(42,46),(125,125),(181,153),(23,75),(254,119),(254,65),(86,145),(185,69),(142,66),(307,41),(105,50),(142,133),
34:(230,77),(289,58),(45,48),(325,82),(93,98),(73,53),(52,98),(177,121),(41,46),(126,125),(181,152),(24,75),(254,118),(253,65),(87,145),(184,69),(143,66),(308,41),(106,50),(141,133),
35:(230,76),(288,58),(45,49),(325,83),(92,98),(73,54),(53,98),(178,121),(40,46),(127,125),(181,151),(24,74),(255,118),(252,65),(88,145),(183,69),(144,66),(308,40),(107,50),(140,133),
36:(229,76),(287,58),(44,49),(325,84),(91,98),(72,54),(54,98),(179,121),(40,47),(128,125),(181,150),(25,74),(256,118),(251,65),(89,145),(182,69),(145,66),(308,39),(108,50),(139,133),
37:(229,75),(286,58),(44,50),(325,85),(90,98),(71,54),(55,98),(180,121),(40,48),(129,125),(181,149),(26,74),(257,118),(250,65),(90,145),(181,69),(146,66),(309,39),(109,50),(138,133),
38:(229,74),(285,58),(43,50),(325,86),(89,98),(70,54),(56,98),(181,121),(39,48),(130,125),(181,148),(26,73),(258,118),(249,65),(91,145),(181,68),(146,67),(310,39),(110,50),(137,133),
39:(229,73),(284,58),(42,50),(325,87),(88,98),(69,54),(57,98),(181,120),(39,49),(131,125),(181,147),(27,73),(258,117),(248,65),(92,145),(181,67),(146,68),(310,38),(110,51),(136,133),
40:(228,73),(283,58),(41,50),(325,88),(87,98),(68,54),(58,98),(182,120),(39,50),(132,125),(181,146),(28,73),(259,117),(247,65),(93,145),(181,66),(146,69),(311,38),(110,52),(135,133),
41:(227,73),(282,58),(41,51),(325,89),(86,98),(67,54),(59,98),(182,119),(38,50),(133,125),(182,146),(29,73),(260,117),(246,65),(94,145),(180,66),(146,70),(312,38),(110,53),(134,133),
42:(226,73),(281,58),(40,51),(325,90),(86,99),(66,54),(60,98),(182,118),(37,50),(134,125),(183,146),(29,72),(261,117),(245,65),(95,145),(180,65),(146,71),(313,38),(110,54),(134,132),
43:(225,73),(280,58),(40,52),(325,91),(86,100),(65,54),(61,98),(183,118),(37,51),(135,125),(183,145),(29,71),(262,117),(244,65),(96,145),(179,65),(146,72),(313,37),(110,55),(134,131),
44:(224,73),(279,58),(40,53),(325,92),(85,100),(64,54),(61,99),(183,117),(37,52),(136,125),(184,145),(30,71),(263,117),(243,65),(97,145),(178,65),(146,73),(314,37),(110,56),(134,130),
45:(223,73),(278,58),(39,53),(325,93),(85,101),(63,54),(62,99),(184,117),(36,52),(137,125),(185,145),(31,71),(264,117),(242,65),(97,144),(177,65),(147,73),(314,36),(110,57),(134,129),
46:(222,73),(277,58),(39,54),(325,94),(85,102),(62,54),(62,100),(185,117),(35,52),(138,125),(186,145),(32,71),(265,117),(241,65),(98,144),(176,65),(148,73),(314,35),(110,58),(133,129),
47:(221,73),(276,58),(38,54),(325,95),(85,103),(61,54),(62,101),(186,117),(35,53),(139,125),(187,145),(33,71),(266,117),(240,65),(98,143),(175,65),(148,74),(314,34),(111,58),(133,128),
48:(220,73),(275,58),(38,55),(325,96),(85,104),(61,55),(63,101),(187,117),(35,54),(140,125),(188,145),(34,71),(267,117),(239,65),(98,142),(174,65),(149,74),(314,33),(112,58),(133,127),
49:(219,73),(274,58),(38,56),(325,97),(85,105),(61,56),(64,101),(188,117),(35,55),(141,125),(189,145),(35,71),(268,117),(238,65),(99,142),(173,65),(150,74),(315,33),(113,58),(133,126),
50:(218,73),(273,58),(38,57),(325,98),(84,105),(61,57),(65,101),(189,117),(35,56),(142,125),(190,145),(36,71),(269,117),(237,65),(100,142),(172,65),(151,74),(316,33),(114,58),(133,125),
51:(217,73),(272,58),(38,58),(325,99),(83,105),(61,58),(66,101),(190,117),(34,56),(143,125),(191,145),(37,71),(270,117),(236,65),(101,142),(171,65),(152,74),(316,32),(115,58),(133,124),
52:(217,72),(271,58),(38,59),(325,100),(83,106),(61,59),(66,102),(191,117),(33,56),(144,125),(192,145),(38,71),(271,117),(235,65),(102,142),(170,65),(153,74),(316,31),(116,58),(133,123),
53:(217,71),(270,58),(37,59),(325,101),(82,106),(61,60),(67,102),(192,117),(32,56),(145,125),(193,145),(39,71),(272,117),(234,65),(102,141),(169,65),(154,74),(316,30),(117,58),(133,122),
54:(217,70),(269,58),(36,59),(325,102),(81,106),(61,61),(68,102),(193,117),(32,57),(145,124),(194,145),(40,71),(273,117),(233,65),(103,141),(168,65),(155,74),(316,29),(118,58),(132,122),
55:(217,69),(268,58),(36,60),(325,103),(80,106),(61,62),(69,102),(193,116),(31,57),(145,123),(194,144),(41,71),(274,117),(232,65),(104,141),(167,65),(156,74),(316,28),(119,58),(131,122),
56:(217,68),(267,58),(36,61),(325,104),(79,106),(61,63),(70,102),(193,115),(30,57),(145,122),(194,143),(42,71),(275,117),(231,65),(105,141),(166,65),(157,74),(316,27),(120,58),(130,122),
57:(217,67),(266,58),(36,62),(325,105),(78,106),(61,64),(71,102),(194,115),(29,57),(145,121),(194,142),(42,70),(276,117),(230,65),(106,141),(165,65),(157,75),(316,26),(121,58),(129,122),
58:(217,66),(265,58),(36,63),(325,106),(77,106),(61,65),(72,102),(194,114),(28,57),(146,121),(194,141),(42,69),(277,117),(229,65),(107,141),(164,65),(157,76),(317,26),(122,58),(128,122),
59:(217,65),(264,58),(36,64),(325,107),(76,106),(61,66),(73,102),(194,113),(28,58),(146,120),(194,140),(42,68),(278,117),(228,65),(108,141),(163,65),(158,76),(317,25),(123,58),(128,121),
60:(217,64),(263,58),(36,65),(325,108),(75,106),(61,67),(74,102),(195,113),(27,58),(146,119),(194,139),(42,67),(279,117),(227,65),(109,141),(162,65),(158,77),(318,25),(124,58),(127,121),
61:(217,63),(262,58),(36,66),(325,109),(74,106),(61,68),(74,103),(196,113),(26,58),(146,118),(194,138),(42,66),(280,117),(226,65),(109,140),(161,65),(159,77),(319,25),(125,58),(126,121),
62:(217,62),(261,58),(36,67),(325,110),(73,106),(61,69),(74,104),(197,113),(25,58),(146,117),(194,137),(43,66),(281,117),(225,65),(110,140),(160,65),(159,78),(320,25),(126,58),(125,121),
63:(217,61),(260,58),(35,67),(325,111),(73,107),(61,70),(74,105),(198,113),(25,59),(147,117),(195,137),(44,66),(282,117),(224,65),(110,139),(159,65),(160,78),(321,25),(127,58),(124,121),
64:(217,60),(259,58),(34,67),(325,112),(73,108),(61,71),(75,105),(199,113),(25,60),(148,117),(196,137),(45,66),(283,117),(223,65),(110,138),(158,65),(161,78),(322,25),(128,58),(123,121),
65:(217,59),(258,58),(33,67),(325,113),(73,109),(61,72),(75,106),(200,113),(25,61),(149,117),(197,137),(45,65),(284,117),(222,65),(111,138),(157,65),(162,78),(322,24),(129,58),(122,121),
66:(217,58),(257,58),(32,67),(325,114),(72,109),(61,73),(76,106),(201,113),(25,62),(150,117),(198,137),(45,64),(285,117),(221,65),(111,137),(156,65),(163,78),(322,23),(130,58),(121,121),
67:(217,57),(256,58),(31,67),(325,115),(71,109),(61,74),(77,106),(202,113),(25,63),(151,117),(199,137),(45,63),(286,117),(220,65),(112,137),(155,65),(164,78),(323,23),(131,58),(120,121),
68:(217,56),(255,58),(31,68),(325,116),(71,110),(61,75),(78,106),(203,113),(25,64),(152,117),(200,137),(46,63),(287,117),(219,65),(113,137),(154,65),(165,78),(323,22),(132,58),(119,121),
69:(217,55),(254,58),(30,68),(325,117),(70,110),(61,76),(79,106),(204,113),(25,65),(153,117),(201,137),(47,63),(288,117),(218,65),(114,137),(153,65),(166,78),(324,22),(133,58),(118,121),
70:(217,54),(253,58),(30,69),(325,118),(69,110),(61,77),(80,106),(205,113),(24,65),(154,117),(202,137),(48,63),(289,117),(217,65),(115,137),(152,65),(167,78),(325,22),(133,59),(117,121),
71:(217,53),(252,58),(30,70),(325,119),(68,110),(61,78),(81,106),(205,112),(23,65),(155,117),(203,137),(48,62),(289,116),(217,64),(116,137),(151,65),(168,78),(326,22),(133,60),(116,121),
72:(217,52),(251,58),(29,70),(325,120),(67,110),(61,79),(82,106),(206,112),(23,66),(156,117),(204,137),(48,61),(290,116),(217,63),(117,137),(150,65),(169,78),(326,21),(134,60),(115,121),
73:(217,51),(250,58),(29,71),(325,121),(66,110),(61,80),(83,106),(206,111),(23,67),(157,117),(205,137),(48,60),(290,115),(217,62),(118,137),(149,65),(169,79),(326,20),(134,61),(114,121),
74:(217,50),(249,58),(29,72),(325,122),(65,110),(61,81),(84,106),(206,110),(23,68),(157,116),(205,136),(49,60),(291,115),(217,61),(119,137),(148,65),(170,79),(327,20),(135,61),(113,121),
75:(217,49),(248,58),(29,73),(325,123),(64,110),(61,82),(85,106),(206,109),(23,69),(158,116),(206,136),(50,60),(292,115),(216,61),(120,137),(147,65),(170,80),(327,19),(136,61),(112,121),
76:(217,48),(247,58),(29,74),(325,124),(63,110),(61,83),(86,106),(206,108),(22,69),(158,115),(206,135),(50,59),(293,115),(215,61),(121,137),(146,65),(170,81),(327,18),(137,61),(111,121),
77:(217,47),(246,58),(29,75),(325,125),(62,110),(61,84),(86,107),(206,107),(21,69),(158,114),(206,134),(50,58),(294,115),(214,61),(121,136),(145,65),(170,82),(327,17),(137,62),(110,121),
78:(217,46),(245,58),(29,76),(325,126),(62,111),(61,85),(86,108),(206,106),(21,70),(159,114),(207,134),(50,57),(295,115),(213,61),(121,135),(144,65),(170,83),(327,16),(138,62),(109,121),
79:(217,45),(244,58),(29,77),(325,127),(61,111),(61,86),(86,109),(206,105),(20,70),(160,114),(208,134),(50,56),(296,115),(212,61),(121,134),(143,65),(170,84),(327,15),(139,62),(109,120),
80:(217,44),(243,58),(29,78),(325,128),(61,112),(61,87),(87,109),(206,104),(20,71),(161,114),(209,134),(50,55),(297,115),(211,61),(122,134),(142,65),(170,85),(327,14),(140,62),(109,119),
81:(217,43),(242,58),(29,79),(325,129),(61,113),(61,88),(88,109),(206,103),(19,71),(161,113),(210,134),(50,54),(297,114),(210,61),(123,134),(141,65),(171,85),(327,13),(141,62),(109,118),
82:(217,42),(241,58),(29,80),(325,130),(60,113),(61,89),(89,109),(206,102),(19,72),(162,113),(211,134),(51,54),(298,114),(209,61),(123,133),(140,65),(171,86),(327,12),(142,62),(109,117),
83:(217,41),(240,58),(29,81),(325,131),(60,114),(61,90),(90,109),(206,101),(19,73),(163,113),(211,133),(51,53),(298,113),(208,61),(124,133),(139,65),(172,86),(327,11),(143,62),(108,117),
84:(217,40),(239,58),(29,82),(325,132),(59,114),(61,91),(90,110),(206,100),(18,73),(164,113),(212,133),(52,53),(299,113),(207,61),(125,133),(138,65),(173,86),(327,10),(144,62),(107,117),
85:(217,39),(238,58),(29,83),(325,133),(58,114),(61,92),(91,110),(206,99),(17,73),(165,113),(213,133),(53,53),(300,113),(206,61),(126,133),(137,65),(174,86),(327,9),(145,62),(106,117),
86:(217,38),(237,58),(29,84),(325,134),(57,114),(61,93),(92,110),(206,98),(16,73),(166,113),(214,133),(54,53),(300,112),(205,61),(127,133),(136,65),(175,86),(327,8),(145,63),(105,117),
87:(217,37),(236,58),(29,85),(325,135),(56,114),(61,94),(93,110),(207,98),(15,73),(167,113),(215,133),(55,53),(300,111),(205,60),(128,133),(135,65),(176,86),(327,7),(145,64),(104,117),
88:(217,36),(235,58),(29,86),(325,136),(55,114),(61,95),(94,110),(208,98),(14,73),(168,113),(216,133),(56,53),(301,111),(205,59),(129,133),(134,65),(177,86),(327,6),(145,65),(103,117),
89:(217,35),(234,58),(29,87),(325,137),(54,114),(61,96),(95,110),(209,98),(14,74),(169,113),(217,133),(57,53),(301,110),(205,58),(130,133),(133,65),(178,86),(327,5),(145,66),(102,117),
90:(217,34),(233,58),(29,88),(325,138),(53,114),(61,97),(96,110),(209,97),(14,75),(169,112),(218,133),(58,53),(302,110),(205,57),(131,133),(132,65),(179,86),(327,4),(145,67),(101,117),
91:(217,33),(232,58),(29,89),(325,139),(52,114),(61,98),(97,110),(210,97),(14,76),(169,111),(219,133),(59,53),(303,110),(205,56),(132,133),(131,65),(180,86),(327,3),(146,67),(100,117),
92:(217,32),(231,58),(29,90),(325,140),(51,114),(61,99),(97,111),(211,97),(14,77),(170,111),(220,133),(60,53),(304,110),(205,55),(133,133),(130,65),(181,86),(327,3),(146,68),(99,117),
93:(217,31),(230,58),(29,91),(325,141),(50,114),(61,100),(97,112),(212,97),(13,77),(170,110),(221,133),(61,53),(304,109),(205,54),(134,133),(129,65),(181,87),(327,3),(146,69),(98,117),
94:(217,30),(229,58),(29,92),(325,142),(50,115),(61,101),(98,112),(213,97),(12,77),(171,110),(222,133),(62,53),(305,109),(205,53),(134,132),(128,65),(182,87),(327,3),(147,69),(97,117),
95:(217,29),(228,58),(29,93),(325,143),(49,115),(61,102),(98,113),(214,97),(12,78),(172,110),(223,133),(62,52),(306,109),(205,52),(134,131),(127,65),(182,88),(327,3),(148,69),(96,117),
96:(217,28),(227,58),(29,94),(325,144),(48,115),(61,103),(98,114),(215,97),(11,78),(172,109),(224,133),(62,51),(306,108),(205,51),(134,130),(126,65),(182,89),(327,3),(149,69),(95,117),
97:(217,27),(226,58),(29,95),(325,145),(47,115),(61,104),(99,114),(216,97),(10,78),(173,109),(225,133),(62,50),(306,107),(205,51),(135,130),(125,65),(183,89),(327,3),(150,69),(94,117),
98:(217,26),(225,58),(29,96),(325,145),(46,115),(61,105),(100,114),(217,97),(9,78),(174,109),(226,133),(62,49),(307,107),(205,51),(136,130),(124,65),(184,89),(327,3),(150,70),(93,117),
99:(217,25),(224,58),(29,97),(325,145),(46,116),(61,106),(101,114),(217,96),(9,79),(175,109),(227,133),(63,49),(308,107),(205,51),(136,129),(123,65),(185,89),(327,3),(151,70),(92,117),
100:(217,24),(223,58),(29,98),(325,145),(46,117),(61,107),(102,114),(217,95),(9,80),(176,109),(228,133),(64,49),(308,106),(205,51),(137,129),(122,65),(185,90),(327,3),(152,70),(91,117),
101:(217,23),(222,58),(29,99),(325,145),(46,118),(61,108),(103,114),(217,94),(8,80),(177,109),(229,133),(65,49),(308,105),(205,51),(138,129),(121,65),(186,90),(327,3),(153,70),(90,117),
102:(217,22),(221,58),(29,100),(325,145),(46,119),(61,109),(104,114),(217,93),(7,80),(178,109),(229,132),(66,49),(309,105),(205,51),(139,129),(120,65),(187,90),(327,3),(154,70),(89,117),
103:(217,21),(220,58),(29,101),(325,145),(45,119),(61,110),(105,114),(217,92),(6,80),(179,109),(230,132),(67,49),(310,105),(205,51),(140,129),(119,65),(188,90),(327,3),(155,70),(88,117),
104:(217,20),(219,58),(29,102),(325,145),(44,119),(61,111),(106,114),(218,92),(6,81),(180,109),(230,131),(68,49),(311,105),(205,51),(141,129),(118,65),(189,90),(327,3),(156,70),(87,117),
105:(217,19),(218,58),(29,103),(325,145),(43,119),(61,112),(107,114),(218,91),(6,82),(181,109),(230,130),(69,49),(311,104),(205,51),(142,129),(117,65),(190,90),(327,3),(157,70),(86,117),
106:(217,18),(217,58),(29,104),(325,145),(42,119),(61,113),(108,114),(218,90),(6,83),(181,108),(230,129),(70,49),(312,104),(205,51),(143,129),(116,65),(191,90),(327,3),(157,71),(85,117),
107:(217,17),(216,58),(29,105),(325,145),(41,119),(61,114),(109,114),(218,89),(6,84),(182,108),(230,128),(71,49),(313,104),(205,51),(144,129),(115,65),(192,90),(327,3),(157,72),(84,117),
108:(217,16),(215,58),(29,105),(325,145),(41,120),(61,115),(110,114),(218,88),(6,85),(182,107),(230,127),(72,49),(314,104),(205,51),(145,129),(114,65),(193,90),(327,3),(157,73),(83,117),
109:(217,15),(214,58),(29,105),(325,145),(40,120),(61,116),(110,115),(218,87),(6,86),(182,106),(230,126),(73,49),(315,104),(205,51),(146,129),(113,65),(194,90),(327,3),(157,74),(82,117),
110:(217,14),(213,58),(29,105),(325,145),(40,121),(61,117),(110,116),(218,86),(6,87),(182,105),(230,125),(74,49),(315,103),(205,51),(147,129),(112,65),(195,90),(327,3),(158,74),(81,117),
111:(217,13),(212,58),(29,105),(325,145),(39,121),(61,118),(110,117),(219,86),(6,88),(182,104),(230,124),(75,49),(316,103),(205,51),(148,129),(111,65),(196,90),(327,3),(159,74),(80,117),
112:(217,12),(211,58),(29,105),(325,145),(38,121),(61,119),(110,118),(219,85),(6,89),(182,103),(230,123),(76,49),(317,103),(205,51),(149,129),(110,65),(197,90),(327,3),(160,74),(79,117),
113:(217,11),(210,58),(29,105),(325,145),(37,121),(61,120),(111,118),(220,85),(6,90),(182,102),(230,122),(77,49),(318,103),(205,51),(150,129),(109,65),(198,90),(327,3),(161,74),(78,117),
114:(217,10),(209,58),(29,105),(325,145),(37,122),(61,121),(112,118),(221,85),(6,90),(183,102),(231,122),(78,49),(318,102),(205,51),(151,129),(108,65),(199,90),(327,3),(162,74),(77,117),
115:(217,9),(208,58),(29,105),(325,145),(36,122),(61,122),(113,118),(222,85),(6,90),(184,102),(231,121),(79,49),(319,102),(205,51),(152,129),(107,65),(200,90),(327,3),(163,74),(76,117),
116:(217,8),(207,58),(29,105),(325,145),(35,122),(61,123),(114,118),(223,85),(6,90),(184,101),(232,121),(80,49),(319,101),(205,51),(153,129),(106,65),(201,90),(327,3),(164,74),(75,117),
117:(217,7),(206,58),(29,105),(325,145),(35,123),(61,124),(115,118),(224,85),(6,90),(185,101),(233,121),(81,49),(320,101),(205,51),(154,129),(105,65),(202,90),(327,3),(165,74),(74,117),
118:(217,6),(205,58),(29,105),(325,145),(35,124),(61,125),(116,118),(225,85),(6,90),(186,101),(234,121),(82,49),(320,100),(205,51),(155,129),(104,65),(203,90),(327,3),(166,74),(73,117),
119:(216,6),(204,58),(29,105),(325,145),(34,124),(60,125),(117,118),(226,85),(6,90),(187,101),(235,121),(83,49),(321,100),(205,51),(156,129),(103,65),(204,90),(327,3),(167,74),(73,116),
120:(215,6),(203,58),(29,105),(325,145),(33,124),(59,125),(118,118),(227,85),(6,90),(188,101),(236,121),(84,49),(322,100),(205,51),(157,129),(102,65),(205,90),(327,3),(168,74),(73,115),
121:(214,6),(202,58),(29,105),(325,145),(33,125),(58,125),(119,118),(228,85),(6,90),(189,101),(237,121),(85,49),(322,99),(205,51),(158,129),(101,65),(205,91),(327,3),(169,74),(73,114),
122:(213,6),(201,58),(29,105),(325,145),(32,125),(57,125),(120,118),(229,85),(6,90),(190,101),(238,121),(85,48),(322,98),(205,51),(158,128),(100,65),(206,91),(327,3),(169,75),(73,113),
123:(212,6),(200,58),(29,105),(325,145),(32,126),(56,125),(121,118),(229,84),(6,90),(191,101),(239,121),(86,48),(323,98),(205,51),(158,127),(99,65),(206,92),(327,3),(169,76),(73,112),
124:(212,6),(199,58),(29,105),(325,145),(31,126),(55,125),(121,119),(230,84),(6,90),(192,101),(240,121),(86,47),(323,97),(205,51),(158,126),(98,65),(206,93),(327,3),(169,77),(73,111),
125:(212,6),(198,58),(29,105),(325,145),(31,127),(54,125),(121,120),(230,83),(6,90),(193,101),(241,121),(86,46),(324,97),(205,51),(159,126),(98,64),(207,93),(327,3),(169,78),(73,110),
126:(212,6),(197,58),(29,105),(325,145),(30,127),(53,125),(121,121),(230,82),(6,90),(193,100),(242,121),(86,45),(325,97),(205,51),(160,126),(98,64),(207,94),(327,3),(169,79),(72,110),
127:(212,6),(196,58),(29,105),(325,145),(29,127),(53,125),(122,121),(230,81),(6,90),(193,99),(243,121),(87,45),(325,96),(205,51),(161,126),(98,64),(208,94),(327,3),(169,80),(72,109),
128:(212,6),(195,58),(29,105),(325,145),(29,128),(53,125),(123,121),(230,80),(6,90),(193,98),(244,121),(88,45),(326,96),(205,51),(161,125),(98,64),(209,94),(327,3),(169,81),(71,109),
129:(212,6),(194,58),(29,105),(325,145),(29,129),(53,125),(124,121),(230,79),(6,90),(194,98),(245,121),(89,45),(327,96),(205,51),(162,125),(98,64),(210,94),(327,3),(169,82),(70,109),
130:(212,6),(193,58),(29,105),(325,145),(28,129),(53,125),(125,121),(230,78),(6,90),(195,98),(246,121),(90,45),(327,95),(205,51),(163,125),(98,64),(211,94),(327,3),(169,83),(69,109),
131:(212,6),(192,58),(29,105),(325,145),(28,130),(53,125),(126,121),(230,77),(6,90),(196,98),(247,121),(91,45),(328,95),(205,51),(164,125),(98,64),(212,94),(327,3),(169,84),(68,109),
132:(212,6),(191,58),(29,105),(325,145),(28,131),(53,125),(127,121),(230,76),(6,90),(196,97),(248,121),(92,45),(329,95),(205,51),(165,125),(98,64),(213,94),(327,3),(169,85),(67,109),
133:(212,6),(190,58),(29,105),(325,145),(28,132),(53,125),(128,121),(230,75),(6,90),(197,97),(249,121),(93,45),(329,94),(205,51),(166,125),(98,64),(214,94),(327,3),(169,86),(66,109),
134:(212,6),(189,58),(29,105),(325,145),(27,132),(53,125),(129,121),(230,74),(6,90),(198,97),(250,121),(94,45),(329,93),(205,51),(167,125),(98,64),(215,94),(327,3),(169,87),(65,109),
135:(212,6),(188,58),(29,105),(325,145),(27,133),(53,125),(130,121),(230,73),(6,90),(199,97),(251,121),(95,45),(329,92),(205,51),(168,125),(98,64),(216,94),(327,3),(169,88),(64,109),
136:(212,6),(187,58),(29,105),(325,145),(27,134),(53,125),(131,121),(230,72),(6,90),(200,97),(252,121),(96,45),(329,91),(205,51),(169,125),(98,64),(217,94),(327,3),(169,89),(63,109),
137:(212,6),(186,58),(29,105),(325,145),(27,135),(53,125),(132,121),(230,71),(6,90),(201,97),(253,121),(97,45),(330,91),(205,51),(169,124),(98,64),(217,95),(327,3),(169,90),(62,109),
138:(212,6),(185,58),(29,105),(325,145),(26,135),(53,125),(133,121),(230,70),(6,90),(202,97),(254,121),(97,44),(330,90),(205,51),(169,123),(98,64),(217,96),(327,3),(169,91),(62,108),
139:(212,6),(184,58),(29,105),(325,145),(26,136),(53,125),(134,121),(230,69),(6,90),(203,97),(255,121),(97,43),(331,90),(205,51),(170,123),(98,64),(218,96),(327,3),(169,92),(61,108),
140:(212,6),(183,58),(29,105),(325,145),(25,136),(53,125),(135,121),(230,68),(6,90),(204,97),(256,121),(97,42),(331,89),(205,51),(170,122),(98,64),(218,97),(327,3),(169,93),(61,107),
141:(212,6),(182,58),(29,105),(325,145),(25,137),(53,125),(136,121),(230,67),(6,90),(205,97),(257,121),(97,41),(331,88),(205,51),(170,121),(98,64),(218,98),(327,3),(169,94),(61,106),
142:(212,6),(181,58),(29,105),(325,145),(25,138),(53,125),(137,121),(230,66),(6,90),(206,97),(258,121),(97,40),(331,87),(205,51),(171,121),(98,64),(219,98),(327,3),(169,95),(60,106),
143:(212,6),(180,58),(29,105),(325,145),(25,139),(53,125),(138,121),(230,65),(6,90),(207,97),(259,121),(97,39),(332,87),(205,51),(172,121),(98,64),(220,98),(327,3),(169,96),(59,106),
144:(212,6),(179,58),(29,105),(325,145),(24,139),(53,125),(139,121),(230,64),(6,90),(208,97),(260,121),(97,38),(332,86),(205,51),(173,121),(98,64),(221,98),(327,3),(169,97),(59,105),
145:(212,6),(178,58),(29,105),(325,145),(24,140),(53,125),(140,121),(230,63),(6,90),(209,97),(261,121),(97,37),(333,86),(205,51),(174,121),(98,64),(222,98),(327,3),(169,98),(58,105),
146:(212,6),(177,58),(29,105),(325,145),(23,140),(53,125),(141,121),(230,62),(6,90),(210,97),(262,121),(97,36),(334,86),(205,51),(175,121),(98,64),(223,98),(327,3),(169,99),(57,105),
147:(212,6),(176,58),(29,105),(325,145),(22,140),(53,125),(142,121),(230,61),(6,90),(211,97),(263,121),(97,35),(335,86),(205,51),(176,121),(98,64),(224,98),(327,3),(169,100),(56,105),
148:(212,6),(175,58),(29,105),(325,145),(22,141),(53,125),(143,121),(230,60),(6,90),(212,97),(264,121),(97,34),(335,85),(205,51),(177,121),(98,64),(225,98),(327,3),(169,101),(55,105),
149:(212,6),(174,58),(29,105),(325,145),(21,141),(53,125),(144,121),(230,59),(6,90),(213,97),(265,121),(97,33),(335,84),(205,51),(178,121),(98,64),(226,98),(327,3),(169,102),(54,105),
150:(212,6),(173,58),(29,105),(325,145),(20,141),(53,125),(145,121),(230,58),(6,90),(214,97),(266,121),(97,32),(335,83),(205,51),(179,121),(98,64),(227,98),(327,3),(169,103),(53,105),
151:(212,6),(172,58),(29,105),(325,145),(19,141),(53,125),(146,121),(230,57),(6,90),(215,97),(267,121),(97,31),(336,83),(205,51),(180,121),(98,64),(228,98),(327,3),(169,104),(52,105),
152:(212,6),(171,58),(29,105),(325,145),(18,141),(53,125),(147,121),(230,56),(6,90),(216,97),(268,121),(97,30),(337,83),(205,51),(181,121),(98,64),(229,98),(327,3),(169,105),(51,105),
153:(212,6),(170,58),(29,105),(325,145),(17,141),(53,125),(148,121),(230,55),(6,90),(217,97),(269,121),(97,29),(337,82),(205,51),(182,121),(98,64),(230,98),(327,3),(169,106),(50,105),
154:(212,6),(169,58),(29,105),(325,145),(16,141),(53,125),(149,121),(230,54),(6,90),(217,96),(270,121),(97,28),(337,81),(205,51),(183,121),(98,64),(231,98),(327,3),(169,107),(50,104),
155:(212,6),(168,58),(29,105),(325,145),(15,141),(53,125),(150,121),(230,53),(6,90),(218,96),(271,121),(97,27),(337,80),(205,51),(184,121),(98,64),(232,98),(327,3),(169,108),(49,104),
156:(212,6),(167,58),(29,105),(325,145),(14,141),(53,125),(151,121),(230,52),(6,90),(218,95),(272,121),(97,26),(337,79),(205,51),(185,121),(98,64),(233,98),(327,3),(169,109),(48,104),
157:(212,6),(166,58),(29,105),(325,145),(13,141),(53,125),(152,121),(230,51),(6,90),(218,94),(273,121),(97,25),(337,78),(205,51),(186,121),(98,64),(234,98),(327,3),(169,110),(48,103),
158:(212,6),(165,58),(29,105),(325,145),(12,141),(53,125),(153,121),(230,50),(6,90),(218,93),(274,121),(97,24),(337,77),(205,51),(187,121),(98,64),(235,98),(327,3),(169,111),(48,102),
159:(212,6),(164,58),(29,105),(325,145),(11,141),(53,125),(154,121),(230,49),(6,90),(218,92),(275,121),(97,23),(337,76),(205,51),(188,121),(98,64),(236,98),(327,3),(169,112),(48,101),
160:(212,6),(163,58),(29,105),(325,145),(10,141),(53,125),(155,121),(230,48),(6,90),(218,91),(276,121),(97,22),(337,75),(205,51),(189,121),(98,64),(237,98),(327,3),(169,113),(48,100),
161:(212,6),(162,58),(29,105),(325,145),(9,141),(53,125),(156,121),(230,47),(6,90),(218,90),(277,121),(97,21),(337,74),(205,51),(190,121),(98,64),(238,98),(327,3),(169,114),(47,100),
162:(212,6),(161,58),(29,105),(325,145),(8,141),(53,125),(157,121),(230,46),(6,90),(218,89),(278,121),(97,20),(337,73),(205,51),(191,121),(98,64),(239,98),(327,3),(169,115),(46,100),
163:(212,6),(160,58),(29,105),(325,145),(7,141),(53,125),(158,121),(230,45),(6,90),(219,89),(279,121),(97,19),(337,72),(205,51),(192,121),(98,64),(240,98),(327,3),(169,116),(46,99),
164:(212,6),(159,58),(29,105),(325,145),(6,141),(53,125),(159,121),(230,44),(6,90),(219,89),(280,121),(97,18),(337,71),(205,51),(193,121),(98,64),(241,98),(327,3),(169,117),(45,99),
165:(212,6),(158,58),(29,105),(325,145),(5,141),(53,125),(160,121),(230,43),(6,90),(219,89),(281,121),(97,17),(337,70),(205,51),(194,121),(98,64),(242,98),(327,3),(169,118),(44,99),
166:(212,6),(157,58),(29,105),(325,145),(4,141),(53,125),(161,121),(230,42),(6,90),(219,89),(282,121),(97,16),(337,69),(205,51),(194,120),(98,64),(243,98),(327,3),(169,119),(44,98),
167:(212,6),(156,58),(29,105),(325,145),(3,141),(53,125),(162,121),(230,41),(6,90),(219,89),(283,121),(97,16),(337,68),(205,51),(194,119),(98,64),(244,98),(327,3),(169,120),(43,98),
168:(212,6),(155,58),(29,105),(325,145),(2,141),(53,125),(163,121),(230,40),(6,90),(219,89),(284,121),(97,16),(337,67),(205,51),(194,118),(98,64),(245,98),(327,3),(169,121),(42,98),
169:(212,6),(154,58),(29,105),(325,145),(2,141),(53,125),(164,121),(230,39),(6,90),(219,89),(285,121),(97,16),(337,67),(205,51),(195,118),(98,64),(246,98),(327,3),(169,121),(42,97),
170:(212,6),(153,58),(29,105),(325,145),(2,141),(53,125),(165,121),(230,38),(6,90),(219,89),(286,121),(97,16),(337,67),(205,51),(196,118),(98,64),(247,98),(327,3),(169,121),(41,97),
171:(212,6),(152,58),(29,105),(325,145),(2,141),(53,125),(166,121),(230,37),(6,90),(219,89),(287,121),(97,16),(337,67),(205,51),(196,117),(98,64),(248,98),(327,3),(169,121),(41,96),
172:(212,6),(151,58),(29,105),(325,145),(2,141),(53,125),(167,121),(230,36),(6,90),(219,89),(288,121),(97,16),(337,67),(205,51),(197,117),(98,64),(249,98),(327,3),(169,121),(41,95),
173:(212,6),(150,58),(29,105),(325,145),(2,141),(53,125),(168,121),(230,35),(6,90),(219,89),(289,121),(97,16),(337,67),(205,51),(198,117),(98,64),(250,98),(327,3),(169,121),(40,95),
174:(212,6),(149,58),(29,105),(325,145),(2,141),(53,125),(169,121),(230,34),(6,90),(219,89),(289,120),(97,16),(337,67),(205,51),(199,117),(98,64),(251,98),(327,3),(170,121),(39,95),
175:(212,6),(148,58),(29,105),(325,145),(2,141),(53,125),(170,121),(230,33),(6,90),(219,89),(290,120),(97,16),(337,67),(205,51),(200,117),(98,64),(252,98),(327,3),(170,120),(39,94),
176:(212,6),(147,58),(29,105),(325,145),(2,141),(53,125),(171,121),(230,32),(6,90),(219,89),(291,120),(97,16),(337,67),(205,51),(201,117),(98,64),(253,98),(327,3),(169,120),(38,94),
177:(212,6),(146,58),(29,105),(325,145),(2,141),(53,125),(172,121),(230,31),(6,90),(219,89),(292,120),(97,16),(337,67),(205,51),(202,117),(98,64),(254,98),(327,3),(169,121),(38,93),
178:(212,6),(145,58),(29,105),(325,145),(2,141),(53,125),(173,121),(230,30),(6,90),(219,89),(293,120),(97,16),(337,67),(205,51),(203,117),(98,64),(255,98),(327,3),(169,121),(38,92),
179:(212,6),(144,58),(29,105),(325,145),(2,141),(53,125),(174,121),(230,29),(6,90),(219,89),(294,120),(97,16),(337,67),(205,51),(204,117),(98,64),(256,98),(327,3),(169,121),(37,92),
180:(212,6),(143,58),(29,105),(325,145),(2,141),(53,125),(175,121),(230,28),(6,90),(219,89),(295,120),(97,16),(337,67),(205,51),(205,117),(98,64),(257,98),(327,3),(169,121),(36,92),
181:(212,6),(142,58),(29,105),(325,145),(2,141),(53,125),(176,121),(230,28),(6,90),(219,89),(296,120),(97,16),(337,67),(205,51),(205,116),(98,64),(258,98),(327,3),(169,121),(35,92),
182:(212,6),(141,58),(29,105),(325,145),(2,141),(53,125),(177,121),(230,28),(6,90),(219,89),(297,120),(97,16),(337,67),(205,51),(206,116),(98,64),(259,98),(327,3),(169,121),(34,92),
183:(212,6),(140,58),(29,105),(325,145),(2,141),(53,125),(178,121),(230,28),(6,90),(219,89),(298,120),(97,16),(337,67),(205,51),(206,115),(98,64),(260,98),(327,3),(169,121),(33,92),
184:(212,6),(139,58),(29,105),(325,145),(2,141),(53,125),(179,121),(230,28),(6,90),(219,89),(299,120),(97,16),(337,67),(205,51),(206,114),(98,64),(261,98),(327,3),(169,121),(33,91),
185:(212,6),(138,58),(29,105),(325,145),(2,141),(53,125),(180,121),(230,28),(6,90),(219,89),(300,120),(97,16),(337,67),(205,51),(206,113),(98,64),(262,98),(327,3),(169,121),(33,90),
186:(212,6),(137,58),(29,105),(325,145),(2,141),(53,125),(181,121),(230,28),(6,90),(219,89),(301,120),(97,16),(337,67),(205,51),(206,112),(98,64),(263,98),(327,3),(169,121),(32,90),
187:(212,6),(136,58),(29,105),(325,145),(2,141),(53,125),(182,121),(230,28),(6,90),(219,89),(302,120),(97,16),(337,67),(205,51),(206,111),(98,64),(264,98),(327,3),(169,121),(32,89),
188:(212,6),(135,58),(29,105),(325,145),(2,141),(53,125),(183,121),(230,28),(6,90),(219,89),(303,120),(97,16),(337,67),(205,51),(206,110),(98,64),(265,98),(327,3),(169,121),(32,88),
189:(212,6),(134,58),(29,105),(325,145),(2,141),(53,125),(184,121),(230,28),(6,90),(219,89),(304,120),(97,16),(337,67),(205,51),(206,109),(98,64),(266,98),(327,3),(169,121),(32,87),
190:(212,6),(133,58),(29,105),(325,145),(2,141),(53,125),(185,121),(230,28),(6,90),(219,89),(305,120),(97,16),(337,67),(205,51),(207,109),(98,64),(267,98),(327,3),(169,121),(32,86),
191:(212,6),(132,58),(29,105),(325,145),(2,141),(53,125),(186,121),(230,28),(6,90),(219,89),(306,120),(97,16),(337,67),(205,51),(208,109),(98,64),(268,98),(327,3),(169,121),(32,85),
192:(212,6),(131,58),(29,105),(325,145),(2,141),(53,125),(187,121),(230,28),(6,90),(219,89),(307,120),(97,16),(337,67),(205,51),(209,109),(98,64),(269,98),(327,3),(169,121),(31,85),
193:(212,6),(130,58),(29,105),(325,145),(2,141),(53,125),(188,121),(230,28),(6,90),(219,89),(308,120),(97,16),(337,67),(205,51),(210,109),(98,64),(270,98),(327,3),(169,121),(30,85),
194:(212,6),(129,58),(29,105),(325,145),(2,141),(53,125),(189,121),(230,28),(6,90),(219,89),(309,120),(97,16),(337,67),(205,51),(211,109),(98,64),(271,98),(327,3),(169,121),(29,85),
195:(212,6),(128,58),(29,105),(325,145),(2,141),(53,125),(190,121),(230,28),(6,90),(219,89),(310,120),(97,16),(337,67),(205,51),(212,109),(98,64),(272,98),(327,3),(169,121),(28,85),
196:(212,6),(127,58),(29,105),(325,145),(2,141),(53,125),(191,121),(230,28),(6,90),(219,89),(311,120),(97,16),(337,67),(205,51),(213,109),(98,64),(273,98),(327,3),(169,121),(28,84),
197:(212,6),(126,58),(29,105),(325,145),(2,141),(53,125),(192,121),(230,28),(6,90),(219,89),(312,120),(97,16),(337,67),(205,51),(214,109),(98,64),(274,98),(327,3),(169,121),(28,83),
198:(212,6),(125,58),(29,105),(325,145),(2,141),(53,125),(193,121),(230,28),(6,90),(219,89),(313,120),(97,16),(337,67),(205,51),(215,109),(98,64),(275,98),(327,3),(169,121),(28,82),
199:(212,6),(124,58),(29,105),(325,145),(2,141),(53,125),(194,121),(230,28),(6,90),(219,89),(314,120),(97,16),(337,67),(205,51),(216,109),(98,64),(276,98),(327,3),(169,121),(28,81),
200:(212,6),(123,58),(29,105),(325,145),(2,141),(53,125),(195,121),(230,28),(6,90),(219,89),(315,120),(97,16),(337,67),(205,51),(217,109),(98,64),(277,98),(327,3),(169,121),(28,80),
201:(212,6),(122,58),(29,105),(325,145),(2,141),(53,125),(196,121),(230,28),(6,90),(219,89),(316,120),(97,16),(337,67),(205,51),(217,108),(98,64),(278,98),(327,3),(169,121),(28,79),
202:(212,6),(121,58),(29,105),(325,145),(2,141),(53,125),(197,121),(230,28),(6,90),(219,89),(317,120),(97,16),(337,67),(205,51),(217,107),(98,64),(279,98),(327,3),(169,121),(28,78),
203:(212,6),(120,58),(29,105),(325,145),(2,141),(53,125),(198,121),(230,28),(6,90),(219,89),(318,120),(97,16),(337,67),(205,51),(217,106),(98,64),(280,98),(327,3),(169,121),(28,77),
204:(212,6),(119,58),(29,105),(325,145),(2,141),(53,125),(199,121),(230,28),(6,90),(219,89),(319,120),(97,16),(337,67),(205,51),(217,105),(98,64),(281,98),(327,3),(169,121),(28,76),
205:(212,6),(118,58),(29,105),(325,145),(2,141),(53,125),(200,121),(230,28),(6,90),(219,89),(320,120),(97,16),(337,67),(205,51),(217,104),(98,64),(282,98),(327,3),(169,121),(28,75),
206:(212,6),(117,58),(29,105),(325,145),(2,141),(53,125),(201,121),(230,28),(6,90),(219,89),(321,120),(97,16),(337,67),(205,51),(217,103),(98,64),(283,98),(327,3),(169,121),(28,74),
207:(212,6),(116,58),(29,105),(325,145),(2,141),(53,125),(202,121),(230,28),(6,90),(219,89),(322,120),(97,16),(337,67),(205,51),(217,102),(98,64),(284,98),(327,3),(169,121),(28,73),
208:(212,6),(115,58),(29,105),(325,145),(2,141),(53,125),(203,121),(230,28),(6,90),(219,89),(323,120),(97,16),(337,67),(205,51),(218,102),(98,64),(285,98),(327,3),(169,121),(28,72),
209:(212,6),(114,58),(29,105),(325,145),(2,141),(53,125),(204,121),(230,28),(6,90),(219,89),(324,120),(97,16),(337,67),(205,51),(219,102),(98,64),(286,98),(327,3),(169,121),(28,71),
210:(212,6),(113,58),(29,105),(325,145),(2,141),(53,125),(205,121),(230,28),(6,90),(219,89),(325,120),(97,16),(337,67),(205,51),(219,101),(98,64),(287,98),(327,3),(169,121),(28,70),
211:(212,6),(112,58),(29,105),(325,145),(2,141),(53,125),(206,121),(230,28),(6,90),(219,89),(326,120),(97,16),(337,67),(205,51),(220,101),(98,64),(288,98),(327,3),(169,121),(28,69),
212:(212,6),(111,58),(29,105),(325,145),(2,141),(53,125),(207,121),(230,28),(6,90),(219,89),(327,120),(97,16),(337,67),(205,51),(221,101),(98,64),(289,98),(327,3),(169,121),(28,68),
213:(212,6),(110,58),(29,105),(325,145),(2,141),(53,125),(208,121),(230,28),(6,90),(219,89),(328,120),(97,16),(337,67),(205,51),(222,101),(98,64),(290,98),(327,3),(169,121),(28,68),
214:(212,6),(109,58),(29,105),(325,145),(2,141),(53,125),(209,121),(230,28),(6,90),(219,89),(329,120),(97,16),(337,67),(205,51),(223,101),(98,64),(291,98),(327,3),(169,121),(28,68),
215:(212,6),(108,58),(29,105),(325,145),(2,141),(53,125),(210,121),(230,28),(6,90),(219,89),(330,120),(97,16),(337,67),(205,51),(224,101),(98,64),(292,98),(327,3),(169,121),(28,68),
216:(212,6),(107,58),(29,105),(325,145),(2,141),(53,125),(211,121),(230,28),(6,90),(219,89),(331,120),(97,16),(337,67),(205,51),(225,101),(98,64),(292,99),(327,3),(169,121),(28,68),
217:(212,6),(106,58),(29,105),(325,145),(2,141),(53,125),(212,121),(230,28),(6,90),(219,89),(331,120),(97,16),(337,67),(205,51),(226,101),(98,64),(292,100),(327,3),(169,121),(28,68),
218:(212,6),(105,58),(29,105),(325,145),(2,141),(53,125),(213,121),(230,28),(6,90),(219,89),(331,120),(97,16),(337,67),(205,51),(227,101),(98,64),(292,101),(327,3),(169,121),(28,68),
219:(212,6),(104,58),(29,105),(325,145),(2,141),(53,125),(214,121),(230,28),(6,90),(219,89),(331,120),(97,16),(337,67),(205,51),(228,101),(98,64),(293,101),(327,3),(169,121),(28,68),
220:(212,6),(103,58),(29,105),(325,145),(2,141),(53,125),(215,121),(230,28),(6,90),(219,89),(331,120),(97,16),(337,67),(205,51),(229,101),(98,64),(293,102),(327,3),(169,121),(28,68),
221:(212,6),(102,58),(29,105),(325,145),(2,141),(53,125),(216,121),(230,28),(6,90),(219,89),(331,120),(97,16),(337,67),(205,51),(230,101),(98,64),(293,103),(327,3),(169,121),(28,68),
222:(212,6),(101,58),(29,105),(325,145),(2,141),(53,125),(217,121),(230,28),(6,90),(219,89),(331,120),(97,16),(337,67),(205,51),(231,101),(98,64),(293,104),(327,3),(169,121),(28,68),
223:(212,6),(100,58),(29,105),(325,145),(2,141),(53,125),(218,121),(230,28),(6,90),(219,89),(331,120),(97,16),(337,67),(205,51),(232,101),(98,64),(293,105),(327,3),(169,121),(28,68),
224:(212,6),(99,58),(29,105),(325,145),(2,141),(53,125),(219,121),(230,28),(6,90),(219,89),(331,120),(97,16),(337,67),(205,51),(233,101),(98,64),(293,106),(327,3),(169,121),(28,68),
225:(212,6),(98,58),(29,105),(325,145),(2,141),(53,125),(220,121),(230,28),(6,90),(219,89),(331,120),(97,16),(337,67),(205,51),(234,101),(98,64),(293,107),(327,3),(169,121),(28,68),
226:(212,6),(97,58),(29,105),(325,145),(2,141),(53,125),(221,121),(230,28),(6,90),(219,89),(331,120),(97,16),(337,67),(205,51),(235,101),(98,64),(294,107),(327,3),(169,121),(28,68),
227:(212,6),(96,58),(29,105),(325,145),(2,141),(53,125),(222,121),(230,28),(6,90),(219,89),(331,120),(97,16),(337,67),(205,51),(236,101),(98,64),(295,107),(327,3),(169,121),(28,68),
228:(212,6),(95,58),(29,105),(325,145),(2,141),(53,125),(223,121),(230,28),(6,90),(219,89),(331,120),(97,16),(337,67),(205,51),(237,101),(98,64),(296,107),(327,3),(169,121),(28,68),
229:(212,6),(94,58),(29,105),(325,145),(2,141),(53,125),(224,121),(230,28),(6,90),(219,89),(331,120),(97,16),(337,67),(205,51),(238,101),(98,64),(296,108),(327,3),(169,121),(28,68),
230:(212,6),(93,58),(29,105),(325,145),(2,141),(53,125),(225,121),(230,28),(6,90),(219,89),(331,120),(97,16),(337,67),(205,51),(239,101),(98,64),(297,108),(327,3),(169,121),(28,68),
231:(212,6),(92,58),(29,105),(325,145),(2,141),(53,125),(226,121),(230,28),(6,90),(219,89),(331,120),(97,16),(337,67),(205,51),(240,101),(98,64),(298,108),(327,3),(169,121),(28,68),
232:(212,6),(91,58),(29,105),(325,145),(2,141),(53,125),(227,121),(230,28),(6,90),(219,89),(331,120),(97,16),(337,67),(205,51),(241,101),(98,64),(299,108),(327,3),(169,121),(28,68),
233:(212,6),(90,58),(29,105),(325,145),(2,141),(53,125),(228,121),(230,28),(6,90),(219,89),(331,120),(97,16),(337,67),(205,51),(242,101),(98,64),(300,108),(327,3),(169,121),(28,68),
234:(212,6),(89,58),(29,105),(325,145),(2,141),(53,125),(229,121),(230,28),(6,90),(219,89),(331,120),(97,16),(337,67),(205,51),(243,101),(98,64),(301,108),(327,3),(169,121),(28,68),
235:(212,6),(88,58),(29,105),(325,145),(2,141),(53,125),(230,121),(230,28),(6,90),(219,89),(331,120),(97,16),(337,67),(205,51),(244,101),(98,64),(301,109),(327,3),(169,121),(28,68),
236:(212,6),(87,58),(29,105),(325,145),(2,141),(53,125),(231,121),(230,28),(6,90),(219,89),(331,120),(97,16),(337,67),(205,51),(245,101),(98,64),(301,110),(327,3),(169,121),(28,68),
237:(212,6),(86,58),(29,105),(325,145),(2,141),(53,125),(232,121),(230,28),(6,90),(219,89),(331,120),(97,16),(337,67),(205,51),(246,101),(98,64),(301,111),(327,3),(169,121),(28,68),
238:(212,6),(85,58),(29,105),(325,145),(2,141),(53,125),(233,121),(230,28),(6,90),(219,89),(331,120),(97,16),(337,67),(205,51),(247,101),(98,64),(301,112),(327,3),(169,121),(28,68),
239:(212,6),(84,58),(29,105),(325,145),(2,141),(53,125),(234,121),(230,28),(6,90),(219,89),(331,120),(97,16),(337,67),(205,51),(248,101),(98,64),(301,113),(327,3),(169,121),(28,68),
240:(212,6),(83,58),(29,105),(325,145),(2,141),(53,125),(235,121),(230,28),(6,90),(219,89),(331,120),(97,16),(337,67),(205,51),(249,101),(98,64),(301,114),(327,3),(169,121),(28,68),
241:(212,6),(82,58),(29,105),(325,145),(2,141),(53,125),(236,121),(230,28),(6,90),(219,89),(331,120),(97,16),(337,67),(205,51),(250,101),(98,64),(301,115),(327,3),(169,121),(28,68),
242:(212,6),(81,58),(29,105),(325,145),(2,141),(53,125),(237,121),(230,28),(6,90),(219,89),(331,120),(97,16),(337,67),(205,51),(251,101),(98,64),(302,115),(327,3),(169,121),(28,68),
243:(212,6),(80,58),(29,105),(325,145),(2,141),(53,125),(238,121),(230,28),(6,90),(219,89),(331,120),(97,16),(337,67),(205,51),(252,101),(98,64),(302,116),(327,3),(169,121),(28,68),
244:(212,6),(79,58),(29,105),(325,145),(2,141),(53,125),(239,121),(230,28),(6,90),(219,89),(331,120),(97,16),(337,67),(205,51),(253,101),(98,64),(303,116),(327,3),(169,121),(28,68),
245:(212,6),(78,58),(29,105),(325,145),(2,141),(53,125),(240,121),(230,28),(6,90),(219,89),(331,120),(97,16),(337,67),(205,51),(254,101),(98,64),(303,117),(327,3),(169,121),(28,68),
246:(212,6),(77,58),(29,105),(325,145),(2,141),(53,125),(241,121),(230,28),(6,90),(219,89),(331,120),(97,16),(337,67),(205,51),(254,100),(98,64),(304,117),(327,3),(169,121),(28,68),
247:(212,6),(76,58),(29,105),(325,145),(2,141),(53,125),(242,121),(230,28),(6,90),(219,89),(331,120),(97,16),(337,67),(205,51),(254,99),(98,64),(305,117),(327,3),(169,121),(28,68),
248:(212,6),(75,58),(29,105),(325,145),(2,141),(53,125),(243,121),(230,28),(6,90),(219,89),(331,120),(97,16),(337,67),(205,51),(254,98),(98,64),(305,118),(327,3),(169,121),(28,68),
249:(212,6),(74,58),(29,105),(325,145),(2,141),(53,125),(244,121),(230,28),(6,90),(219,89),(331,120),(97,16),(337,67),(205,51),(254,97),(98,64),(306,118),(327,3),(169,121),(28,68),
250:(212,6),(73,58),(29,105),(325,145),(2,141),(53,125),(245,121),(230,28),(6,90),(219,89),(331,120),(97,16),(337,67),(205,51),(255,97),(98,64),(306,119),(327,3),(169,121),(28,68),
251:(212,6),(72,58),(29,105),(325,145),(2,141),(53,125),(246,121),(230,28),(6,90),(219,89),(331,120),(97,16),(337,67),(205,51),(256,97),(98,64),(307,119),(327,3),(169,121),(28,68),
252:(212,6),(71,58),(29,105),(325,145),(2,141),(53,125),(247,121),(230,28),(6,90),(219,89),(331,120),(97,16),(337,67),(205,51),(257,97),(98,64),(307,120),(327,3),(169,121),(28,68),
253:(212,6),(70,58),(29,105),(325,145),(2,141),(53,125),(248,121),(230,28),(6,90),(219,89),(331,120),(97,16),(337,67),(205,51),(258,97),(98,64),(307,121),(327,3),(169,121),(28,68),
254:(212,6),(69,58),(29,105),(325,145),(2,141),(53,125),(249,121),(230,28),(6,90),(219,89),(331,120),(97,16),(337,67),(205,51),(259,97),(98,64),(308,121),(327,3),(169,121),(28,68),
255:(212,6),(68,58),(29,105),(325,145),(2,141),(53,125),(250,121),(230,28),(6,90),(219,89),(331,120),(97,16),(337,67),(205,51),(260,97),(98,64),(308,122),(327,3),(169,121),(28,68),
256:(212,6),(67,58),(29,105),(325,145),(2,141),(53,125),(251,121),(230,28),(6,90),(219,89),(331,120),(97,16),(337,67),(205,51),(261,97),(98,64),(308,123),(327,3),(169,121),(28,68),
257:(212,6),(66,58),(29,105),(325,145),(2,141),(53,125),(252,121),(230,28),(6,90),(219,89),(331,120),(97,16),(337,67),(205,51),(262,97),(98,64),(308,124),(327,3),(169,121),(28,68),
258:(212,6),(65,58),(29,105),(325,145),(2,141),(53,125),(253,121),(230,28),(6,90),(219,89),(331,120),(97,16),(337,67),(205,51),(263,97),(98,64),(308,125),(327,3),(169,121),(28,68),
259:(212,6),(64,58),(29,105),(325,145),(2,141),(53,125),(254,121),(230,28),(6,90),(219,89),(331,120),(97,16),(337,67),(205,51),(264,97),(98,64),(308,126),(327,3),(169,121),(28,68),
260:(212,6),(63,58),(29,105),(325,145),(2,141),(53,125),(255,121),(230,28),(6,90),(219,89),(331,120),(97,16),(337,67),(205,51),(265,97),(98,64),(309,126),(327,3),(169,121),(28,68),
261:(212,6),(62,58),(29,105),(325,145),(2,141),(53,125),(256,121),(230,28),(6,90),(219,89),(331,120),(97,16),(337,67),(205,51),(265,96),(98,64),(309,127),(327,3),(169,121),(28,68),
262:(212,6),(61,58),(29,105),(325,145),(2,141),(53,125),(257,121),(230,28),(6,90),(219,89),(331,120),(97,16),(337,67),(205,51),(266,96),(98,64),(310,127),(327,3),(169,121),(28,68),
263:(212,6),(60,58),(29,105),(325,145),(2,141),(53,125),(258,121),(230,28),(6,90),(219,89),(331,120),(97,16),(337,67),(205,51),(266,95),(98,64),(311,127),(327,3),(169,121),(28,68),
264:(212,6),(59,58),(29,105),(325,145),(2,141),(53,125),(259,121),(230,28),(6,90),(219,89),(331,120),(97,16),(337,67),(205,51),(266,94),(98,64),(311,128),(327,3),(169,121),(28,68),
265:(212,6),(58,58),(29,105),(325,145),(2,141),(53,125),(260,121),(230,28),(6,90),(219,89),(331,120),(97,16),(337,67),(205,51),(266,93),(98,64),(311,129),(327,3),(169,121),(28,68),
266:(212,6),(57,58),(29,105),(325,145),(2,141),(53,125),(261,121),(230,28),(6,90),(219,89),(331,120),(97,16),(337,67),(205,51),(266,92),(98,64),(311,130),(327,3),(169,121),(28,68),
267:(212,6),(56,58),(29,105),(325,145),(2,141),(53,125),(262,121),(230,28),(6,90),(219,89),(331,120),(97,16),(337,67),(205,51),(266,91),(98,64),(312,130),(327,3),(169,121),(28,68),
268:(212,6),(55,58),(29,105),(325,145),(2,141),(53,125),(263,121),(230,28),(6,90),(219,89),(331,120),(97,16),(337,67),(205,51),(266,90),(98,64),(312,131),(327,3),(169,121),(28,68),
269:(212,6),(54,58),(29,105),(325,145),(2,141),(53,125),(264,121),(230,28),(6,90),(219,89),(331,120),(97,16),(337,67),(205,51),(266,89),(98,64),(312,132),(327,3),(169,121),(28,68),
270:(212,6),(53,58),(29,105),(325,145),(2,141),(53,125),(265,121),(230,28),(6,90),(219,89),(331,120),(97,16),(337,67),(205,51),(266,88),(98,64),(312,133),(327,3),(169,121),(28,68),
271:(212,6),(52,58),(29,105),(325,145),(2,141),(53,125),(266,121),(230,28),(6,90),(219,89),(331,120),(97,16),(337,67),(205,51),(266,87),(98,64),(312,134),(327,3),(169,121),(28,68),
272:(212,6),(51,58),(29,105),(325,145),(2,141),(53,125),(267,121),(230,28),(6,90),(219,89),(331,120),(97,16),(337,67),(205,51),(266,86),(98,64),(313,134),(327,3),(169,121),(28,68),
273:(212,6),(50,58),(29,105),(325,145),(2,141),(53,125),(268,121),(230,28),(6,90),(219,89),(331,120),(97,16),(337,67),(205,51),(267,86),(98,64),(313,135),(327,3),(169,121),(28,68),
274:(212,6),(50,59),(29,105),(325,145),(2,141),(53,125),(269,121),(230,28),(6,90),(219,89),(331,120),(97,16),(337,67),(205,51),(268,86),(98,64),(313,136),(327,3),(169,121),(28,68),
275:(212,6),(50,60),(29,105),(325,145),(2,141),(53,125),(270,121),(230,28),(6,90),(219,89),(331,120),(97,16),(337,67),(205,51),(269,86),(98,64),(314,136),(327,3),(169,121),(28,68),
276:(212,6),(49,60),(29,105),(325,145),(2,141),(53,125),(271,121),(230,28),(6,90),(219,89),(331,120),(97,16),(337,67),(205,51),(269,85),(98,64),(315,136),(327,3),(169,121),(28,68),
277:(212,6),(48,60),(29,105),(325,145),(2,141),(53,125),(272,121),(230,28),(6,90),(219,89),(331,120),(97,16),(337,67),(205,51),(270,85),(98,64),(316,136),(327,3),(169,121),(28,68),
278:(212,6),(47,60),(29,105),(325,145),(2,141),(53,125),(273,121),(230,28),(6,90),(219,89),(331,120),(97,16),(337,67),(205,51),(271,85),(98,64),(317,136),(327,3),(169,121),(28,68),
279:(212,6),(46,60),(29,105),(325,145),(2,141),(53,125),(274,121),(230,28),(6,90),(219,89),(331,120),(97,16),(337,67),(205,51),(272,85),(98,64),(318,136),(327,3),(169,121),(28,68),
280:(212,6),(45,60),(29,105),(325,145),(2,141),(53,125),(275,121),(230,28),(6,90),(219,89),(331,120),(97,16),(337,67),(205,51),(273,85),(98,64),(319,136),(327,3),(169,121),(28,68),
281:(212,6),(44,60),(29,105),(325,145),(2,141),(53,125),(276,121),(230,28),(6,90),(219,89),(331,120),(97,16),(337,67),(205,51),(274,85),(98,64),(320,136),(327,3),(169,121),(28,68),
282:(212,6),(43,60),(29,105),(325,145),(2,141),(53,125),(277,121),(230,28),(6,90),(219,89),(331,120),(97,16),(337,67),(205,51),(275,85),(98,64),(320,136),(327,3),(169,121),(28,68),
283:(212,6),(43,60),(29,105),(325,145),(2,141),(53,125),(278,121),(230,28),(6,90),(219,89),(331,120),(97,16),(337,67),(205,51),(276,85),(98,64),(320,136),(327,3),(169,121),(28,68),
284:(212,6),(43,60),(29,105),(325,145),(2,141),(53,125),(279,121),(230,28),(6,90),(219,89),(331,120),(97,16),(337,67),(205,51),(277,85),(98,64),(320,136),(327,3),(169,121),(28,68),
285:(212,6),(43,60),(29,105),(325,145),(2,141),(53,125),(280,121),(230,28),(6,90),(219,89),(331,120),(97,16),(337,67),(205,51),(278,85),(98,64),(320,136),(327,3),(169,121),(28,68),
286:(212,6),(43,60),(29,105),(325,145),(2,141),(53,125),(281,121),(230,28),(6,90),(219,89),(331,120),(97,16),(337,67),(205,51),(278,84),(98,64),(320,136),(327,3),(169,121),(28,68),
287:(212,6),(43,60),(29,105),(325,145),(2,141),(53,125),(282,121),(230,28),(6,90),(219,89),(331,120),(97,16),(337,67),(205,51),(278,83),(98,64),(320,136),(327,3),(169,121),(28,68),
288:(212,6),(43,60),(29,105),(325,145),(2,141),(53,125),(283,121),(230,28),(6,90),(219,89),(331,120),(97,16),(337,67),(205,51),(278,82),(98,64),(320,136),(327,3),(169,121),(28,68),
289:(212,6),(43,60),(29,105),(325,145),(2,141),(53,125),(284,121),(230,28),(6,90),(219,89),(331,120),(97,16),(337,67),(205,51),(278,81),(98,64),(320,136),(327,3),(169,121),(28,68),
290:(212,6),(43,60),(29,105),(325,145),(2,141),(53,125),(285,121),(230,28),(6,90),(219,89),(331,120),(97,16),(337,67),(205,51),(278,80),(98,64),(320,136),(327,3),(169,121),(28,68),
291:(212,6),(43,60),(29,105),(325,145),(2,141),(53,125),(286,121),(230,28),(6,90),(219,89),(331,120),(97,16),(337,67),(205,51),(278,79),(98,64),(320,136),(327,3),(169,121),(28,68),
292:(212,6),(43,60),(29,105),(325,145),(2,141),(53,125),(287,121),(230,28),(6,90),(219,89),(331,120),(97,16),(337,67),(205,51),(278,78),(98,64),(320,136),(327,3),(169,121),(28,68),
293:(212,6),(43,60),(29,105),(325,145),(2,141),(53,125),(288,121),(230,28),(6,90),(219,89),(331,120),(97,16),(337,67),(205,51),(278,77),(98,64),(320,136),(327,3),(169,121),(28,68),
294:(212,6),(43,60),(29,105),(325,145),(2,141),(53,125),(289,121),(230,28),(6,90),(219,89),(331,120),(97,16),(337,67),(205,51),(279,77),(98,64),(320,136),(327,3),(169,121),(28,68),
295:(212,6),(43,60),(29,105),(325,145),(2,141),(53,125),(290,121),(230,28),(6,90),(219,89),(331,120),(97,16),(337,67),(205,51),(280,77),(98,64),(320,136),(327,3),(169,121),(28,68),
296:(212,6),(43,60),(29,105),(325,145),(2,141),(53,125),(291,121),(230,28),(6,90),(219,89),(331,120),(97,16),(337,67),(205,51),(281,77),(98,64),(320,136),(327,3),(169,121),(28,68),
297:(212,6),(43,60),(29,105),(325,145),(2,141),(53,125),(292,121),(230,28),(6,90),(219,89),(331,120),(97,16),(337,67),(205,51),(282,77),(98,64),(320,136),(327,3),(169,121),(28,68),
298:(212,6),(43,60),(29,105),(325,145),(2,141),(53,125),(293,121),(230,28),(6,90),(219,89),(331,120),(97,16),(337,67),(205,51),(283,77),(98,64),(320,136),(327,3),(169,121),(28,68),
299:(212,6),(43,60),(29,105),(325,145),(2,141),(53,125),(294,121),(230,28),(6,90),(219,89),(331,120),(97,16),(337,67),(205,51),(284,77),(98,64),(320,136),(327,3),(169,121),(28,68),
300:(212,6),(43,60),(29,105),(325,145),(2,141),(53,125),(295,121),(230,28),(6,90),(219,89),(331,120),(97,16),(337,67),(205,51),(285,77),(98,64),(320,136),(327,3),(169,121),(28,68),
301:(212,6),(43,60),(29,105),(325,145),(2,141),(53,125),(296,121),(230,28),(6,90),(219,89),(331,120),(97,16),(337,67),(205,51),(286,77),(98,64),(320,136),(327,3),(169,121),(28,68),
302:(212,6),(43,60),(29,105),(325,145),(2,141),(53,125),(297,121),(230,28),(6,90),(219,89),(331,120),(97,16),(337,67),(205,51),(287,77),(98,64),(320,136),(327,3),(169,121),(28,68),
303:(212,6),(43,60),(29,105),(325,145),(2,141),(53,125),(298,121),(230,28),(6,90),(219,89),(331,120),(97,16),(337,67),(205,51),(288,77),(98,64),(320,136),(327,3),(169,121),(28,68),
304:(212,6),(43,60),(29,105),(325,145),(2,141),(53,125),(299,121),(230,28),(6,90),(219,89),(331,120),(97,16),(337,67),(205,51),(289,77),(98,64),(320,136),(327,3),(169,121),(28,68),
305:(212,6),(43,60),(29,105),(325,145),(2,141),(53,125),(300,121),(230,28),(6,90),(219,89),(331,120),(97,16),(337,67),(205,51),(289,76),(98,64),(320,136),(327,3),(169,121),(28,68),
306:(212,6),(43,60),(29,105),(325,145),(2,141),(53,125),(301,121),(230,28),(6,90),(219,89),(331,120),(97,16),(337,67),(205,51),(290,76),(98,64),(320,136),(327,3),(169,121),(28,68),
307:(212,6),(43,60),(29,105),(325,145),(2,141),(53,125),(302,121),(230,28),(6,90),(219,89),(331,120),(97,16),(337,67),(205,51),(291,76),(98,64),(320,136),(327,3),(169,121),(28,68),
308:(212,6),(43,60),(29,105),(325,145),(2,141),(53,125),(303,121),(230,28),(6,90),(219,89),(331,120),(97,16),(337,67),(205,51),(292,76),(98,64),(320,136),(327,3),(169,121),(28,68),
309:(212,6),(43,60),(29,105),(325,145),(2,141),(53,125),(304,121),(230,28),(6,90),(219,89),(331,120),(97,16),(337,67),(205,51),(293,76),(98,64),(320,136),(327,3),(169,121),(28,68),
310:(212,6),(43,60),(29,105),(325,145),(2,141),(53,125),(305,121),(230,28),(6,90),(219,89),(331,120),(97,16),(337,67),(205,51),(294,76),(98,64),(320,136),(327,3),(169,121),(28,68),
311:(212,6),(43,60),(29,105),(325,145),(2,141),(53,125),(306,121),(230,28),(6,90),(219,89),(331,120),(97,16),(337,67),(205,51),(295,76),(98,64),(320,136),(327,3),(169,121),(28,68),
312:(212,6),(43,60),(29,105),(325,145),(2,141),(53,125),(307,121),(230,28),(6,90),(219,89),(331,120),(97,16),(337,67),(205,51),(295,75),(98,64),(320,136),(327,3),(169,121),(28,68),
313:(212,6),(43,60),(29,105),(325,145),(2,141),(53,125),(308,121),(230,28),(6,90),(219,89),(331,120),(97,16),(337,67),(205,51),(296,75),(98,64),(320,136),(327,3),(169,121),(28,68),
314:(212,6),(43,60),(29,105),(325,145),(2,141),(53,125),(309,121),(230,28),(6,90),(219,89),(331,120),(97,16),(337,67),(205,51),(297,75),(98,64),(320,136),(327,3),(169,121),(28,68),
315:(212,6),(43,60),(29,105),(325,145),(2,141),(53,125),(310,121),(230,28),(6,90),(219,89),(331,120),(97,16),(337,67),(205,51),(298,75),(98,64),(320,136),(327,3),(169,121),(28,68),
316:(212,6),(43,60),(29,105),(325,145),(2,141),(53,125),(311,121),(230,28),(6,90),(219,89),(331,120),(97,16),(337,67),(205,51),(299,75),(98,64),(320,136),(327,3),(169,121),(28,68),
317:(212,6),(43,60),(29,105),(325,145),(2,141),(53,125),(312,121),(230,28),(6,90),(219,89),(331,120),(97,16),(337,67),(205,51),(299,74),(98,64),(320,136),(327,3),(169,121),(28,68),
318:(212,6),(43,60),(29,105),(325,145),(2,141),(53,125),(313,121),(230,28),(6,90),(219,89),(331,120),(97,16),(337,67),(205,51),(300,74),(98,64),(320,136),(327,3),(169,121),(28,68),
319:(212,6),(43,60),(29,105),(325,145),(2,141),(53,125),(314,121),(230,28),(6,90),(219,89),(331,120),(97,16),(337,67),(205,51),(301,74),(98,64),(320,136),(327,3),(169,121),(28,68),
320:(212,6),(43,60),(29,105),(325,145),(2,141),(53,125),(315,121),(230,28),(6,90),(219,89),(331,120),(97,16),(337,67),(205,51),(301,73),(98,64),(320,136),(327,3),(169,121),(28,68),
321:(212,6),(43,60),(29,105),(325,145),(2,141),(53,125),(316,121),(230,28),(6,90),(219,89),(331,120),(97,16),(337,67),(205,51),(302,73),(98,64),(320,136),(327,3),(169,121),(28,68),
322:(212,6),(43,60),(29,105),(325,145),(2,141),(53,125),(317,121),(230,28),(6,90),(219,89),(331,120),(97,16),(337,67),(205,51),(303,73),(98,64),(320,136),(327,3),(169,121),(28,68),
323:(212,6),(43,60),(29,105),(325,145),(2,141),(53,125),(318,121),(230,28),(6,90),(219,89),(331,120),(97,16),(337,67),(205,51),(303,72),(98,64),(320,136),(327,3),(169,121),(28,68),
324:(212,6),(43,60),(29,105),(325,145),(2,141),(53,125),(319,121),(230,28),(6,90),(219,89),(331,120),(97,16),(337,67),(205,51),(304,72),(98,64),(320,136),(327,3),(169,121),(28,68),
325:(212,6),(43,60),(29,105),(325,145),(2,141),(53,125),(320,121),(230,28),(6,90),(219,89),(331,120),(97,16),(337,67),(205,51),(305,72),(98,64),(320,136),(327,3),(169,121),(28,68),
326:(212,6),(43,60),(29,105),(325,145),(2,141),(53,125),(321,121),(230,28),(6,90),(219,89),(331,120),(97,16),(337,67),(205,51),(306,72),(98,64),(320,136),(327,3),(169,121),(28,68),
327:(212,6),(43,60),(29,105),(325,145),(2,141),(53,125),(322,121),(230,28),(6,90),(219,89),(331,120),(97,16),(337,67),(205,51),(306,71),(98,64),(320,136),(327,3),(169,121),(28,68),
328:(212,6),(43,60),(29,105),(325,145),(2,141),(53,125),(323,121),(230,28),(6,90),(219,89),(331,120),(97,16),(337,67),(205,51),(307,71),(98,64),(320,136),(327,3),(169,121),(28,68),
329:(212,6),(43,60),(29,105),(325,145),(2,141),(53,125),(324,121),(230,28),(6,90),(219,89),(331,120),(97,16),(337,67),(205,51),(308,71),(98,64),(320,136),(327,3),(169,121),(28,68),
330:(212,6),(43,60),(29,105),(325,145),(2,141),(53,125),(325,121),(230,28),(6,90),(219,89),(331,120),(97,16),(337,67),(205,51),(309,71),(98,64),(320,136),(327,3),(169,121),(28,68),
331:(212,6),(43,60),(29,105),(325,145),(2,141),(53,125),(326,121),(230,28),(6,90),(219,89),(331,120),(97,16),(337,67),(205,51),(310,71),(98,64),(320,136),(327,3),(169,121),(28,68),
332:(212,6),(43,60),(29,105),(325,145),(2,141),(53,125),(327,121),(230,28),(6,90),(219,89),(331,120),(97,16),(337,67),(205,51),(311,71),(98,64),(320,136),(327,3),(169,121),(28,68),
333:(212,6),(43,60),(29,105),(325,145),(2,141),(53,125),(328,121),(230,28),(6,90),(219,89),(331,120),(97,16),(337,67),(205,51),(312,71),(98,64),(320,136),(327,3),(169,121),(28,68),
334:(212,6),(43,60),(29,105),(325,145),(2,141),(53,125),(329,121),(230,28),(6,90),(219,89),(331,120),(97,16),(337,67),(205,51),(313,71),(98,64),(320,136),(327,3),(169,121),(28,68),
335:(212,6),(43,60),(29,105),(325,145),(2,141),(53,125),(330,121),(230,28),(6,90),(219,89),(331,120),(97,16),(337,67),(205,51),(314,71),(98,64),(320,136),(327,3),(169,121),(28,68),
336:(212,6),(43,60),(29,105),(325,145),(2,141),(53,125),(331,121),(230,28),(6,90),(219,89),(331,120),(97,16),(337,67),(205,51),(315,71),(98,64),(320,136),(327,3),(169,121),(28,68),
337:(212,6),(43,60),(29,105),(325,145),(2,141),(53,125),(331,121),(230,28),(6,90),(219,89),(331,120),(97,16),(337,67),(205,51),(316,71),(98,64),(320,136),(327,3),(169,121),(28,68),
338:(212,6),(43,60),(29,105),(325,145),(2,141),(53,125),(331,121),(230,28),(6,90),(219,89),(331,120),(97,16),(337,67),(205,51),(317,71),(98,64),(320,136),(327,3),(169,121),(28,68),
339:(212,6),(43,60),(29,105),(325,145),(2,141),(53,125),(331,121),(230,28),(6,90),(219,89),(331,120),(97,16),(337,67),(205,51),(318,71),(98,64),(320,136),(327,3),(169,121),(28,68),
340:(212,6),(43,60),(29,105),(325,145),(2,141),(53,125),(331,121),(230,28),(6,90),(219,89),(331,120),(97,16),(337,67),(205,51),(319,71),(98,64),(320,136),(327,3),(169,121),(28,68),
341:(212,6),(43,60),(29,105),(325,145),(2,141),(53,125),(331,121),(230,28),(6,90),(219,89),(331,120),(97,16),(337,67),(205,51),(320,71),(98,64),(320,136),(327,3),(169,121),(28,68),
342:(212,6),(43,60),(29,105),(325,145),(2,141),(53,125),(331,121),(230,28),(6,90),(219,89),(331,120),(97,16),(337,67),(205,51),(321,71),(98,64),(320,136),(327,3),(169,121),(28,68),
343:(212,6),(43,60),(29,105),(325,145),(2,141),(53,125),(331,121),(230,28),(6,90),(219,89),(331,120),(97,16),(337,67),(205,51),(322,71),(98,64),(320,136),(327,3),(169,121),(28,68),
344:(212,6),(43,60),(29,105),(325,145),(2,141),(53,125),(331,121),(230,28),(6,90),(219,89),(331,120),(97,16),(337,67),(205,51),(323,71),(98,64),(320,136),(327,3),(169,121),(28,68),
345:(212,6),(43,60),(29,105),(325,145),(2,141),(53,125),(331,121),(230,28),(6,90),(219,89),(331,120),(97,16),(337,67),(205,51),(324,71),(98,64),(320,136),(327,3),(169,121),(28,68),
346:(212,6),(43,60),(29,105),(325,145),(2,141),(53,125),(331,121),(230,28),(6,90),(219,89),(331,120),(97,16),(337,67),(205,51),(325,71),(98,64),(320,136),(327,3),(169,121),(28,68),
347:(212,6),(43,60),(29,105),(325,145),(2,141),(53,125),(331,121),(230,28),(6,90),(219,89),(331,120),(97,16),(337,67),(205,51),(326,71),(98,64),(320,136),(327,3),(169,121),(28,68),
348:(212,6),(43,60),(29,105),(325,145),(2,141),(53,125),(331,121),(230,28),(6,90),(219,89),(331,120),(97,16),(337,67),(205,51),(327,71),(98,64),(320,136),(327,3),(169,121),(28,68),
349:(212,6),(43,60),(29,105),(325,145),(2,141),(53,125),(331,121),(230,28),(6,90),(219,89),(331,120),(97,16),(337,67),(205,51),(328,71),(98,64),(320,136),(327,3),(169,121),(28,68),
350:(212,6),(43,60),(29,105),(325,145),(2,141),(53,125),(331,121),(230,28),(6,90),(219,89),(331,120),(97,16),(337,67),(205,51),(329,71),(98,64),(320,136),(327,3),(169,121),(28,68),
351:(212,6),(43,60),(29,105),(325,145),(2,141),(53,125),(331,121),(230,28),(6,90),(219,89),(331,120),(97,16),(337,67),(205,51),(330,71),(98,64),(320,136),(327,3),(169,121),(28,68),
352:(212,6),(43,60),(29,105),(325,145),(2,141),(53,125),(331,121),(230,28),(6,90),(219,89),(331,120),(97,16),(337,67),(205,51),(331,71),(98,64),(320,136),(327,3),(169,121),(28,68),
353:(212,6),(43,60),(29,105),(325,145),(2,141),(53,125),(331,121),(230,28),(6,90),(219,89),(331,120),(97,16),(337,67),(205,51),(332,71),(98,64),(320,136),(327,3),(169,121),(28,68),
354:(212,6),(43,60),(29,105),(325,145),(2,141),(53,125),(331,121),(230,28),(6,90),(219,89),(331,120),(97,16),(337,67),(205,51),(333,71),(98,64),(320,136),(327,3),(169,121),(28,68),
355:(212,6),(43,60),(29,105),(325,145),(2,141),(53,125),(331,121),(230,28),(6,90),(219,89),(331,120),(97,16),(337,67),(205,51),(334,71),(98,64),(320,136),(327,3),(169,121),(28,68),
