instance=temp_instance.txt
agents=20
map_file=warehouse-20-40-10-2-2.map
solver=HCA
solved=1
soc=4442
lb_soc=4442
makespan=373
lb_makespan=373
comp_time=51
preprocessing_comp_time=12
starts=(335,26),(33,40),(66,22),(190,130),(38,79),(39,121),(234,134),(280,38),(315,64),(180,29),(304,67),(53,6),(80,150),(54,157),(226,38),(117,142),(16,151),(165,73),(17,7),(4,73),
goals=(43,89),(54,113),(320,141),(65,74),(182,103),(225,41),(20,8),(335,41),(87,93),(36,87),(26,23),(286,109),(14,143),(181,109),(292,2),(160,70),(275,89),(290,7),(73,97),(328,30),
solution=
0:(335,26),(33,40),(66,22),(190,130),(38,79),(39,121),(234,134),(280,38),(315,64),(180,29),(304,67),(53,6),(80,150),(54,157),(226,38),(117,142),(16,151),(165,73),(17,7),(4,73),
1:(334,26),(34,40),(67,22),(189,130),(39,79),(40,121),(233,134),(281,38),(314,64),(179,29),(303,67),(54,6),(79,150),(55,157),(227,38),(118,142),(17,151),(166,73),(18,7),(5,73),
2:(333,26),(35,40),(68,22),(188,130),(40,79),(41,121),(232,134),(282,38),(313,64),(178,29),(302,67),(55,6),(78,150),(56,157),(228,38),(119,142),(18,151),(167,73),(19,7),(6,73),
3:(332,26),(36,40),(69,22),(187,130),(41,79),(42,121),(231,134),(283,38),(312,64),(177,29),(301,67),(56,6),(77,150),(57,157),(229,38),(120,142),(19,151),(168,73),(20,7),(7,73),
4:(331,26),(37,40),(70,22),(186,130),(42,79),(43,121),(230,134),(284,38),(311,64),(176,29),(300,67),(57,6),(76,150),(58,157),(230,38),(121,142),(20,151),(169,73),(21,7),(8,73),
5:(330,26),(38,40),(71,22),(185,130),(43,79),(44,121),(229,134),(285,38),(310,64),(175,29),(299,67),(58,6),(75,150),(59,157),(231,38),(122,142),(21,151),(170,73),(22,7),(9,73),
6:(329,26),(39,40),(72,22),(184,130),(44,79),(45,121),(228,134),(286,38),(309,64),(174,29),(298,67),(59,6),(74,150),(60,157),(232,38),(123,142),(22,151),(171,73),(23,7),(10,73),
7:(328,26),(40,40),(73,22),(183,130),(45,79),(46,121),(227,134),(287,38),(308,64),(173,29),(297,67),(60,6),(73,150),(61,157),(233,38),(124,142),(23,151),(172,73),(24,7),(11,73),
8:(327,26),(41,40),(74,22),(182,130),(46,79),(47,121),(226,134),(288,38),(307,64),(172,29),(296,67),(61,6),(72,150),(62,157),(234,38),(125,142),(24,151),(173,73),(25,7),(12,73),
9:(326,26),(42,40),(75,22),(181,130),(47,79),(48,121),(225,134),(289,38),(306,64),(171,29),(295,67),(62,6),(71,150),(63,157),(235,38),(126,142),(25,151),(174,73),(26,7),(13,73),
10:(325,26),(43,40),(76,22),(180,130),(48,79),(49,121),(224,134),(290,38),(305,64),(170,29),(294,67),(63,6),(70,150),(64,157),(236,38),(127,142),(26,151),(175,73),(27,7),(14,73),
11:(324,26),(44,40),(77,22),(179,130),(49,79),(50,121),(223,134),(291,38),(304,64),(169,29),(293,67),(64,6),(69,150),(65,157),(237,38),(128,142),(27,151),(176,73),(28,7),(15,73),
12:(323,26),(45,40),(78,22),(178,130),(50,79),(51,121),(222,134),(292,38),(303,64),(168,29),(292,67),(65,6),(68,150),(66,157),(238,38),(129,142),(28,151),(177,73),(29,7),(16,73),
13:(322,26),(46,40),(79,22),(177,130),(50,80),(52,121),(221,134),(293,38),(302,64),(167,29),(291,67),(66,6),(67,150),(67,157),(239,38),(130,142),(29,151),(178,73),(30,7),(17,73),
14:(321,26),(47,40),(80,22),(176,130),(50,81),(53,121),(220,134),(294,38),(301,64),(166,29),(290,67),(67,6),(66,150),(68,157),(240,38),(131,142),(30,151),(179,73),(31,7),(18,73),
15:(320,26),(48,40),(81,22),(175,130),(51,81),(54,121),(219,134),(295,38),(300,64),(165,29),(289,67),(68,6),(65,150),(69,157),(241,38),(132,142),(31,151),(180,73),(32,7),(19,73),
16:(319,26),(49,40),(82,22),(174,130),(52,81),(55,121),(218,134),(296,38),(299,64),(164,29),(289,66),(69,6),(64,150),(70,157),(242,38),(133,142),(32,151),(181,73),(33,7),(20,73),
17:(318,26),(50,40),(83,22),(173,130),(53,81),(56,121),(217,134),(297,38),(298,64),(163,29),(288,66),(70,6),(63,150),(71,157),(243,38),(134,142),(33,151),(182,73),(34,7),(21,73),
18:(317,26),(50,41),(84,22),(172,130),(54,81),(57,121),(216,134),(298,38),(297,64),(162,29),(287,66),(71,6),(62,150),(72,157),(244,38),(135,142),(34,151),(183,73),(35,7),(22,73),
19:(316,26),(50,42),(85,22),(171,130),(55,81),(58,121),(215,134),(299,38),(296,64),(161,29),(286,66),(72,6),(61,150),(73,157),(245,38),(136,142),(35,151),(184,73),(36,7),(23,73),
20:(315,26),(50,43),(86,22),(170,130),(56,81),(59,121),(214,134),(300,38),(295,64),(160,29),(285,66),(73,6),(60,150),(74,157),(246,38),(137,142),(36,151),(185,73),(37,7),(24,73),
21:(314,26),(50,44),(87,22),(169,130),(57,81),(60,121),(213,134),(301,38),(294,64),(159,29),(284,66),(74,6),(59,150),(75,157),(247,38),(138,142),(37,151),(186,73),(38,7),(25,73),
22:(313,26),(50,45),(88,22),(168,130),(58,81),(61,121),(212,134),(302,38),(293,64),(158,29),(283,66),(75,6),(58,150),(76,157),(248,38),(139,142),(38,151),(187,73),(39,7),(26,73),
23:(312,26),(50,46),(89,22),(167,130),(59,81),(62,121),(211,134),(303,38),(292,64),(157,29),(282,66),(76,6),(57,150),(77,157),(249,38),(140,142),(39,151),(188,73),(40,7),(27,73),
24:(311,26),(50,47),(90,22),(166,130),(60,81),(63,121),(210,134),(304,38),(291,64),(156,29),(281,66),(77,6),(56,150),(78,157),(250,38),(141,142),(40,151),(189,73),(41,7),(28,73),
25:(310,26),(50,48),(91,22),(165,130),(61,81),(64,121),(209,134),(305,38),(290,64),(155,29),(280,66),(78,6),(55,150),(79,157),(251,38),(142,142),(41,151),(190,73),(42,7),(29,73),
26:(309,26),(50,49),(92,22),(164,130),(62,81),(65,121),(208,134),(306,38),(289,64),(154,29),(279,66),(79,6),(54,150),(80,157),(252,38),(143,142),(42,151),(191,73),(43,7),(30,73),
27:(308,26),(50,50),(93,22),(163,130),(63,81),(66,121),(207,134),(307,38),(289,65),(153,29),(278,66),(80,6),(53,150),(81,157),(253,38),(144,142),(43,151),(192,73),(44,7),(31,73),
28:(307,26),(50,51),(94,22),(162,130),(64,81),(67,121),(206,134),(308,38),(288,65),(152,29),(277,66),(81,6),(52,150),(82,157),(254,38),(145,142),(44,151),(193,73),(45,7),(32,73),
29:(306,26),(50,52),(95,22),(161,130),(65,81),(68,121),(205,134),(309,38),(287,65),(151,29),(276,66),(82,6),(51,150),(83,157),(255,38),(146,142),(45,151),(194,73),(46,7),(33,73),
30:(305,26),(50,53),(96,22),(160,130),(66,81),(69,121),(204,134),(310,38),(286,65),(150,29),(275,66),(83,6),(50,150),(84,157),(256,38),(147,142),(46,151),(195,73),(47,7),(34,73),
31:(304,26),(50,54),(97,22),(159,130),(67,81),(70,121),(203,134),(311,38),(285,65),(149,29),(274,66),(84,6),(49,150),(85,157),(257,38),(148,142),(47,151),(196,73),(48,7),(35,73),
32:(303,26),(50,55),(98,22),(158,130),(68,81),(71,121),(202,134),(312,38),(284,65),(148,29),(273,66),(85,6),(48,150),(86,157),(258,38),(149,142),(48,151),(197,73),(49,7),(36,73),
33:(302,26),(50,56),(99,22),(157,130),(69,81),(72,121),(201,134),(313,38),(283,65),(147,29),(272,66),(86,6),(47,150),(87,157),(259,38),(150,142),(49,151),(198,73),(50,7),(37,73),
34:(301,26),(50,57),(100,22),(156,130),(70,81),(73,121),(200,134),(314,38),(282,65),(146,29),(271,66),(87,6),(46,150),(88,157),(260,38),(151,142),(50,151),(199,73),(50,8),(38,73),
35:(300,26),(50,58),(101,22),(155,130),(71,81),(74,121),(199,134),(315,38),(281,65),(145,29),(270,66),(88,6),(45,150),(89,157),(261,38),(152,142),(50,150),(200,73),(50,9),(39,73),
36:(299,26),(50,59),(102,22),(154,130),(72,81),(75,121),(198,134),(316,38),(280,65),(144,29),(269,66),(89,6),(44,150),(90,157),(262,38),(153,142),(51,150),(201,73),(51,9),(40,73),
37:(298,26),(50,60),(103,22),(153,130),(73,81),(76,121),(197,134),(317,38),(279,65),(143,29),(268,66),(90,6),(43,150),(91,157),(263,38),(154,142),(52,150),(202,73),(52,9),(41,73),
38:(297,26),(50,61),(104,22),(152,130),(74,81),(77,121),(196,134),(318,38),(278,65),(142,29),(267,66),(91,6),(42,150),(92,157),(264,38),(155,142),(53,150),(203,73),(53,9),(42,73),
39:(296,26),(50,62),(105,22),(151,130),(75,81),(78,121),(195,134),(319,38),(277,65),(141,29),(266,66),(92,6),(41,150),(93,157),(265,38),(156,142),(54,150),(204,73),(54,9),(43,73),
40:(295,26),(50,63),(106,22),(150,130),(76,81),(79,121),(194,134),(320,38),(276,65),(140,29),(265,66),(93,6),(40,150),(94,157),(266,38),(157,142),(55,150),(205,73),(55,9),(44,73),
41:(294,26),(50,64),(107,22),(149,130),(77,81),(80,121),(193,134),(321,38),(275,65),(139,29),(264,66),(94,6),(39,150),(95,157),(267,38),(158,142),(56,150),(206,73),(56,9),(45,73),
42:(293,26),(50,65),(108,22),(148,130),(78,81),(81,121),(192,134),(322,38),(274,65),(138,29),(263,66),(95,6),(38,150),(96,157),(268,38),(158,141),(57,150),(207,73),(57,9),(46,73),
43:(292,26),(50,66),(109,22),(147,130),(79,81),(82,121),(191,134),(323,38),(273,65),(137,29),(262,66),(96,6),(37,150),(97,157),(269,38),(158,140),(58,150),(208,73),(58,9),(47,73),
44:(291,26),(50,67),(110,22),(146,130),(80,81),(83,121),(190,134),(324,38),(272,65),(136,29),(261,66),(97,6),(36,150),(98,157),(270,38),(158,139),(59,150),(209,73),(59,9),(48,73),
45:(290,26),(50,68),(111,22),(145,130),(81,81),(84,121),(189,134),(325,38),(271,65),(135,29),(260,66),(98,6),(35,150),(99,157),(271,38),(158,138),(60,150),(210,73),(60,9),(49,73),
46:(289,26),(50,69),(112,22),(144,130),(82,81),(85,121),(188,134),(326,38),(270,65),(134,29),(259,66),(99,6),(34,150),(100,157),(272,38),(158,137),(61,150),(211,73),(61,9),(50,73),
47:(288,26),(50,70),(113,22),(143,130),(83,81),(86,121),(187,134),(327,38),(269,65),(133,29),(258,66),(100,6),(33,150),(101,157),(273,38),(158,136),(62,150),(212,73),(62,9),(51,73),
48:(287,26),(50,71),(114,22),(142,130),(84,81),(87,121),(186,134),(328,38),(268,65),(132,29),(257,66),(101,6),(32,150),(102,157),(274,38),(158,135),(63,150),(213,73),(63,9),(52,73),
49:(286,26),(50,72),(115,22),(141,130),(85,81),(88,121),(185,134),(329,38),(267,65),(131,29),(256,66),(102,6),(31,150),(103,157),(275,38),(158,134),(64,150),(214,73),(64,9),(53,73),
50:(285,26),(50,73),(116,22),(140,130),(86,81),(89,121),(184,134),(330,38),(266,65),(130,29),(255,66),(103,6),(30,150),(104,157),(276,38),(158,133),(65,150),(215,73),(65,9),(54,73),
51:(284,26),(50,74),(117,22),(139,130),(87,81),(90,121),(183,134),(331,38),(265,65),(129,29),(254,66),(104,6),(29,150),(105,157),(277,38),(158,132),(66,150),(216,73),(66,9),(55,73),
52:(283,26),(50,75),(118,22),(138,130),(88,81),(91,121),(182,134),(332,38),(264,65),(128,29),(253,66),(105,6),(28,150),(106,157),(278,38),(158,131),(67,150),(217,73),(67,9),(56,73),
53:(282,26),(50,76),(119,22),(137,130),(89,81),(92,121),(181,134),(333,38),(263,65),(127,29),(252,66),(106,6),(27,150),(107,157),(279,38),(158,130),(68,150),(218,73),(68,9),(57,73),
54:(281,26),(50,77),(120,22),(136,130),(90,81),(93,121),(180,134),(334,38),(262,65),(126,29),(251,66),(107,6),(26,150),(108,157),(279,37),(158,129),(69,150),(219,73),(69,9),(58,73),
55:(280,26),(50,78),(121,22),(135,130),(91,81),(94,121),(179,134),(335,38),(261,65),(125,29),(250,66),(108,6),(25,150),(109,157),(280,37),(158,128),(70,150),(220,73),(70,9),(59,73),
56:(279,26),(50,79),(122,22),(134,130),(92,81),(95,121),(178,134),(335,39),(260,65),(124,29),(249,66),(109,6),(24,150),(110,157),(281,37),(158,127),(71,150),(221,73),(71,9),(60,73),
57:(278,26),(50,80),(123,22),(133,130),(93,81),(96,121),(177,134),(335,40),(259,65),(123,29),(248,66),(110,6),(23,150),(111,157),(282,37),(158,126),(72,150),(222,73),(72,9),(61,73),
58:(277,26),(50,81),(124,22),(132,130),(94,81),(97,121),(176,134),(335,41),(258,65),(122,29),(247,66),(111,6),(22,150),(112,157),(283,37),(158,125),(73,150),(223,73),(73,9),(62,73),
59:(276,26),(50,82),(125,22),(131,130),(95,81),(98,121),(175,134),(335,41),(257,65),(121,29),(246,66),(112,6),(21,150),(113,157),(284,37),(158,124),(74,150),(224,73),(73,10),(63,73),
60:(275,26),(50,83),(126,22),(130,130),(96,81),(99,121),(174,134),(335,41),(256,65),(120,29),(245,66),(113,6),(20,150),(114,157),(285,37),(158,123),(75,150),(225,73),(73,11),(64,73),
61:(274,26),(50,84),(127,22),(129,130),(97,81),(100,121),(173,134),(335,41),(255,65),(119,29),(244,66),(114,6),(19,150),(115,157),(286,37),(158,122),(76,150),(226,73),(73,12),(65,73),
62:(273,26),(50,85),(128,22),(128,130),(98,81),(101,121),(172,134),(335,41),(254,65),(118,29),(243,66),(115,6),(18,150),(116,157),(287,37),(158,121),(77,150),(227,73),(73,13),(66,73),
63:(272,26),(50,86),(129,22),(127,130),(99,81),(102,121),(171,134),(335,41),(253,65),(117,29),(242,66),(116,6),(17,150),(117,157),(288,37),(158,120),(78,150),(228,73),(73,14),(67,73),
64:(271,26),(50,87),(130,22),(126,130),(100,81),(103,121),(170,134),(335,41),(252,65),(116,29),(241,66),(117,6),(16,150),(118,157),(289,37),(158,119),(79,150),(229,73),(73,15),(68,73),
65:(270,26),(50,88),(131,22),(125,130),(101,81),(104,121),(169,134),(335,41),(251,65),(115,29),(240,66),(118,6),(15,150),(119,157),(290,37),(158,118),(79,149),(230,73),(73,16),(69,73),
66:(269,26),(50,89),(132,22),(124,130),(102,81),(105,121),(168,134),(335,41),(250,65),(114,29),(239,66),(119,6),(14,150),(120,157),(291,37),(158,117),(80,149),(231,73),(73,17),(70,73),
67:(268,26),(50,90),(133,22),(123,130),(103,81),(106,121),(167,134),(335,41),(249,65),(113,29),(238,66),(120,6),(14,149),(121,157),(292,37),(158,116),(81,149),(232,73),(73,18),(71,73),
68:(267,26),(50,91),(134,22),(122,130),(104,81),(107,121),(166,134),(335,41),(248,65),(112,29),(237,66),(121,6),(14,148),(122,157),(292,36),(158,115),(82,149),(233,73),(73,19),(72,73),
69:(266,26),(50,92),(135,22),(121,130),(105,81),(108,121),(165,134),(335,41),(247,65),(111,29),(236,66),(122,6),(14,147),(123,157),(292,35),(158,114),(83,149),(234,73),(73,20),(73,73),
70:(265,26),(50,93),(136,22),(120,130),(106,81),(109,121),(164,134),(335,41),(246,65),(110,29),(235,66),(123,6),(14,146),(124,157),(292,34),(158,113),(84,149),(235,73),(73,21),(74,73),
71:(264,26),(50,94),(137,22),(119,130),(107,81),(110,121),(163,134),(335,41),(245,65),(109,29),(234,66),(124,6),(14,145),(125,157),(292,33),(158,112),(85,149),(236,73),(73,22),(75,73),
72:(263,26),(50,95),(138,22),(118,130),(108,81),(111,121),(162,134),(335,41),(244,65),(108,29),(233,66),(125,6),(14,144),(126,157),(292,32),(158,111),(86,149),(237,73),(73,23),(76,73),
73:(262,26),(50,96),(139,22),(117,130),(109,81),(112,121),(161,134),(335,41),(243,65),(107,29),(232,66),(126,6),(14,143),(127,157),(292,31),(158,110),(87,149),(238,73),(73,24),(77,73),
74:(261,26),(50,97),(140,22),(116,130),(110,81),(113,121),(160,134),(335,41),(242,65),(106,29),(231,66),(127,6),(14,143),(128,157),(292,30),(158,109),(88,149),(239,73),(73,25),(78,73),
75:(260,26),(50,98),(141,22),(115,130),(111,81),(114,121),(159,134),(335,41),(241,65),(105,29),(230,66),(128,6),(14,143),(129,157),(292,29),(158,108),(89,149),(240,73),(73,26),(79,73),
76:(259,26),(50,99),(142,22),(114,130),(112,81),(115,121),(158,134),(335,41),(240,65),(104,29),(229,66),(129,6),(14,143),(130,157),(292,28),(158,107),(90,149),(241,73),(73,27),(80,73),
77:(258,26),(50,100),(143,22),(113,130),(113,81),(116,121),(157,134),(335,41),(239,65),(103,29),(228,66),(130,6),(14,143),(131,157),(292,27),(158,106),(91,149),(242,73),(73,28),(81,73),
78:(257,26),(50,101),(144,22),(112,130),(114,81),(117,121),(156,134),(335,41),(238,65),(102,29),(227,66),(131,6),(14,143),(132,157),(292,26),(158,105),(92,149),(243,73),(73,29),(82,73),
79:(256,26),(50,102),(145,22),(111,130),(115,81),(118,121),(155,134),(335,41),(237,65),(101,29),(226,66),(132,6),(14,143),(133,157),(292,25),(158,104),(93,149),(244,73),(73,30),(83,73),
80:(255,26),(50,103),(146,22),(110,130),(116,81),(119,121),(154,134),(335,41),(236,65),(100,29),(225,66),(133,6),(14,143),(134,157),(292,24),(158,103),(94,149),(245,73),(73,31),(84,73),
81:(254,26),(50,104),(147,22),(109,130),(117,81),(120,121),(153,134),(335,41),(235,65),(99,29),(224,66),(134,6),(14,143),(135,157),(292,23),(158,102),(95,149),(246,73),(73,32),(85,73),
82:(253,26),(50,105),(148,22),(108,130),(118,81),(121,121),(152,134),(335,41),(234,65),(98,29),(223,66),(135,6),(14,143),(136,157),(292,22),(158,101),(96,149),(247,73),(73,33),(86,73),
83:(252,26),(50,106),(149,22),(107,130),(119,81),(122,121),(151,134),(335,41),(233,65),(97,29),(222,66),(136,6),(14,143),(137,157),(292,21),(158,100),(97,149),(248,73),(73,34),(87,73),
84:(251,26),(50,107),(150,22),(106,130),(120,81),(123,121),(150,134),(335,41),(232,65),(96,29),(221,66),(137,6),(14,143),(138,157),(292,20),(158,99),(98,149),(249,73),(73,35),(88,73),
85:(250,26),(50,108),(151,22),(105,130),(121,81),(124,121),(149,134),(335,41),(231,65),(95,29),(220,66),(138,6),(14,143),(139,157),(292,19),(158,98),(99,149),(250,73),(73,36),(89,73),
86:(249,26),(50,109),(152,22),(104,130),(122,81),(125,121),(148,134),(335,41),(230,65),(94,29),(219,66),(139,6),(14,143),(140,157),(292,18),(158,97),(100,149),(251,73),(73,37),(90,73),
87:(248,26),(50,110),(153,22),(103,130),(123,81),(126,121),(147,134),(335,41),(229,65),(93,29),(218,66),(140,6),(14,143),(141,157),(292,17),(158,96),(101,149),(252,73),(73,38),(91,73),
88:(247,26),(50,111),(154,22),(102,130),(124,81),(127,121),(146,134),(335,41),(228,65),(92,29),(217,66),(141,6),(14,143),(142,157),(292,16),(158,95),(102,149),(253,73),(73,39),(92,73),
89:(246,26),(50,112),(155,22),(101,130),(125,81),(128,121),(145,134),(335,41),(227,65),(91,29),(216,66),(142,6),(14,143),(143,157),(292,15),(158,94),(103,149),(254,73),(73,40),(93,73),
90:(245,26),(50,113),(156,22),(100,130),(126,81),(129,121),(144,134),(335,41),(226,65),(90,29),(215,66),(143,6),(14,143),(144,157),(292,14),(158,93),(104,149),(255,73),(73,41),(94,73),
91:(244,26),(51,113),(157,22),(99,130),(127,81),(130,121),(143,134),(335,41),(225,65),(89,29),(214,66),(144,6),(14,143),(145,157),(292,13),(158,92),(105,149),(256,73),(73,42),(95,73),
92:(243,26),(52,113),(158,22),(98,130),(128,81),(131,121),(142,134),(335,41),(224,65),(88,29),(213,66),(145,6),(14,143),(146,157),(292,12),(158,91),(106,149),(257,73),(73,43),(96,73),
93:(242,26),(53,113),(159,22),(97,130),(129,81),(132,121),(141,134),(335,41),(223,65),(87,29),(212,66),(146,6),(14,143),(147,157),(292,11),(158,90),(107,149),(258,73),(73,44),(97,73),
94:(241,26),(54,113),(160,22),(96,130),(130,81),(133,121),(140,134),(335,41),(222,65),(86,29),(211,66),(147,6),(14,143),(148,157),(292,10),(158,89),(108,149),(259,73),(73,45),(98,73),
95:(240,26),(54,113),(161,22),(95,130),(131,81),(134,121),(139,134),(335,41),(221,65),(85,29),(210,66),(148,6),(14,143),(149,157),(292,9),(158,88),(109,149),(260,73),(73,46),(99,73),
96:(239,26),(54,113),(162,22),(94,130),(132,81),(135,121),(138,134),(335,41),(220,65),(84,29),(209,66),(149,6),(14,143),(150,157),(292,8),(158,87),(110,149),(261,73),(73,47),(100,73),
97:(238,26),(54,113),(163,22),(93,130),(133,81),(136,121),(137,134),(335,41),(219,65),(83,29),(208,66),(150,6),(14,143),(151,157),(292,7),(158,86),(111,149),(262,73),(73,48),(101,73),
98:(237,26),(54,113),(164,22),(92,130),(134,81),(137,121),(136,134),(335,41),(218,65),(82,29),(207,66),(151,6),(14,143),(152,157),(292,6),(158,85),(112,149),(263,73),(73,49),(102,73),
99:(236,26),(54,113),(165,22),(91,130),(135,81),(138,121),(135,134),(335,41),(217,65),(81,29),(206,66),(152,6),(14,143),(153,157),(292,5),(158,84),(113,149),(264,73),(73,50),(103,73),
100:(235,26),(54,113),(166,22),(90,130),(136,81),(139,121),(134,134),(335,41),(216,65),(80,29),(205,66),(153,6),(14,143),(154,157),(292,4),(158,83),(114,149),(265,73),(73,51),(104,73),
101:(234,26),(54,113),(167,22),(89,130),(137,81),(140,121),(133,134),(335,41),(215,65),(79,29),(204,66),(154,6),(14,143),(155,157),(292,3),(158,82),(115,149),(266,73),(73,52),(105,73),
102:(233,26),(54,113),(168,22),(88,130),(138,81),(141,121),(132,134),(335,41),(214,65),(78,29),(203,66),(155,6),(14,143),(156,157),(292,2),(158,81),(116,149),(267,73),(73,53),(106,73),
103:(232,26),(54,113),(169,22),(87,130),(139,81),(142,121),(131,134),(335,41),(213,65),(77,29),(202,66),(156,6),(14,143),(157,157),(292,2),(158,80),(117,149),(268,73),(73,54),(107,73),
104:(231,26),(54,113),(170,22),(86,130),(140,81),(143,121),(130,134),(335,41),(212,65),(76,29),(201,66),(157,6),(14,143),(158,157),(292,2),(158,79),(118,149),(269,73),(73,55),(108,73),
105:(230,26),(54,113),(171,22),(85,130),(141,81),(144,121),(129,134),(335,41),(211,65),(75,29),(200,66),(158,6),(14,143),(159,157),(292,2),(158,78),(119,149),(270,73),(73,56),(109,73),
106:(229,26),(54,113),(172,22),(84,130),(142,81),(145,121),(128,134),(335,41),(210,65),(74,29),(199,66),(159,6),(14,143),(160,157),(292,2),(158,77),(120,149),(271,73),(73,57),(110,73),
107:(228,26),(54,113),(173,22),(83,130),(143,81),(146,121),(127,134),(335,41),(209,65),(73,29),(198,66),(160,6),(14,143),(161,157),(292,2),(158,76),(121,149),(272,73),(73,58),(111,73),
108:(227,26),(54,113),(174,22),(82,130),(144,81),(147,121),(126,134),(335,41),(208,65),(72,29),(197,66),(161,6),(14,143),(162,157),(292,2),(158,75),(122,149),(273,73),(73,59),(112,73),
109:(226,26),(54,113),(175,22),(81,130),(145,81),(148,121),(125,134),(335,41),(207,65),(71,29),(196,66),(162,6),(14,143),(163,157),(292,2),(158,74),(123,149),(274,73),(73,60),(113,73),
110:(225,26),(54,113),(176,22),(80,130),(146,81),(149,121),(124,134),(335,41),(206,65),(70,29),(195,66),(163,6),(14,143),(164,157),(292,2),(158,73),(124,149),(275,73),(73,61),(114,73),
111:(224,26),(54,113),(177,22),(79,130),(147,81),(150,121),(123,134),(335,41),(205,65),(69,29),(194,66),(164,6),(14,143),(165,157),(292,2),(158,72),(125,149),(276,73),(73,62),(115,73),
112:(223,26),(54,113),(178,22),(78,130),(148,81),(151,121),(122,134),(335,41),(204,65),(68,29),(193,66),(165,6),(14,143),(166,157),(292,2),(158,71),(126,149),(277,73),(73,63),(116,73),
113:(222,26),(54,113),(179,22),(77,130),(149,81),(152,121),(121,134),(335,41),(203,65),(67,29),(192,66),(166,6),(14,143),(167,157),(292,2),(158,70),(127,149),(278,73),(73,64),(117,73),
114:(221,26),(54,113),(180,22),(76,130),(150,81),(153,121),(120,134),(335,41),(202,65),(66,29),(191,66),(167,6),(14,143),(168,157),(292,2),(159,70),(128,149),(279,73),(73,65),(118,73),
115:(220,26),(54,113),(181,22),(75,130),(151,81),(154,121),(119,134),(335,41),(201,65),(65,29),(190,66),(168,6),(14,143),(169,157),(292,2),(160,70),(129,149),(280,73),(73,66),(119,73),
116:(219,26),(54,113),(182,22),(74,130),(152,81),(155,121),(118,134),(335,41),(200,65),(64,29),(189,66),(169,6),(14,143),(170,157),(292,2),(160,70),(130,149),(281,73),(73,67),(120,73),
117:(218,26),(54,113),(183,22),(74,129),(153,81),(156,121),(117,134),(335,41),(199,65),(63,29),(188,66),(170,6),(14,143),(171,157),(292,2),(160,70),(131,149),(282,73),(73,68),(121,73),
118:(217,26),(54,113),(184,22),(74,128),(154,81),(157,121),(116,134),(335,41),(198,65),(62,29),(187,66),(171,6),(14,143),(172,157),(292,2),(160,70),(132,149),(283,73),(73,69),(122,73),
119:(216,26),(54,113),(185,22),(74,127),(155,81),(158,121),(115,134),(335,41),(197,65),(61,29),(186,66),(172,6),(14,143),(173,157),(292,2),(160,70),(133,149),(284,73),(73,70),(123,73),
120:(215,26),(54,113),(186,22),(74,126),(156,81),(159,121),(114,134),(335,41),(196,65),(60,29),(185,66),(173,6),(14,143),(174,157),(292,2),(160,70),(134,149),(285,73),(73,71),(124,73),
121:(214,26),(54,113),(187,22),(74,125),(157,81),(160,121),(113,134),(335,41),(195,65),(59,29),(184,66),(174,6),(14,143),(175,157),(292,2),(160,70),(135,149),(286,73),(73,72),(125,73),
122:(213,26),(54,113),(188,22),(74,124),(158,81),(161,121),(112,134),(335,41),(194,65),(58,29),(183,66),(175,6),(14,143),(176,157),(292,2),(160,70),(136,149),(287,73),(73,73),(126,73),
123:(212,26),(54,113),(189,22),(74,123),(159,81),(162,121),(111,134),(335,41),(193,65),(57,29),(182,66),(176,6),(14,143),(177,157),(292,2),(160,70),(137,149),(288,73),(73,74),(127,73),
124:(211,26),(54,113),(190,22),(74,122),(160,81),(163,121),(110,134),(335,41),(192,65),(56,29),(181,66),(177,6),(14,143),(178,157),(292,2),(160,70),(138,149),(289,73),(73,75),(128,73),
125:(210,26),(54,113),(191,22),(74,121),(161,81),(164,121),(109,134),(335,41),(191,65),(55,29),(180,66),(178,6),(14,143),(179,157),(292,2),(160,70),(139,149),(290,73),(73,76),(129,73),
126:(209,26),(54,113),(192,22),(74,120),(162,81),(165,121),(108,134),(335,41),(190,65),(54,29),(179,66),(179,6),(14,143),(180,157),(292,2),(160,70),(140,149),(290,72),(73,77),(130,73),
127:(208,26),(54,113),(193,22),(74,119),(163,81),(166,121),(107,134),(335,41),(189,65),(53,29),(178,66),(180,6),(14,143),(181,157),(292,2),(160,70),(141,149),(290,71),(73,78),(131,73),
128:(207,26),(54,113),(194,22),(74,118),(164,81),(167,121),(106,134),(335,41),(188,65),(52,29),(177,66),(181,6),(14,143),(181,156),(292,2),(160,70),(142,149),(290,70),(73,79),(132,73),
129:(206,26),(54,113),(195,22),(74,117),(165,81),(168,121),(105,134),(335,41),(187,65),(51,29),(176,66),(182,6),(14,143),(181,155),(292,2),(160,70),(143,149),(290,69),(73,80),(133,73),
130:(205,26),(54,113),(196,22),(74,116),(166,81),(169,121),(104,134),(335,41),(186,65),(50,29),(175,66),(183,6),(14,143),(181,154),(292,2),(160,70),(144,149),(290,68),(73,81),(134,73),
131:(204,26),(54,113),(197,22),(74,115),(167,81),(170,121),(103,134),(335,41),(185,65),(49,29),(174,66),(184,6),(14,143),(181,153),(292,2),(160,70),(145,149),(290,67),(73,82),(135,73),
132:(203,26),(54,113),(198,22),(74,114),(168,81),(171,121),(102,134),(335,41),(184,65),(48,29),(173,66),(185,6),(14,143),(181,152),(292,2),(160,70),(146,149),(290,66),(73,83),(136,73),
133:(202,26),(54,113),(199,22),(74,113),(169,81),(172,121),(101,134),(335,41),(183,65),(47,29),(172,66),(186,6),(14,143),(181,151),(292,2),(160,70),(147,149),(290,65),(73,84),(137,73),
134:(201,26),(54,113),(200,22),(74,112),(170,81),(173,121),(100,134),(335,41),(182,65),(46,29),(171,66),(187,6),(14,143),(181,150),(292,2),(160,70),(148,149),(290,64),(73,85),(138,73),
135:(200,26),(54,113),(201,22),(74,111),(171,81),(174,121),(99,134),(335,41),(181,65),(45,29),(170,66),(188,6),(14,143),(181,149),(292,2),(160,70),(149,149),(290,63),(73,86),(139,73),
136:(199,26),(54,113),(202,22),(74,110),(172,81),(175,121),(98,134),(335,41),(180,65),(44,29),(169,66),(189,6),(14,143),(181,148),(292,2),(160,70),(150,149),(290,62),(73,87),(140,73),
137:(198,26),(54,113),(203,22),(74,109),(173,81),(176,121),(97,134),(335,41),(179,65),(43,29),(168,66),(190,6),(14,143),(181,147),(292,2),(160,70),(151,149),(290,61),(73,88),(141,73),
138:(197,26),(54,113),(204,22),(74,108),(174,81),(177,121),(96,134),(335,41),(178,65),(42,29),(167,66),(191,6),(14,143),(181,146),(292,2),(160,70),(152,149),(290,60),(73,89),(142,73),
139:(196,26),(54,113),(205,22),(74,107),(175,81),(178,121),(95,134),(335,41),(177,65),(41,29),(166,66),(192,6),(14,143),(181,145),(292,2),(160,70),(153,149),(290,59),(73,90),(143,73),
140:(195,26),(54,113),(206,22),(74,106),(176,81),(179,121),(94,134),(335,41),(176,65),(40,29),(165,66),(193,6),(14,143),(181,144),(292,2),(160,70),(154,149),(290,58),(73,91),(144,73),
141:(194,26),(54,113),(207,22),(74,105),(177,81),(180,121),(93,134),(335,41),(175,65),(39,29),(164,66),(194,6),(14,143),(181,143),(292,2),(160,70),(155,149),(290,57),(73,92),(145,73),
142:(193,26),(54,113),(208,22),(74,104),(178,81),(181,121),(92,134),(335,41),(174,65),(38,29),(163,66),(195,6),(14,143),(181,142),(292,2),(160,70),(156,149),(290,56),(73,93),(146,73),
143:(192,26),(54,113),(209,22),(74,103),(179,81),(182,121),(91,134),(335,41),(173,65),(37,29),(162,66),(196,6),(14,143),(181,141),(292,2),(160,70),(157,149),(290,55),(73,94),(147,73),
144:(191,26),(54,113),(210,22),(74,102),(180,81),(183,121),(90,134),(335,41),(172,65),(36,29),(161,66),(197,6),(14,143),(181,140),(292,2),(160,70),(158,149),(290,54),(73,95),(148,73),
145:(190,26),(54,113),(211,22),(74,101),(181,81),(184,121),(89,134),(335,41),(171,65),(36,30),(160,66),(198,6),(14,143),(181,139),(292,2),(160,70),(159,149),(290,53),(73,96),(149,73),
146:(189,26),(54,113),(212,22),(74,100),(182,81),(185,121),(88,134),(335,41),(170,65),(36,31),(159,66),(199,6),(14,143),(181,138),(292,2),(160,70),(160,149),(290,52),(73,97),(150,73),
147:(188,26),(54,113),(213,22),(74,99),(182,82),(186,121),(87,134),(335,41),(169,65),(36,32),(158,66),(200,6),(14,143),(181,137),(292,2),(160,70),(161,149),(290,51),(73,97),(151,73),
148:(187,26),(54,113),(214,22),(74,98),(182,83),(187,121),(86,134),(335,41),(168,65),(36,33),(157,66),(201,6),(14,143),(181,136),(292,2),(160,70),(162,149),(290,50),(73,97),(152,73),
149:(186,26),(54,113),(215,22),(74,97),(182,84),(188,121),(85,134),(335,41),(167,65),(36,34),(156,66),(202,6),(14,143),(181,135),(292,2),(160,70),(163,149),(290,49),(73,97),(153,73),
150:(185,26),(54,113),(216,22),(74,96),(182,85),(189,121),(84,134),(335,41),(166,65),(36,35),(155,66),(203,6),(14,143),(181,134),(292,2),(160,70),(164,149),(290,48),(73,97),(154,73),
151:(184,26),(54,113),(217,22),(73,96),(182,86),(190,121),(83,134),(335,41),(165,65),(36,36),(154,66),(204,6),(14,143),(181,133),(292,2),(160,70),(165,149),(290,47),(73,97),(155,73),
152:(183,26),(54,113),(218,22),(73,95),(182,87),(191,121),(82,134),(335,41),(164,65),(36,37),(153,66),(205,6),(14,143),(181,132),(292,2),(160,70),(166,149),(290,46),(73,97),(156,73),
153:(182,26),(54,113),(219,22),(73,94),(182,88),(192,121),(81,134),(335,41),(163,65),(36,38),(152,66),(206,6),(14,143),(181,131),(292,2),(160,70),(167,149),(290,45),(73,97),(157,73),
154:(181,26),(54,113),(220,22),(73,93),(182,89),(193,121),(80,134),(335,41),(162,65),(36,39),(151,66),(207,6),(14,143),(181,130),(292,2),(160,70),(168,149),(290,44),(73,97),(158,73),
155:(180,26),(54,113),(221,22),(73,92),(182,90),(194,121),(79,134),(335,41),(161,65),(36,40),(150,66),(208,6),(14,143),(181,129),(292,2),(160,70),(169,149),(290,43),(73,97),(158,72),
156:(179,26),(54,113),(222,22),(73,91),(182,91),(195,121),(78,134),(335,41),(160,65),(36,41),(149,66),(209,6),(14,143),(181,128),(292,2),(160,70),(170,149),(290,42),(73,97),(158,71),
157:(178,26),(54,113),(223,22),(73,90),(182,92),(196,121),(77,134),(335,41),(159,65),(36,42),(148,66),(210,6),(14,143),(181,127),(292,2),(160,70),(171,149),(290,41),(73,97),(158,70),
158:(177,26),(54,113),(224,22),(73,89),(182,93),(197,121),(76,134),(335,41),(158,65),(36,43),(147,66),(211,6),(14,143),(181,126),(292,2),(160,70),(172,149),(290,40),(73,97),(159,70),
159:(176,26),(54,113),(225,22),(73,88),(182,94),(198,121),(75,134),(335,41),(157,65),(36,44),(146,66),(212,6),(14,143),(181,125),(292,2),(160,70),(173,149),(290,39),(73,97),(159,69),
160:(175,26),(54,113),(226,22),(73,87),(182,95),(199,121),(74,134),(335,41),(156,65),(36,45),(145,66),(213,6),(14,143),(181,124),(292,2),(160,70),(174,149),(290,38),(73,97),(160,69),
161:(174,26),(54,113),(227,22),(73,86),(182,96),(200,121),(73,134),(335,41),(155,65),(36,46),(144,66),(214,6),(14,143),(181,123),(292,2),(160,70),(175,149),(290,37),(73,97),(161,69),
162:(173,26),(54,113),(228,22),(73,85),(182,97),(201,121),(72,134),(335,41),(154,65),(36,47),(143,66),(215,6),(14,143),(181,122),(292,2),(160,70),(176,149),(290,36),(73,97),(162,69),
163:(172,26),(54,113),(229,22),(73,84),(182,98),(202,121),(71,134),(335,41),(153,65),(36,48),(142,66),(216,6),(14,143),(181,121),(292,2),(160,70),(177,149),(290,35),(73,97),(163,69),
164:(171,26),(54,113),(230,22),(73,83),(182,99),(203,121),(70,134),(335,41),(152,65),(36,49),(141,66),(217,6),(14,143),(181,120),(292,2),(160,70),(178,149),(290,34),(73,97),(164,69),
165:(170,26),(54,113),(231,22),(73,82),(182,100),(204,121),(69,134),(335,41),(151,65),(36,50),(140,66),(218,6),(14,143),(181,119),(292,2),(160,70),(179,149),(290,33),(73,97),(165,69),
166:(169,26),(54,113),(232,22),(73,81),(182,101),(205,121),(68,134),(335,41),(150,65),(36,51),(139,66),(219,6),(14,143),(181,118),(292,2),(160,70),(180,149),(290,32),(73,97),(166,69),
167:(168,26),(54,113),(233,22),(73,80),(182,102),(206,121),(67,134),(335,41),(149,65),(36,52),(138,66),(220,6),(14,143),(181,117),(292,2),(160,70),(181,149),(290,31),(73,97),(167,69),
168:(167,26),(54,113),(234,22),(73,79),(182,103),(207,121),(66,134),(335,41),(148,65),(36,53),(137,66),(221,6),(14,143),(181,116),(292,2),(160,70),(182,149),(290,30),(73,97),(168,69),
169:(166,26),(54,113),(235,22),(73,78),(182,103),(208,121),(65,134),(335,41),(147,65),(36,54),(136,66),(222,6),(14,143),(181,115),(292,2),(160,70),(183,149),(290,29),(73,97),(169,69),
170:(165,26),(54,113),(236,22),(73,77),(182,103),(209,121),(64,134),(335,41),(146,65),(36,55),(135,66),(223,6),(14,143),(181,114),(292,2),(160,70),(184,149),(290,28),(73,97),(170,69),
171:(164,26),(54,113),(237,22),(73,76),(182,103),(210,121),(63,134),(335,41),(145,65),(36,56),(134,66),(224,6),(14,143),(181,113),(292,2),(160,70),(185,149),(290,27),(73,97),(171,69),
172:(163,26),(54,113),(238,22),(73,75),(182,103),(211,121),(62,134),(335,41),(144,65),(36,57),(133,66),(225,6),(14,143),(181,112),(292,2),(160,70),(186,149),(290,26),(73,97),(172,69),
173:(162,26),(54,113),(239,22),(73,74),(182,103),(212,121),(61,134),(335,41),(143,65),(36,58),(132,66),(226,6),(14,143),(181,111),(292,2),(160,70),(187,149),(290,25),(73,97),(173,69),
174:(161,26),(54,113),(240,22),(72,74),(182,103),(213,121),(60,134),(335,41),(142,65),(36,59),(131,66),(227,6),(14,143),(181,110),(292,2),(160,70),(188,149),(290,24),(73,97),(174,69),
175:(160,26),(54,113),(241,22),(71,74),(182,103),(214,121),(59,134),(335,41),(141,65),(36,60),(130,66),(228,6),(14,143),(181,109),(292,2),(160,70),(189,149),(290,23),(73,97),(175,69),
176:(159,26),(54,113),(242,22),(70,74),(182,103),(215,121),(58,134),(335,41),(140,65),(36,61),(129,66),(229,6),(14,143),(181,109),(292,2),(160,70),(190,149),(290,22),(73,97),(176,69),
177:(158,26),(54,113),(243,22),(69,74),(182,103),(216,121),(57,134),(335,41),(139,65),(36,62),(128,66),(230,6),(14,143),(181,109),(292,2),(160,70),(191,149),(290,21),(73,97),(177,69),
178:(157,26),(54,113),(244,22),(68,74),(182,103),(217,121),(56,134),(335,41),(138,65),(36,63),(127,66),(231,6),(14,143),(181,109),(292,2),(160,70),(192,149),(290,20),(73,97),(178,69),
179:(156,26),(54,113),(245,22),(67,74),(182,103),(218,121),(55,134),(335,41),(137,65),(36,64),(126,66),(232,6),(14,143),(181,109),(292,2),(160,70),(193,149),(290,19),(73,97),(179,69),
180:(155,26),(54,113),(246,22),(66,74),(182,103),(218,120),(54,134),(335,41),(136,65),(36,65),(125,66),(233,6),(14,143),(181,109),(292,2),(160,70),(194,149),(290,18),(73,97),(180,69),
181:(154,26),(54,113),(247,22),(65,74),(182,103),(218,119),(53,134),(335,41),(135,65),(36,66),(124,66),(234,6),(14,143),(181,109),(292,2),(160,70),(195,149),(290,17),(73,97),(181,69),
182:(153,26),(54,113),(248,22),(65,74),(182,103),(218,118),(52,134),(335,41),(134,65),(36,67),(123,66),(235,6),(14,143),(181,109),(292,2),(160,70),(196,149),(290,16),(73,97),(182,69),
183:(152,26),(54,113),(249,22),(65,74),(182,103),(218,117),(51,134),(335,41),(133,65),(36,68),(122,66),(236,6),(14,143),(181,109),(292,2),(160,70),(197,149),(290,15),(73,97),(183,69),
184:(151,26),(54,113),(250,22),(65,74),(182,103),(218,116),(50,134),(335,41),(132,65),(36,69),(121,66),(237,6),(14,143),(181,109),(292,2),(160,70),(198,149),(290,14),(73,97),(184,69),
185:(150,26),(54,113),(251,22),(65,74),(182,103),(218,115),(49,134),(335,41),(131,65),(36,70),(120,66),(238,6),(14,143),(181,109),(292,2),(160,70),(199,149),(290,13),(73,97),(185,69),
186:(149,26),(54,113),(252,22),(65,74),(182,103),(218,114),(48,134),(335,41),(130,65),(36,71),(119,66),(239,6),(14,143),(181,109),(292,2),(160,70),(200,149),(290,12),(73,97),(186,69),
187:(148,26),(54,113),(253,22),(65,74),(182,103),(218,113),(47,134),(335,41),(129,65),(36,72),(118,66),(240,6),(14,143),(181,109),(292,2),(160,70),(201,149),(290,11),(73,97),(187,69),
188:(147,26),(54,113),(254,22),(65,74),(182,103),(218,112),(46,134),(335,41),(128,65),(36,73),(117,66),(241,6),(14,143),(181,109),(292,2),(160,70),(202,149),(290,10),(73,97),(188,69),
189:(146,26),(54,113),(255,22),(65,74),(182,103),(218,111),(45,134),(335,41),(127,65),(36,74),(116,66),(242,6),(14,143),(181,109),(292,2),(160,70),(203,149),(290,9),(73,97),(189,69),
190:(145,26),(54,113),(256,22),(65,74),(182,103),(218,110),(44,134),(335,41),(126,65),(36,75),(115,66),(243,6),(14,143),(181,109),(292,2),(160,70),(204,149),(290,8),(73,97),(190,69),
191:(144,26),(54,113),(257,22),(65,74),(182,103),(218,109),(43,134),(335,41),(125,65),(36,76),(114,66),(244,6),(14,143),(181,109),(292,2),(160,70),(205,149),(290,7),(73,97),(191,69),
192:(143,26),(54,113),(258,22),(65,74),(182,103),(218,108),(42,134),(335,41),(124,65),(36,77),(113,66),(245,6),(14,143),(181,109),(292,2),(160,70),(206,149),(290,7),(73,97),(192,69),
193:(142,26),(54,113),(259,22),(65,74),(182,103),(218,107),(41,134),(335,41),(123,65),(36,78),(112,66),(246,6),(14,143),(181,109),(292,2),(160,70),(207,149),(290,7),(73,97),(193,69),
194:(141,26),(54,113),(260,22),(65,74),(182,103),(218,106),(40,134),(335,41),(122,65),(36,79),(111,66),(247,6),(14,143),(181,109),(292,2),(160,70),(208,149),(290,7),(73,97),(194,69),
195:(140,26),(54,113),(261,22),(65,74),(182,103),(218,105),(39,134),(335,41),(121,65),(36,80),(110,66),(248,6),(14,143),(181,109),(292,2),(160,70),(209,149),(290,7),(73,97),(195,69),
196:(139,26),(54,113),(262,22),(65,74),(182,103),(218,104),(38,134),(335,41),(120,65),(36,81),(109,66),(249,6),(14,143),(181,109),(292,2),(160,70),(210,149),(290,7),(73,97),(196,69),
197:(138,26),(54,113),(263,22),(65,74),(182,103),(218,103),(37,134),(335,41),(119,65),(36,82),(108,66),(250,6),(14,143),(181,109),(292,2),(160,70),(211,149),(290,7),(73,97),(197,69),
198:(137,26),(54,113),(264,22),(65,74),(182,103),(218,102),(36,134),(335,41),(118,65),(36,83),(107,66),(251,6),(14,143),(181,109),(292,2),(160,70),(212,149),(290,7),(73,97),(198,69),
199:(136,26),(54,113),(265,22),(65,74),(182,103),(218,101),(35,134),(335,41),(117,65),(36,84),(106,66),(252,6),(14,143),(181,109),(292,2),(160,70),(213,149),(290,7),(73,97),(199,69),
200:(135,26),(54,113),(266,22),(65,74),(182,103),(218,100),(34,134),(335,41),(116,65),(36,85),(105,66),(253,6),(14,143),(181,109),(292,2),(160,70),(214,149),(290,7),(73,97),(200,69),
201:(134,26),(54,113),(267,22),(65,74),(182,103),(218,99),(33,134),(335,41),(115,65),(36,86),(104,66),(254,6),(14,143),(181,109),(292,2),(160,70),(215,149),(290,7),(73,97),(201,69),
202:(133,26),(54,113),(268,22),(65,74),(182,103),(218,98),(32,134),(335,41),(114,65),(36,87),(103,66),(255,6),(14,143),(181,109),(292,2),(160,70),(216,149),(290,7),(73,97),(202,69),
203:(132,26),(54,113),(269,22),(65,74),(182,103),(218,97),(31,134),(335,41),(113,65),(36,87),(102,66),(256,6),(14,143),(181,109),(292,2),(160,70),(217,149),(290,7),(73,97),(203,69),
204:(131,26),(54,113),(270,22),(65,74),(182,103),(218,96),(30,134),(335,41),(112,65),(36,87),(101,66),(257,6),(14,143),(181,109),(292,2),(160,70),(218,149),(290,7),(73,97),(204,69),
205:(130,26),(54,113),(271,22),(65,74),(182,103),(218,95),(29,134),(335,41),(111,65),(36,87),(100,66),(258,6),(14,143),(181,109),(292,2),(160,70),(219,149),(290,7),(73,97),(205,69),
206:(129,26),(54,113),(272,22),(65,74),(182,103),(218,94),(28,134),(335,41),(110,65),(36,87),(99,66),(259,6),(14,143),(181,109),(292,2),(160,70),(220,149),(290,7),(73,97),(206,69),
207:(128,26),(54,113),(273,22),(65,74),(182,103),(218,93),(27,134),(335,41),(109,65),(36,87),(98,66),(260,6),(14,143),(181,109),(292,2),(160,70),(221,149),(290,7),(73,97),(207,69),
208:(127,26),(54,113),(274,22),(65,74),(182,103),(218,92),(26,134),(335,41),(108,65),(36,87),(97,66),(261,6),(14,143),(181,109),(292,2),(160,70),(222,149),(290,7),(73,97),(208,69),
209:(126,26),(54,113),(275,22),(65,74),(182,103),(218,91),(25,134),(335,41),(107,65),(36,87),(96,66),(262,6),(14,143),(181,109),(292,2),(160,70),(223,149),(290,7),(73,97),(209,69),
210:(125,26),(54,113),(276,22),(65,74),(182,103),(218,90),(24,134),(335,41),(106,65),(36,87),(95,66),(263,6),(14,143),(181,109),(292,2),(160,70),(224,149),(290,7),(73,97),(210,69),
211:(124,26),(54,113),(277,22),(65,74),(182,103),(218,89),(23,134),(335,41),(105,65),(36,87),(94,66),(264,6),(14,143),(181,109),(292,2),(160,70),(225,149),(290,7),(73,97),(211,69),
212:(123,26),(54,113),(278,22),(65,74),(182,103),(218,88),(22,134),(335,41),(104,65),(36,87),(93,66),(265,6),(14,143),(181,109),(292,2),(160,70),(226,149),(290,7),(73,97),(212,69),
213:(122,26),(54,113),(279,22),(65,74),(182,103),(218,87),(21,134),(335,41),(103,65),(36,87),(92,66),(266,6),(14,143),(181,109),(292,2),(160,70),(227,149),(290,7),(73,97),(213,69),
214:(121,26),(54,113),(280,22),(65,74),(182,103),(218,86),(20,134),(335,41),(102,65),(36,87),(91,66),(267,6),(14,143),(181,109),(292,2),(160,70),(228,149),(290,7),(73,97),(214,69),
215:(120,26),(54,113),(281,22),(65,74),(182,103),(218,85),(20,133),(335,41),(101,65),(36,87),(90,66),(268,6),(14,143),(181,109),(292,2),(160,70),(229,149),(290,7),(73,97),(215,69),
216:(119,26),(54,113),(282,22),(65,74),(182,103),(218,84),(20,132),(335,41),(100,65),(36,87),(89,66),(269,6),(14,143),(181,109),(292,2),(160,70),(230,149),(290,7),(73,97),(216,69),
217:(118,26),(54,113),(283,22),(65,74),(182,103),(218,83),(20,131),(335,41),(99,65),(36,87),(88,66),(270,6),(14,143),(181,109),(292,2),(160,70),(231,149),(290,7),(73,97),(217,69),
218:(117,26),(54,113),(284,22),(65,74),(182,103),(218,82),(20,130),(335,41),(98,65),(36,87),(87,66),(271,6),(14,143),(181,109),(292,2),(160,70),(232,149),(290,7),(73,97),(218,69),
219:(116,26),(54,113),(285,22),(65,74),(182,103),(218,81),(20,129),(335,41),(97,65),(36,87),(86,66),(272,6),(14,143),(181,109),(292,2),(160,70),(233,149),(290,7),(73,97),(219,69),
220:(115,26),(54,113),(286,22),(65,74),(182,103),(218,80),(20,128),(335,41),(97,66),(36,87),(85,66),(273,6),(14,143),(181,109),(292,2),(160,70),(234,149),(290,7),(73,97),(220,69),
221:(114,26),(54,113),(287,22),(65,74),(182,103),(218,79),(20,127),(335,41),(97,67),(36,87),(84,66),(274,6),(14,143),(181,109),(292,2),(160,70),(235,149),(290,7),(73,97),(221,69),
222:(113,26),(54,113),(288,22),(65,74),(182,103),(218,78),(20,126),(335,41),(97,68),(36,87),(83,66),(275,6),(14,143),(181,109),(292,2),(160,70),(236,149),(290,7),(73,97),(222,69),
223:(112,26),(54,113),(289,22),(65,74),(182,103),(218,77),(20,125),(335,41),(97,69),(36,87),(82,66),(276,6),(14,143),(181,109),(292,2),(160,70),(237,149),(290,7),(73,97),(223,69),
224:(111,26),(54,113),(290,22),(65,74),(182,103),(218,76),(20,124),(335,41),(97,70),(36,87),(81,66),(277,6),(14,143),(181,109),(292,2),(160,70),(238,149),(290,7),(73,97),(224,69),
225:(110,26),(54,113),(291,22),(65,74),(182,103),(218,75),(20,123),(335,41),(97,71),(36,87),(80,66),(278,6),(14,143),(181,109),(292,2),(160,70),(239,149),(290,7),(73,97),(225,69),
226:(109,26),(54,113),(292,22),(65,74),(182,103),(218,74),(20,122),(335,41),(97,72),(36,87),(79,66),(278,7),(14,143),(181,109),(292,2),(160,70),(240,149),(290,7),(73,97),(226,69),
227:(108,26),(54,113),(293,22),(65,74),(182,103),(218,73),(20,121),(335,41),(97,73),(36,87),(78,66),(278,8),(14,143),(181,109),(292,2),(160,70),(241,149),(290,7),(73,97),(227,69),
228:(107,26),(54,113),(294,22),(65,74),(182,103),(218,72),(20,120),(335,41),(97,74),(36,87),(77,66),(278,9),(14,143),(181,109),(292,2),(160,70),(242,149),(290,7),(73,97),(228,69),
229:(106,26),(54,113),(295,22),(65,74),(182,103),(218,71),(20,119),(335,41),(97,75),(36,87),(76,66),(278,10),(14,143),(181,109),(292,2),(160,70),(243,149),(290,7),(73,97),(229,69),
230:(105,26),(54,113),(296,22),(65,74),(182,103),(218,70),(20,118),(335,41),(97,76),(36,87),(75,66),(278,11),(14,143),(181,109),(292,2),(160,70),(244,149),(290,7),(73,97),(230,69),
231:(104,26),(54,113),(297,22),(65,74),(182,103),(218,69),(20,117),(335,41),(97,77),(36,87),(74,66),(278,12),(14,143),(181,109),(292,2),(160,70),(245,149),(290,7),(73,97),(231,69),
232:(103,26),(54,113),(298,22),(65,74),(182,103),(218,68),(20,116),(335,41),(97,78),(36,87),(73,66),(278,13),(14,143),(181,109),(292,2),(160,70),(246,149),(290,7),(73,97),(232,69),
233:(102,26),(54,113),(299,22),(65,74),(182,103),(218,67),(20,115),(335,41),(97,79),(36,87),(72,66),(278,14),(14,143),(181,109),(292,2),(160,70),(247,149),(290,7),(73,97),(233,69),
234:(101,26),(54,113),(300,22),(65,74),(182,103),(218,66),(20,114),(335,41),(97,80),(36,87),(71,66),(278,15),(14,143),(181,109),(292,2),(160,70),(248,149),(290,7),(73,97),(234,69),
235:(100,26),(54,113),(301,22),(65,74),(182,103),(218,65),(20,113),(335,41),(97,81),(36,87),(70,66),(278,16),(14,143),(181,109),(292,2),(160,70),(249,149),(290,7),(73,97),(235,69),
236:(99,26),(54,113),(302,22),(65,74),(182,103),(218,64),(20,112),(335,41),(97,82),(36,87),(69,66),(278,17),(14,143),(181,109),(292,2),(160,70),(250,149),(290,7),(73,97),(236,69),
237:(98,26),(54,113),(303,22),(65,74),(182,103),(218,63),(20,111),(335,41),(97,83),(36,87),(68,66),(278,18),(14,143),(181,109),(292,2),(160,70),(251,149),(290,7),(73,97),(237,69),
238:(97,26),(54,113),(304,22),(65,74),(182,103),(218,62),(20,110),(335,41),(97,84),(36,87),(67,66),(278,19),(14,143),(181,109),(292,2),(160,70),(252,149),(290,7),(73,97),(238,69),
239:(96,26),(54,113),(305,22),(65,74),(182,103),(218,61),(20,109),(335,41),(97,85),(36,87),(66,66),(278,20),(14,143),(181,109),(292,2),(160,70),(253,149),(290,7),(73,97),(239,69),
240:(95,26),(54,113),(306,22),(65,74),(182,103),(218,60),(20,108),(335,41),(97,86),(36,87),(65,66),(278,21),(14,143),(181,109),(292,2),(160,70),(254,149),(290,7),(73,97),(240,69),
241:(94,26),(54,113),(307,22),(65,74),(182,103),(218,59),(20,107),(335,41),(97,87),(36,87),(64,66),(278,22),(14,143),(181,109),(292,2),(160,70),(255,149),(290,7),(73,97),(241,69),
242:(93,26),(54,113),(308,22),(65,74),(182,103),(218,58),(20,106),(335,41),(97,88),(36,87),(63,66),(278,23),(14,143),(181,109),(292,2),(160,70),(256,149),(290,7),(73,97),(242,69),
243:(92,26),(54,113),(309,22),(65,74),(182,103),(218,57),(20,105),(335,41),(97,89),(36,87),(62,66),(278,24),(14,143),(181,109),(292,2),(160,70),(257,149),(290,7),(73,97),(243,69),
244:(91,26),(54,113),(310,22),(65,74),(182,103),(218,56),(20,104),(335,41),(97,90),(36,87),(61,66),(278,25),(14,143),(181,109),(292,2),(160,70),(258,149),(290,7),(73,97),(244,69),
245:(90,26),(54,113),(311,22),(65,74),(182,103),(218,55),(20,103),(335,41),(97,91),(36,87),(60,66),(278,26),(14,143),(181,109),(292,2),(160,70),(259,149),(290,7),(73,97),(245,69),
246:(89,26),(54,113),(312,22),(65,74),(182,103),(218,54),(20,102),(335,41),(97,92),(36,87),(59,66),(278,27),(14,143),(181,109),(292,2),(160,70),(260,149),(290,7),(73,97),(246,69),
247:(88,26),(54,113),(313,22),(65,74),(182,103),(218,53),(20,101),(335,41),(97,93),(36,87),(58,66),(278,28),(14,143),(181,109),(292,2),(160,70),(261,149),(290,7),(73,97),(247,69),
248:(87,26),(54,113),(314,22),(65,74),(182,103),(218,52),(20,100),(335,41),(96,93),(36,87),(57,66),(278,29),(14,143),(181,109),(292,2),(160,70),(262,149),(290,7),(73,97),(248,69),
249:(86,26),(54,113),(315,22),(65,74),(182,103),(218,51),(20,99),(335,41),(95,93),(36,87),(56,66),(278,30),(14,143),(181,109),(292,2),(160,70),(263,149),(290,7),(73,97),(249,69),
250:(85,26),(54,113),(316,22),(65,74),(182,103),(218,50),(20,98),(335,41),(94,93),(36,87),(55,66),(278,31),(14,143),(181,109),(292,2),(160,70),(264,149),(290,7),(73,97),(250,69),
251:(84,26),(54,113),(317,22),(65,74),(182,103),(218,49),(20,97),(335,41),(93,93),(36,87),(54,66),(278,32),(14,143),(181,109),(292,2),(160,70),(265,149),(290,7),(73,97),(251,69),
252:(83,26),(54,113),(318,22),(65,74),(182,103),(218,48),(20,96),(335,41),(92,93),(36,87),(53,66),(278,33),(14,143),(181,109),(292,2),(160,70),(266,149),(290,7),(73,97),(252,69),
253:(82,26),(54,113),(319,22),(65,74),(182,103),(218,47),(20,95),(335,41),(91,93),(36,87),(52,66),(278,34),(14,143),(181,109),(292,2),(160,70),(266,148),(290,7),(73,97),(253,69),
254:(81,26),(54,113),(320,22),(65,74),(182,103),(218,46),(20,94),(335,41),(90,93),(36,87),(51,66),(278,35),(14,143),(181,109),(292,2),(160,70),(266,147),(290,7),(73,97),(254,69),
255:(80,26),(54,113),(320,23),(65,74),(182,103),(218,45),(20,93),(335,41),(89,93),(36,87),(50,66),(278,36),(14,143),(181,109),(292,2),(160,70),(266,146),(290,7),(73,97),(255,69),
256:(79,26),(54,113),(320,24),(65,74),(182,103),(218,44),(20,92),(335,41),(88,93),(36,87),(49,66),(278,37),(14,143),(181,109),(292,2),(160,70),(266,145),(290,7),(73,97),(256,69),
257:(78,26),(54,113),(320,25),(65,74),(182,103),(218,43),(20,91),(335,41),(87,93),(36,87),(48,66),(278,38),(14,143),(181,109),(292,2),(160,70),(266,144),(290,7),(73,97),(257,69),
258:(77,26),(54,113),(320,26),(65,74),(182,103),(218,42),(20,90),(335,41),(87,93),(36,87),(47,66),(278,39),(14,143),(181,109),(292,2),(160,70),(266,143),(290,7),(73,97),(258,69),
259:(76,26),(54,113),(320,27),(65,74),(182,103),(219,42),(20,89),(335,41),(87,93),(36,87),(46,66),(278,40),(14,143),(181,109),(292,2),(160,70),(266,142),(290,7),(73,97),(259,69),
260:(75,26),(54,113),(320,28),(65,74),(182,103),(220,42),(20,88),(335,41),(87,93),(36,87),(45,66),(278,41),(14,143),(181,109),(292,2),(160,70),(266,141),(290,7),(73,97),(260,69),
261:(74,26),(54,113),(320,29),(65,74),(182,103),(221,42),(20,87),(335,41),(87,93),(36,87),(44,66),(278,42),(14,143),(181,109),(292,2),(160,70),(266,140),(290,7),(73,97),(261,69),
262:(73,26),(54,113),(320,30),(65,74),(182,103),(222,42),(20,86),(335,41),(87,93),(36,87),(43,66),(278,43),(14,143),(181,109),(292,2),(160,70),(266,139),(290,7),(73,97),(262,69),
263:(72,26),(54,113),(320,31),(65,74),(182,103),(223,42),(20,85),(335,41),(87,93),(36,87),(42,66),(278,44),(14,143),(181,109),(292,2),(160,70),(266,138),(290,7),(73,97),(263,69),
264:(71,26),(54,113),(320,32),(65,74),(182,103),(224,42),(20,84),(335,41),(87,93),(36,87),(41,66),(278,45),(14,143),(181,109),(292,2),(160,70),(266,137),(290,7),(73,97),(264,69),
265:(70,26),(54,113),(320,33),(65,74),(182,103),(225,42),(20,83),(335,41),(87,93),(36,87),(40,66),(278,46),(14,143),(181,109),(292,2),(160,70),(266,136),(290,7),(73,97),(265,69),
266:(69,26),(54,113),(320,34),(65,74),(182,103),(225,41),(20,82),(335,41),(87,93),(36,87),(39,66),(278,47),(14,143),(181,109),(292,2),(160,70),(266,135),(290,7),(73,97),(266,69),
267:(68,26),(54,113),(320,35),(65,74),(182,103),(225,41),(20,81),(335,41),(87,93),(36,87),(38,66),(278,48),(14,143),(181,109),(292,2),(160,70),(266,134),(290,7),(73,97),(267,69),
268:(67,26),(54,113),(320,36),(65,74),(182,103),(225,41),(20,80),(335,41),(87,93),(36,87),(37,66),(278,49),(14,143),(181,109),(292,2),(160,70),(266,133),(290,7),(73,97),(268,69),
269:(66,26),(54,113),(320,37),(65,74),(182,103),(225,41),(20,79),(335,41),(87,93),(36,87),(36,66),(278,50),(14,143),(181,109),(292,2),(160,70),(266,132),(290,7),(73,97),(269,69),
270:(65,26),(54,113),(320,38),(65,74),(182,103),(225,41),(20,78),(335,41),(87,93),(36,87),(35,66),(278,51),(14,143),(181,109),(292,2),(160,70),(266,131),(290,7),(73,97),(270,69),
271:(64,26),(54,113),(320,39),(65,74),(182,103),(225,41),(20,77),(335,41),(87,93),(36,87),(34,66),(278,52),(14,143),(181,109),(292,2),(160,70),(266,130),(290,7),(73,97),(271,69),
272:(63,26),(54,113),(320,40),(65,74),(182,103),(225,41),(20,76),(335,41),(87,93),(36,87),(33,66),(278,53),(14,143),(181,109),(292,2),(160,70),(266,129),(290,7),(73,97),(272,69),
273:(62,26),(54,113),(320,41),(65,74),(182,103),(225,41),(20,75),(335,41),(87,93),(36,87),(32,66),(278,54),(14,143),(181,109),(292,2),(160,70),(266,128),(290,7),(73,97),(273,69),
274:(61,26),(54,113),(320,42),(65,74),(182,103),(225,41),(20,74),(335,41),(87,93),(36,87),(31,66),(278,55),(14,143),(181,109),(292,2),(160,70),(266,127),(290,7),(73,97),(274,69),
275:(60,26),(54,113),(320,43),(65,74),(182,103),(225,41),(20,73),(335,41),(87,93),(36,87),(30,66),(278,56),(14,143),(181,109),(292,2),(160,70),(266,126),(290,7),(73,97),(275,69),
276:(59,26),(54,113),(320,44),(65,74),(182,103),(225,41),(20,72),(335,41),(87,93),(36,87),(29,66),(278,57),(14,143),(181,109),(292,2),(160,70),(266,125),(290,7),(73,97),(276,69),
277:(58,26),(54,113),(320,45),(65,74),(182,103),(225,41),(20,71),(335,41),(87,93),(36,87),(28,66),(278,58),(14,143),(181,109),(292,2),(160,70),(266,124),(290,7),(73,97),(277,69),
278:(57,26),(54,113),(320,46),(65,74),(182,103),(225,41),(20,70),(335,41),(87,93),(36,87),(27,66),(278,59),(14,143),(181,109),(292,2),(160,70),(266,123),(290,7),(73,97),(278,69),
279:(56,26),(54,113),(320,47),(65,74),(182,103),(225,41),(20,69),(335,41),(87,93),(36,87),(26,66),(278,60),(14,143),(181,109),(292,2),(160,70),(266,122),(290,7),(73,97),(279,69),
280:(55,26),(54,113),(320,48),(65,74),(182,103),(225,41),(20,68),(335,41),(87,93),(36,87),(26,65),(278,61),(14,143),(181,109),(292,2),(160,70),(266,121),(290,7),(73,97),(280,69),
281:(54,26),(54,113),(320,49),(65,74),(182,103),(225,41),(20,67),(335,41),(87,93),(36,87),(26,64),(278,62),(14,143),(181,109),(292,2),(160,70),(266,120),(290,7),(73,97),(281,69),
282:(53,26),(54,113),(320,50),(65,74),(182,103),(225,41),(20,66),(335,41),(87,93),(36,87),(26,63),(278,63),(14,143),(181,109),(292,2),(160,70),(266,119),(290,7),(73,97),(282,69),
283:(52,26),(54,113),(320,51),(65,74),(182,103),(225,41),(20,65),(335,41),(87,93),(36,87),(26,62),(278,64),(14,143),(181,109),(292,2),(160,70),(266,118),(290,7),(73,97),(283,69),
284:(51,26),(54,113),(320,52),(65,74),(182,103),(225,41),(20,64),(335,41),(87,93),(36,87),(26,61),(278,65),(14,143),(181,109),(292,2),(160,70),(266,117),(290,7),(73,97),(284,69),
285:(50,26),(54,113),(320,53),(65,74),(182,103),(225,41),(20,63),(335,41),(87,93),(36,87),(26,60),(278,66),(14,143),(181,109),(292,2),(160,70),(266,116),(290,7),(73,97),(285,69),
286:(49,26),(54,113),(320,54),(65,74),(182,103),(225,41),(20,62),(335,41),(87,93),(36,87),(26,59),(278,67),(14,143),(181,109),(292,2),(160,70),(266,115),(290,7),(73,97),(286,69),
287:(48,26),(54,113),(320,55),(65,74),(182,103),(225,41),(20,61),(335,41),(87,93),(36,87),(26,58),(278,68),(14,143),(181,109),(292,2),(160,70),(266,114),(290,7),(73,97),(287,69),
288:(47,26),(54,113),(320,56),(65,74),(182,103),(225,41),(20,60),(335,41),(87,93),(36,87),(26,57),(278,69),(14,143),(181,109),(292,2),(160,70),(266,113),(290,7),(73,97),(288,69),
289:(46,26),(54,113),(320,57),(65,74),(182,103),(225,41),(20,59),(335,41),(87,93),(36,87),(26,56),(278,70),(14,143),(181,109),(292,2),(160,70),(266,112),(290,7),(73,97),(289,69),
290:(45,26),(54,113),(320,58),(65,74),(182,103),(225,41),(20,58),(335,41),(87,93),(36,87),(26,55),(278,71),(14,143),(181,109),(292,2),(160,70),(266,111),(290,7),(73,97),(290,69),
291:(44,26),(54,113),(320,59),(65,74),(182,103),(225,41),(20,57),(335,41),(87,93),(36,87),(26,54),(278,72),(14,143),(181,109),(292,2),(160,70),(266,110),(290,7),(73,97),(291,69),
292:(43,26),(54,113),(320,60),(65,74),(182,103),(225,41),(20,56),(335,41),(87,93),(36,87),(26,53),(278,73),(14,143),(181,109),(292,2),(160,70),(266,109),(290,7),(73,97),(292,69),
293:(43,27),(54,113),(320,61),(65,74),(182,103),(225,41),(20,55),(335,41),(87,93),(36,87),(26,52),(278,74),(14,143),(181,109),(292,2),(160,70),(266,108),(290,7),(73,97),(293,69),
294:(43,28),(54,113),(320,62),(65,74),(182,103),(225,41),(20,54),(335,41),(87,93),(36,87),(26,51),(278,75),(14,143),(181,109),(292,2),(160,70),(266,107),(290,7),(73,97),(294,69),
295:(43,29),(54,113),(320,63),(65,74),(182,103),(225,41),(20,53),(335,41),(87,93),(36,87),(26,50),(278,76),(14,143),(181,109),(292,2),(160,70),(266,106),(290,7),(73,97),(295,69),
296:(43,30),(54,113),(320,64),(65,74),(182,103),(225,41),(20,52),(335,41),(87,93),(36,87),(26,49),(278,77),(14,143),(181,109),(292,2),(160,70),(266,105),(290,7),(73,97),(296,69),
297:(43,31),(54,113),(320,65),(65,74),(182,103),(225,41),(20,51),(335,41),(87,93),(36,87),(26,48),(278,78),(14,143),(181,109),(292,2),(160,70),(266,104),(290,7),(73,97),(297,69),
298:(43,32),(54,113),(320,66),(65,74),(182,103),(225,41),(20,50),(335,41),(87,93),(36,87),(26,47),(278,79),(14,143),(181,109),(292,2),(160,70),(266,103),(290,7),(73,97),(298,69),
299:(43,33),(54,113),(320,67),(65,74),(182,103),(225,41),(20,49),(335,41),(87,93),(36,87),(26,46),(278,80),(14,143),(181,109),(292,2),(160,70),(266,102),(290,7),(73,97),(299,69),
300:(43,34),(54,113),(320,68),(65,74),(182,103),(225,41),(20,48),(335,41),(87,93),(36,87),(26,45),(278,81),(14,143),(181,109),(292,2),(160,70),(266,101),(290,7),(73,97),(300,69),
301:(43,35),(54,113),(320,69),(65,74),(182,103),(225,41),(20,47),(335,41),(87,93),(36,87),(26,44),(278,82),(14,143),(181,109),(292,2),(160,70),(266,100),(290,7),(73,97),(301,69),
302:(43,36),(54,113),(320,70),(65,74),(182,103),(225,41),(20,46),(335,41),(87,93),(36,87),(26,43),(278,83),(14,143),(181,109),(292,2),(160,70),(266,99),(290,7),(73,97),(302,69),
303:(43,37),(54,113),(320,71),(65,74),(182,103),(225,41),(20,45),(335,41),(87,93),(36,87),(26,42),(278,84),(14,143),(181,109),(292,2),(160,70),(266,98),(290,7),(73,97),(303,69),
304:(43,38),(54,113),(320,72),(65,74),(182,103),(225,41),(20,44),(335,41),(87,93),(36,87),(26,41),(278,85),(14,143),(181,109),(292,2),(160,70),(266,97),(290,7),(73,97),(304,69),
305:(43,39),(54,113),(320,73),(65,74),(182,103),(225,41),(20,43),(335,41),(87,93),(36,87),(26,40),(278,86),(14,143),(181,109),(292,2),(160,70),(266,96),(290,7),(73,97),(305,69),
306:(43,40),(54,113),(320,74),(65,74),(182,103),(225,41),(20,42),(335,41),(87,93),(36,87),(26,39),(278,87),(14,143),(181,109),(292,2),(160,70),(266,95),(290,7),(73,97),(306,69),
307:(43,41),(54,113),(320,75),(65,74),(182,103),(225,41),(20,41),(335,41),(87,93),(36,87),(26,38),(278,88),(14,143),(181,109),(292,2),(160,70),(266,94),(290,7),(73,97),(307,69),
308:(43,42),(54,113),(320,76),(65,74),(182,103),(225,41),(20,40),(335,41),(87,93),(36,87),(26,37),(278,89),(14,143),(181,109),(292,2),(160,70),(266,93),(290,7),(73,97),(308,69),
309:(43,43),(54,113),(320,77),(65,74),(182,103),(225,41),(20,39),(335,41),(87,93),(36,87),(26,36),(278,90),(14,143),(181,109),(292,2),(160,70),(266,92),(290,7),(73,97),(309,69),
310:(43,44),(54,113),(320,78),(65,74),(182,103),(225,41),(20,38),(335,41),(87,93),(36,87),(26,35),(278,91),(14,143),(181,109),(292,2),(160,70),(266,91),(290,7),(73,97),(310,69),
311:(43,45),(54,113),(320,79),(65,74),(182,103),(225,41),(20,37),(335,41),(87,93),(36,87),(26,34),(278,92),(14,143),(181,109),(292,2),(160,70),(266,90),(290,7),(73,97),(311,69),
312:(43,46),(54,113),(320,80),(65,74),(182,103),(225,41),(20,36),(335,41),(87,93),(36,87),(26,33),(278,93),(14,143),(181,109),(292,2),(160,70),(267,90),(290,7),(73,97),(312,69),
313:(43,47),(54,113),(320,81),(65,74),(182,103),(225,41),(20,35),(335,41),(87,93),(36,87),(26,32),(278,94),(14,143),(181,109),(292,2),(160,70),(268,90),(290,7),(73,97),(313,69),
314:(43,48),(54,113),(320,82),(65,74),(182,103),(225,41),(20,34),(335,41),(87,93),(36,87),(26,31),(278,95),(14,143),(181,109),(292,2),(160,70),(269,90),(290,7),(73,97),(314,69),
315:(43,49),(54,113),(320,83),(65,74),(182,103),(225,41),(20,33),(335,41),(87,93),(36,87),(26,30),(278,96),(14,143),(181,109),(292,2),(160,70),(270,90),(290,7),(73,97),(315,69),
316:(43,50),(54,113),(320,84),(65,74),(182,103),(225,41),(20,32),(335,41),(87,93),(36,87),(26,29),(278,97),(14,143),(181,109),(292,2),(160,70),(271,90),(290,7),(73,97),(316,69),
317:(43,51),(54,113),(320,85),(65,74),(182,103),(225,41),(20,31),(335,41),(87,93),(36,87),(26,28),(278,98),(14,143),(181,109),(292,2),(160,70),(272,90),(290,7),(73,97),(317,69),
318:(43,52),(54,113),(320,86),(65,74),(182,103),(225,41),(20,30),(335,41),(87,93),(36,87),(26,27),(278,99),(14,143),(181,109),(292,2),(160,70),(273,90),(290,7),(73,97),(318,69),
319:(43,53),(54,113),(320,87),(65,74),(182,103),(225,41),(20,29),(335,41),(87,93),(36,87),(26,26),(278,100),(14,143),(181,109),(292,2),(160,70),(274,90),(290,7),(73,97),(319,69),
320:(43,54),(54,113),(320,88),(65,74),(182,103),(225,41),(20,28),(335,41),(87,93),(36,87),(26,25),(278,101),(14,143),(181,109),(292,2),(160,70),(275,90),(290,7),(73,97),(320,69),
321:(43,55),(54,113),(320,89),(65,74),(182,103),(225,41),(20,27),(335,41),(87,93),(36,87),(26,24),(278,102),(14,143),(181,109),(292,2),(160,70),(275,89),(290,7),(73,97),(321,69),
322:(43,56),(54,113),(320,90),(65,74),(182,103),(225,41),(20,26),(335,41),(87,93),(36,87),(26,23),(278,103),(14,143),(181,109),(292,2),(160,70),(275,89),(290,7),(73,97),(322,69),
323:(43,57),(54,113),(320,91),(65,74),(182,103),(225,41),(20,25),(335,41),(87,93),(36,87),(26,23),(278,104),(14,143),(181,109),(292,2),(160,70),(275,89),(290,7),(73,97),(323,69),
324:(43,58),(54,113),(320,92),(65,74),(182,103),(225,41),(20,24),(335,41),(87,93),(36,87),(26,23),(278,105),(14,143),(181,109),(292,2),(160,70),(275,89),(290,7),(73,97),(324,69),
325:(43,59),(54,113),(320,93),(65,74),(182,103),(225,41),(20,23),(335,41),(87,93),(36,87),(26,23),(278,106),(14,143),(181,109),(292,2),(160,70),(275,89),(290,7),(73,97),(325,69),
326:(43,60),(54,113),(320,94),(65,74),(182,103),(225,41),(20,22),(335,41),(87,93),(36,87),(26,23),(278,107),(14,143),(181,109),(292,2),(160,70),(275,89),(290,7),(73,97),(326,69),
327:(43,61),(54,113),(320,95),(65,74),(182,103),(225,41),(20,21),(335,41),(87,93),(36,87),(26,23),(278,108),(14,143),(181,109),(292,2),(160,70),(275,89),(290,7),(73,97),(327,69),
328:(43,62),(54,113),(320,96),(65,74),(182,103),(225,41),(20,20),(335,41),(87,93),(36,87),(26,23),(278,109),(14,143),(181,109),(292,2),(160,70),(275,89),(290,7),(73,97),(328,69),
329:(43,63),(54,113),(320,97),(65,74),(182,103),(225,41),(20,19),(335,41),(87,93),(36,87),(26,23),(279,109),(14,143),(181,109),(292,2),(160,70),(275,89),(290,7),(73,97),(328,68),
330:(43,64),(54,113),(320,98),(65,74),(182,103),(225,41),(20,18),(335,41),(87,93),(36,87),(26,23),(280,109),(14,143),(181,109),(292,2),(160,70),(275,89),(290,7),(73,97),(328,67),
331:(43,65),(54,113),(320,99),(65,74),(182,103),(225,41),(20,17),(335,41),(87,93),(36,87),(26,23),(281,109),(14,143),(181,109),(292,2),(160,70),(275,89),(290,7),(73,97),(328,66),
332:(43,66),(54,113),(320,100),(65,74),(182,103),(225,41),(20,16),(335,41),(87,93),(36,87),(26,23),(282,109),(14,143),(181,109),(292,2),(160,70),(275,89),(290,7),(73,97),(328,65),
333:(43,67),(54,113),(320,101),(65,74),(182,103),(225,41),(20,15),(335,41),(87,93),(36,87),(26,23),(283,109),(14,143),(181,109),(292,2),(160,70),(275,89),(290,7),(73,97),(328,64),
334:(43,68),(54,113),(320,102),(65,74),(182,103),(225,41),(20,14),(335,41),(87,93),(36,87),(26,23),(284,109),(14,143),(181,109),(292,2),(160,70),(275,89),(290,7),(73,97),(328,63),
335:(43,69),(54,113),(320,103),(65,74),(182,103),(225,41),(20,13),(335,41),(87,93),(36,87),(26,23),(285,109),(14,143),(181,109),(292,2),(160,70),(275,89),(290,7),(73,97),(328,62),
336:(43,70),(54,113),(320,104),(65,74),(182,103),(225,41),(20,12),(335,41),(87,93),(36,87),(26,23),(286,109),(14,143),(181,109),(292,2),(160,70),(275,89),(290,7),(73,97),(328,61),
337:(43,71),(54,113),(320,105),(65,74),(182,103),(225,41),(20,11),(335,41),(87,93),(36,87),(26,23),(286,109),(14,143),(181,109),(292,2),(160,70),(275,89),(290,7),(73,97),(328,60),
338:(43,72),(54,113),(320,106),(65,74),(182,103),(225,41),(20,10),(335,41),(87,93),(36,87),(26,23),(286,109),(14,143),(181,109),(292,2),(160,70),(275,89),(290,7),(73,97),(328,59),
339:(43,73),(54,113),(320,107),(65,74),(182,103),(225,41),(20,9),(335,41),(87,93),(36,87),(26,23),(286,109),(14,143),(181,109),(292,2),(160,70),(275,89),(290,7),(73,97),(328,58),
340:(43,74),(54,113),(320,108),(65,74),(182,103),(225,41),(20,8),(335,41),(87,93),(36,87),(26,23),(286,109),(14,143),(181,109),(292,2),(160,70),(275,89),(290,7),(73,97),(328,57),
341:(43,75),(54,113),(320,109),(65,74),(182,103),(225,41),(20,8),(335,41),(87,93),(36,87),(26,23),(286,109),(14,143),(181,109),(292,2),(160,70),(275,89),(290,7),(73,97),(328,56),
342:(43,76),(54,113),(320,110),(65,74),(182,103),(225,41),(20,8),(335,41),(87,93),(36,87),(26,23),(286,109),(14,143),(181,109),(292,2),(160,70),(275,89),(290,7),(73,97),(328,55),
343:(43,77),(54,113),(320,111),(65,74),(182,103),(225,41),(20,8),(335,41),(87,93),(36,87),(26,23),(286,109),(14,143),(181,109),(292,2),(160,70),(275,89),(290,7),(73,97),(328,54),
344:(43,78),(54,113),(320,112),(65,74),(182,103),(225,41),(20,8),(335,41),(87,93),(36,87),(26,23),(286,109),(14,143),(181,109),(292,2),(160,70),(275,89),(290,7),(73,97),(328,53),
345:(43,79),(54,113),(320,113),(65,74),(182,103),(225,41),(20,8),(335,41),(87,93),(36,87),(26,23),(286,109),(14,143),(181,109),(292,2),(160,70),(275,89),(290,7),(73,97),(328,52),
346:(43,80),(54,113),(320,114),(65,74),(182,103),(225,41),(20,8),(335,41),(87,93),(36,87),(26,23),(286,109),(14,143),(181,109),(292,2),(160,70),(275,89),(290,7),(73,97),(328,51),
347:(43,81),(54,113),(320,115),(65,74),(182,103),(225,41),(20,8),(335,41),(87,93),(36,87),(26,23),(286,109),(14,143),(181,109),(292,2),(160,70),(275,89),(290,7),(73,97),(328,50),
348:(43,82),(54,113),(320,116),(65,74),(182,103),(225,41),(20,8),(335,41),(87,93),(36,87),(26,23),(286,109),(14,143),(181,109),(292,2),(160,70),(275,89),(290,7),(73,97),(328,49),
349:(43,83),(54,113),(320,117),(65,74),(182,103),(225,41),(20,8),(335,41),(87,93),(36,87),(26,23),(286,109),(14,143),(181,109),(292,2),(160,70),(275,89),(290,7),(73,97),(328,48),
350:(43,84),(54,113),(320,118),(65,74),(182,103),(225,41),(20,8),(335,41),(87,93),(36,87),(26,23),(286,109),(14,143),(181,109),(292,2),(160,70),(275,89),(290,7),(73,97),(328,47),
351:(43,85),(54,113),(320,119),(65,74),(182,103),(225,41),(20,8),(335,41),(87,93),(36,87),(26,23),(286,109),(14,143),(181,109),(292,2),(160,70),(275,89),(290,7),(73,97),(328,46),
352:(43,86),(54,113),(320,120),(65,74),(182,103),(225,41),(20,8),(335,41),(87,93),(36,87),(26,23),(286,109),(14,143),(181,109),(292,2),(160,70),(275,89),(290,7),(73,97),(328,45),
353:(43,87),(54,113),(320,121),(65,74),(182,103),(225,41),(20,8),(335,41),(87,93),(36,87),(26,23),(286,109),(14,143),(181,109),(292,2),(160,70),(275,89),(290,7),(73,97),(328,44),
354:(43,88),(54,113),(320,122),(65,74),(182,103),(225,41),(20,8),(335,41),(87,93),(36,87),(26,23),(286,109),(14,143),(181,109),(292,2),(160,70),(275,89),(290,7),(73,97),(328,43),
355:(43,89),(54,113),(320,123),(65,74),(182,103),(225,41),(20,8),(335,41),(87,93),(36,87),(26,23),(286,109),(14,143),(181,109),(292,2),(160,70),(275,89),(290,7),(73,97),(328,42),
356:(43,89),(54,113),(320,124),(65,74),(182,103),(225,41),(20,8),(335,41),(87,93),(36,87),(26,23),(286,109),(14,143),(181,109),(292,2),(160,70),(275,89),(290,7),(73,97),(328,41),
357:(43,89),(54,113),(320,125),(65,74),(182,103),(225,41),(20,8),(335,41),(87,93),(36,87),(26,23),(286,109),(14,143),(181,109),(292,2),(160,70),(275,89),(290,7),(73,97),(328,40),
358:(43,89),(54,113),(320,126),(65,74),(182,103),(225,41),(20,8),(335,41),(87,93),(36,87),(26,23),(286,109),(14,143),(181,109),(292,2),(160,70),(275,89),(290,7),(73,97),(328,39),
359:(43,89),(54,113),(320,127),(65,74),(182,103),(225,41),(20,8),(335,41),(87,93),(36,87),(26,23),(286,109),(14,143),(181,109),(292,2),(160,70),(275,89),(290,7),(73,97),(328,38),
360:(43,89),(54,113),(320,128),(65,74),(182,103),(225,41),(20,8),(335,41),(87,93),(36,87),(26,23),(286,109),(14,143),(181,109),(292,2),(160,70),(275,89),(290,7),(73,97),(328,37),
361:(43,89),(54,113),(320,129),(65,74),(182,103),(225,41),(20,8),(335,41),(87,93),(36,87),(26,23),(286,109),(14,143),(181,109),(292,2),(160,70),(275,89),(290,7),(73,97),(328,36),
362:(43,89),(54,113),(320,130),(65,74),(182,103),(225,41),(20,8),(335,41),(87,93),(36,87),(26,23),(286,109),(14,143),(181,109),(292,2),(160,70),(275,89),(290,7),(73,97),(328,35),
363:(43,89),(54,113),(320,131),(65,74),(182,103),(225,41),(20,8),(335,41),(87,93),(36,87),(26,23),(286,109),(14,143),(181,109),(292,2),(160,70),(275,89),(290,7),(73,97),(328,34),
364:(43,89),(54,113),(320,132),(65,74),(182,103),(225,41),(20,8),(335,41),(87,93),(36,87),(26,23),(286,109),(14,143),(181,109),(292,2),(160,70),(275,89),(290,7),(73,97),(328,33),
365:(43,89),(54,113),(320,133),(65,74),(182,103),(225,41),(20,8),(335,41),(87,93),(36,87),(26,23),(286,109),(14,143),(181,109),(292,2),(160,70),(275,89),(290,7),(73,97),(328,32),
366:(43,89),(54,113),(320,134),(65,74),(182,103),(225,41),(20,8),(335,41),(87,93),(36,87),(26,23),(286,109),(14,143),(181,109),(292,2),(160,70),(275,89),(290,7),(73,97),(328,31),
367:(43,89),(54,113),(320,135),(65,74),(182,103),(225,41),(20,8),(335,41),(87,93),(36,87),(26,23),(286,109),(14,143),(181,109),(292,2),(160,70),(275,89),(290,7),(73,97),(328,30),
368:(43,89),(54,113),(320,136),(65,74),(182,103),(225,41),(20,8),(335,41),(87,93),(36,87),(26,23),(286,109),(14,143),(181,109),(292,2),(160,70),(275,89),(290,7),(73,97),(328,30),
369:(43,89),(54,113),(320,137),(65,74),(182,103),(225,41),(20,8),(335,41),(87,93),(36,87),(26,23),(286,109),(14,143),(181,109),(292,2),(160,70),(275,89),(290,7),(73,97),(328,30),
370:(43,89),(54,113),(320,138),(65,74),(182,103),(225,41),(20,8),(335,41),(87,93),(36,87),(26,23),(286,109),(14,143),(181,109),(292,2),(160,70),(275,89),(290,7),(73,97),(328,30),
371:(43,89),(54,113),(320,139),(65,74),(182,103),(225,41),(20,8),(335,41),(87,93),(36,87),(26,23),(286,109),(14,143),(181,109),(292,2),(160,70),(275,89),(290,7),(73,97),(328,30),
372:(43,89),(54,113),(320,140),(65,74),(182,103),(225,41),(20,8),(335,41),(87,93),(36,87),(26,23),(286,109),(14,143),(181,109),(292,2),(160,70),(275,89),(290,7),(73,97),(328,30),
373:(43,89),(54,113),(320,141),(65,74),(182,103),(225,41),(20,8),(335,41),(87,93),(36,87),(26,23),(286,109),(14,143),(181,109),(292,2),(160,70),(275,89),(290,7),(73,97),(328,30),
