instance=temp_instance.txt
agents=20
map_file=warehouse-20-40-10-2-2.map
solver=PIBTOLD
solved=1
soc=3792
lb_soc=3787
makespan=343
lb_makespan=343
comp_time=14
preprocessing_comp_time=13
starts=(289,23),(309,112),(297,36),(256,138),(324,19),(203,81),(121,31),(32,74),(145,33),(331,68),(72,38),(308,134),(173,154),(302,118),(259,129),(49,78),(162,1),(320,143),(325,110),(16,51),
goals=(314,147),(48,70),(266,157),(164,146),(126,102),(279,22),(307,80),(111,145),(65,141),(97,140),(154,54),(233,45),(206,113),(321,38),(95,97),(316,150),(156,158),(258,78),(184,154),(284,126),
solution=
0:(289,23),(309,112),(297,36),(256,138),(324,19),(203,81),(121,31),(32,74),(145,33),(331,68),(72,38),(308,134),(173,154),(302,118),(259,129),(49,78),(162,1),(320,143),(325,110),(16,51),
1:(289,24),(308,112),(296,36),(255,138),(323,19),(204,81),(122,31),(32,75),(144,33),(331,69),(73,38),(308,133),(174,154),(302,117),(258,129),(49,79),(162,2),(320,142),(324,110),(17,51),
2:(290,24),(307,112),(296,37),(254,138),(323,20),(205,81),(122,32),(32,76),(143,33),(330,69),(74,38),(307,133),(175,154),(302,116),(257,129),(49,80),(161,2),(320,141),(324,111),(18,51),
3:(290,25),(306,112),(295,37),(253,138),(323,21),(206,81),(122,33),(32,77),(142,33),(329,69),(74,39),(306,133),(175,153),(302,115),(256,129),(49,81),(160,2),(319,141),(323,111),(18,52),
4:(290,26),(305,112),(295,38),(252,138),(322,21),(206,80),(123,33),(33,77),(141,33),(328,69),(74,40),(306,132),(176,153),(303,115),(255,129),(49,82),(159,2),(318,141),(323,112),(18,53),
5:(290,27),(304,112),(294,38),(251,138),(321,21),(206,79),(124,33),(33,78),(141,34),(328,70),(74,41),(305,132),(177,153),(303,114),(254,129),(49,83),(158,2),(317,141),(322,112),(18,54),
6:(290,28),(304,111),(294,39),(250,138),(320,21),(206,78),(124,34),(33,79),(140,34),(328,71),(75,41),(304,132),(178,153),(304,114),(254,128),(49,84),(157,2),(316,141),(322,113),(18,55),
7:(290,29),(304,110),(294,40),(249,138),(319,21),(207,78),(125,34),(34,79),(139,34),(327,71),(75,42),(304,131),(179,153),(305,114),(253,128),(49,85),(157,3),(315,141),(322,114),(19,55),
8:(290,30),(303,110),(293,40),(248,138),(319,22),(207,77),(126,34),(35,79),(138,34),(327,72),(76,42),(303,131),(180,153),(305,113),(253,127),(49,86),(157,4),(314,141),(321,114),(20,55),
9:(291,30),(303,109),(293,41),(247,138),(319,23),(208,77),(127,34),(35,80),(137,34),(326,72),(77,42),(303,130),(181,153),(306,113),(253,126),(50,86),(157,5),(314,140),(320,114),(21,55),
10:(291,31),(302,109),(292,41),(246,138),(318,23),(209,77),(128,34),(35,81),(136,34),(325,72),(78,42),(302,130),(181,152),(306,112),(252,126),(50,87),(157,6),(313,140),(320,115),(21,56),
11:(291,32),(301,109),(291,41),(245,138),(317,23),(210,77),(129,34),(35,82),(135,34),(325,73),(79,42),(302,129),(182,152),(306,111),(251,126),(50,88),(157,7),(313,139),(319,115),(22,56),
12:(291,33),(301,108),(291,42),(244,138),(316,23),(211,77),(130,34),(36,82),(134,34),(324,73),(80,42),(302,128),(182,151),(307,111),(251,125),(50,89),(157,8),(312,139),(319,116),(23,56),
13:(292,33),(301,107),(290,42),(243,138),(316,24),(212,77),(131,34),(36,83),(133,34),(323,73),(81,42),(302,127),(182,150),(307,110),(250,125),(51,89),(157,9),(312,138),(319,117),(24,56),
14:(293,33),(301,106),(289,42),(242,138),(316,25),(213,77),(132,34),(37,83),(133,35),(322,73),(82,42),(302,126),(183,150),(307,109),(249,125),(52,89),(157,10),(312,137),(318,117),(25,56),
15:(293,34),(301,105),(288,42),(241,138),(316,26),(214,77),(133,34),(38,83),(133,36),(321,73),(83,42),(301,126),(183,149),(307,108),(248,125),(52,90),(157,11),(312,136),(317,117),(26,56),
16:(293,35),(301,104),(287,42),(241,139),(315,26),(215,77),(133,35),(38,84),(133,37),(321,74),(84,42),(301,125),(184,149),(308,108),(247,125),(53,90),(157,12),(311,136),(316,117),(26,57),
17:(293,36),(301,103),(286,42),(241,140),(314,26),(216,77),(133,36),(38,85),(132,37),(321,75),(85,42),(300,125),(185,149),(308,107),(246,125),(54,90),(157,13),(310,136),(315,117),(27,57),
18:(294,36),(300,103),(285,42),(241,141),(314,27),(217,77),(133,37),(39,85),(131,37),(320,75),(86,42),(300,124),(186,149),(308,106),(245,125),(55,90),(157,14),(309,136),(315,118),(28,57),
19:(294,37),(299,103),(284,42),(240,141),(314,28),(217,76),(134,37),(40,85),(131,38),(319,75),(87,42),(299,124),(187,149),(308,105),(244,125),(56,90),(157,15),(308,136),(314,118),(28,58),
20:(295,37),(298,103),(283,42),(239,141),(314,29),(218,76),(135,37),(41,85),(130,38),(318,75),(88,42),(298,124),(188,149),(309,105),(243,125),(57,90),(157,16),(307,136),(313,118),(29,58),
21:(296,37),(298,102),(282,42),(238,141),(314,30),(218,75),(135,38),(41,86),(129,38),(317,75),(89,42),(298,123),(189,149),(309,104),(242,125),(58,90),(157,17),(306,136),(312,118),(30,58),
22:(296,38),(298,101),(281,42),(238,142),(314,31),(218,74),(136,38),(41,87),(128,38),(316,75),(90,42),(297,123),(190,149),(309,103),(241,125),(59,90),(157,18),(306,135),(311,118),(31,58),
23:(296,39),(297,101),(280,42),(237,142),(314,32),(219,74),(137,38),(41,88),(127,38),(316,76),(91,42),(296,123),(191,149),(309,102),(240,125),(60,90),(157,19),(305,135),(311,119),(31,59),
24:(297,39),(296,101),(279,42),(236,142),(314,33),(220,74),(138,38),(42,88),(126,38),(315,76),(92,42),(296,122),(192,149),(309,101),(239,125),(61,90),(157,20),(305,134),(311,120),(31,60),
25:(298,39),(295,101),(278,42),(235,142),(313,33),(221,74),(139,38),(42,89),(125,38),(314,76),(93,42),(295,122),(193,149),(310,101),(238,125),(62,90),(157,21),(304,134),(311,121),(31,61),
26:(299,39),(294,101),(277,42),(234,142),(313,34),(222,74),(140,38),(43,89),(124,38),(313,76),(94,42),(294,122),(193,148),(310,100),(237,125),(62,91),(157,22),(304,133),(311,122),(31,62),
27:(300,39),(294,100),(277,43),(233,142),(313,35),(223,74),(141,38),(44,89),(123,38),(312,76),(95,42),(293,122),(194,148),(310,99),(236,125),(62,92),(157,23),(304,132),(311,123),(32,62),
28:(300,40),(294,99),(277,44),(232,142),(312,35),(223,73),(142,38),(45,89),(122,38),(312,77),(96,42),(292,122),(194,147),(311,99),(235,125),(62,93),(157,24),(303,132),(310,123),(33,62),
29:(300,41),(294,98),(277,45),(231,142),(312,36),(224,73),(143,38),(46,89),(121,38),(312,78),(97,42),(291,122),(194,146),(311,98),(234,125),(62,94),(157,25),(303,131),(309,123),(33,63),
30:(301,41),(293,98),(276,45),(230,142),(311,36),(225,73),(144,38),(47,89),(120,38),(312,79),(98,42),(290,122),(195,146),(311,97),(233,125),(62,95),(157,26),(303,130),(308,123),(34,63),
31:(301,42),(292,98),(275,45),(230,143),(311,37),(226,73),(145,38),(48,89),(119,38),(312,80),(98,43),(290,121),(196,146),(311,96),(232,125),(62,96),(157,27),(303,129),(308,124),(35,63),
32:(301,43),(292,97),(275,46),(230,144),(310,37),(227,73),(146,38),(49,89),(118,38),(312,81),(98,44),(289,121),(196,145),(312,96),(231,125),(62,97),(157,28),(302,129),(308,125),(35,64),
33:(302,43),(291,97),(274,46),(229,144),(310,38),(228,73),(146,39),(50,89),(117,38),(312,82),(98,45),(289,120),(197,145),(313,96),(230,125),(62,98),(157,29),(302,128),(307,125),(35,65),
34:(302,44),(290,97),(273,46),(229,145),(309,38),(229,73),(146,40),(50,90),(116,38),(311,82),(98,46),(289,119),(198,145),(314,96),(229,125),(62,99),(157,30),(302,127),(307,126),(35,66),
35:(302,45),(289,97),(272,46),(228,145),(309,39),(230,73),(146,41),(51,90),(115,38),(311,83),(99,46),(289,118),(199,145),(315,96),(229,124),(62,100),(157,31),(301,127),(307,127),(35,67),
36:(302,46),(289,96),(271,46),(227,145),(308,39),(231,73),(147,41),(52,90),(114,38),(310,83),(100,46),(289,117),(200,145),(316,96),(229,123),(62,101),(157,32),(300,127),(307,128),(36,67),
37:(302,47),(289,95),(270,46),(226,145),(307,39),(232,73),(148,41),(53,90),(113,38),(310,84),(101,46),(289,116),(201,145),(317,96),(229,122),(62,102),(157,33),(300,126),(306,128),(36,68),
38:(302,48),(289,94),(269,46),(225,145),(307,40),(233,73),(149,41),(54,90),(112,38),(310,85),(102,46),(289,115),(202,145),(318,96),(229,121),(62,103),(157,34),(299,126),(306,129),(36,69),
39:(302,49),(289,93),(268,46),(224,145),(307,41),(234,73),(150,41),(55,90),(111,38),(309,85),(103,46),(289,114),(203,145),(319,96),(229,120),(62,104),(157,35),(298,126),(305,129),(37,69),
40:(303,49),(289,92),(267,46),(223,145),(307,42),(235,73),(150,42),(56,90),(110,38),(309,86),(104,46),(289,113),(204,145),(320,96),(229,119),(62,105),(157,36),(298,125),(304,129),(38,69),
41:(304,49),(289,91),(266,46),(223,146),(307,43),(236,73),(151,42),(57,90),(109,38),(309,87),(105,46),(289,112),(205,145),(321,96),(229,118),(63,105),(157,37),(298,124),(304,130),(38,70),
42:(305,49),(289,90),(266,47),(222,146),(307,44),(237,73),(152,42),(58,90),(109,39),(308,87),(106,46),(289,111),(206,145),(321,95),(228,118),(63,106),(157,38),(297,124),(304,131),(38,71),
43:(306,49),(289,89),(266,48),(221,146),(307,45),(238,73),(153,42),(59,90),(109,40),(307,87),(107,46),(289,110),(206,144),(321,94),(228,117),(64,106),(157,39),(296,124),(303,131),(38,72),
44:(306,50),(288,89),(266,49),(220,146),(306,45),(239,73),(154,42),(60,90),(109,41),(306,87),(108,46),(289,109),(206,143),(321,93),(227,117),(65,106),(157,40),(295,124),(302,131),(39,72),
45:(306,51),(287,89),(266,50),(219,146),(306,46),(240,73),(155,42),(61,90),(109,42),(305,87),(109,46),(288,109),(206,142),(321,92),(226,117),(66,106),(157,41),(294,124),(301,131),(40,72),
46:(307,51),(286,89),(266,51),(218,146),(306,47),(241,73),(156,42),(61,91),(109,43),(305,88),(109,47),(287,109),(206,141),(321,91),(225,117),(67,106),(157,42),(294,123),(301,132),(40,73),
47:(307,52),(285,89),(266,52),(217,146),(305,47),(242,73),(157,42),(62,91),(109,44),(305,89),(110,47),(286,109),(206,140),(321,90),(224,117),(68,106),(157,43),(294,122),(300,132),(40,74),
48:(308,52),(284,89),(266,53),(216,146),(304,47),(243,73),(158,42),(62,92),(109,45),(304,89),(110,48),(285,109),(206,139),(321,89),(223,117),(69,106),(157,44),(294,121),(300,133),(41,74),
49:(309,52),(283,89),(266,54),(215,146),(304,48),(244,73),(159,42),(62,93),(109,46),(304,90),(110,49),(284,109),(206,138),(321,88),(222,117),(70,106),(157,45),(293,121),(299,133),(41,75),
50:(310,52),(282,89),(266,55),(214,146),(303,48),(245,73),(160,42),(62,94),(109,47),(304,91),(110,50),(283,109),(206,137),(321,87),(221,117),(71,106),(157,46),(292,121),(298,133),(41,76),
51:(310,53),(281,89),(266,56),(213,146),(302,48),(246,73),(161,42),(63,94),(109,48),(304,92),(111,50),(282,109),(206,136),(321,86),(220,117),(72,106),(157,47),(292,120),(298,134),(42,76),
52:(310,54),(280,89),(266,57),(212,146),(301,48),(247,73),(162,42),(64,94),(109,49),(303,92),(112,50),(281,109),(206,135),(321,85),(219,117),(73,106),(157,48),(291,120),(298,135),(43,76),
53:(311,54),(279,89),(266,58),(211,146),(301,49),(248,73),(163,42),(65,94),(109,50),(302,92),(113,50),(280,109),(206,134),(321,84),(218,117),(74,106),(157,49),(291,119),(297,135),(44,76),
54:(312,54),(278,89),(266,59),(210,146),(300,49),(249,73),(164,42),(66,94),(109,51),(302,93),(114,50),(279,109),(206,133),(321,83),(217,117),(75,106),(157,50),(291,118),(296,135),(45,76),
55:(312,55),(277,89),(266,60),(209,146),(300,50),(250,73),(165,42),(67,94),(109,52),(302,94),(115,50),(278,109),(206,132),(321,82),(217,116),(76,106),(157,51),(291,117),(295,135),(45,77),
56:(312,56),(276,89),(266,61),(208,146),(299,50),(251,73),(166,42),(68,94),(109,53),(302,95),(116,50),(277,109),(206,131),(321,81),(217,115),(77,106),(157,52),(291,116),(295,136),(45,78),
57:(312,57),(275,89),(266,62),(207,146),(299,51),(252,73),(167,42),(69,94),(109,54),(301,95),(117,50),(276,109),(206,130),(321,80),(217,114),(78,106),(157,53),(291,115),(295,137),(45,79),
58:(313,57),(274,89),(266,63),(206,146),(299,52),(253,73),(168,42),(70,94),(108,54),(300,95),(118,50),(275,109),(206,129),(321,79),(216,114),(79,106),(157,54),(291,114),(294,137),(45,80),
59:(313,58),(273,89),(266,64),(205,146),(298,52),(254,73),(169,42),(71,94),(107,54),(300,96),(119,50),(274,109),(206,128),(321,78),(215,114),(80,106),(157,55),(291,113),(293,137),(46,80),
60:(313,59),(272,89),(266,65),(204,146),(298,53),(255,73),(170,42),(72,94),(106,54),(300,97),(120,50),(273,109),(206,127),(321,77),(214,114),(81,106),(157,56),(291,112),(292,137),(47,80),
61:(313,60),(271,89),(266,66),(203,146),(298,54),(256,73),(171,42),(73,94),(105,54),(299,97),(121,50),(272,109),(206,126),(321,76),(214,113),(82,106),(157,57),(291,111),(291,137),(47,81),
62:(313,61),(270,89),(266,67),(202,146),(297,54),(257,73),(172,42),(74,94),(104,54),(299,98),(122,50),(271,109),(206,125),(321,75),(213,113),(83,106),(157,58),(290,111),(290,137),(48,81),
63:(313,62),(269,89),(266,68),(201,146),(296,54),(258,73),(173,42),(74,95),(103,54),(299,99),(123,50),(270,109),(206,124),(321,74),(212,113),(84,106),(157,59),(289,111),(289,137),(49,81),
64:(313,63),(268,89),(266,69),(200,146),(296,55),(259,73),(174,42),(74,96),(102,54),(299,100),(124,50),(269,109),(206,123),(321,73),(211,113),(85,106),(157,60),(289,110),(288,137),(50,81),
65:(314,63),(267,89),(266,70),(199,146),(295,55),(260,73),(175,42),(74,97),(101,54),(298,100),(125,50),(268,109),(206,122),(321,72),(210,113),(85,107),(157,61),(288,110),(287,137),(50,82),
66:(314,64),(266,89),(266,71),(198,146),(294,55),(261,73),(176,42),(74,98),(100,54),(298,101),(126,50),(267,109),(206,121),(321,71),(209,113),(85,108),(157,62),(288,109),(286,137),(50,83),
67:(314,65),(266,88),(266,72),(197,146),(293,55),(262,73),(177,42),(74,99),(99,54),(297,101),(127,50),(266,109),(206,120),(321,70),(208,113),(85,109),(157,63),(287,109),(286,138),(50,84),
68:(314,66),(266,87),(266,73),(196,146),(293,56),(263,73),(178,42),(74,100),(98,54),(297,102),(128,50),(266,108),(206,119),(321,69),(207,113),(86,109),(157,64),(286,109),(285,138),(50,85),
69:(314,67),(266,86),(266,74),(195,146),(293,57),(264,73),(179,42),(74,101),(98,55),(296,102),(129,50),(265,108),(206,118),(321,68),(206,113),(87,109),(157,65),(285,109),(284,138),(50,86),
70:(314,68),(266,85),(266,75),(194,146),(293,58),(265,73),(180,42),(75,101),(97,55),(296,103),(130,50),(265,107),(206,117),(321,67),(205,113),(88,109),(157,66),(284,109),(283,138),(50,87),
71:(314,69),(266,84),(266,76),(193,146),(293,59),(266,73),(181,42),(76,101),(97,56),(295,103),(131,50),(265,106),(206,116),(321,66),(205,112),(88,110),(157,67),(283,109),(282,138),(50,88),
72:(314,70),(265,84),(266,77),(192,146),(293,60),(267,73),(181,43),(77,101),(97,57),(295,104),(132,50),(264,106),(206,115),(321,65),(205,111),(89,110),(157,68),(282,109),(281,138),(50,89),
73:(314,71),(265,83),(266,78),(191,146),(293,61),(268,73),(182,43),(78,101),(97,58),(294,104),(133,50),(263,106),(206,114),(321,64),(205,110),(90,110),(157,69),(281,109),(280,138),(50,90),
74:(314,72),(265,82),(266,79),(190,146),(292,61),(269,73),(182,44),(78,102),(97,59),(294,105),(134,50),(263,105),(206,113),(321,63),(205,109),(91,110),(157,70),(280,109),(279,138),(51,90),
75:(314,73),(265,81),(266,80),(189,146),(291,61),(270,73),(182,45),(79,102),(97,60),(293,105),(135,50),(262,105),(206,113),(321,62),(204,109),(92,110),(157,71),(279,109),(278,138),(52,90),
76:(314,74),(264,81),(266,81),(188,146),(291,62),(271,73),(183,45),(80,102),(97,61),(293,106),(136,50),(261,105),(206,113),(321,61),(203,109),(93,110),(157,72),(278,109),(278,139),(53,90),
77:(314,75),(263,81),(266,82),(187,146),(290,62),(272,73),(183,46),(81,102),(96,61),(292,106),(137,50),(260,105),(206,113),(321,60),(202,109),(94,110),(157,73),(278,108),(278,140),(54,90),
78:(314,76),(262,81),(266,83),(186,146),(290,63),(273,73),(184,46),(82,102),(95,61),(292,107),(138,50),(259,105),(206,113),(321,59),(201,109),(95,110),(157,74),(277,108),(277,140),(55,90),
79:(314,77),(261,81),(266,84),(185,146),(289,63),(274,73),(185,46),(83,102),(95,62),(291,107),(139,50),(258,105),(206,113),(321,58),(200,109),(96,110),(157,75),(277,107),(277,141),(56,90),
80:(314,78),(260,81),(266,85),(184,146),(289,64),(275,73),(186,46),(84,102),(94,62),(290,107),(140,50),(257,105),(206,113),(321,57),(199,109),(97,110),(157,76),(277,106),(276,141),(57,90),
81:(314,79),(259,81),(266,86),(183,146),(289,65),(276,73),(187,46),(85,102),(93,62),(290,108),(141,50),(256,105),(206,113),(321,56),(198,109),(97,111),(157,77),(277,105),(276,142),(58,90),
82:(314,80),(258,81),(266,87),(182,146),(288,65),(277,73),(188,46),(85,103),(92,62),(290,109),(142,50),(255,105),(206,113),(321,55),(197,109),(98,111),(157,78),(277,104),(275,142),(59,90),
83:(314,81),(257,81),(266,88),(181,146),(288,66),(277,72),(189,46),(85,104),(91,62),(289,109),(143,50),(254,105),(206,113),(321,54),(196,109),(98,112),(157,79),(277,103),(274,142),(60,90),
84:(314,82),(256,81),(266,89),(180,146),(287,66),(277,71),(190,46),(85,105),(90,62),(288,109),(144,50),(254,104),(206,113),(321,53),(195,109),(98,113),(157,80),(277,102),(273,142),(61,90),
85:(314,83),(255,81),(266,90),(179,146),(286,66),(278,71),(191,46),(85,106),(89,62),(288,110),(145,50),(253,104),(206,113),(321,52),(194,109),(98,114),(157,81),(277,101),(272,142),(61,91),
86:(314,84),(254,81),(266,91),(178,146),(285,66),(278,70),(192,46),(86,106),(88,62),(287,110),(146,50),(253,103),(206,113),(321,51),(194,108),(98,115),(157,82),(277,100),(271,142),(61,92),
87:(314,85),(254,80),(266,92),(177,146),(284,66),(278,69),(193,46),(86,107),(87,62),(286,110),(146,51),(253,102),(206,113),(321,50),(193,108),(98,116),(157,83),(277,99),(270,142),(61,93),
88:(314,86),(253,80),(266,93),(176,146),(283,66),(278,68),(193,47),(86,108),(86,62),(285,110),(146,52),(252,102),(206,113),(321,49),(193,107),(98,117),(157,84),(277,98),(269,142),(62,93),
89:(314,87),(253,79),(266,94),(175,146),(282,66),(278,67),(194,47),(86,109),(86,63),(284,110),(146,53),(251,102),(206,113),(321,48),(193,106),(98,118),(157,85),(277,97),(268,142),(63,93),
90:(314,88),(253,78),(266,95),(174,146),(281,66),(278,66),(194,48),(87,109),(85,63),(283,110),(146,54),(250,102),(206,113),(321,47),(192,106),(98,119),(157,86),(276,97),(267,142),(64,93),
91:(314,89),(253,77),(266,96),(173,146),(280,66),(278,65),(194,49),(87,110),(85,64),(282,110),(147,54),(249,102),(206,113),(321,46),(191,106),(98,120),(157,87),(275,97),(266,142),(65,93),
92:(314,90),(252,77),(266,97),(172,146),(279,66),(278,64),(194,50),(88,110),(85,65),(281,110),(148,54),(248,102),(206,113),(321,45),(191,105),(98,121),(157,88),(274,97),(266,143),(65,94),
93:(314,91),(251,77),(266,98),(171,146),(278,66),(278,63),(195,50),(89,110),(85,66),(280,110),(149,54),(248,101),(206,113),(321,44),(190,105),(98,122),(157,89),(273,97),(266,144),(66,94),
94:(314,92),(250,77),(266,99),(170,146),(277,66),(278,62),(196,50),(90,110),(84,66),(279,110),(150,54),(247,101),(206,113),(321,43),(189,105),(99,122),(157,90),(272,97),(266,145),(67,94),
95:(314,93),(249,77),(266,100),(169,146),(276,66),(278,61),(197,50),(91,110),(83,66),(278,110),(151,54),(246,101),(206,113),(321,42),(188,105),(100,122),(157,91),(271,97),(266,146),(68,94),
96:(314,94),(248,77),(266,101),(168,146),(275,66),(278,60),(198,50),(92,110),(82,66),(278,111),(152,54),(245,101),(206,113),(321,41),(187,105),(101,122),(157,92),(270,97),(266,147),(69,94),
97:(314,95),(247,77),(266,102),(167,146),(274,66),(278,59),(199,50),(93,110),(81,66),(277,111),(153,54),(244,101),(206,113),(321,40),(186,105),(102,122),(157,93),(269,97),(265,147),(70,94),
98:(314,96),(246,77),(266,103),(166,146),(273,66),(278,58),(200,50),(94,110),(80,66),(277,112),(154,54),(243,101),(206,113),(321,39),(185,105),(103,122),(157,94),(268,97),(265,148),(71,94),
99:(314,97),(245,77),(266,104),(165,146),(272,66),(278,57),(201,50),(95,110),(79,66),(277,113),(154,54),(242,101),(206,113),(321,38),(184,105),(104,122),(157,95),(267,97),(265,149),(72,94),
100:(314,98),(244,77),(266,105),(164,146),(271,66),(278,56),(202,50),(96,110),(78,66),(276,113),(154,54),(242,100),(206,113),(321,38),(183,105),(105,122),(157,96),(266,97),(265,150),(73,94),
101:(314,99),(243,77),(266,106),(164,146),(270,66),(278,55),(203,50),(97,110),(77,66),(276,114),(154,54),(241,100),(206,113),(321,38),(182,105),(106,122),(157,97),(266,96),(265,151),(74,94),
102:(314,100),(242,77),(266,107),(164,146),(269,66),(278,54),(204,50),(98,110),(76,66),(275,114),(154,54),(241,99),(206,113),(321,38),(182,104),(107,122),(157,98),(266,95),(265,152),(74,95),
103:(314,101),(241,77),(266,108),(164,146),(268,66),(278,53),(205,50),(99,110),(75,66),(274,114),(154,54),(241,98),(206,113),(321,38),(182,103),(108,122),(157,99),(266,94),(265,153),(74,96),
104:(314,102),(241,76),(266,109),(164,146),(267,66),(278,52),(205,51),(100,110),(74,66),(273,114),(154,54),(241,97),(206,113),(321,38),(182,102),(109,122),(157,100),(265,94),(265,154),(74,97),
105:(314,103),(241,75),(266,110),(164,146),(266,66),(278,51),(206,51),(101,110),(74,67),(272,114),(154,54),(241,96),(206,113),(321,38),(181,102),(110,122),(157,101),(265,93),(264,154),(74,98),
106:(314,104),(241,74),(266,111),(164,146),(266,67),(278,50),(206,52),(102,110),(74,68),(271,114),(154,54),(241,95),(206,113),(321,38),(181,101),(111,122),(157,102),(265,92),(263,154),(75,98),
107:(314,105),(241,73),(266,112),(164,146),(266,68),(278,49),(206,53),(103,110),(73,68),(270,114),(154,54),(241,94),(206,113),(321,38),(180,101),(112,122),(157,103),(265,91),(262,154),(76,98),
108:(314,106),(241,72),(266,113),(164,146),(266,69),(278,48),(207,53),(104,110),(73,69),(269,114),(154,54),(241,93),(206,113),(321,38),(179,101),(113,122),(157,104),(265,90),(261,154),(77,98),
109:(314,107),(241,71),(266,114),(164,146),(265,69),(278,47),(208,53),(105,110),(73,70),(268,114),(154,54),(241,92),(206,113),(321,38),(178,101),(114,122),(157,105),(265,89),(260,154),(78,98),
110:(314,108),(241,70),(266,115),(164,146),(265,70),(278,46),(209,53),(106,110),(73,71),(267,114),(154,54),(241,91),(206,113),(321,38),(177,101),(115,122),(157,106),(265,88),(259,154),(79,98),
111:(314,109),(240,70),(266,116),(164,146),(265,71),(278,45),(209,54),(107,110),(73,72),(266,114),(154,54),(241,90),(206,113),(321,38),(176,101),(116,122),(157,107),(265,87),(258,154),(80,98),
112:(314,110),(239,70),(266,117),(164,146),(265,72),(278,44),(210,54),(108,110),(73,73),(266,115),(154,54),(241,89),(206,113),(321,38),(175,101),(117,122),(157,108),(265,86),(257,154),(81,98),
113:(314,111),(238,70),(266,118),(164,146),(265,73),(278,43),(211,54),(109,110),(73,74),(266,116),(154,54),(241,88),(206,113),(321,38),(174,101),(118,122),(157,109),(265,85),(256,154),(82,98),
114:(314,112),(237,70),(266,119),(164,146),(265,74),(278,42),(212,54),(110,110),(73,75),(266,117),(154,54),(241,87),(206,113),(321,38),(173,101),(119,122),(157,110),(265,84),(255,154),(83,98),
115:(314,113),(236,70),(266,120),(164,146),(265,75),(278,41),(213,54),(110,111),(73,76),(265,117),(154,54),(241,86),(206,113),(321,38),(172,101),(120,122),(157,111),(265,83),(254,154),(84,98),
116:(314,114),(235,70),(266,121),(164,146),(265,76),(278,40),(214,54),(110,112),(73,77),(265,118),(154,54),(241,85),(206,113),(321,38),(171,101),(121,122),(157,112),(265,82),(253,154),(85,98),
117:(314,115),(234,70),(266,122),(164,146),(265,77),(278,39),(215,54),(110,113),(73,78),(265,119),(154,54),(241,84),(206,113),(321,38),(170,101),(122,122),(157,113),(265,81),(252,154),(86,98),
118:(314,116),(233,70),(266,123),(164,146),(265,78),(278,38),(216,54),(110,114),(73,79),(265,120),(154,54),(241,83),(206,113),(321,38),(169,101),(123,122),(157,114),(265,80),(251,154),(87,98),
119:(314,117),(232,70),(266,124),(164,146),(265,79),(278,37),(217,54),(110,115),(73,80),(265,121),(154,54),(241,82),(206,113),(321,38),(169,100),(124,122),(157,115),(265,80),(250,154),(88,98),
120:(314,118),(231,70),(266,125),(164,146),(265,80),(278,36),(218,54),(110,116),(73,81),(264,121),(154,54),(241,81),(206,113),(321,38),(169,99),(125,122),(157,116),(265,81),(249,154),(89,98),
121:(314,119),(230,70),(266,126),(164,146),(265,81),(278,35),(218,55),(110,117),(73,82),(263,121),(154,54),(241,80),(206,113),(321,38),(169,98),(126,122),(157,117),(265,82),(248,154),(90,98),
122:(314,120),(229,70),(266,127),(164,146),(264,81),(278,34),(218,56),(110,118),(73,83),(263,122),(154,54),(241,79),(206,113),(321,38),(168,98),(127,122),(157,118),(265,81),(247,154),(91,98),
123:(314,121),(228,70),(266,128),(164,146),(263,81),(278,33),(218,57),(110,119),(73,84),(262,122),(154,54),(241,78),(206,113),(321,38),(168,97),(128,122),(157,119),(265,80),(246,154),(92,98),
124:(314,122),(227,70),(266,129),(164,146),(262,81),(278,32),(219,57),(110,120),(73,85),(261,122),(154,54),(241,77),(206,113),(321,38),(167,97),(129,122),(157,120),(265,79),(245,154),(93,98),
125:(314,123),(226,70),(266,130),(164,146),(262,82),(278,31),(219,58),(110,121),(73,86),(260,122),(154,54),(241,76),(206,113),(321,38),(166,97),(130,122),(157,121),(265,78),(244,154),(94,98),
126:(314,124),(225,70),(266,131),(164,146),(261,82),(278,30),(220,58),(110,122),(73,87),(259,122),(154,54),(241,75),(206,113),(321,38),(165,97),(131,122),(157,122),(264,78),(243,154),(95,98),
127:(314,125),(224,70),(266,132),(164,146),(260,82),(278,29),(221,58),(110,123),(73,88),(258,122),(154,54),(241,74),(206,113),(321,38),(164,97),(132,122),(157,123),(263,78),(242,154),(96,98),
128:(314,126),(223,70),(266,133),(164,146),(259,82),(278,28),(222,58),(110,124),(73,89),(257,122),(154,54),(241,73),(206,113),(321,38),(163,97),(133,122),(157,124),(262,78),(241,154),(97,98),
129:(314,127),(222,70),(266,134),(164,146),(258,82),(278,27),(223,58),(110,125),(73,90),(256,122),(154,54),(241,72),(206,113),(321,38),(162,97),(133,123),(157,125),(261,78),(240,154),(98,98),
130:(314,128),(221,70),(266,135),(164,146),(257,82),(278,26),(224,58),(110,126),(73,91),(255,122),(154,54),(241,71),(206,113),(321,38),(161,97),(133,124),(157,126),(260,78),(239,154),(98,99),
131:(314,129),(220,70),(266,136),(164,146),(256,82),(278,25),(225,58),(110,127),(73,92),(254,122),(154,54),(241,70),(206,113),(321,38),(160,97),(133,125),(157,127),(259,78),(238,154),(98,100),
132:(314,130),(219,70),(266,137),(164,146),(255,82),(278,24),(226,58),(110,128),(73,93),(254,123),(154,54),(241,69),(206,113),(321,38),(159,97),(133,126),(157,128),(258,78),(237,154),(98,101),
133:(314,131),(218,70),(266,138),(164,146),(254,82),(278,23),(227,58),(110,129),(73,94),(253,123),(154,54),(241,68),(206,113),(321,38),(158,97),(134,126),(157,129),(258,78),(236,154),(99,101),
134:(314,132),(217,70),(266,139),(164,146),(253,82),(278,22),(228,58),(110,130),(73,95),(253,124),(154,54),(241,67),(206,113),(321,38),(157,97),(135,126),(157,130),(258,78),(235,154),(100,101),
135:(314,133),(216,70),(266,140),(164,146),(252,82),(279,22),(229,58),(110,131),(73,96),(253,125),(154,54),(241,66),(206,113),(321,38),(156,97),(136,126),(157,131),(258,78),(234,154),(100,102),
136:(314,134),(215,70),(266,141),(164,146),(251,82),(279,22),(229,59),(110,132),(73,97),(253,126),(154,54),(241,65),(206,113),(321,38),(155,97),(137,126),(157,132),(258,78),(233,154),(101,102),
137:(314,135),(214,70),(266,142),(164,146),(250,82),(279,22),(229,60),(110,133),(73,98),(252,126),(154,54),(241,64),(206,113),(321,38),(154,97),(138,126),(157,133),(258,78),(232,154),(102,102),
138:(314,136),(213,70),(266,143),(164,146),(249,82),(279,22),(229,61),(110,134),(73,99),(251,126),(154,54),(241,63),(206,113),(321,38),(153,97),(139,126),(157,134),(258,78),(231,154),(103,102),
139:(314,137),(212,70),(266,144),(164,146),(248,82),(279,22),(229,62),(110,135),(73,100),(250,126),(154,54),(241,62),(206,113),(321,38),(152,97),(140,126),(157,135),(258,78),(230,154),(104,102),
140:(314,138),(211,70),(266,145),(164,146),(247,82),(279,22),(229,63),(110,136),(73,101),(249,126),(154,54),(241,61),(206,113),(321,38),(151,97),(141,126),(157,136),(258,78),(229,154),(105,102),
141:(314,139),(210,70),(266,146),(164,146),(246,82),(279,22),(229,64),(110,137),(73,102),(248,126),(154,54),(241,60),(206,113),(321,38),(150,97),(142,126),(157,137),(258,78),(228,154),(106,102),
142:(314,140),(209,70),(266,147),(164,146),(245,82),(279,22),(230,64),(110,138),(73,103),(247,126),(154,54),(241,59),(206,113),(321,38),(149,97),(143,126),(157,138),(258,78),(227,154),(107,102),
143:(314,141),(208,70),(266,148),(164,146),(244,82),(279,22),(230,65),(110,139),(73,104),(246,126),(154,54),(241,58),(206,113),(321,38),(148,97),(144,126),(157,139),(258,78),(226,154),(108,102),
144:(314,142),(207,70),(266,149),(164,146),(243,82),(279,22),(230,66),(110,140),(73,105),(245,126),(154,54),(241,57),(206,113),(321,38),(147,97),(145,126),(157,140),(258,78),(225,154),(109,102),
145:(314,143),(206,70),(266,150),(164,146),(242,82),(279,22),(231,66),(110,141),(73,106),(244,126),(154,54),(241,56),(206,113),(321,38),(146,97),(146,126),(157,141),(258,78),(224,154),(110,102),
146:(314,144),(205,70),(266,151),(164,146),(241,82),(279,22),(232,66),(110,142),(73,107),(243,126),(154,54),(241,55),(206,113),(321,38),(145,97),(147,126),(157,142),(258,78),(223,154),(111,102),
147:(314,145),(204,70),(266,152),(164,146),(241,83),(279,22),(233,66),(110,143),(73,108),(242,126),(154,54),(241,54),(206,113),(321,38),(144,97),(148,126),(157,143),(258,78),(222,154),(112,102),
148:(314,146),(203,70),(266,153),(164,146),(241,84),(279,22),(234,66),(110,144),(73,109),(241,126),(154,54),(241,53),(206,113),(321,38),(143,97),(149,126),(157,144),(258,78),(221,154),(113,102),
149:(314,147),(202,70),(266,154),(164,146),(241,85),(279,22),(235,66),(110,145),(73,110),(240,126),(154,54),(241,52),(206,113),(321,38),(142,97),(150,126),(157,145),(258,78),(220,154),(114,102),
150:(314,147),(201,70),(266,155),(164,146),(240,85),(279,22),(236,66),(111,145),(73,111),(239,126),(154,54),(241,51),(206,113),(321,38),(141,97),(151,126),(157,146),(258,78),(219,154),(115,102),
151:(314,147),(200,70),(266,156),(164,146),(239,85),(279,22),(237,66),(111,145),(73,112),(238,126),(154,54),(241,50),(206,113),(321,38),(140,97),(152,126),(157,147),(258,78),(218,154),(116,102),
152:(314,147),(199,70),(266,157),(164,146),(238,85),(279,22),(238,66),(111,145),(73,113),(237,126),(154,54),(241,49),(206,113),(321,38),(139,97),(153,126),(157,148),(258,78),(217,154),(117,102),
153:(314,147),(198,70),(266,157),(164,146),(237,85),(279,22),(239,66),(111,145),(73,114),(236,126),(154,54),(241,48),(206,113),(321,38),(138,97),(154,126),(157,149),(258,78),(216,154),(118,102),
154:(314,147),(197,70),(266,157),(164,146),(236,85),(279,22),(240,66),(111,145),(73,115),(235,126),(154,54),(241,47),(206,113),(321,38),(137,97),(155,126),(157,150),(258,78),(215,154),(119,102),
155:(314,147),(196,70),(266,157),(164,146),(236,86),(279,22),(241,66),(111,145),(73,116),(234,126),(154,54),(241,46),(206,113),(321,38),(136,97),(156,126),(157,151),(258,78),(214,154),(120,102),
156:(314,147),(195,70),(266,157),(164,146),(235,86),(279,22),(241,67),(111,145),(73,117),(233,126),(154,54),(241,45),(206,113),(321,38),(135,97),(157,126),(157,152),(258,78),(213,154),(121,102),
157:(314,147),(194,70),(266,157),(164,146),(234,86),(279,22),(241,68),(111,145),(73,118),(232,126),(154,54),(240,45),(206,113),(321,38),(134,97),(157,127),(157,153),(258,78),(212,154),(122,102),
158:(314,147),(193,70),(266,157),(164,146),(233,86),(279,22),(241,69),(111,145),(73,119),(231,126),(154,54),(239,45),(206,113),(321,38),(133,97),(157,128),(157,154),(258,78),(211,154),(123,102),
159:(314,147),(192,70),(266,157),(164,146),(232,86),(279,22),(242,69),(111,145),(73,120),(230,126),(154,54),(238,45),(206,113),(321,38),(132,97),(158,128),(157,155),(258,78),(210,154),(124,102),
160:(314,147),(191,70),(266,157),(164,146),(231,86),(279,22),(243,69),(111,145),(73,121),(229,126),(154,54),(237,45),(206,113),(321,38),(131,97),(158,129),(157,156),(258,78),(209,154),(125,102),
161:(314,147),(190,70),(266,157),(164,146),(230,86),(279,22),(244,69),(111,145),(73,122),(228,126),(154,54),(236,45),(206,113),(321,38),(130,97),(158,130),(157,157),(258,78),(208,154),(126,102),
162:(314,147),(189,70),(266,157),(164,146),(229,86),(279,22),(244,70),(111,145),(73,123),(227,126),(154,54),(235,45),(206,113),(321,38),(129,97),(159,130),(157,158),(258,78),(207,154),(127,102),
163:(314,147),(188,70),(266,157),(164,146),(228,86),(279,22),(245,70),(111,145),(73,124),(226,126),(154,54),(234,45),(206,113),(321,38),(128,97),(160,130),(156,158),(258,78),(206,154),(128,102),
164:(314,147),(187,70),(266,157),(164,146),(227,86),(279,22),(246,70),(111,145),(73,125),(225,126),(154,54),(233,45),(206,113),(321,38),(127,97),(161,130),(156,158),(258,78),(205,154),(129,102),
165:(314,147),(186,70),(266,157),(164,146),(226,86),(279,22),(247,70),(111,145),(73,126),(224,126),(154,54),(233,45),(206,113),(321,38),(126,97),(162,130),(156,158),(258,78),(204,154),(130,102),
166:(314,147),(185,70),(266,157),(164,146),(225,86),(279,22),(248,70),(111,145),(73,127),(223,126),(154,54),(233,45),(206,113),(321,38),(125,97),(163,130),(156,158),(258,78),(203,154),(131,102),
167:(314,147),(184,70),(266,157),(164,146),(224,86),(279,22),(249,70),(111,145),(73,128),(222,126),(154,54),(233,45),(206,113),(321,38),(124,97),(164,130),(156,158),(258,78),(202,154),(132,102),
168:(314,147),(183,70),(266,157),(164,146),(223,86),(279,22),(250,70),(111,145),(73,129),(221,126),(154,54),(233,45),(206,113),(321,38),(123,97),(165,130),(156,158),(258,78),(201,154),(133,102),
169:(314,147),(182,70),(266,157),(164,146),(222,86),(279,22),(251,70),(111,145),(73,130),(220,126),(154,54),(233,45),(206,113),(321,38),(122,97),(166,130),(156,158),(258,78),(200,154),(133,103),
170:(314,147),(181,70),(266,157),(164,146),(221,86),(279,22),(252,70),(111,145),(73,131),(219,126),(154,54),(233,45),(206,113),(321,38),(121,97),(167,130),(156,158),(258,78),(199,154),(134,103),
171:(314,147),(180,70),(266,157),(164,146),(220,86),(279,22),(253,70),(111,145),(73,132),(218,126),(154,54),(233,45),(206,113),(321,38),(120,97),(168,130),(156,158),(258,78),(198,154),(134,104),
172:(314,147),(179,70),(266,157),(164,146),(219,86),(279,22),(253,71),(111,145),(73,133),(217,126),(154,54),(233,45),(206,113),(321,38),(119,97),(169,130),(156,158),(258,78),(197,154),(134,105),
173:(314,147),(178,70),(266,157),(164,146),(218,86),(279,22),(254,71),(111,145),(73,134),(217,127),(154,54),(233,45),(206,113),(321,38),(118,97),(170,130),(156,158),(258,78),(196,154),(134,106),
174:(314,147),(177,70),(266,157),(164,146),(217,86),(279,22),(254,72),(111,145),(73,135),(217,128),(154,54),(233,45),(206,113),(321,38),(117,97),(171,130),(156,158),(258,78),(195,154),(135,106),
175:(314,147),(176,70),(266,157),(164,146),(216,86),(279,22),(254,73),(111,145),(73,136),(217,129),(154,54),(233,45),(206,113),(321,38),(116,97),(172,130),(156,158),(258,78),(194,154),(136,106),
176:(314,147),(175,70),(266,157),(164,146),(215,86),(279,22),(255,73),(111,145),(73,137),(217,130),(154,54),(233,45),(206,113),(321,38),(115,97),(173,130),(156,158),(258,78),(193,154),(137,106),
177:(314,147),(174,70),(266,157),(164,146),(214,86),(279,22),(256,73),(111,145),(73,138),(217,131),(154,54),(233,45),(206,113),(321,38),(114,97),(174,130),(156,158),(258,78),(192,154),(138,106),
178:(314,147),(173,70),(266,157),(164,146),(213,86),(279,22),(257,73),(111,145),(73,139),(217,132),(154,54),(233,45),(206,113),(321,38),(113,97),(175,130),(156,158),(258,78),(191,154),(139,106),
179:(314,147),(172,70),(266,157),(164,146),(212,86),(279,22),(257,74),(111,145),(73,140),(217,133),(154,54),(233,45),(206,113),(321,38),(112,97),(176,130),(156,158),(258,78),(190,154),(140,106),
180:(314,147),(171,70),(266,157),(164,146),(211,86),(279,22),(258,74),(111,145),(73,141),(217,134),(154,54),(233,45),(206,113),(321,38),(111,97),(177,130),(156,158),(258,78),(189,154),(141,106),
181:(314,147),(170,70),(266,157),(164,146),(210,86),(279,22),(259,74),(111,145),(72,141),(216,134),(154,54),(233,45),(206,113),(321,38),(110,97),(178,130),(156,158),(258,78),(188,154),(142,106),
182:(314,147),(169,70),(266,157),(164,146),(209,86),(279,22),(260,74),(111,145),(71,141),(215,134),(154,54),(233,45),(206,113),(321,38),(109,97),(179,130),(156,158),(258,78),(187,154),(143,106),
183:(314,147),(168,70),(266,157),(164,146),(208,86),(279,22),(261,74),(111,145),(70,141),(214,134),(154,54),(233,45),(206,113),(321,38),(108,97),(180,130),(156,158),(258,78),(186,154),(144,106),
184:(314,147),(167,70),(266,157),(164,146),(207,86),(279,22),(262,74),(111,145),(69,141),(213,134),(154,54),(233,45),(206,113),(321,38),(107,97),(181,130),(156,158),(258,78),(185,154),(145,106),
185:(314,147),(166,70),(266,157),(164,146),(206,86),(279,22),(263,74),(111,145),(68,141),(212,134),(154,54),(233,45),(206,113),(321,38),(106,97),(182,130),(156,158),(258,78),(184,154),(146,106),
186:(314,147),(165,70),(266,157),(164,146),(205,86),(279,22),(264,74),(111,145),(67,141),(211,134),(154,54),(233,45),(206,113),(321,38),(105,97),(182,131),(156,158),(258,78),(184,154),(147,106),
187:(314,147),(164,70),(266,157),(164,146),(205,87),(279,22),(265,74),(111,145),(66,141),(210,134),(154,54),(233,45),(206,113),(321,38),(104,97),(182,132),(156,158),(258,78),(184,154),(148,106),
188:(314,147),(163,70),(266,157),(164,146),(205,88),(279,22),(265,75),(111,145),(65,141),(209,134),(154,54),(233,45),(206,113),(321,38),(103,97),(182,133),(156,158),(258,78),(184,154),(149,106),
189:(314,147),(162,70),(266,157),(164,146),(205,89),(279,22),(265,76),(111,145),(65,141),(208,134),(154,54),(233,45),(206,113),(321,38),(102,97),(182,134),(156,158),(258,78),(184,154),(150,106),
190:(314,147),(161,70),(266,157),(164,146),(204,89),(279,22),(266,76),(111,145),(65,141),(207,134),(154,54),(233,45),(206,113),(321,38),(101,97),(183,134),(156,158),(258,78),(184,154),(151,106),
191:(314,147),(160,70),(266,157),(164,146),(204,90),(279,22),(266,77),(111,145),(65,141),(206,134),(154,54),(233,45),(206,113),(321,38),(100,97),(184,134),(156,158),(258,78),(184,154),(152,106),
192:(314,147),(159,70),(266,157),(164,146),(203,90),(279,22),(266,78),(111,145),(65,141),(206,135),(154,54),(233,45),(206,113),(321,38),(99,97),(185,134),(156,158),(258,78),(184,154),(153,106),
193:(314,147),(158,70),(266,157),(164,146),(202,90),(279,22),(267,78),(111,145),(65,141),(206,136),(154,54),(233,45),(206,113),(321,38),(98,97),(186,134),(156,158),(258,78),(184,154),(154,106),
194:(314,147),(157,70),(266,157),(164,146),(201,90),(279,22),(268,78),(111,145),(65,141),(205,136),(154,54),(233,45),(206,113),(321,38),(97,97),(187,134),(156,158),(258,78),(184,154),(155,106),
195:(314,147),(156,70),(266,157),(164,146),(200,90),(279,22),(269,78),(111,145),(65,141),(205,137),(154,54),(233,45),(206,113),(321,38),(96,97),(188,134),(156,158),(258,78),(184,154),(156,106),
196:(314,147),(155,70),(266,157),(164,146),(199,90),(279,22),(270,78),(111,145),(65,141),(204,137),(154,54),(233,45),(206,113),(321,38),(95,97),(189,134),(156,158),(258,78),(184,154),(157,106),
197:(314,147),(154,70),(266,157),(164,146),(198,90),(279,22),(271,78),(111,145),(65,141),(204,138),(154,54),(233,45),(206,113),(321,38),(95,97),(190,134),(156,158),(258,78),(184,154),(157,107),
198:(314,147),(153,70),(266,157),(164,146),(197,90),(279,22),(272,78),(111,145),(65,141),(203,138),(154,54),(233,45),(206,113),(321,38),(95,97),(191,134),(156,158),(258,78),(184,154),(157,108),
199:(314,147),(152,70),(266,157),(164,146),(196,90),(279,22),(273,78),(111,145),(65,141),(202,138),(154,54),(233,45),(206,113),(321,38),(95,97),(192,134),(156,158),(258,78),(184,154),(158,108),
200:(314,147),(151,70),(266,157),(164,146),(195,90),(279,22),(274,78),(111,145),(65,141),(201,138),(154,54),(233,45),(206,113),(321,38),(95,97),(193,134),(156,158),(258,78),(184,154),(158,109),
201:(314,147),(150,70),(266,157),(164,146),(194,90),(279,22),(275,78),(111,145),(65,141),(200,138),(154,54),(233,45),(206,113),(321,38),(95,97),(193,135),(156,158),(258,78),(184,154),(158,110),
202:(314,147),(149,70),(266,157),(164,146),(193,90),(279,22),(276,78),(111,145),(65,141),(199,138),(154,54),(233,45),(206,113),(321,38),(95,97),(194,135),(156,158),(258,78),(184,154),(158,111),
203:(314,147),(148,70),(266,157),(164,146),(192,90),(279,22),(277,78),(111,145),(65,141),(198,138),(154,54),(233,45),(206,113),(321,38),(95,97),(194,136),(156,158),(258,78),(184,154),(158,112),
204:(314,147),(147,70),(266,157),(164,146),(191,90),(279,22),(278,78),(111,145),(65,141),(197,138),(154,54),(233,45),(206,113),(321,38),(95,97),(194,137),(156,158),(258,78),(184,154),(158,113),
205:(314,147),(146,70),(266,157),(164,146),(190,90),(279,22),(279,78),(111,145),(65,141),(196,138),(154,54),(233,45),(206,113),(321,38),(95,97),(194,138),(156,158),(258,78),(184,154),(158,114),
206:(314,147),(145,70),(266,157),(164,146),(189,90),(279,22),(280,78),(111,145),(65,141),(195,138),(154,54),(233,45),(206,113),(321,38),(95,97),(194,139),(156,158),(258,78),(184,154),(159,114),
207:(314,147),(144,70),(266,157),(164,146),(188,90),(279,22),(281,78),(111,145),(65,141),(194,138),(154,54),(233,45),(206,113),(321,38),(95,97),(194,140),(156,158),(258,78),(184,154),(160,114),
208:(314,147),(143,70),(266,157),(164,146),(187,90),(279,22),(282,78),(111,145),(65,141),(193,138),(154,54),(233,45),(206,113),(321,38),(95,97),(194,141),(156,158),(258,78),(184,154),(161,114),
209:(314,147),(142,70),(266,157),(164,146),(186,90),(279,22),(283,78),(111,145),(65,141),(192,138),(154,54),(233,45),(206,113),(321,38),(95,97),(195,141),(156,158),(258,78),(184,154),(162,114),
210:(314,147),(141,70),(266,157),(164,146),(185,90),(279,22),(284,78),(111,145),(65,141),(191,138),(154,54),(233,45),(206,113),(321,38),(95,97),(196,141),(156,158),(258,78),(184,154),(163,114),
211:(314,147),(140,70),(266,157),(164,146),(184,90),(279,22),(285,78),(111,145),(65,141),(190,138),(154,54),(233,45),(206,113),(321,38),(95,97),(197,141),(156,158),(258,78),(184,154),(164,114),
212:(314,147),(139,70),(266,157),(164,146),(183,90),(279,22),(286,78),(111,145),(65,141),(189,138),(154,54),(233,45),(206,113),(321,38),(95,97),(197,142),(156,158),(258,78),(184,154),(165,114),
213:(314,147),(138,70),(266,157),(164,146),(182,90),(279,22),(287,78),(111,145),(65,141),(188,138),(154,54),(233,45),(206,113),(321,38),(95,97),(198,142),(156,158),(258,78),(184,154),(166,114),
214:(314,147),(137,70),(266,157),(164,146),(181,90),(279,22),(288,78),(111,145),(65,141),(187,138),(154,54),(233,45),(206,113),(321,38),(95,97),(199,142),(156,158),(258,78),(184,154),(167,114),
215:(314,147),(136,70),(266,157),(164,146),(181,91),(279,22),(289,78),(111,145),(65,141),(186,138),(154,54),(233,45),(206,113),(321,38),(95,97),(200,142),(156,158),(258,78),(184,154),(168,114),
216:(314,147),(135,70),(266,157),(164,146),(181,92),(279,22),(290,78),(111,145),(65,141),(185,138),(154,54),(233,45),(206,113),(321,38),(95,97),(201,142),(156,158),(258,78),(184,154),(169,114),
217:(314,147),(134,70),(266,157),(164,146),(181,93),(279,22),(291,78),(111,145),(65,141),(184,138),(154,54),(233,45),(206,113),(321,38),(95,97),(202,142),(156,158),(258,78),(184,154),(170,114),
218:(314,147),(133,70),(266,157),(164,146),(180,93),(279,22),(292,78),(111,145),(65,141),(183,138),(154,54),(233,45),(206,113),(321,38),(95,97),(203,142),(156,158),(258,78),(184,154),(170,115),
219:(314,147),(132,70),(266,157),(164,146),(180,94),(279,22),(293,78),(111,145),(65,141),(182,138),(154,54),(233,45),(206,113),(321,38),(95,97),(204,142),(156,158),(258,78),(184,154),(170,116),
220:(314,147),(131,70),(266,157),(164,146),(179,94),(279,22),(293,79),(111,145),(65,141),(181,138),(154,54),(233,45),(206,113),(321,38),(95,97),(205,142),(156,158),(258,78),(184,154),(170,117),
221:(314,147),(130,70),(266,157),(164,146),(178,94),(279,22),(293,80),(111,145),(65,141),(180,138),(154,54),(233,45),(206,113),(321,38),(95,97),(206,142),(156,158),(258,78),(184,154),(171,117),
222:(314,147),(129,70),(266,157),(164,146),(177,94),(279,22),(294,80),(111,145),(65,141),(179,138),(154,54),(233,45),(206,113),(321,38),(95,97),(207,142),(156,158),(258,78),(184,154),(171,118),
223:(314,147),(128,70),(266,157),(164,146),(176,94),(279,22),(295,80),(111,145),(65,141),(178,138),(154,54),(233,45),(206,113),(321,38),(95,97),(208,142),(156,158),(258,78),(184,154),(172,118),
224:(314,147),(127,70),(266,157),(164,146),(175,94),(279,22),(296,80),(111,145),(65,141),(177,138),(154,54),(233,45),(206,113),(321,38),(95,97),(209,142),(156,158),(258,78),(184,154),(173,118),
225:(314,147),(126,70),(266,157),(164,146),(174,94),(279,22),(297,80),(111,145),(65,141),(176,138),(154,54),(233,45),(206,113),(321,38),(95,97),(210,142),(156,158),(258,78),(184,154),(174,118),
226:(314,147),(125,70),(266,157),(164,146),(173,94),(279,22),(298,80),(111,145),(65,141),(175,138),(154,54),(233,45),(206,113),(321,38),(95,97),(211,142),(156,158),(258,78),(184,154),(175,118),
227:(314,147),(124,70),(266,157),(164,146),(172,94),(279,22),(299,80),(111,145),(65,141),(174,138),(154,54),(233,45),(206,113),(321,38),(95,97),(212,142),(156,158),(258,78),(184,154),(176,118),
228:(314,147),(123,70),(266,157),(164,146),(171,94),(279,22),(300,80),(111,145),(65,141),(173,138),(154,54),(233,45),(206,113),(321,38),(95,97),(213,142),(156,158),(258,78),(184,154),(177,118),
229:(314,147),(122,70),(266,157),(164,146),(170,94),(279,22),(301,80),(111,145),(65,141),(172,138),(154,54),(233,45),(206,113),(321,38),(95,97),(214,142),(156,158),(258,78),(184,154),(178,118),
230:(314,147),(121,70),(266,157),(164,146),(170,95),(279,22),(302,80),(111,145),(65,141),(171,138),(154,54),(233,45),(206,113),(321,38),(95,97),(215,142),(156,158),(258,78),(184,154),(179,118),
231:(314,147),(120,70),(266,157),(164,146),(169,95),(279,22),(303,80),(111,145),(65,141),(170,138),(154,54),(233,45),(206,113),(321,38),(95,97),(216,142),(156,158),(258,78),(184,154),(180,118),
232:(314,147),(119,70),(266,157),(164,146),(169,96),(279,22),(304,80),(111,145),(65,141),(169,138),(154,54),(233,45),(206,113),(321,38),(95,97),(217,142),(156,158),(258,78),(184,154),(181,118),
233:(314,147),(118,70),(266,157),(164,146),(169,97),(279,22),(305,80),(111,145),(65,141),(168,138),(154,54),(233,45),(206,113),(321,38),(95,97),(217,143),(156,158),(258,78),(184,154),(181,119),
234:(314,147),(117,70),(266,157),(164,146),(169,98),(279,22),(306,80),(111,145),(65,141),(167,138),(154,54),(233,45),(206,113),(321,38),(95,97),(218,143),(156,158),(258,78),(184,154),(182,119),
235:(314,147),(116,70),(266,157),(164,146),(169,99),(279,22),(307,80),(111,145),(65,141),(166,138),(154,54),(233,45),(206,113),(321,38),(95,97),(218,144),(156,158),(258,78),(184,154),(182,120),
236:(314,147),(115,70),(266,157),(164,146),(169,100),(279,22),(307,80),(111,145),(65,141),(165,138),(154,54),(233,45),(206,113),(321,38),(95,97),(218,145),(156,158),(258,78),(184,154),(182,121),
237:(314,147),(114,70),(266,157),(164,146),(169,101),(279,22),(307,80),(111,145),(65,141),(164,138),(154,54),(233,45),(206,113),(321,38),(95,97),(218,146),(156,158),(258,78),(184,154),(183,121),
238:(314,147),(113,70),(266,157),(164,146),(168,101),(279,22),(307,80),(111,145),(65,141),(163,138),(154,54),(233,45),(206,113),(321,38),(95,97),(218,147),(156,158),(258,78),(184,154),(183,122),
239:(314,147),(112,70),(266,157),(164,146),(167,101),(279,22),(307,80),(111,145),(65,141),(162,138),(154,54),(233,45),(206,113),(321,38),(95,97),(218,148),(156,158),(258,78),(184,154),(184,122),
240:(314,147),(111,70),(266,157),(164,146),(167,102),(279,22),(307,80),(111,145),(65,141),(161,138),(154,54),(233,45),(206,113),(321,38),(95,97),(218,149),(156,158),(258,78),(184,154),(185,122),
241:(314,147),(110,70),(266,157),(164,146),(166,102),(279,22),(307,80),(111,145),(65,141),(160,138),(154,54),(233,45),(206,113),(321,38),(95,97),(218,150),(156,158),(258,78),(184,154),(186,122),
242:(314,147),(109,70),(266,157),(164,146),(165,102),(279,22),(307,80),(111,145),(65,141),(159,138),(154,54),(233,45),(206,113),(321,38),(95,97),(219,150),(156,158),(258,78),(184,154),(187,122),
243:(314,147),(108,70),(266,157),(164,146),(164,102),(279,22),(307,80),(111,145),(65,141),(158,138),(154,54),(233,45),(206,113),(321,38),(95,97),(220,150),(156,158),(258,78),(184,154),(188,122),
244:(314,147),(107,70),(266,157),(164,146),(163,102),(279,22),(307,80),(111,145),(65,141),(157,138),(154,54),(233,45),(206,113),(321,38),(95,97),(221,150),(156,158),(258,78),(184,154),(189,122),
245:(314,147),(106,70),(266,157),(164,146),(162,102),(279,22),(307,80),(111,145),(65,141),(156,138),(154,54),(233,45),(206,113),(321,38),(95,97),(222,150),(156,158),(258,78),(184,154),(190,122),
246:(314,147),(105,70),(266,157),(164,146),(161,102),(279,22),(307,80),(111,145),(65,141),(155,138),(154,54),(233,45),(206,113),(321,38),(95,97),(223,150),(156,158),(258,78),(184,154),(191,122),
247:(314,147),(104,70),(266,157),(164,146),(160,102),(279,22),(307,80),(111,145),(65,141),(154,138),(154,54),(233,45),(206,113),(321,38),(95,97),(224,150),(156,158),(258,78),(184,154),(192,122),
248:(314,147),(103,70),(266,157),(164,146),(159,102),(279,22),(307,80),(111,145),(65,141),(153,138),(154,54),(233,45),(206,113),(321,38),(95,97),(225,150),(156,158),(258,78),(184,154),(193,122),
249:(314,147),(102,70),(266,157),(164,146),(158,102),(279,22),(307,80),(111,145),(65,141),(152,138),(154,54),(233,45),(206,113),(321,38),(95,97),(226,150),(156,158),(258,78),(184,154),(193,123),
250:(314,147),(101,70),(266,157),(164,146),(157,102),(279,22),(307,80),(111,145),(65,141),(151,138),(154,54),(233,45),(206,113),(321,38),(95,97),(227,150),(156,158),(258,78),(184,154),(193,124),
251:(314,147),(100,70),(266,157),(164,146),(156,102),(279,22),(307,80),(111,145),(65,141),(150,138),(154,54),(233,45),(206,113),(321,38),(95,97),(228,150),(156,158),(258,78),(184,154),(194,124),
252:(314,147),(99,70),(266,157),(164,146),(155,102),(279,22),(307,80),(111,145),(65,141),(149,138),(154,54),(233,45),(206,113),(321,38),(95,97),(229,150),(156,158),(258,78),(184,154),(194,125),
253:(314,147),(98,70),(266,157),(164,146),(154,102),(279,22),(307,80),(111,145),(65,141),(148,138),(154,54),(233,45),(206,113),(321,38),(95,97),(230,150),(156,158),(258,78),(184,154),(194,126),
254:(314,147),(97,70),(266,157),(164,146),(153,102),(279,22),(307,80),(111,145),(65,141),(147,138),(154,54),(233,45),(206,113),(321,38),(95,97),(231,150),(156,158),(258,78),(184,154),(195,126),
255:(314,147),(96,70),(266,157),(164,146),(152,102),(279,22),(307,80),(111,145),(65,141),(146,138),(154,54),(233,45),(206,113),(321,38),(95,97),(232,150),(156,158),(258,78),(184,154),(196,126),
256:(314,147),(95,70),(266,157),(164,146),(151,102),(279,22),(307,80),(111,145),(65,141),(145,138),(154,54),(233,45),(206,113),(321,38),(95,97),(233,150),(156,158),(258,78),(184,154),(197,126),
257:(314,147),(94,70),(266,157),(164,146),(150,102),(279,22),(307,80),(111,145),(65,141),(144,138),(154,54),(233,45),(206,113),(321,38),(95,97),(234,150),(156,158),(258,78),(184,154),(198,126),
258:(314,147),(93,70),(266,157),(164,146),(149,102),(279,22),(307,80),(111,145),(65,141),(143,138),(154,54),(233,45),(206,113),(321,38),(95,97),(235,150),(156,158),(258,78),(184,154),(199,126),
259:(314,147),(92,70),(266,157),(164,146),(148,102),(279,22),(307,80),(111,145),(65,141),(142,138),(154,54),(233,45),(206,113),(321,38),(95,97),(236,150),(156,158),(258,78),(184,154),(200,126),
260:(314,147),(91,70),(266,157),(164,146),(147,102),(279,22),(307,80),(111,145),(65,141),(141,138),(154,54),(233,45),(206,113),(321,38),(95,97),(237,150),(156,158),(258,78),(184,154),(201,126),
261:(314,147),(90,70),(266,157),(164,146),(146,102),(279,22),(307,80),(111,145),(65,141),(140,138),(154,54),(233,45),(206,113),(321,38),(95,97),(238,150),(156,158),(258,78),(184,154),(202,126),
262:(314,147),(89,70),(266,157),(164,146),(145,102),(279,22),(307,80),(111,145),(65,141),(139,138),(154,54),(233,45),(206,113),(321,38),(95,97),(239,150),(156,158),(258,78),(184,154),(203,126),
263:(314,147),(88,70),(266,157),(164,146),(144,102),(279,22),(307,80),(111,145),(65,141),(138,138),(154,54),(233,45),(206,113),(321,38),(95,97),(240,150),(156,158),(258,78),(184,154),(204,126),
264:(314,147),(87,70),(266,157),(164,146),(143,102),(279,22),(307,80),(111,145),(65,141),(137,138),(154,54),(233,45),(206,113),(321,38),(95,97),(241,150),(156,158),(258,78),(184,154),(205,126),
265:(314,147),(86,70),(266,157),(164,146),(142,102),(279,22),(307,80),(111,145),(65,141),(136,138),(154,54),(233,45),(206,113),(321,38),(95,97),(242,150),(156,158),(258,78),(184,154),(206,126),
266:(314,147),(85,70),(266,157),(164,146),(141,102),(279,22),(307,80),(111,145),(65,141),(135,138),(154,54),(233,45),(206,113),(321,38),(95,97),(243,150),(156,158),(258,78),(184,154),(207,126),
267:(314,147),(84,70),(266,157),(164,146),(140,102),(279,22),(307,80),(111,145),(65,141),(134,138),(154,54),(233,45),(206,113),(321,38),(95,97),(244,150),(156,158),(258,78),(184,154),(208,126),
268:(314,147),(83,70),(266,157),(164,146),(139,102),(279,22),(307,80),(111,145),(65,141),(133,138),(154,54),(233,45),(206,113),(321,38),(95,97),(245,150),(156,158),(258,78),(184,154),(209,126),
269:(314,147),(82,70),(266,157),(164,146),(138,102),(279,22),(307,80),(111,145),(65,141),(132,138),(154,54),(233,45),(206,113),(321,38),(95,97),(246,150),(156,158),(258,78),(184,154),(210,126),
270:(314,147),(81,70),(266,157),(164,146),(137,102),(279,22),(307,80),(111,145),(65,141),(131,138),(154,54),(233,45),(206,113),(321,38),(95,97),(247,150),(156,158),(258,78),(184,154),(211,126),
271:(314,147),(80,70),(266,157),(164,146),(136,102),(279,22),(307,80),(111,145),(65,141),(130,138),(154,54),(233,45),(206,113),(321,38),(95,97),(248,150),(156,158),(258,78),(184,154),(212,126),
272:(314,147),(79,70),(266,157),(164,146),(135,102),(279,22),(307,80),(111,145),(65,141),(129,138),(154,54),(233,45),(206,113),(321,38),(95,97),(249,150),(156,158),(258,78),(184,154),(213,126),
273:(314,147),(78,70),(266,157),(164,146),(134,102),(279,22),(307,80),(111,145),(65,141),(128,138),(154,54),(233,45),(206,113),(321,38),(95,97),(250,150),(156,158),(258,78),(184,154),(214,126),
274:(314,147),(77,70),(266,157),(164,146),(133,102),(279,22),(307,80),(111,145),(65,141),(127,138),(154,54),(233,45),(206,113),(321,38),(95,97),(251,150),(156,158),(258,78),(184,154),(215,126),
275:(314,147),(76,70),(266,157),(164,146),(132,102),(279,22),(307,80),(111,145),(65,141),(126,138),(154,54),(233,45),(206,113),(321,38),(95,97),(252,150),(156,158),(258,78),(184,154),(216,126),
276:(314,147),(75,70),(266,157),(164,146),(131,102),(279,22),(307,80),(111,145),(65,141),(125,138),(154,54),(233,45),(206,113),(321,38),(95,97),(253,150),(156,158),(258,78),(184,154),(217,126),
277:(314,147),(74,70),(266,157),(164,146),(130,102),(279,22),(307,80),(111,145),(65,141),(124,138),(154,54),(233,45),(206,113),(321,38),(95,97),(254,150),(156,158),(258,78),(184,154),(218,126),
278:(314,147),(73,70),(266,157),(164,146),(129,102),(279,22),(307,80),(111,145),(65,141),(123,138),(154,54),(233,45),(206,113),(321,38),(95,97),(255,150),(156,158),(258,78),(184,154),(219,126),
279:(314,147),(72,70),(266,157),(164,146),(128,102),(279,22),(307,80),(111,145),(65,141),(122,138),(154,54),(233,45),(206,113),(321,38),(95,97),(256,150),(156,158),(258,78),(184,154),(220,126),
280:(314,147),(71,70),(266,157),(164,146),(127,102),(279,22),(307,80),(111,145),(65,141),(121,138),(154,54),(233,45),(206,113),(321,38),(95,97),(257,150),(156,158),(258,78),(184,154),(221,126),
281:(314,147),(70,70),(266,157),(164,146),(126,102),(279,22),(307,80),(111,145),(65,141),(120,138),(154,54),(233,45),(206,113),(321,38),(95,97),(258,150),(156,158),(258,78),(184,154),(222,126),
282:(314,147),(69,70),(266,157),(164,146),(126,102),(279,22),(307,80),(111,145),(65,141),(119,138),(154,54),(233,45),(206,113),(321,38),(95,97),(259,150),(156,158),(258,78),(184,154),(223,126),
283:(314,147),(68,70),(266,157),(164,146),(126,102),(279,22),(307,80),(111,145),(65,141),(118,138),(154,54),(233,45),(206,113),(321,38),(95,97),(260,150),(156,158),(258,78),(184,154),(224,126),
284:(314,147),(67,70),(266,157),(164,146),(126,102),(279,22),(307,80),(111,145),(65,141),(117,138),(154,54),(233,45),(206,113),(321,38),(95,97),(261,150),(156,158),(258,78),(184,154),(225,126),
285:(314,147),(66,70),(266,157),(164,146),(126,102),(279,22),(307,80),(111,145),(65,141),(116,138),(154,54),(233,45),(206,113),(321,38),(95,97),(262,150),(156,158),(258,78),(184,154),(226,126),
286:(314,147),(65,70),(266,157),(164,146),(126,102),(279,22),(307,80),(111,145),(65,141),(115,138),(154,54),(233,45),(206,113),(321,38),(95,97),(263,150),(156,158),(258,78),(184,154),(227,126),
287:(314,147),(64,70),(266,157),(164,146),(126,102),(279,22),(307,80),(111,145),(65,141),(114,138),(154,54),(233,45),(206,113),(321,38),(95,97),(264,150),(156,158),(258,78),(184,154),(228,126),
288:(314,147),(63,70),(266,157),(164,146),(126,102),(279,22),(307,80),(111,145),(65,141),(113,138),(154,54),(233,45),(206,113),(321,38),(95,97),(265,150),(156,158),(258,78),(184,154),(229,126),
289:(314,147),(62,70),(266,157),(164,146),(126,102),(279,22),(307,80),(111,145),(65,141),(112,138),(154,54),(233,45),(206,113),(321,38),(95,97),(266,150),(156,158),(258,78),(184,154),(230,126),
290:(314,147),(61,70),(266,157),(164,146),(126,102),(279,22),(307,80),(111,145),(65,141),(111,138),(154,54),(233,45),(206,113),(321,38),(95,97),(267,150),(156,158),(258,78),(184,154),(231,126),
291:(314,147),(60,70),(266,157),(164,146),(126,102),(279,22),(307,80),(111,145),(65,141),(110,138),(154,54),(233,45),(206,113),(321,38),(95,97),(268,150),(156,158),(258,78),(184,154),(232,126),
292:(314,147),(59,70),(266,157),(164,146),(126,102),(279,22),(307,80),(111,145),(65,141),(109,138),(154,54),(233,45),(206,113),(321,38),(95,97),(269,150),(156,158),(258,78),(184,154),(233,126),
293:(314,147),(58,70),(266,157),(164,146),(126,102),(279,22),(307,80),(111,145),(65,141),(108,138),(154,54),(233,45),(206,113),(321,38),(95,97),(270,150),(156,158),(258,78),(184,154),(234,126),
294:(314,147),(57,70),(266,157),(164,146),(126,102),(279,22),(307,80),(111,145),(65,141),(107,138),(154,54),(233,45),(206,113),(321,38),(95,97),(271,150),(156,158),(258,78),(184,154),(235,126),
295:(314,147),(56,70),(266,157),(164,146),(126,102),(279,22),(307,80),(111,145),(65,141),(106,138),(154,54),(233,45),(206,113),(321,38),(95,97),(272,150),(156,158),(258,78),(184,154),(236,126),
296:(314,147),(55,70),(266,157),(164,146),(126,102),(279,22),(307,80),(111,145),(65,141),(105,138),(154,54),(233,45),(206,113),(321,38),(95,97),(273,150),(156,158),(258,78),(184,154),(237,126),
297:(314,147),(54,70),(266,157),(164,146),(126,102),(279,22),(307,80),(111,145),(65,141),(104,138),(154,54),(233,45),(206,113),(321,38),(95,97),(274,150),(156,158),(258,78),(184,154),(238,126),
298:(314,147),(53,70),(266,157),(164,146),(126,102),(279,22),(307,80),(111,145),(65,141),(103,138),(154,54),(233,45),(206,113),(321,38),(95,97),(275,150),(156,158),(258,78),(184,154),(239,126),
299:(314,147),(52,70),(266,157),(164,146),(126,102),(279,22),(307,80),(111,145),(65,141),(102,138),(154,54),(233,45),(206,113),(321,38),(95,97),(276,150),(156,158),(258,78),(184,154),(240,126),
300:(314,147),(51,70),(266,157),(164,146),(126,102),(279,22),(307,80),(111,145),(65,141),(101,138),(154,54),(233,45),(206,113),(321,38),(95,97),(277,150),(156,158),(258,78),(184,154),(241,126),
301:(314,147),(50,70),(266,157),(164,146),(126,102),(279,22),(307,80),(111,145),(65,141),(100,138),(154,54),(233,45),(206,113),(321,38),(95,97),(278,150),(156,158),(258,78),(184,154),(242,126),
302:(314,147),(49,70),(266,157),(164,146),(126,102),(279,22),(307,80),(111,145),(65,141),(99,138),(154,54),(233,45),(206,113),(321,38),(95,97),(279,150),(156,158),(258,78),(184,154),(243,126),
303:(314,147),(48,70),(266,157),(164,146),(126,102),(279,22),(307,80),(111,145),(65,141),(98,138),(154,54),(233,45),(206,113),(321,38),(95,97),(280,150),(156,158),(258,78),(184,154),(244,126),
304:(314,147),(48,70),(266,157),(164,146),(126,102),(279,22),(307,80),(111,145),(65,141),(98,139),(154,54),(233,45),(206,113),(321,38),(95,97),(281,150),(156,158),(258,78),(184,154),(245,126),
305:(314,147),(48,70),(266,157),(164,146),(126,102),(279,22),(307,80),(111,145),(65,141),(98,140),(154,54),(233,45),(206,113),(321,38),(95,97),(282,150),(156,158),(258,78),(184,154),(246,126),
306:(314,147),(48,70),(266,157),(164,146),(126,102),(279,22),(307,80),(111,145),(65,141),(97,140),(154,54),(233,45),(206,113),(321,38),(95,97),(283,150),(156,158),(258,78),(184,154),(247,126),
307:(314,147),(48,70),(266,157),(164,146),(126,102),(279,22),(307,80),(111,145),(65,141),(97,140),(154,54),(233,45),(206,113),(321,38),(95,97),(284,150),(156,158),(258,78),(184,154),(248,126),
308:(314,147),(48,70),(266,157),(164,146),(126,102),(279,22),(307,80),(111,145),(65,141),(97,140),(154,54),(233,45),(206,113),(321,38),(95,97),(285,150),(156,158),(258,78),(184,154),(249,126),
309:(314,147),(48,70),(266,157),(164,146),(126,102),(279,22),(307,80),(111,145),(65,141),(97,140),(154,54),(233,45),(206,113),(321,38),(95,97),(286,150),(156,158),(258,78),(184,154),(250,126),
310:(314,147),(48,70),(266,157),(164,146),(126,102),(279,22),(307,80),(111,145),(65,141),(97,140),(154,54),(233,45),(206,113),(321,38),(95,97),(287,150),(156,158),(258,78),(184,154),(251,126),
311:(314,147),(48,70),(266,157),(164,146),(126,102),(279,22),(307,80),(111,145),(65,141),(97,140),(154,54),(233,45),(206,113),(321,38),(95,97),(288,150),(156,158),(258,78),(184,154),(252,126),
312:(314,147),(48,70),(266,157),(164,146),(126,102),(279,22),(307,80),(111,145),(65,141),(97,140),(154,54),(233,45),(206,113),(321,38),(95,97),(289,150),(156,158),(258,78),(184,154),(253,126),
313:(314,147),(48,70),(266,157),(164,146),(126,102),(279,22),(307,80),(111,145),(65,141),(97,140),(154,54),(233,45),(206,113),(321,38),(95,97),(290,150),(156,158),(258,78),(184,154),(254,126),
314:(314,147),(48,70),(266,157),(164,146),(126,102),(279,22),(307,80),(111,145),(65,141),(97,140),(154,54),(233,45),(206,113),(321,38),(95,97),(291,150),(156,158),(258,78),(184,154),(255,126),
315:(314,147),(48,70),(266,157),(164,146),(126,102),(279,22),(307,80),(111,145),(65,141),(97,140),(154,54),(233,45),(206,113),(321,38),(95,97),(292,150),(156,158),(258,78),(184,154),(256,126),
316:(314,147),(48,70),(266,157),(164,146),(126,102),(279,22),(307,80),(111,145),(65,141),(97,140),(154,54),(233,45),(206,113),(321,38),(95,97),(293,150),(156,158),(258,78),(184,154),(257,126),
317:(314,147),(48,70),(266,157),(164,146),(126,102),(279,22),(307,80),(111,145),(65,141),(97,140),(154,54),(233,45),(206,113),(321,38),(95,97),(294,150),(156,158),(258,78),(184,154),(258,126),
318:(314,147),(48,70),(266,157),(164,146),(126,102),(279,22),(307,80),(111,145),(65,141),(97,140),(154,54),(233,45),(206,113),(321,38),(95,97),(295,150),(156,158),(258,78),(184,154),(259,126),
319:(314,147),(48,70),(266,157),(164,146),(126,102),(279,22),(307,80),(111,145),(65,141),(97,140),(154,54),(233,45),(206,113),(321,38),(95,97),(296,150),(156,158),(258,78),(184,154),(260,126),
320:(314,147),(48,70),(266,157),(164,146),(126,102),(279,22),(307,80),(111,145),(65,141),(97,140),(154,54),(233,45),(206,113),(321,38),(95,97),(297,150),(156,158),(258,78),(184,154),(261,126),
321:(314,147),(48,70),(266,157),(164,146),(126,102),(279,22),(307,80),(111,145),(65,141),(97,140),(154,54),(233,45),(206,113),(321,38),(95,97),(298,150),(156,158),(258,78),(184,154),(262,126),
322:(314,147),(48,70),(266,157),(164,146),(126,102),(279,22),(307,80),(111,145),(65,141),(97,140),(154,54),(233,45),(206,113),(321,38),(95,97),(299,150),(156,158),(258,78),(184,154),(263,126),
323:(314,147),(48,70),(266,157),(164,146),(126,102),(279,22),(307,80),(111,145),(65,141),(97,140),(154,54),(233,45),(206,113),(321,38),(95,97),(300,150),(156,158),(258,78),(184,154),(264,126),
324:(314,147),(48,70),(266,157),(164,146),(126,102),(279,22),(307,80),(111,145),(65,141),(97,140),(154,54),(233,45),(206,113),(321,38),(95,97),(301,150),(156,158),(258,78),(184,154),(265,126),
325:(314,147),(48,70),(266,157),(164,146),(126,102),(279,22),(307,80),(111,145),(65,141),(97,140),(154,54),(233,45),(206,113),(321,38),(95,97),(302,150),(156,158),(258,78),(184,154),(266,126),
326:(314,147),(48,70),(266,157),(164,146),(126,102),(279,22),(307,80),(111,145),(65,141),(97,140),(154,54),(233,45),(206,113),(321,38),(95,97),(303,150),(156,158),(258,78),(184,154),(267,126),
327:(314,147),(48,70),(266,157),(164,146),(126,102),(279,22),(307,80),(111,145),(65,141),(97,140),(154,54),(233,45),(206,113),(321,38),(95,97),(304,150),(156,158),(258,78),(184,154),(268,126),
328:(314,147),(48,70),(266,157),(164,146),(126,102),(279,22),(307,80),(111,145),(65,141),(97,140),(154,54),(233,45),(206,113),(321,38),(95,97),(305,150),(156,158),(258,78),(184,154),(269,126),
329:(314,147),(48,70),(266,157),(164,146),(126,102),(279,22),(307,80),(111,145),(65,141),(97,140),(154,54),(233,45),(206,113),(321,38),(95,97),(306,150),(156,158),(258,78),(184,154),(270,126),
330:(314,147),(48,70),(266,157),(164,146),(126,102),(279,22),(307,80),(111,145),(65,141),(97,140),(154,54),(233,45),(206,113),(321,38),(95,97),(307,150),(156,158),(258,78),(184,154),(271,126),
331:(314,147),(48,70),(266,157),(164,146),(126,102),(279,22),(307,80),(111,145),(65,141),(97,140),(154,54),(233,45),(206,113),(321,38),(95,97),(308,150),(156,158),(258,78),(184,154),(272,126),
332:(314,147),(48,70),(266,157),(164,146),(126,102),(279,22),(307,80),(111,145),(65,141),(97,140),(154,54),(233,45),(206,113),(321,38),(95,97),(309,150),(156,158),(258,78),(184,154),(273,126),
333:(314,147),(48,70),(266,157),(164,146),(126,102),(279,22),(307,80),(111,145),(65,141),(97,140),(154,54),(233,45),(206,113),(321,38),(95,97),(310,150),(156,158),(258,78),(184,154),(274,126),
334:(314,147),(48,70),(266,157),(164,146),(126,102),(279,22),(307,80),(111,145),(65,141),(97,140),(154,54),(233,45),(206,113),(321,38),(95,97),(311,150),(156,158),(258,78),(184,154),(275,126),
335:(314,147),(48,70),(266,157),(164,146),(126,102),(279,22),(307,80),(111,145),(65,141),(97,140),(154,54),(233,45),(206,113),(321,38),(95,97),(312,150),(156,158),(258,78),(184,154),(276,126),
336:(314,147),(48,70),(266,157),(164,146),(126,102),(279,22),(307,80),(111,145),(65,141),(97,140),(154,54),(233,45),(206,113),(321,38),(95,97),(313,150),(156,158),(258,78),(184,154),(277,126),
337:(314,147),(48,70),(266,157),(164,146),(126,102),(279,22),(307,80),(111,145),(65,141),(97,140),(154,54),(233,45),(206,113),(321,38),(95,97),(314,150),(156,158),(258,78),(184,154),(278,126),
338:(314,147),(48,70),(266,157),(164,146),(126,102),(279,22),(307,80),(111,145),(65,141),(97,140),(154,54),(233,45),(206,113),(321,38),(95,97),(315,150),(156,158),(258,78),(184,154),(279,126),
339:(314,147),(48,70),(266,157),(164,146),(126,102),(279,22),(307,80),(111,145),(65,141),(97,140),(154,54),(233,45),(206,113),(321,38),(95,97),(316,150),(156,158),(258,78),(184,154),(280,126),
340:(314,147),(48,70),(266,157),(164,146),(126,102),(279,22),(307,80),(111,145),(65,141),(97,140),(154,54),(233,45),(206,113),(321,38),(95,97),(316,150),(156,158),(258,78),(184,154),(281,126),
341:(314,147),(48,70),(266,157),(164,146),(126,102),(279,22),(307,80),(111,145),(65,141),(97,140),(154,54),(233,45),(206,113),(321,38),(95,97),(316,150),(156,158),(258,78),(184,154),(282,126),
342:(314,147),(48,70),(266,157),(164,146),(126,102),(279,22),(307,80),(111,145),(65,141),(97,140),(154,54),(233,45),(206,113),(321,38),(95,97),(316,150),(156,158),(258,78),(184,154),(283,126),
343:(314,147),(48,70),(266,157),(164,146),(126,102),(279,22),(307,80),(111,145),(65,141),(97,140),(154,54),(233,45),(206,113),(321,38),(95,97),(316,150),(156,158),(258,78),(184,154),(284,126),
