instance=temp_instance.txt
agents=20
map_file=warehouse-20-40-10-2-2.map
solver=HCA
solved=1
soc=2804
lb_soc=2804
makespan=319
lb_makespan=319
comp_time=42
preprocessing_comp_time=11
starts=(319,26),(218,99),(64,13),(319,62),(49,138),(138,118),(320,124),(16,151),(319,28),(126,29),(99,13),(204,45),(169,4),(40,55),(132,33),(323,114),(320,54),(152,81),(127,157),(23,88),
goals=(310,110),(304,121),(320,76),(288,29),(234,121),(325,139),(13,122),(25,25),(328,69),(26,10),(70,121),(294,118),(16,17),(42,91),(199,106),(123,138),(332,78),(224,57),(75,25),(21,77),
solution=
0:(319,26),(218,99),(64,13),(319,62),(49,138),(138,118),(320,124),(16,151),(319,28),(126,29),(99,13),(204,45),(169,4),(40,55),(132,33),(323,114),(320,54),(152,81),(127,157),(23,88),
1:(318,26),(218,100),(65,13),(318,62),(50,138),(139,118),(319,124),(17,151),(320,28),(125,29),(98,13),(205,45),(169,5),(41,55),(133,33),(322,114),(321,54),(153,81),(126,157),(22,88),
2:(317,26),(218,101),(66,13),(317,62),(51,138),(140,118),(318,124),(18,151),(321,28),(124,29),(97,13),(206,45),(168,5),(42,55),(134,33),(321,114),(322,54),(154,81),(125,157),(21,88),
3:(316,26),(219,101),(67,13),(316,62),(52,138),(141,118),(317,124),(19,151),(322,28),(123,29),(96,13),(207,45),(167,5),(42,56),(135,33),(320,114),(323,54),(155,81),(124,157),(21,87),
4:(315,26),(220,101),(68,13),(315,62),(53,138),(142,118),(316,124),(20,151),(323,28),(122,29),(95,13),(208,45),(166,5),(42,57),(136,33),(319,114),(324,54),(156,81),(123,157),(21,86),
5:(314,26),(221,101),(69,13),(314,62),(54,138),(143,118),(315,124),(21,151),(324,28),(121,29),(94,13),(209,45),(165,5),(42,58),(137,33),(318,114),(325,54),(157,81),(122,157),(21,85),
6:(313,26),(222,101),(70,13),(313,62),(55,138),(144,118),(314,124),(22,151),(325,28),(120,29),(93,13),(210,45),(164,5),(42,59),(138,33),(317,114),(326,54),(158,81),(121,157),(21,84),
7:(312,26),(223,101),(71,13),(312,62),(56,138),(145,118),(313,124),(23,151),(326,28),(119,29),(92,13),(211,45),(163,5),(42,60),(139,33),(316,114),(327,54),(159,81),(120,157),(21,83),
8:(311,26),(224,101),(72,13),(311,62),(57,138),(146,118),(312,124),(24,151),(327,28),(118,29),(91,13),(212,45),(162,5),(42,61),(140,33),(315,114),(328,54),(160,81),(119,157),(21,82),
9:(310,26),(225,101),(73,13),(310,62),(58,138),(147,118),(311,124),(25,151),(328,28),(117,29),(90,13),(213,45),(161,5),(42,62),(141,33),(314,114),(329,54),(161,81),(118,157),(21,81),
10:(310,27),(226,101),(74,13),(309,62),(59,138),(148,118),(310,124),(25,150),(328,29),(116,29),(89,13),(214,45),(160,5),(42,63),(142,33),(313,114),(330,54),(162,81),(117,157),(21,80),
11:(310,28),(227,101),(75,13),(308,62),(60,138),(149,118),(309,124),(25,149),(328,30),(115,29),(88,13),(215,45),(159,5),(42,64),(143,33),(312,114),(331,54),(163,81),(116,157),(21,79),
12:(310,29),(228,101),(76,13),(307,62),(61,138),(150,118),(308,124),(25,148),(328,31),(114,29),(87,13),(216,45),(158,5),(42,65),(144,33),(311,114),(332,54),(164,81),(115,157),(21,78),
13:(310,30),(229,101),(77,13),(306,62),(62,138),(151,118),(307,124),(25,147),(328,32),(113,29),(86,13),(217,45),(157,5),(42,66),(145,33),(310,114),(332,55),(165,81),(114,157),(21,77),
14:(310,31),(230,101),(78,13),(305,62),(63,138),(152,118),(306,124),(25,146),(328,33),(112,29),(85,13),(218,45),(156,5),(42,67),(146,33),(309,114),(332,56),(166,81),(113,157),(21,77),
15:(310,32),(231,101),(79,13),(304,62),(64,138),(153,118),(305,124),(25,145),(328,34),(111,29),(84,13),(219,45),(155,5),(42,68),(147,33),(308,114),(332,57),(167,81),(112,157),(21,77),
16:(310,33),(232,101),(80,13),(303,62),(65,138),(154,118),(304,124),(25,144),(328,35),(110,29),(83,13),(220,45),(154,5),(42,69),(148,33),(307,114),(332,58),(168,81),(111,157),(21,77),
17:(310,34),(233,101),(81,13),(302,62),(66,138),(155,118),(303,124),(25,143),(328,36),(109,29),(82,13),(221,45),(153,5),(42,70),(149,33),(306,114),(332,59),(169,81),(110,157),(21,77),
18:(310,35),(234,101),(82,13),(301,62),(67,138),(156,118),(302,124),(25,142),(328,37),(108,29),(82,14),(222,45),(152,5),(42,71),(150,33),(305,114),(332,60),(170,81),(109,157),(21,77),
19:(310,36),(235,101),(83,13),(300,62),(68,138),(157,118),(301,124),(25,141),(328,38),(107,29),(81,14),(223,45),(151,5),(42,72),(151,33),(304,114),(332,61),(171,81),(108,157),(21,77),
20:(310,37),(236,101),(84,13),(299,62),(69,138),(158,118),(300,124),(25,140),(328,39),(106,29),(80,14),(224,45),(150,5),(42,73),(152,33),(303,114),(332,62),(172,81),(107,157),(21,77),
21:(310,38),(237,101),(85,13),(298,62),(70,138),(159,118),(299,124),(25,139),(328,40),(105,29),(79,14),(225,45),(149,5),(42,74),(153,33),(302,114),(332,63),(173,81),(106,157),(21,77),
22:(310,39),(238,101),(86,13),(297,62),(71,138),(160,118),(298,124),(25,138),(328,41),(104,29),(78,14),(226,45),(148,5),(42,75),(154,33),(301,114),(332,64),(174,81),(105,157),(21,77),
23:(310,40),(239,101),(87,13),(296,62),(72,138),(161,118),(297,124),(25,137),(328,42),(103,29),(77,14),(227,45),(147,5),(42,76),(155,33),(300,114),(332,65),(175,81),(104,157),(21,77),
24:(310,41),(240,101),(88,13),(295,62),(73,138),(162,118),(296,124),(25,136),(328,43),(102,29),(76,14),(228,45),(146,5),(42,77),(156,33),(299,114),(332,66),(176,81),(103,157),(21,77),
25:(310,42),(241,101),(89,13),(294,62),(74,138),(163,118),(295,124),(25,135),(328,44),(101,29),(75,14),(229,45),(145,5),(42,78),(157,33),(298,114),(332,67),(177,81),(102,157),(21,77),
26:(310,43),(242,101),(90,13),(293,62),(75,138),(164,118),(294,124),(25,134),(328,45),(100,29),(74,14),(230,45),(144,5),(42,79),(158,33),(297,114),(332,68),(178,81),(101,157),(21,77),
27:(310,44),(243,101),(91,13),(292,62),(76,138),(165,118),(293,124),(25,133),(328,46),(99,29),(73,14),(231,45),(143,5),(42,80),(159,33),(296,114),(332,69),(179,81),(100,157),(21,77),
28:(310,45),(244,101),(92,13),(291,62),(77,138),(166,118),(292,124),(25,132),(328,47),(98,29),(73,15),(232,45),(142,5),(42,81),(160,33),(295,114),(332,70),(180,81),(99,157),(21,77),
29:(310,46),(245,101),(93,13),(290,62),(78,138),(167,118),(291,124),(25,131),(328,48),(97,29),(73,16),(233,45),(141,5),(42,82),(161,33),(294,114),(332,71),(181,81),(98,157),(21,77),
30:(310,47),(246,101),(94,13),(289,62),(79,138),(168,118),(290,124),(25,130),(328,49),(96,29),(73,17),(234,45),(140,5),(42,83),(162,33),(293,114),(332,72),(182,81),(97,157),(21,77),
31:(310,48),(247,101),(95,13),(289,61),(80,138),(169,118),(289,124),(25,129),(328,50),(95,29),(73,18),(235,45),(139,5),(42,84),(163,33),(292,114),(332,73),(183,81),(96,157),(21,77),
32:(310,49),(248,101),(96,13),(289,60),(81,138),(170,118),(289,123),(25,128),(328,51),(94,29),(73,19),(236,45),(138,5),(42,85),(164,33),(291,114),(332,74),(184,81),(95,157),(21,77),
33:(310,50),(249,101),(97,13),(289,59),(82,138),(171,118),(289,122),(25,127),(328,52),(93,29),(73,20),(237,45),(137,5),(42,86),(165,33),(290,114),(332,75),(185,81),(94,157),(21,77),
34:(310,51),(250,101),(98,13),(289,58),(83,138),(172,118),(288,122),(25,126),(328,53),(92,29),(73,21),(238,45),(136,5),(42,87),(166,33),(289,114),(332,76),(186,81),(93,157),(21,77),
35:(310,52),(251,101),(98,14),(289,57),(84,138),(173,118),(287,122),(25,125),(328,54),(91,29),(73,22),(239,45),(135,5),(42,88),(167,33),(288,114),(332,77),(187,81),(92,157),(21,77),
36:(310,53),(252,101),(99,14),(289,56),(85,138),(174,118),(286,122),(25,124),(328,55),(90,29),(73,23),(240,45),(134,5),(42,89),(168,33),(287,114),(332,78),(188,81),(91,157),(21,77),
37:(310,54),(253,101),(100,14),(289,55),(86,138),(175,118),(285,122),(25,123),(328,56),(89,29),(73,24),(241,45),(133,5),(42,90),(169,33),(286,114),(332,78),(189,81),(90,157),(21,77),
38:(310,55),(254,101),(101,14),(289,54),(87,138),(176,118),(284,122),(25,122),(328,57),(88,29),(73,25),(242,45),(132,5),(42,91),(170,33),(285,114),(332,78),(190,81),(89,157),(21,77),
39:(310,56),(255,101),(102,14),(289,53),(88,138),(177,118),(283,122),(25,121),(328,58),(87,29),(73,26),(243,45),(131,5),(42,91),(171,33),(284,114),(332,78),(191,81),(88,157),(21,77),
40:(310,57),(256,101),(103,14),(289,52),(89,138),(178,118),(282,122),(25,120),(328,59),(86,29),(73,27),(244,45),(130,5),(42,91),(172,33),(283,114),(332,78),(192,81),(87,157),(21,77),
41:(310,58),(257,101),(104,14),(289,51),(90,138),(179,118),(281,122),(25,119),(328,60),(85,29),(73,28),(245,45),(129,5),(42,91),(173,33),(282,114),(332,78),(193,81),(86,157),(21,77),
42:(310,59),(258,101),(105,14),(289,50),(91,138),(180,118),(280,122),(25,118),(328,61),(84,29),(73,29),(246,45),(128,5),(42,91),(174,33),(281,114),(332,78),(194,81),(85,157),(21,77),
43:(310,60),(259,101),(106,14),(289,49),(92,138),(181,118),(279,122),(25,117),(328,62),(83,29),(73,30),(247,45),(127,5),(42,91),(175,33),(280,114),(332,78),(195,81),(85,156),(21,77),
44:(310,61),(260,101),(107,14),(289,48),(93,138),(182,118),(278,122),(25,116),(328,63),(82,29),(73,31),(248,45),(126,5),(42,91),(176,33),(279,114),(332,78),(196,81),(85,155),(21,77),
45:(310,62),(261,101),(108,14),(289,47),(94,138),(183,118),(277,122),(25,115),(328,64),(81,29),(73,32),(249,45),(125,5),(42,91),(177,33),(278,114),(332,78),(197,81),(85,154),(21,77),
46:(310,63),(262,101),(109,14),(289,46),(95,138),(184,118),(276,122),(25,114),(328,65),(80,29),(73,33),(250,45),(124,5),(42,91),(178,33),(277,114),(332,78),(198,81),(85,153),(21,77),
47:(310,64),(263,101),(110,14),(289,45),(96,138),(185,118),(275,122),(25,113),(328,66),(79,29),(73,34),(251,45),(123,5),(42,91),(179,33),(276,114),(332,78),(199,81),(85,152),(21,77),
48:(310,65),(264,101),(111,14),(289,44),(97,138),(186,118),(274,122),(25,112),(328,67),(78,29),(73,35),(252,45),(122,5),(42,91),(180,33),(275,114),(332,78),(200,81),(85,151),(21,77),
49:(310,66),(265,101),(112,14),(289,43),(98,138),(187,118),(273,122),(25,111),(328,68),(77,29),(73,36),(253,45),(121,5),(42,91),(181,33),(274,114),(332,78),(201,81),(85,150),(21,77),
50:(310,67),(266,101),(113,14),(289,42),(99,138),(188,118),(272,122),(25,110),(328,69),(76,29),(73,37),(254,45),(120,5),(42,91),(182,33),(273,114),(332,78),(202,81),(85,149),(21,77),
51:(310,68),(267,101),(114,14),(289,41),(100,138),(189,118),(271,122),(25,109),(328,69),(75,29),(73,38),(255,45),(119,5),(42,91),(183,33),(272,114),(332,78),(203,81),(85,148),(21,77),
52:(310,69),(268,101),(115,14),(289,40),(101,138),(190,118),(270,122),(25,108),(328,69),(74,29),(73,39),(256,45),(118,5),(42,91),(184,33),(271,114),(332,78),(204,81),(85,147),(21,77),
53:(310,70),(269,101),(116,14),(289,39),(102,138),(191,118),(269,122),(25,107),(328,69),(73,29),(73,40),(257,45),(117,5),(42,91),(185,33),(270,114),(332,78),(205,81),(85,146),(21,77),
54:(310,71),(270,101),(117,14),(289,38),(103,138),(192,118),(268,122),(25,106),(328,69),(72,29),(73,41),(258,45),(116,5),(42,91),(186,33),(269,114),(332,78),(206,81),(85,145),(21,77),
55:(310,72),(271,101),(118,14),(289,37),(104,138),(193,118),(267,122),(25,105),(328,69),(71,29),(73,42),(259,45),(115,5),(42,91),(187,33),(268,114),(332,78),(207,81),(85,144),(21,77),
56:(310,73),(272,101),(119,14),(289,36),(105,138),(194,118),(266,122),(25,104),(328,69),(70,29),(73,43),(260,45),(114,5),(42,91),(188,33),(267,114),(332,78),(208,81),(85,143),(21,77),
57:(310,74),(273,101),(120,14),(289,35),(106,138),(195,118),(265,122),(25,103),(328,69),(69,29),(73,44),(261,45),(113,5),(42,91),(189,33),(266,114),(332,78),(209,81),(85,142),(21,77),
58:(310,75),(274,101),(121,14),(289,34),(107,138),(196,118),(264,122),(25,102),(328,69),(68,29),(73,45),(262,45),(112,5),(42,91),(190,33),(265,114),(332,78),(210,81),(85,141),(21,77),
59:(310,76),(275,101),(122,14),(289,33),(108,138),(197,118),(263,122),(25,101),(328,69),(67,29),(73,46),(263,45),(111,5),(42,91),(191,33),(264,114),(332,78),(211,81),(85,140),(21,77),
60:(310,77),(276,101),(123,14),(289,32),(109,138),(198,118),(262,122),(25,100),(328,69),(66,29),(73,47),(264,45),(110,5),(42,91),(192,33),(263,114),(332,78),(212,81),(85,139),(21,77),
61:(310,78),(277,101),(124,14),(289,31),(110,138),(199,118),(261,122),(25,99),(328,69),(65,29),(73,48),(265,45),(109,5),(42,91),(193,33),(262,114),(332,78),(213,81),(85,138),(21,77),
62:(310,79),(278,101),(125,14),(289,30),(111,138),(200,118),(260,122),(25,98),(328,69),(64,29),(73,49),(266,45),(108,5),(42,91),(194,33),(261,114),(332,78),(214,81),(85,137),(21,77),
63:(310,80),(279,101),(126,14),(288,30),(112,138),(201,118),(259,122),(25,97),(328,69),(63,29),(73,50),(267,45),(107,5),(42,91),(194,34),(260,114),(332,78),(215,81),(85,136),(21,77),
64:(310,81),(280,101),(127,14),(288,29),(113,138),(202,118),(258,122),(25,96),(328,69),(62,29),(73,51),(268,45),(106,5),(42,91),(194,35),(259,114),(332,78),(216,81),(85,135),(21,77),
65:(310,82),(281,101),(128,14),(288,29),(114,138),(203,118),(257,122),(25,95),(328,69),(61,29),(73,52),(269,45),(105,5),(42,91),(194,36),(258,114),(332,78),(217,81),(85,134),(21,77),
66:(310,83),(282,101),(129,14),(288,29),(115,138),(204,118),(256,122),(25,94),(328,69),(60,29),(73,53),(270,45),(104,5),(42,91),(194,37),(257,114),(332,78),(218,81),(85,133),(21,77),
67:(310,84),(283,101),(130,14),(288,29),(116,138),(205,118),(255,122),(25,93),(328,69),(59,29),(73,54),(271,45),(103,5),(42,91),(194,38),(256,114),(332,78),(218,80),(85,132),(21,77),
68:(310,85),(284,101),(131,14),(288,29),(117,138),(206,118),(254,122),(25,92),(328,69),(58,29),(73,55),(272,45),(102,5),(42,91),(194,39),(255,114),(332,78),(218,79),(85,131),(21,77),
69:(310,86),(285,101),(132,14),(288,29),(118,138),(207,118),(253,122),(25,91),(328,69),(57,29),(73,56),(273,45),(101,5),(42,91),(194,40),(254,114),(332,78),(218,78),(85,130),(21,77),
70:(310,87),(286,101),(133,14),(288,29),(119,138),(208,118),(252,122),(25,90),(328,69),(56,29),(73,57),(274,45),(100,5),(42,91),(194,41),(253,114),(332,78),(218,77),(85,129),(21,77),
71:(310,88),(287,101),(134,14),(288,29),(120,138),(209,118),(251,122),(25,89),(328,69),(55,29),(73,58),(275,45),(99,5),(42,91),(194,42),(252,114),(332,78),(218,76),(85,128),(21,77),
72:(310,89),(288,101),(135,14),(288,29),(121,138),(210,118),(250,122),(25,88),(328,69),(54,29),(73,59),(276,45),(98,5),(42,91),(194,43),(251,114),(332,78),(218,75),(85,127),(21,77),
73:(310,90),(289,101),(136,14),(288,29),(122,138),(211,118),(249,122),(25,87),(328,69),(53,29),(73,60),(277,45),(97,5),(42,91),(194,44),(250,114),(332,78),(218,74),(85,126),(21,77),
74:(310,91),(290,101),(137,14),(288,29),(122,137),(212,118),(248,122),(25,86),(328,69),(52,29),(73,61),(278,45),(96,5),(42,91),(194,45),(249,114),(332,78),(218,73),(85,125),(21,77),
75:(310,92),(291,101),(138,14),(288,29),(123,137),(213,118),(247,122),(25,85),(328,69),(51,29),(73,62),(279,45),(95,5),(42,91),(194,46),(248,114),(332,78),(218,72),(85,124),(21,77),
76:(310,93),(292,101),(139,14),(288,29),(124,137),(214,118),(246,122),(25,84),(328,69),(50,29),(73,63),(280,45),(94,5),(42,91),(194,47),(247,114),(332,78),(218,71),(85,123),(21,77),
77:(310,94),(293,101),(140,14),(288,29),(125,137),(215,118),(245,122),(25,83),(328,69),(49,29),(73,64),(281,45),(93,5),(42,91),(194,48),(246,114),(332,78),(218,70),(85,122),(21,77),
78:(310,95),(294,101),(141,14),(288,29),(126,137),(216,118),(244,122),(25,82),(328,69),(48,29),(73,65),(282,45),(92,5),(42,91),(194,49),(245,114),(332,78),(218,69),(85,121),(21,77),
79:(310,96),(295,101),(142,14),(288,29),(127,137),(217,118),(243,122),(25,81),(328,69),(47,29),(73,66),(283,45),(91,5),(42,91),(194,50),(244,114),(332,78),(218,68),(85,120),(21,77),
80:(310,97),(296,101),(143,14),(288,29),(128,137),(218,118),(242,122),(25,80),(328,69),(46,29),(73,67),(284,45),(90,5),(42,91),(194,51),(243,114),(332,78),(218,67),(85,119),(21,77),
81:(310,98),(297,101),(144,14),(288,29),(129,137),(219,118),(241,122),(25,79),(328,69),(45,29),(73,68),(285,45),(89,5),(42,91),(194,52),(242,114),(332,78),(218,66),(85,118),(21,77),
82:(310,99),(298,101),(145,14),(288,29),(130,137),(220,118),(240,122),(25,78),(328,69),(44,29),(73,69),(286,45),(88,5),(42,91),(194,53),(241,114),(332,78),(218,65),(85,117),(21,77),
83:(310,100),(299,101),(146,14),(288,29),(131,137),(221,118),(239,122),(25,77),(328,69),(43,29),(73,70),(287,45),(87,5),(42,91),(194,54),(240,114),(332,78),(218,64),(85,116),(21,77),
84:(310,101),(300,101),(147,14),(288,29),(132,137),(222,118),(238,122),(25,76),(328,69),(42,29),(73,71),(288,45),(86,5),(42,91),(194,55),(239,114),(332,78),(218,63),(85,115),(21,77),
85:(310,102),(301,101),(148,14),(288,29),(133,137),(223,118),(237,122),(25,75),(328,69),(41,29),(73,72),(289,45),(85,5),(42,91),(194,56),(238,114),(332,78),(218,62),(85,114),(21,77),
86:(310,103),(302,101),(149,14),(288,29),(134,137),(224,118),(236,122),(25,74),(328,69),(40,29),(73,73),(290,45),(84,5),(42,91),(194,57),(237,114),(332,78),(218,61),(85,113),(21,77),
87:(310,104),(303,101),(150,14),(288,29),(135,137),(225,118),(235,122),(25,73),(328,69),(39,29),(73,74),(291,45),(83,5),(42,91),(194,58),(236,114),(332,78),(218,60),(85,112),(21,77),
88:(310,105),(304,101),(151,14),(288,29),(136,137),(226,118),(234,122),(25,72),(328,69),(38,29),(73,75),(292,45),(82,5),(42,91),(194,59),(235,114),(332,78),(218,59),(85,111),(21,77),
89:(310,106),(304,102),(152,14),(288,29),(137,137),(227,118),(233,122),(25,71),(328,69),(37,29),(73,76),(293,45),(81,5),(42,91),(194,60),(234,114),(332,78),(218,58),(85,110),(21,77),
90:(310,107),(304,103),(153,14),(288,29),(138,137),(228,118),(232,122),(25,70),(328,69),(36,29),(73,77),(294,45),(80,5),(42,91),(194,61),(233,114),(332,78),(219,58),(85,109),(21,77),
91:(310,108),(304,104),(154,14),(288,29),(139,137),(229,118),(231,122),(25,69),(328,69),(35,29),(73,78),(294,46),(79,5),(42,91),(194,62),(232,114),(332,78),(220,58),(85,108),(21,77),
92:(310,109),(304,105),(155,14),(288,29),(140,137),(230,118),(230,122),(25,68),(328,69),(34,29),(73,79),(294,47),(78,5),(42,91),(194,63),(231,114),(332,78),(221,58),(85,107),(21,77),
93:(310,110),(304,106),(156,14),(288,29),(141,137),(231,118),(229,122),(25,67),(328,69),(33,29),(73,80),(294,48),(77,5),(42,91),(194,64),(230,114),(332,78),(222,58),(85,106),(21,77),
94:(310,110),(304,107),(157,14),(288,29),(142,137),(232,118),(228,122),(25,66),(328,69),(32,29),(73,81),(294,49),(76,5),(42,91),(194,65),(229,114),(332,78),(223,58),(85,105),(21,77),
95:(310,110),(304,108),(158,14),(288,29),(143,137),(233,118),(227,122),(25,65),(328,69),(31,29),(73,82),(294,50),(75,5),(42,91),(194,66),(228,114),(332,78),(224,58),(85,104),(21,77),
96:(310,110),(304,109),(159,14),(288,29),(144,137),(234,118),(226,122),(25,64),(328,69),(30,29),(73,83),(294,51),(74,5),(42,91),(194,67),(227,114),(332,78),(224,57),(85,103),(21,77),
97:(310,110),(304,110),(160,14),(288,29),(145,137),(235,118),(225,122),(25,63),(328,69),(29,29),(73,84),(294,52),(73,5),(42,91),(194,68),(226,114),(332,78),(224,57),(85,102),(21,77),
98:(310,110),(304,111),(161,14),(288,29),(146,137),(236,118),(224,122),(25,62),(328,69),(28,29),(73,85),(294,53),(72,5),(42,91),(194,69),(225,114),(332,78),(224,57),(85,101),(21,77),
99:(310,110),(304,112),(162,14),(288,29),(147,137),(237,118),(223,122),(25,61),(328,69),(27,29),(73,86),(294,54),(71,5),(42,91),(194,70),(224,114),(332,78),(224,57),(85,100),(21,77),
100:(310,110),(304,113),(163,14),(288,29),(148,137),(238,118),(222,122),(25,60),(328,69),(26,29),(73,87),(294,55),(70,5),(42,91),(194,71),(223,114),(332,78),(224,57),(85,99),(21,77),
101:(310,110),(304,114),(164,14),(288,29),(149,137),(239,118),(221,122),(25,59),(328,69),(26,28),(73,88),(294,56),(69,5),(42,91),(194,72),(222,114),(332,78),(224,57),(85,98),(21,77),
102:(310,110),(304,115),(165,14),(288,29),(150,137),(240,118),(220,122),(25,58),(328,69),(26,27),(73,89),(294,57),(68,5),(42,91),(194,73),(221,114),(332,78),(224,57),(85,97),(21,77),
103:(310,110),(304,116),(166,14),(288,29),(151,137),(241,118),(219,122),(25,57),(328,69),(26,26),(73,90),(294,58),(67,5),(42,91),(194,74),(220,114),(332,78),(224,57),(85,96),(21,77),
104:(310,110),(304,117),(167,14),(288,29),(152,137),(242,118),(218,122),(25,56),(328,69),(26,25),(73,91),(294,59),(66,5),(42,91),(194,75),(219,114),(332,78),(224,57),(85,95),(21,77),
105:(310,110),(304,118),(168,14),(288,29),(153,137),(243,118),(217,122),(25,55),(328,69),(26,24),(73,92),(294,60),(65,5),(42,91),(194,76),(218,114),(332,78),(224,57),(85,94),(21,77),
106:(310,110),(304,119),(169,14),(288,29),(154,137),(244,118),(216,122),(25,54),(328,69),(26,23),(73,93),(294,61),(64,5),(42,91),(194,77),(217,114),(332,78),(224,57),(85,93),(21,77),
107:(310,110),(304,120),(170,14),(288,29),(155,137),(245,118),(215,122),(25,53),(328,69),(26,22),(73,94),(294,62),(63,5),(42,91),(194,78),(216,114),(332,78),(224,57),(85,92),(21,77),
108:(310,110),(304,121),(171,14),(288,29),(156,137),(246,118),(214,122),(25,52),(328,69),(26,21),(73,95),(294,63),(62,5),(42,91),(194,79),(215,114),(332,78),(224,57),(85,91),(21,77),
109:(310,110),(304,121),(172,14),(288,29),(157,137),(247,118),(213,122),(25,51),(328,69),(26,20),(73,96),(294,64),(61,5),(42,91),(194,80),(214,114),(332,78),(224,57),(85,90),(21,77),
110:(310,110),(304,121),(173,14),(288,29),(158,137),(248,118),(212,122),(25,50),(328,69),(26,19),(73,97),(294,65),(60,5),(42,91),(194,81),(213,114),(332,78),(224,57),(85,89),(21,77),
111:(310,110),(304,121),(174,14),(288,29),(159,137),(249,118),(211,122),(25,49),(328,69),(26,18),(73,98),(294,66),(59,5),(42,91),(194,82),(212,114),(332,78),(224,57),(85,88),(21,77),
112:(310,110),(304,121),(175,14),(288,29),(160,137),(250,118),(210,122),(25,48),(328,69),(26,17),(73,99),(294,67),(58,5),(42,91),(194,83),(211,114),(332,78),(224,57),(85,87),(21,77),
113:(310,110),(304,121),(176,14),(288,29),(161,137),(251,118),(209,122),(25,47),(328,69),(26,16),(73,100),(294,68),(57,5),(42,91),(194,84),(210,114),(332,78),(224,57),(85,86),(21,77),
114:(310,110),(304,121),(177,14),(288,29),(162,137),(252,118),(208,122),(25,46),(328,69),(26,15),(73,101),(294,69),(56,5),(42,91),(194,85),(209,114),(332,78),(224,57),(85,85),(21,77),
115:(310,110),(304,121),(178,14),(288,29),(163,137),(253,118),(207,122),(25,45),(328,69),(26,14),(73,102),(294,70),(55,5),(42,91),(194,86),(208,114),(332,78),(224,57),(85,84),(21,77),
116:(310,110),(304,121),(179,14),(288,29),(164,137),(254,118),(206,122),(25,44),(328,69),(26,13),(73,103),(294,71),(54,5),(42,91),(194,87),(207,114),(332,78),(224,57),(85,83),(21,77),
117:(310,110),(304,121),(180,14),(288,29),(165,137),(255,118),(205,122),(25,43),(328,69),(26,12),(73,104),(294,72),(53,5),(42,91),(194,88),(206,114),(332,78),(224,57),(85,82),(21,77),
118:(310,110),(304,121),(181,14),(288,29),(166,137),(256,118),(204,122),(25,42),(328,69),(26,11),(73,105),(294,73),(52,5),(42,91),(194,89),(205,114),(332,78),(224,57),(85,81),(21,77),
119:(310,110),(304,121),(182,14),(288,29),(167,137),(257,118),(203,122),(25,41),(328,69),(26,10),(73,106),(294,74),(51,5),(42,91),(194,90),(204,114),(332,78),(224,57),(85,80),(21,77),
120:(310,110),(304,121),(183,14),(288,29),(168,137),(258,118),(202,122),(25,40),(328,69),(26,10),(73,107),(294,75),(50,5),(42,91),(194,91),(203,114),(332,78),(224,57),(85,79),(21,77),
121:(310,110),(304,121),(184,14),(288,29),(169,137),(259,118),(201,122),(25,39),(328,69),(26,10),(73,108),(294,76),(49,5),(42,91),(194,92),(202,114),(332,78),(224,57),(85,78),(21,77),
122:(310,110),(304,121),(185,14),(288,29),(170,137),(260,118),(200,122),(25,38),(328,69),(26,10),(73,109),(294,77),(48,5),(42,91),(194,93),(201,114),(332,78),(224,57),(85,77),(21,77),
123:(310,110),(304,121),(186,14),(288,29),(171,137),(261,118),(199,122),(25,37),(328,69),(26,10),(73,110),(294,78),(47,5),(42,91),(194,94),(200,114),(332,78),(224,57),(85,76),(21,77),
124:(310,110),(304,121),(187,14),(288,29),(172,137),(262,118),(198,122),(25,36),(328,69),(26,10),(73,111),(294,79),(46,5),(42,91),(194,95),(199,114),(332,78),(224,57),(85,75),(21,77),
125:(310,110),(304,121),(188,14),(288,29),(173,137),(263,118),(197,122),(25,35),(328,69),(26,10),(73,112),(294,80),(45,5),(42,91),(194,96),(198,114),(332,78),(224,57),(85,74),(21,77),
126:(310,110),(304,121),(189,14),(288,29),(174,137),(264,118),(196,122),(25,34),(328,69),(26,10),(73,113),(294,81),(44,5),(42,91),(194,97),(197,114),(332,78),(224,57),(85,73),(21,77),
127:(310,110),(304,121),(190,14),(288,29),(175,137),(265,118),(195,122),(25,33),(328,69),(26,10),(73,114),(294,82),(43,5),(42,91),(194,98),(196,114),(332,78),(224,57),(85,72),(21,77),
128:(310,110),(304,121),(191,14),(288,29),(176,137),(266,118),(194,122),(25,32),(328,69),(26,10),(73,115),(294,83),(42,5),(42,91),(194,99),(195,114),(332,78),(224,57),(85,71),(21,77),
129:(310,110),(304,121),(192,14),(288,29),(177,137),(267,118),(193,122),(25,31),(328,69),(26,10),(73,116),(294,84),(41,5),(42,91),(194,100),(194,114),(332,78),(224,57),(85,70),(21,77),
130:(310,110),(304,121),(193,14),(288,29),(178,137),(268,118),(192,122),(25,30),(328,69),(26,10),(73,117),(294,85),(40,5),(42,91),(194,101),(193,114),(332,78),(224,57),(85,69),(21,77),
131:(310,110),(304,121),(194,14),(288,29),(179,137),(269,118),(191,122),(25,29),(328,69),(26,10),(73,118),(294,86),(39,5),(42,91),(194,102),(192,114),(332,78),(224,57),(85,68),(21,77),
132:(310,110),(304,121),(195,14),(288,29),(180,137),(270,118),(190,122),(25,28),(328,69),(26,10),(73,119),(294,87),(38,5),(42,91),(194,103),(191,114),(332,78),(224,57),(85,67),(21,77),
133:(310,110),(304,121),(196,14),(288,29),(181,137),(271,118),(189,122),(25,27),(328,69),(26,10),(73,120),(294,88),(37,5),(42,91),(194,104),(190,114),(332,78),(224,57),(85,66),(21,77),
134:(310,110),(304,121),(197,14),(288,29),(182,137),(272,118),(188,122),(25,26),(328,69),(26,10),(73,121),(294,89),(36,5),(42,91),(194,105),(189,114),(332,78),(224,57),(85,65),(21,77),
135:(310,110),(304,121),(198,14),(288,29),(183,137),(273,118),(187,122),(25,25),(328,69),(26,10),(72,121),(294,90),(35,5),(42,91),(195,105),(188,114),(332,78),(224,57),(85,64),(21,77),
136:(310,110),(304,121),(199,14),(288,29),(184,137),(274,118),(186,122),(25,25),(328,69),(26,10),(71,121),(294,91),(34,5),(42,91),(196,105),(187,114),(332,78),(224,57),(85,63),(21,77),
137:(310,110),(304,121),(200,14),(288,29),(185,137),(275,118),(185,122),(25,25),(328,69),(26,10),(70,121),(294,92),(33,5),(42,91),(197,105),(186,114),(332,78),(224,57),(85,62),(21,77),
138:(310,110),(304,121),(201,14),(288,29),(186,137),(276,118),(184,122),(25,25),(328,69),(26,10),(70,121),(294,93),(32,5),(42,91),(198,105),(185,114),(332,78),(224,57),(85,61),(21,77),
139:(310,110),(304,121),(202,14),(288,29),(187,137),(277,118),(183,122),(25,25),(328,69),(26,10),(70,121),(294,94),(31,5),(42,91),(199,105),(184,114),(332,78),(224,57),(85,60),(21,77),
140:(310,110),(304,121),(203,14),(288,29),(188,137),(278,118),(182,122),(25,25),(328,69),(26,10),(70,121),(294,95),(30,5),(42,91),(199,106),(183,114),(332,78),(224,57),(85,59),(21,77),
141:(310,110),(304,121),(204,14),(288,29),(189,137),(279,118),(181,122),(25,25),(328,69),(26,10),(70,121),(294,96),(29,5),(42,91),(199,106),(182,114),(332,78),(224,57),(85,58),(21,77),
142:(310,110),(304,121),(205,14),(288,29),(190,137),(280,118),(180,122),(25,25),(328,69),(26,10),(70,121),(294,97),(28,5),(42,91),(199,106),(181,114),(332,78),(224,57),(85,57),(21,77),
143:(310,110),(304,121),(206,14),(288,29),(191,137),(281,118),(179,122),(25,25),(328,69),(26,10),(70,121),(294,98),(27,5),(42,91),(199,106),(180,114),(332,78),(224,57),(85,56),(21,77),
144:(310,110),(304,121),(207,14),(288,29),(192,137),(282,118),(178,122),(25,25),(328,69),(26,10),(70,121),(294,99),(26,5),(42,91),(199,106),(179,114),(332,78),(224,57),(85,55),(21,77),
145:(310,110),(304,121),(208,14),(288,29),(193,137),(283,118),(177,122),(25,25),(328,69),(26,10),(70,121),(294,100),(25,5),(42,91),(199,106),(178,114),(332,78),(224,57),(85,54),(21,77),
146:(310,110),(304,121),(209,14),(288,29),(194,137),(284,118),(176,122),(25,25),(328,69),(26,10),(70,121),(294,101),(24,5),(42,91),(199,106),(177,114),(332,78),(224,57),(85,53),(21,77),
147:(310,110),(304,121),(210,14),(288,29),(195,137),(285,118),(175,122),(25,25),(328,69),(26,10),(70,121),(294,102),(23,5),(42,91),(199,106),(176,114),(332,78),(224,57),(85,52),(21,77),
148:(310,110),(304,121),(211,14),(288,29),(196,137),(286,118),(174,122),(25,25),(328,69),(26,10),(70,121),(294,103),(22,5),(42,91),(199,106),(175,114),(332,78),(224,57),(85,51),(21,77),
149:(310,110),(304,121),(212,14),(288,29),(197,137),(287,118),(173,122),(25,25),(328,69),(26,10),(70,121),(294,104),(21,5),(42,91),(199,106),(174,114),(332,78),(224,57),(85,50),(21,77),
150:(310,110),(304,121),(213,14),(288,29),(198,137),(288,118),(172,122),(25,25),(328,69),(26,10),(70,121),(294,105),(20,5),(42,91),(199,106),(173,114),(332,78),(224,57),(85,49),(21,77),
151:(310,110),(304,121),(214,14),(288,29),(199,137),(289,118),(171,122),(25,25),(328,69),(26,10),(70,121),(294,106),(19,5),(42,91),(199,106),(172,114),(332,78),(224,57),(85,48),(21,77),
152:(310,110),(304,121),(215,14),(288,29),(200,137),(290,118),(170,122),(25,25),(328,69),(26,10),(70,121),(294,107),(18,5),(42,91),(199,106),(171,114),(332,78),(224,57),(85,47),(21,77),
153:(310,110),(304,121),(216,14),(288,29),(201,137),(291,118),(169,122),(25,25),(328,69),(26,10),(70,121),(294,108),(17,5),(42,91),(199,106),(170,114),(332,78),(224,57),(85,46),(21,77),
154:(310,110),(304,121),(217,14),(288,29),(202,137),(292,118),(168,122),(25,25),(328,69),(26,10),(70,121),(294,109),(16,5),(42,91),(199,106),(169,114),(332,78),(224,57),(85,45),(21,77),
155:(310,110),(304,121),(218,14),(288,29),(203,137),(293,118),(167,122),(25,25),(328,69),(26,10),(70,121),(294,110),(16,6),(42,91),(199,106),(168,114),(332,78),(224,57),(85,44),(21,77),
156:(310,110),(304,121),(219,14),(288,29),(204,137),(293,119),(166,122),(25,25),(328,69),(26,10),(70,121),(294,111),(16,7),(42,91),(199,106),(167,114),(332,78),(224,57),(85,43),(21,77),
157:(310,110),(304,121),(220,14),(288,29),(205,137),(294,119),(165,122),(25,25),(328,69),(26,10),(70,121),(294,112),(16,8),(42,91),(199,106),(166,114),(332,78),(224,57),(85,42),(21,77),
158:(310,110),(304,121),(221,14),(288,29),(206,137),(295,119),(164,122),(25,25),(328,69),(26,10),(70,121),(294,113),(16,9),(42,91),(199,106),(165,114),(332,78),(224,57),(85,41),(21,77),
159:(310,110),(304,121),(222,14),(288,29),(207,137),(296,119),(163,122),(25,25),(328,69),(26,10),(70,121),(294,114),(16,10),(42,91),(199,106),(164,114),(332,78),(224,57),(85,40),(21,77),
160:(310,110),(304,121),(223,14),(288,29),(208,137),(297,119),(162,122),(25,25),(328,69),(26,10),(70,121),(294,115),(16,11),(42,91),(199,106),(163,114),(332,78),(224,57),(85,39),(21,77),
161:(310,110),(304,121),(224,14),(288,29),(209,137),(298,119),(161,122),(25,25),(328,69),(26,10),(70,121),(294,116),(16,12),(42,91),(199,106),(162,114),(332,78),(224,57),(85,38),(21,77),
162:(310,110),(304,121),(225,14),(288,29),(210,137),(299,119),(160,122),(25,25),(328,69),(26,10),(70,121),(294,117),(16,13),(42,91),(199,106),(161,114),(332,78),(224,57),(85,37),(21,77),
163:(310,110),(304,121),(226,14),(288,29),(211,137),(300,119),(159,122),(25,25),(328,69),(26,10),(70,121),(294,118),(16,14),(42,91),(199,106),(160,114),(332,78),(224,57),(85,36),(21,77),
164:(310,110),(304,121),(227,14),(288,29),(212,137),(301,119),(158,122),(25,25),(328,69),(26,10),(70,121),(294,118),(16,15),(42,91),(199,106),(159,114),(332,78),(224,57),(85,35),(21,77),
165:(310,110),(304,121),(228,14),(288,29),(213,137),(302,119),(157,122),(25,25),(328,69),(26,10),(70,121),(294,118),(16,16),(42,91),(199,106),(158,114),(332,78),(224,57),(85,34),(21,77),
166:(310,110),(304,121),(229,14),(288,29),(214,137),(303,119),(156,122),(25,25),(328,69),(26,10),(70,121),(294,118),(16,17),(42,91),(199,106),(157,114),(332,78),(224,57),(85,33),(21,77),
167:(310,110),(304,121),(230,14),(288,29),(215,137),(304,119),(155,122),(25,25),(328,69),(26,10),(70,121),(294,118),(16,17),(42,91),(199,106),(156,114),(332,78),(224,57),(85,32),(21,77),
168:(310,110),(304,121),(231,14),(288,29),(216,137),(305,119),(154,122),(25,25),(328,69),(26,10),(70,121),(294,118),(16,17),(42,91),(199,106),(155,114),(332,78),(224,57),(85,31),(21,77),
169:(310,110),(304,121),(232,14),(288,29),(217,137),(306,119),(153,122),(25,25),(328,69),(26,10),(70,121),(294,118),(16,17),(42,91),(199,106),(154,114),(332,78),(224,57),(85,30),(21,77),
170:(310,110),(304,121),(233,14),(288,29),(218,137),(307,119),(152,122),(25,25),(328,69),(26,10),(70,121),(294,118),(16,17),(42,91),(199,106),(153,114),(332,78),(224,57),(85,29),(21,77),
171:(310,110),(304,121),(234,14),(288,29),(219,137),(308,119),(151,122),(25,25),(328,69),(26,10),(70,121),(294,118),(16,17),(42,91),(199,106),(152,114),(332,78),(224,57),(85,28),(21,77),
172:(310,110),(304,121),(235,14),(288,29),(220,137),(309,119),(150,122),(25,25),(328,69),(26,10),(70,121),(294,118),(16,17),(42,91),(199,106),(151,114),(332,78),(224,57),(85,27),(21,77),
173:(310,110),(304,121),(236,14),(288,29),(221,137),(310,119),(149,122),(25,25),(328,69),(26,10),(70,121),(294,118),(16,17),(42,91),(199,106),(150,114),(332,78),(224,57),(85,26),(21,77),
174:(310,110),(304,121),(237,14),(288,29),(222,137),(311,119),(148,122),(25,25),(328,69),(26,10),(70,121),(294,118),(16,17),(42,91),(199,106),(149,114),(332,78),(224,57),(84,26),(21,77),
175:(310,110),(304,121),(238,14),(288,29),(223,137),(312,119),(147,122),(25,25),(328,69),(26,10),(70,121),(294,118),(16,17),(42,91),(199,106),(148,114),(332,78),(224,57),(83,26),(21,77),
176:(310,110),(304,121),(239,14),(288,29),(224,137),(313,119),(146,122),(25,25),(328,69),(26,10),(70,121),(294,118),(16,17),(42,91),(199,106),(147,114),(332,78),(224,57),(82,26),(21,77),
177:(310,110),(304,121),(240,14),(288,29),(225,137),(314,119),(145,122),(25,25),(328,69),(26,10),(70,121),(294,118),(16,17),(42,91),(199,106),(146,114),(332,78),(224,57),(81,26),(21,77),
178:(310,110),(304,121),(241,14),(288,29),(226,137),(315,119),(144,122),(25,25),(328,69),(26,10),(70,121),(294,118),(16,17),(42,91),(199,106),(145,114),(332,78),(224,57),(80,26),(21,77),
179:(310,110),(304,121),(242,14),(288,29),(227,137),(316,119),(143,122),(25,25),(328,69),(26,10),(70,121),(294,118),(16,17),(42,91),(199,106),(144,114),(332,78),(224,57),(79,26),(21,77),
180:(310,110),(304,121),(243,14),(288,29),(228,137),(317,119),(142,122),(25,25),(328,69),(26,10),(70,121),(294,118),(16,17),(42,91),(199,106),(143,114),(332,78),(224,57),(78,26),(21,77),
181:(310,110),(304,121),(244,14),(288,29),(229,137),(318,119),(141,122),(25,25),(328,69),(26,10),(70,121),(294,118),(16,17),(42,91),(199,106),(142,114),(332,78),(224,57),(77,26),(21,77),
182:(310,110),(304,121),(245,14),(288,29),(230,137),(319,119),(140,122),(25,25),(328,69),(26,10),(70,121),(294,118),(16,17),(42,91),(199,106),(141,114),(332,78),(224,57),(76,26),(21,77),
183:(310,110),(304,121),(246,14),(288,29),(230,136),(320,119),(139,122),(25,25),(328,69),(26,10),(70,121),(294,118),(16,17),(42,91),(199,106),(140,114),(332,78),(224,57),(75,26),(21,77),
184:(310,110),(304,121),(247,14),(288,29),(230,135),(321,119),(138,122),(25,25),(328,69),(26,10),(70,121),(294,118),(16,17),(42,91),(199,106),(139,114),(332,78),(224,57),(75,25),(21,77),
185:(310,110),(304,121),(248,14),(288,29),(230,134),(322,119),(137,122),(25,25),(328,69),(26,10),(70,121),(294,118),(16,17),(42,91),(199,106),(138,114),(332,78),(224,57),(75,25),(21,77),
186:(310,110),(304,121),(249,14),(288,29),(230,133),(323,119),(136,122),(25,25),(328,69),(26,10),(70,121),(294,118),(16,17),(42,91),(199,106),(137,114),(332,78),(224,57),(75,25),(21,77),
187:(310,110),(304,121),(250,14),(288,29),(230,132),(324,119),(135,122),(25,25),(328,69),(26,10),(70,121),(294,118),(16,17),(42,91),(199,106),(136,114),(332,78),(224,57),(75,25),(21,77),
188:(310,110),(304,121),(251,14),(288,29),(230,131),(325,119),(134,122),(25,25),(328,69),(26,10),(70,121),(294,118),(16,17),(42,91),(199,106),(135,114),(332,78),(224,57),(75,25),(21,77),
189:(310,110),(304,121),(252,14),(288,29),(230,130),(325,120),(133,122),(25,25),(328,69),(26,10),(70,121),(294,118),(16,17),(42,91),(199,106),(134,114),(332,78),(224,57),(75,25),(21,77),
190:(310,110),(304,121),(253,14),(288,29),(230,129),(325,121),(132,122),(25,25),(328,69),(26,10),(70,121),(294,118),(16,17),(42,91),(199,106),(133,114),(332,78),(224,57),(75,25),(21,77),
191:(310,110),(304,121),(254,14),(288,29),(230,128),(325,122),(131,122),(25,25),(328,69),(26,10),(70,121),(294,118),(16,17),(42,91),(199,106),(133,115),(332,78),(224,57),(75,25),(21,77),
192:(310,110),(304,121),(255,14),(288,29),(230,127),(325,123),(130,122),(25,25),(328,69),(26,10),(70,121),(294,118),(16,17),(42,91),(199,106),(133,116),(332,78),(224,57),(75,25),(21,77),
193:(310,110),(304,121),(256,14),(288,29),(230,126),(325,124),(129,122),(25,25),(328,69),(26,10),(70,121),(294,118),(16,17),(42,91),(199,106),(133,117),(332,78),(224,57),(75,25),(21,77),
194:(310,110),(304,121),(257,14),(288,29),(230,125),(325,125),(128,122),(25,25),(328,69),(26,10),(70,121),(294,118),(16,17),(42,91),(199,106),(133,118),(332,78),(224,57),(75,25),(21,77),
195:(310,110),(304,121),(258,14),(288,29),(230,124),(325,126),(127,122),(25,25),(328,69),(26,10),(70,121),(294,118),(16,17),(42,91),(199,106),(133,119),(332,78),(224,57),(75,25),(21,77),
196:(310,110),(304,121),(259,14),(288,29),(230,123),(325,127),(126,122),(25,25),(328,69),(26,10),(70,121),(294,118),(16,17),(42,91),(199,106),(133,120),(332,78),(224,57),(75,25),(21,77),
197:(310,110),(304,121),(260,14),(288,29),(230,122),(325,128),(125,122),(25,25),(328,69),(26,10),(70,121),(294,118),(16,17),(42,91),(199,106),(133,121),(332,78),(224,57),(75,25),(21,77),
198:(310,110),(304,121),(261,14),(288,29),(231,122),(325,129),(124,122),(25,25),(328,69),(26,10),(70,121),(294,118),(16,17),(42,91),(199,106),(133,122),(332,78),(224,57),(75,25),(21,77),
199:(310,110),(304,121),(262,14),(288,29),(232,122),(325,130),(123,122),(25,25),(328,69),(26,10),(70,121),(294,118),(16,17),(42,91),(199,106),(133,123),(332,78),(224,57),(75,25),(21,77),
200:(310,110),(304,121),(263,14),(288,29),(233,122),(325,131),(122,122),(25,25),(328,69),(26,10),(70,121),(294,118),(16,17),(42,91),(199,106),(133,124),(332,78),(224,57),(75,25),(21,77),
201:(310,110),(304,121),(264,14),(288,29),(234,122),(325,132),(121,122),(25,25),(328,69),(26,10),(70,121),(294,118),(16,17),(42,91),(199,106),(133,125),(332,78),(224,57),(75,25),(21,77),
202:(310,110),(304,121),(265,14),(288,29),(234,121),(325,133),(120,122),(25,25),(328,69),(26,10),(70,121),(294,118),(16,17),(42,91),(199,106),(133,126),(332,78),(224,57),(75,25),(21,77),
203:(310,110),(304,121),(266,14),(288,29),(234,121),(325,134),(119,122),(25,25),(328,69),(26,10),(70,121),(294,118),(16,17),(42,91),(199,106),(133,127),(332,78),(224,57),(75,25),(21,77),
204:(310,110),(304,121),(267,14),(288,29),(234,121),(325,135),(118,122),(25,25),(328,69),(26,10),(70,121),(294,118),(16,17),(42,91),(199,106),(133,128),(332,78),(224,57),(75,25),(21,77),
205:(310,110),(304,121),(268,14),(288,29),(234,121),(325,136),(117,122),(25,25),(328,69),(26,10),(70,121),(294,118),(16,17),(42,91),(199,106),(133,129),(332,78),(224,57),(75,25),(21,77),
206:(310,110),(304,121),(269,14),(288,29),(234,121),(325,137),(116,122),(25,25),(328,69),(26,10),(70,121),(294,118),(16,17),(42,91),(199,106),(133,130),(332,78),(224,57),(75,25),(21,77),
207:(310,110),(304,121),(270,14),(288,29),(234,121),(325,138),(115,122),(25,25),(328,69),(26,10),(70,121),(294,118),(16,17),(42,91),(199,106),(133,131),(332,78),(224,57),(75,25),(21,77),
208:(310,110),(304,121),(271,14),(288,29),(234,121),(325,139),(114,122),(25,25),(328,69),(26,10),(70,121),(294,118),(16,17),(42,91),(199,106),(133,132),(332,78),(224,57),(75,25),(21,77),
209:(310,110),(304,121),(272,14),(288,29),(234,121),(325,139),(113,122),(25,25),(328,69),(26,10),(70,121),(294,118),(16,17),(42,91),(199,106),(133,133),(332,78),(224,57),(75,25),(21,77),
210:(310,110),(304,121),(273,14),(288,29),(234,121),(325,139),(112,122),(25,25),(328,69),(26,10),(70,121),(294,118),(16,17),(42,91),(199,106),(133,134),(332,78),(224,57),(75,25),(21,77),
211:(310,110),(304,121),(274,14),(288,29),(234,121),(325,139),(111,122),(25,25),(328,69),(26,10),(70,121),(294,118),(16,17),(42,91),(199,106),(133,135),(332,78),(224,57),(75,25),(21,77),
212:(310,110),(304,121),(275,14),(288,29),(234,121),(325,139),(110,122),(25,25),(328,69),(26,10),(70,121),(294,118),(16,17),(42,91),(199,106),(133,136),(332,78),(224,57),(75,25),(21,77),
213:(310,110),(304,121),(276,14),(288,29),(234,121),(325,139),(109,122),(25,25),(328,69),(26,10),(70,121),(294,118),(16,17),(42,91),(199,106),(133,137),(332,78),(224,57),(75,25),(21,77),
214:(310,110),(304,121),(277,14),(288,29),(234,121),(325,139),(108,122),(25,25),(328,69),(26,10),(70,121),(294,118),(16,17),(42,91),(199,106),(132,137),(332,78),(224,57),(75,25),(21,77),
215:(310,110),(304,121),(278,14),(288,29),(234,121),(325,139),(107,122),(25,25),(328,69),(26,10),(70,121),(294,118),(16,17),(42,91),(199,106),(131,137),(332,78),(224,57),(75,25),(21,77),
216:(310,110),(304,121),(279,14),(288,29),(234,121),(325,139),(106,122),(25,25),(328,69),(26,10),(70,121),(294,118),(16,17),(42,91),(199,106),(130,137),(332,78),(224,57),(75,25),(21,77),
217:(310,110),(304,121),(280,14),(288,29),(234,121),(325,139),(105,122),(25,25),(328,69),(26,10),(70,121),(294,118),(16,17),(42,91),(199,106),(129,137),(332,78),(224,57),(75,25),(21,77),
218:(310,110),(304,121),(281,14),(288,29),(234,121),(325,139),(104,122),(25,25),(328,69),(26,10),(70,121),(294,118),(16,17),(42,91),(199,106),(128,137),(332,78),(224,57),(75,25),(21,77),
219:(310,110),(304,121),(282,14),(288,29),(234,121),(325,139),(103,122),(25,25),(328,69),(26,10),(70,121),(294,118),(16,17),(42,91),(199,106),(127,137),(332,78),(224,57),(75,25),(21,77),
220:(310,110),(304,121),(283,14),(288,29),(234,121),(325,139),(102,122),(25,25),(328,69),(26,10),(70,121),(294,118),(16,17),(42,91),(199,106),(126,137),(332,78),(224,57),(75,25),(21,77),
221:(310,110),(304,121),(284,14),(288,29),(234,121),(325,139),(101,122),(25,25),(328,69),(26,10),(70,121),(294,118),(16,17),(42,91),(199,106),(125,137),(332,78),(224,57),(75,25),(21,77),
222:(310,110),(304,121),(285,14),(288,29),(234,121),(325,139),(100,122),(25,25),(328,69),(26,10),(70,121),(294,118),(16,17),(42,91),(199,106),(124,137),(332,78),(224,57),(75,25),(21,77),
223:(310,110),(304,121),(286,14),(288,29),(234,121),(325,139),(99,122),(25,25),(328,69),(26,10),(70,121),(294,118),(16,17),(42,91),(199,106),(123,137),(332,78),(224,57),(75,25),(21,77),
224:(310,110),(304,121),(287,14),(288,29),(234,121),(325,139),(98,122),(25,25),(328,69),(26,10),(70,121),(294,118),(16,17),(42,91),(199,106),(123,138),(332,78),(224,57),(75,25),(21,77),
225:(310,110),(304,121),(288,14),(288,29),(234,121),(325,139),(97,122),(25,25),(328,69),(26,10),(70,121),(294,118),(16,17),(42,91),(199,106),(123,138),(332,78),(224,57),(75,25),(21,77),
226:(310,110),(304,121),(289,14),(288,29),(234,121),(325,139),(96,122),(25,25),(328,69),(26,10),(70,121),(294,118),(16,17),(42,91),(199,106),(123,138),(332,78),(224,57),(75,25),(21,77),
227:(310,110),(304,121),(290,14),(288,29),(234,121),(325,139),(95,122),(25,25),(328,69),(26,10),(70,121),(294,118),(16,17),(42,91),(199,106),(123,138),(332,78),(224,57),(75,25),(21,77),
228:(310,110),(304,121),(291,14),(288,29),(234,121),(325,139),(94,122),(25,25),(328,69),(26,10),(70,121),(294,118),(16,17),(42,91),(199,106),(123,138),(332,78),(224,57),(75,25),(21,77),
229:(310,110),(304,121),(292,14),(288,29),(234,121),(325,139),(93,122),(25,25),(328,69),(26,10),(70,121),(294,118),(16,17),(42,91),(199,106),(123,138),(332,78),(224,57),(75,25),(21,77),
230:(310,110),(304,121),(293,14),(288,29),(234,121),(325,139),(92,122),(25,25),(328,69),(26,10),(70,121),(294,118),(16,17),(42,91),(199,106),(123,138),(332,78),(224,57),(75,25),(21,77),
231:(310,110),(304,121),(294,14),(288,29),(234,121),(325,139),(91,122),(25,25),(328,69),(26,10),(70,121),(294,118),(16,17),(42,91),(199,106),(123,138),(332,78),(224,57),(75,25),(21,77),
232:(310,110),(304,121),(295,14),(288,29),(234,121),(325,139),(90,122),(25,25),(328,69),(26,10),(70,121),(294,118),(16,17),(42,91),(199,106),(123,138),(332,78),(224,57),(75,25),(21,77),
233:(310,110),(304,121),(296,14),(288,29),(234,121),(325,139),(89,122),(25,25),(328,69),(26,10),(70,121),(294,118),(16,17),(42,91),(199,106),(123,138),(332,78),(224,57),(75,25),(21,77),
234:(310,110),(304,121),(297,14),(288,29),(234,121),(325,139),(88,122),(25,25),(328,69),(26,10),(70,121),(294,118),(16,17),(42,91),(199,106),(123,138),(332,78),(224,57),(75,25),(21,77),
235:(310,110),(304,121),(298,14),(288,29),(234,121),(325,139),(87,122),(25,25),(328,69),(26,10),(70,121),(294,118),(16,17),(42,91),(199,106),(123,138),(332,78),(224,57),(75,25),(21,77),
236:(310,110),(304,121),(299,14),(288,29),(234,121),(325,139),(86,122),(25,25),(328,69),(26,10),(70,121),(294,118),(16,17),(42,91),(199,106),(123,138),(332,78),(224,57),(75,25),(21,77),
237:(310,110),(304,121),(300,14),(288,29),(234,121),(325,139),(85,122),(25,25),(328,69),(26,10),(70,121),(294,118),(16,17),(42,91),(199,106),(123,138),(332,78),(224,57),(75,25),(21,77),
238:(310,110),(304,121),(301,14),(288,29),(234,121),(325,139),(84,122),(25,25),(328,69),(26,10),(70,121),(294,118),(16,17),(42,91),(199,106),(123,138),(332,78),(224,57),(75,25),(21,77),
239:(310,110),(304,121),(302,14),(288,29),(234,121),(325,139),(83,122),(25,25),(328,69),(26,10),(70,121),(294,118),(16,17),(42,91),(199,106),(123,138),(332,78),(224,57),(75,25),(21,77),
240:(310,110),(304,121),(303,14),(288,29),(234,121),(325,139),(82,122),(25,25),(328,69),(26,10),(70,121),(294,118),(16,17),(42,91),(199,106),(123,138),(332,78),(224,57),(75,25),(21,77),
241:(310,110),(304,121),(304,14),(288,29),(234,121),(325,139),(81,122),(25,25),(328,69),(26,10),(70,121),(294,118),(16,17),(42,91),(199,106),(123,138),(332,78),(224,57),(75,25),(21,77),
242:(310,110),(304,121),(305,14),(288,29),(234,121),(325,139),(80,122),(25,25),(328,69),(26,10),(70,121),(294,118),(16,17),(42,91),(199,106),(123,138),(332,78),(224,57),(75,25),(21,77),
243:(310,110),(304,121),(306,14),(288,29),(234,121),(325,139),(79,122),(25,25),(328,69),(26,10),(70,121),(294,118),(16,17),(42,91),(199,106),(123,138),(332,78),(224,57),(75,25),(21,77),
244:(310,110),(304,121),(307,14),(288,29),(234,121),(325,139),(78,122),(25,25),(328,69),(26,10),(70,121),(294,118),(16,17),(42,91),(199,106),(123,138),(332,78),(224,57),(75,25),(21,77),
245:(310,110),(304,121),(308,14),(288,29),(234,121),(325,139),(77,122),(25,25),(328,69),(26,10),(70,121),(294,118),(16,17),(42,91),(199,106),(123,138),(332,78),(224,57),(75,25),(21,77),
246:(310,110),(304,121),(309,14),(288,29),(234,121),(325,139),(76,122),(25,25),(328,69),(26,10),(70,121),(294,118),(16,17),(42,91),(199,106),(123,138),(332,78),(224,57),(75,25),(21,77),
247:(310,110),(304,121),(310,14),(288,29),(234,121),(325,139),(75,122),(25,25),(328,69),(26,10),(70,121),(294,118),(16,17),(42,91),(199,106),(123,138),(332,78),(224,57),(75,25),(21,77),
248:(310,110),(304,121),(311,14),(288,29),(234,121),(325,139),(74,122),(25,25),(328,69),(26,10),(70,121),(294,118),(16,17),(42,91),(199,106),(123,138),(332,78),(224,57),(75,25),(21,77),
249:(310,110),(304,121),(312,14),(288,29),(234,121),(325,139),(73,122),(25,25),(328,69),(26,10),(70,121),(294,118),(16,17),(42,91),(199,106),(123,138),(332,78),(224,57),(75,25),(21,77),
250:(310,110),(304,121),(313,14),(288,29),(234,121),(325,139),(72,122),(25,25),(328,69),(26,10),(70,121),(294,118),(16,17),(42,91),(199,106),(123,138),(332,78),(224,57),(75,25),(21,77),
251:(310,110),(304,121),(314,14),(288,29),(234,121),(325,139),(71,122),(25,25),(328,69),(26,10),(70,121),(294,118),(16,17),(42,91),(199,106),(123,138),(332,78),(224,57),(75,25),(21,77),
252:(310,110),(304,121),(315,14),(288,29),(234,121),(325,139),(70,122),(25,25),(328,69),(26,10),(70,121),(294,118),(16,17),(42,91),(199,106),(123,138),(332,78),(224,57),(75,25),(21,77),
253:(310,110),(304,121),(316,14),(288,29),(234,121),(325,139),(69,122),(25,25),(328,69),(26,10),(70,121),(294,118),(16,17),(42,91),(199,106),(123,138),(332,78),(224,57),(75,25),(21,77),
254:(310,110),(304,121),(317,14),(288,29),(234,121),(325,139),(68,122),(25,25),(328,69),(26,10),(70,121),(294,118),(16,17),(42,91),(199,106),(123,138),(332,78),(224,57),(75,25),(21,77),
255:(310,110),(304,121),(318,14),(288,29),(234,121),(325,139),(67,122),(25,25),(328,69),(26,10),(70,121),(294,118),(16,17),(42,91),(199,106),(123,138),(332,78),(224,57),(75,25),(21,77),
256:(310,110),(304,121),(318,15),(288,29),(234,121),(325,139),(66,122),(25,25),(328,69),(26,10),(70,121),(294,118),(16,17),(42,91),(199,106),(123,138),(332,78),(224,57),(75,25),(21,77),
257:(310,110),(304,121),(318,16),(288,29),(234,121),(325,139),(65,122),(25,25),(328,69),(26,10),(70,121),(294,118),(16,17),(42,91),(199,106),(123,138),(332,78),(224,57),(75,25),(21,77),
258:(310,110),(304,121),(318,17),(288,29),(234,121),(325,139),(64,122),(25,25),(328,69),(26,10),(70,121),(294,118),(16,17),(42,91),(199,106),(123,138),(332,78),(224,57),(75,25),(21,77),
259:(310,110),(304,121),(318,18),(288,29),(234,121),(325,139),(63,122),(25,25),(328,69),(26,10),(70,121),(294,118),(16,17),(42,91),(199,106),(123,138),(332,78),(224,57),(75,25),(21,77),
260:(310,110),(304,121),(318,19),(288,29),(234,121),(325,139),(62,122),(25,25),(328,69),(26,10),(70,121),(294,118),(16,17),(42,91),(199,106),(123,138),(332,78),(224,57),(75,25),(21,77),
261:(310,110),(304,121),(318,20),(288,29),(234,121),(325,139),(61,122),(25,25),(328,69),(26,10),(70,121),(294,118),(16,17),(42,91),(199,106),(123,138),(332,78),(224,57),(75,25),(21,77),
262:(310,110),(304,121),(318,21),(288,29),(234,121),(325,139),(60,122),(25,25),(328,69),(26,10),(70,121),(294,118),(16,17),(42,91),(199,106),(123,138),(332,78),(224,57),(75,25),(21,77),
263:(310,110),(304,121),(318,22),(288,29),(234,121),(325,139),(59,122),(25,25),(328,69),(26,10),(70,121),(294,118),(16,17),(42,91),(199,106),(123,138),(332,78),(224,57),(75,25),(21,77),
264:(310,110),(304,121),(318,23),(288,29),(234,121),(325,139),(58,122),(25,25),(328,69),(26,10),(70,121),(294,118),(16,17),(42,91),(199,106),(123,138),(332,78),(224,57),(75,25),(21,77),
265:(310,110),(304,121),(318,24),(288,29),(234,121),(325,139),(57,122),(25,25),(328,69),(26,10),(70,121),(294,118),(16,17),(42,91),(199,106),(123,138),(332,78),(224,57),(75,25),(21,77),
266:(310,110),(304,121),(318,25),(288,29),(234,121),(325,139),(56,122),(25,25),(328,69),(26,10),(70,121),(294,118),(16,17),(42,91),(199,106),(123,138),(332,78),(224,57),(75,25),(21,77),
267:(310,110),(304,121),(318,26),(288,29),(234,121),(325,139),(55,122),(25,25),(328,69),(26,10),(70,121),(294,118),(16,17),(42,91),(199,106),(123,138),(332,78),(224,57),(75,25),(21,77),
268:(310,110),(304,121),(318,27),(288,29),(234,121),(325,139),(54,122),(25,25),(328,69),(26,10),(70,121),(294,118),(16,17),(42,91),(199,106),(123,138),(332,78),(224,57),(75,25),(21,77),
269:(310,110),(304,121),(318,28),(288,29),(234,121),(325,139),(53,122),(25,25),(328,69),(26,10),(70,121),(294,118),(16,17),(42,91),(199,106),(123,138),(332,78),(224,57),(75,25),(21,77),
270:(310,110),(304,121),(318,29),(288,29),(234,121),(325,139),(52,122),(25,25),(328,69),(26,10),(70,121),(294,118),(16,17),(42,91),(199,106),(123,138),(332,78),(224,57),(75,25),(21,77),
271:(310,110),(304,121),(319,29),(288,29),(234,121),(325,139),(51,122),(25,25),(328,69),(26,10),(70,121),(294,118),(16,17),(42,91),(199,106),(123,138),(332,78),(224,57),(75,25),(21,77),
272:(310,110),(304,121),(319,30),(288,29),(234,121),(325,139),(50,122),(25,25),(328,69),(26,10),(70,121),(294,118),(16,17),(42,91),(199,106),(123,138),(332,78),(224,57),(75,25),(21,77),
273:(310,110),(304,121),(319,31),(288,29),(234,121),(325,139),(49,122),(25,25),(328,69),(26,10),(70,121),(294,118),(16,17),(42,91),(199,106),(123,138),(332,78),(224,57),(75,25),(21,77),
274:(310,110),(304,121),(319,32),(288,29),(234,121),(325,139),(48,122),(25,25),(328,69),(26,10),(70,121),(294,118),(16,17),(42,91),(199,106),(123,138),(332,78),(224,57),(75,25),(21,77),
275:(310,110),(304,121),(319,33),(288,29),(234,121),(325,139),(47,122),(25,25),(328,69),(26,10),(70,121),(294,118),(16,17),(42,91),(199,106),(123,138),(332,78),(224,57),(75,25),(21,77),
276:(310,110),(304,121),(319,34),(288,29),(234,121),(325,139),(46,122),(25,25),(328,69),(26,10),(70,121),(294,118),(16,17),(42,91),(199,106),(123,138),(332,78),(224,57),(75,25),(21,77),
277:(310,110),(304,121),(319,35),(288,29),(234,121),(325,139),(45,122),(25,25),(328,69),(26,10),(70,121),(294,118),(16,17),(42,91),(199,106),(123,138),(332,78),(224,57),(75,25),(21,77),
278:(310,110),(304,121),(319,36),(288,29),(234,121),(325,139),(44,122),(25,25),(328,69),(26,10),(70,121),(294,118),(16,17),(42,91),(199,106),(123,138),(332,78),(224,57),(75,25),(21,77),
279:(310,110),(304,121),(319,37),(288,29),(234,121),(325,139),(43,122),(25,25),(328,69),(26,10),(70,121),(294,118),(16,17),(42,91),(199,106),(123,138),(332,78),(224,57),(75,25),(21,77),
280:(310,110),(304,121),(319,38),(288,29),(234,121),(325,139),(42,122),(25,25),(328,69),(26,10),(70,121),(294,118),(16,17),(42,91),(199,106),(123,138),(332,78),(224,57),(75,25),(21,77),
281:(310,110),(304,121),(319,39),(288,29),(234,121),(325,139),(41,122),(25,25),(328,69),(26,10),(70,121),(294,118),(16,17),(42,91),(199,106),(123,138),(332,78),(224,57),(75,25),(21,77),
282:(310,110),(304,121),(319,40),(288,29),(234,121),(325,139),(40,122),(25,25),(328,69),(26,10),(70,121),(294,118),(16,17),(42,91),(199,106),(123,138),(332,78),(224,57),(75,25),(21,77),
283:(310,110),(304,121),(319,41),(288,29),(234,121),(325,139),(39,122),(25,25),(328,69),(26,10),(70,121),(294,118),(16,17),(42,91),(199,106),(123,138),(332,78),(224,57),(75,25),(21,77),
284:(310,110),(304,121),(319,42),(288,29),(234,121),(325,139),(38,122),(25,25),(328,69),(26,10),(70,121),(294,118),(16,17),(42,91),(199,106),(123,138),(332,78),(224,57),(75,25),(21,77),
285:(310,110),(304,121),(319,43),(288,29),(234,121),(325,139),(37,122),(25,25),(328,69),(26,10),(70,121),(294,118),(16,17),(42,91),(199,106),(123,138),(332,78),(224,57),(75,25),(21,77),
286:(310,110),(304,121),(319,44),(288,29),(234,121),(325,139),(36,122),(25,25),(328,69),(26,10),(70,121),(294,118),(16,17),(42,91),(199,106),(123,138),(332,78),(224,57),(75,25),(21,77),
287:(310,110),(304,121),(319,45),(288,29),(234,121),(325,139),(35,122),(25,25),(328,69),(26,10),(70,121),(294,118),(16,17),(42,91),(199,106),(123,138),(332,78),(224,57),(75,25),(21,77),
288:(310,110),(304,121),(319,46),(288,29),(234,121),(325,139),(34,122),(25,25),(328,69),(26,10),(70,121),(294,118),(16,17),(42,91),(199,106),(123,138),(332,78),(224,57),(75,25),(21,77),
289:(310,110),(304,121),(319,47),(288,29),(234,121),(325,139),(33,122),(25,25),(328,69),(26,10),(70,121),(294,118),(16,17),(42,91),(199,106),(123,138),(332,78),(224,57),(75,25),(21,77),
290:(310,110),(304,121),(319,48),(288,29),(234,121),(325,139),(32,122),(25,25),(328,69),(26,10),(70,121),(294,118),(16,17),(42,91),(199,106),(123,138),(332,78),(224,57),(75,25),(21,77),
291:(310,110),(304,121),(319,49),(288,29),(234,121),(325,139),(31,122),(25,25),(328,69),(26,10),(70,121),(294,118),(16,17),(42,91),(199,106),(123,138),(332,78),(224,57),(75,25),(21,77),
292:(310,110),(304,121),(319,50),(288,29),(234,121),(325,139),(30,122),(25,25),(328,69),(26,10),(70,121),(294,118),(16,17),(42,91),(199,106),(123,138),(332,78),(224,57),(75,25),(21,77),
293:(310,110),(304,121),(319,51),(288,29),(234,121),(325,139),(29,122),(25,25),(328,69),(26,10),(70,121),(294,118),(16,17),(42,91),(199,106),(123,138),(332,78),(224,57),(75,25),(21,77),
294:(310,110),(304,121),(319,52),(288,29),(234,121),(325,139),(28,122),(25,25),(328,69),(26,10),(70,121),(294,118),(16,17),(42,91),(199,106),(123,138),(332,78),(224,57),(75,25),(21,77),
295:(310,110),(304,121),(319,53),(288,29),(234,121),(325,139),(27,122),(25,25),(328,69),(26,10),(70,121),(294,118),(16,17),(42,91),(199,106),(123,138),(332,78),(224,57),(75,25),(21,77),
296:(310,110),(304,121),(319,54),(288,29),(234,121),(325,139),(26,122),(25,25),(328,69),(26,10),(70,121),(294,118),(16,17),(42,91),(199,106),(123,138),(332,78),(224,57),(75,25),(21,77),
297:(310,110),(304,121),(319,55),(288,29),(234,121),(325,139),(25,122),(25,25),(328,69),(26,10),(70,121),(294,118),(16,17),(42,91),(199,106),(123,138),(332,78),(224,57),(75,25),(21,77),
298:(310,110),(304,121),(320,55),(288,29),(234,121),(325,139),(24,122),(25,25),(328,69),(26,10),(70,121),(294,118),(16,17),(42,91),(199,106),(123,138),(332,78),(224,57),(75,25),(21,77),
299:(310,110),(304,121),(320,56),(288,29),(234,121),(325,139),(23,122),(25,25),(328,69),(26,10),(70,121),(294,118),(16,17),(42,91),(199,106),(123,138),(332,78),(224,57),(75,25),(21,77),
300:(310,110),(304,121),(320,57),(288,29),(234,121),(325,139),(22,122),(25,25),(328,69),(26,10),(70,121),(294,118),(16,17),(42,91),(199,106),(123,138),(332,78),(224,57),(75,25),(21,77),
301:(310,110),(304,121),(320,58),(288,29),(234,121),(325,139),(21,122),(25,25),(328,69),(26,10),(70,121),(294,118),(16,17),(42,91),(199,106),(123,138),(332,78),(224,57),(75,25),(21,77),
302:(310,110),(304,121),(320,59),(288,29),(234,121),(325,139),(20,122),(25,25),(328,69),(26,10),(70,121),(294,118),(16,17),(42,91),(199,106),(123,138),(332,78),(224,57),(75,25),(21,77),
303:(310,110),(304,121),(320,60),(288,29),(234,121),(325,139),(19,122),(25,25),(328,69),(26,10),(70,121),(294,118),(16,17),(42,91),(199,106),(123,138),(332,78),(224,57),(75,25),(21,77),
304:(310,110),(304,121),(320,61),(288,29),(234,121),(325,139),(18,122),(25,25),(328,69),(26,10),(70,121),(294,118),(16,17),(42,91),(199,106),(123,138),(332,78),(224,57),(75,25),(21,77),
305:(310,110),(304,121),(320,62),(288,29),(234,121),(325,139),(17,122),(25,25),(328,69),(26,10),(70,121),(294,118),(16,17),(42,91),(199,106),(123,138),(332,78),(224,57),(75,25),(21,77),
306:(310,110),(304,121),(320,63),(288,29),(234,121),(325,139),(16,122),(25,25),(328,69),(26,10),(70,121),(294,118),(16,17),(42,91),(199,106),(123,138),(332,78),(224,57),(75,25),(21,77),
307:(310,110),(304,121),(320,64),(288,29),(234,121),(325,139),(15,122),(25,25),(328,69),(26,10),(70,121),(294,118),(16,17),(42,91),(199,106),(123,138),(332,78),(224,57),(75,25),(21,77),
308:(310,110),(304,121),(320,65),(288,29),(234,121),(325,139),(14,122),(25,25),(328,69),(26,10),(70,121),(294,118),(16,17),(42,91),(199,106),(123,138),(332,78),(224,57),(75,25),(21,77),
309:(310,110),(304,121),(320,66),(288,29),(234,121),(325,139),(13,122),(25,25),(328,69),(26,10),(70,121),(294,118),(16,17),(42,91),(199,106),(123,138),(332,78),(224,57),(75,25),(21,77),
310:(310,110),(304,121),(320,67),(288,29),(234,121),(325,139),(13,122),(25,25),(328,69),(26,10),(70,121),(294,118),(16,17),(42,91),(199,106),(123,138),(332,78),(224,57),(75,25),(21,77),
311:(310,110),(304,121),(320,68),(288,29),(234,121),(325,139),(13,122),(25,25),(328,69),(26,10),(70,121),(294,118),(16,17),(42,91),(199,106),(123,138),(332,78),(224,57),(75,25),(21,77),
312:(310,110),(304,121),(320,69),(288,29),(234,121),(325,139),(13,122),(25,25),(328,69),(26,10),(70,121),(294,118),(16,17),(42,91),(199,106),(123,138),(332,78),(224,57),(75,25),(21,77),
313:(310,110),(304,121),(320,70),(288,29),(234,121),(325,139),(13,122),(25,25),(328,69),(26,10),(70,121),(294,118),(16,17),(42,91),(199,106),(123,138),(332,78),(224,57),(75,25),(21,77),
314:(310,110),(304,121),(320,71),(288,29),(234,121),(325,139),(13,122),(25,25),(328,69),(26,10),(70,121),(294,118),(16,17),(42,91),(199,106),(123,138),(332,78),(224,57),(75,25),(21,77),
315:(310,110),(304,121),(320,72),(288,29),(234,121),(325,139),(13,122),(25,25),(328,69),(26,10),(70,121),(294,118),(16,17),(42,91),(199,106),(123,138),(332,78),(224,57),(75,25),(21,77),
316:(310,110),(304,121),(320,73),(288,29),(234,121),(325,139),(13,122),(25,25),(328,69),(26,10),(70,121),(294,118),(16,17),(42,91),(199,106),(123,138),(332,78),(224,57),(75,25),(21,77),
317:(310,110),(304,121),(320,74),(288,29),(234,121),(325,139),(13,122),(25,25),(328,69),(26,10),(70,121),(294,118),(16,17),(42,91),(199,106),(123,138),(332,78),(224,57),(75,25),(21,77),
318:(310,110),(304,121),(320,75),(288,29),(234,121),(325,139),(13,122),(25,25),(328,69),(26,10),(70,121),(294,118),(16,17),(42,91),(199,106),(123,138),(332,78),(224,57),(75,25),(21,77),
319:(310,110),(304,121),(320,76),(288,29),(234,121),(325,139),(13,122),(25,25),(328,69),(26,10),(70,121),(294,118),(16,17),(42,91),(199,106),(123,138),(332,78),(224,57),(75,25),(21,77),
