instance=temp_instance.txt
agents=20
map_file=warehouse-20-40-10-2-2.map
solver=PIBTOLD
solved=1
soc=3469
lb_soc=3469
makespan=397
lb_makespan=397
comp_time=13
preprocessing_comp_time=12
starts=(320,143),(266,99),(139,89),(6,130),(60,41),(137,37),(101,69),(221,82),(23,104),(47,68),(254,126),(153,18),(308,156),(123,85),(223,41),(41,137),(74,109),(3,44),(305,131),(110,56),
goals=(35,31),(98,50),(325,122),(111,30),(8,150),(133,138),(152,94),(23,36),(11,45),(226,86),(294,1),(104,134),(181,53),(281,9),(208,62),(44,158),(122,128),(79,110),(29,18),(18,23),
solution=
0:(320,143),(266,99),(139,89),(6,130),(60,41),(137,37),(101,69),(221,82),(23,104),(47,68),(254,126),(153,18),(308,156),(123,85),(223,41),(41,137),(74,109),(3,44),(305,131),(110,56),
1:(319,143),(266,98),(140,89),(7,130),(60,42),(137,38),(102,69),(220,82),(22,104),(47,69),(254,125),(152,18),(307,156),(124,85),(222,41),(41,138),(75,109),(3,45),(304,131),(110,55),
2:(318,143),(265,98),(141,89),(7,129),(59,42),(136,38),(103,69),(220,81),(22,103),(48,69),(254,124),(151,18),(307,155),(125,85),(222,42),(41,139),(76,109),(4,45),(303,131),(110,54),
3:(317,143),(264,98),(142,89),(7,128),(58,42),(135,38),(104,69),(219,81),(21,103),(49,69),(254,123),(150,18),(306,155),(126,85),(221,42),(42,139),(76,110),(4,46),(302,131),(110,53),
4:(316,143),(263,98),(142,90),(7,127),(57,42),(134,38),(105,69),(218,81),(20,103),(50,69),(254,122),(149,18),(305,155),(127,85),(220,42),(42,140),(77,110),(4,47),(301,131),(110,52),
5:(315,143),(262,98),(143,90),(8,127),(56,42),(133,38),(105,70),(217,81),(20,102),(50,70),(255,122),(148,18),(305,154),(128,85),(219,42),(43,140),(78,110),(4,48),(300,131),(110,51),
6:(314,143),(262,97),(144,90),(8,126),(55,42),(133,39),(106,70),(216,81),(19,102),(51,70),(256,122),(147,18),(305,153),(129,85),(218,42),(44,140),(79,110),(4,49),(300,130),(110,50),
7:(314,142),(261,97),(145,90),(8,125),(54,42),(133,40),(107,70),(215,81),(19,101),(52,70),(257,122),(146,18),(305,152),(130,85),(217,42),(44,141),(80,110),(4,50),(299,130),(110,49),
8:(313,142),(260,97),(145,91),(8,124),(53,42),(133,41),(108,70),(214,81),(19,100),(53,70),(257,121),(145,18),(304,152),(131,85),(217,43),(44,142),(81,110),(4,51),(299,129),(109,49),
9:(313,141),(259,97),(145,92),(9,124),(52,42),(133,42),(109,70),(213,81),(19,99),(54,70),(258,121),(145,19),(304,151),(132,85),(217,44),(44,143),(82,110),(5,51),(299,128),(109,48),
10:(312,141),(258,97),(146,92),(9,123),(51,42),(133,43),(109,71),(212,81),(18,99),(55,70),(259,121),(145,20),(303,151),(133,85),(217,45),(44,144),(83,110),(5,52),(298,128),(109,47),
11:(311,141),(257,97),(146,93),(9,122),(50,42),(133,44),(109,72),(211,81),(18,98),(56,70),(260,121),(145,21),(303,150),(134,85),(217,46),(44,145),(84,110),(6,52),(297,128),(109,46),
12:(311,140),(256,97),(146,94),(10,122),(49,42),(133,45),(110,72),(210,81),(17,98),(57,70),(261,121),(144,21),(302,150),(134,84),(217,47),(44,146),(85,110),(6,53),(297,127),(108,46),
13:(311,139),(255,97),(147,94),(10,121),(48,42),(133,46),(110,73),(209,81),(16,98),(58,70),(262,121),(143,21),(301,150),(134,83),(217,48),(44,147),(85,111),(6,54),(296,127),(107,46),
14:(311,138),(254,97),(148,94),(10,120),(47,42),(133,47),(111,73),(208,81),(15,98),(59,70),(263,121),(143,22),(301,149),(134,82),(217,49),(44,148),(85,112),(6,55),(295,127),(106,46),
15:(311,137),(253,97),(149,94),(11,120),(46,42),(133,48),(111,74),(207,81),(14,98),(60,70),(264,121),(142,22),(301,148),(135,82),(217,50),(44,149),(86,112),(6,56),(295,126),(105,46),
16:(311,136),(253,96),(150,94),(11,119),(45,42),(133,49),(112,74),(206,81),(14,97),(61,70),(265,121),(141,22),(301,147),(135,81),(217,51),(44,150),(86,113),(6,57),(294,126),(104,46),
17:(311,135),(253,95),(151,94),(12,119),(44,42),(133,50),(113,74),(205,81),(13,97),(62,70),(265,120),(140,22),(301,146),(136,81),(217,52),(44,151),(86,114),(7,57),(293,126),(103,46),
18:(311,134),(253,94),(152,94),(12,118),(44,43),(133,51),(114,74),(204,81),(12,97),(63,70),(266,120),(139,22),(301,145),(137,81),(217,53),(44,152),(86,115),(7,58),(292,126),(102,46),
19:(311,133),(253,93),(153,94),(13,118),(43,43),(133,52),(115,74),(203,81),(11,97),(64,70),(266,119),(138,22),(301,144),(138,81),(217,54),(44,153),(86,116),(8,58),(292,125),(102,45),
20:(310,133),(253,92),(154,94),(14,118),(42,43),(133,53),(116,74),(202,81),(11,96),(65,70),(266,118),(137,22),(301,143),(139,81),(217,55),(44,154),(86,117),(8,59),(292,124),(101,45),
21:(310,132),(253,91),(155,94),(15,118),(41,43),(133,54),(117,74),(201,81),(11,95),(66,70),(267,118),(136,22),(301,142),(140,81),(217,56),(44,155),(87,117),(9,59),(292,123),(100,45),
22:(309,132),(253,90),(156,94),(16,118),(41,44),(133,55),(118,74),(200,81),(11,94),(67,70),(268,118),(135,22),(300,142),(141,81),(217,57),(44,156),(87,118),(9,60),(291,123),(99,45),
23:(308,132),(252,90),(157,94),(16,117),(40,44),(133,56),(119,74),(199,81),(11,93),(68,70),(269,118),(134,22),(300,141),(142,81),(217,58),(44,157),(88,118),(9,61),(290,123),(98,45),
24:(308,131),(251,90),(158,94),(17,117),(40,45),(133,57),(120,74),(198,81),(11,92),(69,70),(269,117),(133,22),(299,141),(143,81),(217,59),(44,158),(89,118),(10,61),(290,122),(98,44),
25:(307,131),(250,90),(159,94),(17,116),(39,45),(133,58),(121,74),(197,81),(11,91),(70,70),(270,117),(132,22),(299,140),(144,81),(217,60),(44,158),(90,118),(10,62),(289,122),(97,44),
26:(306,131),(249,90),(160,94),(17,115),(38,45),(133,59),(122,74),(196,81),(11,90),(71,70),(271,117),(131,22),(298,140),(145,81),(217,61),(44,158),(91,118),(10,63),(288,122),(97,43),
27:(306,130),(248,90),(161,94),(18,115),(37,45),(133,60),(122,75),(195,81),(11,89),(72,70),(272,117),(130,22),(297,140),(146,81),(217,62),(44,158),(92,118),(10,64),(288,121),(97,42),
28:(305,130),(248,89),(162,94),(18,114),(37,46),(133,61),(122,76),(194,81),(11,88),(73,70),(273,117),(129,22),(296,140),(147,81),(216,62),(44,158),(93,118),(11,64),(287,121),(97,41),
29:(304,130),(247,89),(163,94),(18,113),(36,46),(133,62),(122,77),(193,81),(11,87),(73,71),(274,117),(128,22),(296,139),(148,81),(215,62),(44,158),(94,118),(11,65),(286,121),(96,41),
30:(304,129),(246,89),(164,94),(19,113),(36,47),(133,63),(123,77),(193,80),(11,86),(73,72),(275,117),(127,22),(296,138),(149,81),(214,62),(44,158),(95,118),(12,65),(285,121),(95,41),
31:(304,128),(245,89),(165,94),(19,112),(35,47),(133,64),(124,77),(193,79),(11,85),(74,72),(276,117),(126,22),(295,138),(150,81),(213,62),(44,158),(96,118),(13,65),(284,121),(94,41),
32:(304,127),(244,89),(166,94),(19,111),(34,47),(133,65),(125,77),(193,78),(11,84),(74,73),(277,117),(125,22),(294,138),(151,81),(212,62),(44,158),(97,118),(14,65),(283,121),(93,41),
33:(303,127),(243,89),(167,94),(19,110),(33,47),(133,66),(126,77),(192,78),(11,83),(74,74),(278,117),(124,22),(293,138),(152,81),(211,62),(44,158),(98,118),(15,65),(282,121),(92,41),
34:(302,127),(242,89),(168,94),(19,109),(32,47),(133,67),(126,78),(191,78),(11,82),(75,74),(278,116),(123,22),(292,138),(153,81),(210,62),(44,158),(98,119),(15,66),(281,121),(91,41),
35:(302,126),(241,89),(169,94),(19,108),(32,48),(133,68),(127,78),(190,78),(11,81),(76,74),(278,115),(122,22),(292,137),(154,81),(209,62),(44,158),(98,120),(16,66),(280,121),(90,41),
36:(302,125),(241,88),(170,94),(19,107),(31,48),(133,69),(128,78),(190,77),(11,80),(77,74),(278,114),(122,23),(292,136),(155,81),(208,62),(44,158),(98,121),(16,67),(279,121),(89,41),
37:(301,125),(241,87),(171,94),(19,106),(30,48),(133,70),(129,78),(189,77),(11,79),(78,74),(278,113),(121,23),(291,136),(156,81),(208,62),(44,158),(98,122),(17,67),(278,121),(88,41),
38:(300,125),(241,86),(172,94),(20,106),(30,49),(133,71),(130,78),(188,77),(11,78),(79,74),(278,112),(121,24),(291,135),(157,81),(208,62),(44,158),(98,123),(17,68),(277,121),(87,41),
39:(300,124),(241,85),(173,94),(20,105),(29,49),(133,72),(131,78),(187,77),(11,77),(80,74),(278,111),(121,25),(290,135),(157,80),(208,62),(44,158),(98,124),(17,69),(276,121),(86,41),
40:(299,124),(240,85),(174,94),(20,104),(28,49),(133,73),(132,78),(186,77),(11,76),(81,74),(278,110),(121,26),(290,134),(157,79),(208,62),(44,158),(98,125),(17,70),(275,121),(86,40),
41:(298,124),(239,85),(175,94),(21,104),(28,50),(133,74),(133,78),(185,77),(11,75),(82,74),(279,110),(120,26),(289,134),(157,78),(208,62),(44,158),(99,125),(17,71),(274,121),(86,39),
42:(298,123),(238,85),(176,94),(22,104),(28,51),(133,75),(133,79),(184,77),(11,74),(83,74),(280,110),(119,26),(288,134),(157,77),(208,62),(44,158),(99,126),(18,71),(273,121),(86,38),
43:(298,122),(237,85),(177,94),(23,104),(28,52),(133,76),(134,79),(183,77),(11,73),(84,74),(280,109),(118,26),(287,134),(157,76),(208,62),(44,158),(100,126),(18,72),(272,121),(85,38),
44:(298,121),(236,85),(178,94),(23,103),(28,53),(133,77),(134,80),(182,77),(11,72),(85,74),(281,109),(117,26),(287,133),(158,76),(208,62),(44,158),(101,126),(19,72),(271,121),(85,37),
45:(298,120),(235,85),(179,94),(23,102),(27,53),(133,78),(134,81),(182,76),(11,71),(86,74),(282,109),(116,26),(286,133),(158,75),(208,62),(44,158),(102,126),(19,73),(270,121),(85,36),
46:(297,120),(234,85),(180,94),(24,102),(27,54),(133,79),(134,82),(182,75),(11,70),(87,74),(283,109),(115,26),(285,133),(158,74),(208,62),(44,158),(103,126),(19,74),(269,121),(85,35),
47:(297,119),(233,85),(181,94),(24,101),(27,55),(133,80),(135,82),(181,75),(11,69),(88,74),(284,109),(114,26),(284,133),(159,74),(208,62),(44,158),(104,126),(19,75),(268,121),(85,34),
48:(296,119),(232,85),(181,95),(25,101),(27,56),(133,81),(136,82),(181,74),(11,68),(89,74),(285,109),(113,26),(283,133),(159,73),(208,62),(44,158),(105,126),(19,76),(267,121),(84,34),
49:(296,118),(231,85),(181,96),(25,100),(26,56),(133,82),(137,82),(181,73),(11,67),(90,74),(286,109),(112,26),(282,133),(160,73),(208,62),(44,158),(106,126),(19,77),(266,121),(83,34),
50:(296,117),(230,85),(181,97),(26,100),(26,57),(133,83),(138,82),(181,72),(11,66),(91,74),(287,109),(111,26),(281,133),(161,73),(208,62),(44,158),(107,126),(19,78),(266,120),(83,33),
51:(296,116),(230,84),(181,98),(26,99),(26,58),(133,84),(139,82),(181,71),(11,65),(92,74),(288,109),(110,26),(280,133),(162,73),(208,62),(44,158),(108,126),(20,78),(265,120),(82,33),
52:(296,115),(230,83),(181,99),(27,99),(25,58),(133,85),(140,82),(181,70),(11,64),(93,74),(289,109),(109,26),(279,133),(163,73),(208,62),(44,158),(109,126),(21,78),(265,119),(81,33),
53:(295,115),(230,82),(181,100),(28,99),(24,58),(133,86),(141,82),(180,70),(11,63),(94,74),(289,108),(109,27),(278,133),(164,73),(208,62),(44,158),(110,126),(22,78),(265,118),(80,33),
54:(295,114),(229,82),(182,100),(28,98),(23,58),(133,87),(142,82),(180,69),(11,62),(95,74),(289,107),(109,28),(278,132),(165,73),(208,62),(44,158),(111,126),(22,79),(264,118),(79,33),
55:(295,113),(228,82),(182,101),(28,97),(23,59),(133,88),(143,82),(179,69),(11,61),(96,74),(289,106),(109,29),(278,131),(166,73),(208,62),(44,158),(112,126),(23,79),(263,118),(78,33),
56:(295,112),(227,82),(182,102),(28,96),(22,59),(133,89),(144,82),(178,69),(11,60),(97,74),(289,105),(109,30),(277,131),(167,73),(208,62),(44,158),(113,126),(23,80),(262,118),(77,33),
57:(295,111),(227,81),(183,102),(29,96),(22,60),(133,90),(145,82),(177,69),(11,59),(97,75),(289,104),(109,31),(277,130),(168,73),(208,62),(44,158),(114,126),(24,80),(261,118),(76,33),
58:(295,110),(226,81),(184,102),(29,95),(22,61),(133,91),(146,82),(176,69),(11,58),(98,75),(290,104),(109,32),(276,130),(169,73),(208,62),(44,158),(115,126),(24,81),(261,117),(75,33),
59:(294,110),(225,81),(185,102),(30,95),(22,62),(133,92),(146,83),(175,69),(11,57),(98,76),(291,104),(109,33),(275,130),(170,73),(208,62),(44,158),(116,126),(25,81),(260,117),(74,33),
60:(293,110),(224,81),(186,102),(30,94),(22,63),(133,93),(146,84),(174,69),(11,56),(98,77),(292,104),(109,34),(274,130),(171,73),(208,62),(44,158),(117,126),(25,82),(259,117),(73,33),
61:(292,110),(223,81),(187,102),(31,94),(21,63),(133,94),(146,85),(173,69),(11,55),(99,77),(292,103),(109,35),(273,130),(172,73),(208,62),(44,158),(118,126),(25,83),(258,117),(73,32),
62:(291,110),(222,81),(188,102),(31,93),(20,63),(133,95),(146,86),(172,69),(11,54),(100,77),(293,103),(109,36),(272,130),(173,73),(208,62),(44,158),(119,126),(25,84),(257,117),(73,31),
63:(291,109),(221,81),(189,102),(31,92),(20,64),(133,96),(146,87),(171,69),(11,53),(100,78),(293,102),(109,37),(271,130),(174,73),(208,62),(44,158),(120,126),(25,85),(256,117),(73,30),
64:(291,108),(220,81),(190,102),(31,91),(19,64),(133,97),(146,88),(170,69),(11,52),(101,78),(294,102),(109,38),(270,130),(175,73),(208,62),(44,158),(121,126),(26,85),(255,117),(72,30),
65:(291,107),(219,81),(191,102),(31,90),(18,64),(133,98),(146,89),(170,68),(11,51),(102,78),(294,101),(109,39),(270,129),(176,73),(208,62),(44,158),(122,126),(26,86),(254,117),(72,29),
66:(291,106),(218,81),(192,102),(31,89),(17,64),(133,99),(146,90),(169,68),(11,50),(103,78),(294,100),(109,40),(269,129),(177,73),(208,62),(44,158),(122,127),(26,87),(254,116),(71,29),
67:(290,106),(218,80),(193,102),(31,88),(17,65),(133,100),(146,91),(169,67),(11,49),(104,78),(294,99),(109,41),(268,129),(178,73),(208,62),(44,158),(122,128),(27,87),(253,116),(70,29),
68:(290,105),(218,79),(193,103),(32,88),(17,66),(133,101),(146,92),(169,66),(11,48),(105,78),(294,98),(109,42),(267,129),(179,73),(208,62),(44,158),(122,128),(27,88),(253,115),(69,29),
69:(290,104),(218,78),(194,103),(33,88),(16,66),(133,102),(146,93),(168,66),(11,47),(106,78),(294,97),(109,43),(266,129),(180,73),(208,62),(44,158),(122,128),(27,89),(253,114),(68,29),
70:(289,104),(218,77),(194,104),(34,88),(16,67),(133,103),(146,94),(168,65),(11,46),(107,78),(294,96),(109,44),(266,128),(181,73),(208,62),(44,158),(122,128),(27,90),(252,114),(67,29),
71:(289,103),(218,76),(194,105),(34,87),(16,68),(133,104),(147,94),(167,65),(11,45),(108,78),(294,95),(109,45),(265,128),(182,73),(208,62),(44,158),(122,128),(28,90),(251,114),(66,29),
72:(289,102),(218,75),(194,106),(35,87),(15,68),(133,105),(148,94),(166,65),(11,45),(109,78),(294,94),(109,46),(265,127),(182,72),(208,62),(44,158),(122,128),(28,91),(251,113),(65,29),
73:(288,102),(217,75),(195,106),(35,86),(14,68),(133,106),(149,94),(165,65),(11,45),(109,79),(294,93),(109,47),(265,126),(182,71),(208,62),(44,158),(122,128),(29,91),(250,113),(64,29),
74:(287,102),(217,74),(196,106),(36,86),(13,68),(133,107),(150,94),(164,65),(11,45),(109,80),(294,92),(109,48),(264,126),(182,70),(208,62),(44,158),(122,128),(29,92),(249,113),(63,29),
75:(287,101),(217,73),(197,106),(36,85),(12,68),(133,108),(151,94),(163,65),(11,45),(109,81),(294,91),(109,49),(264,125),(182,69),(208,62),(44,158),(122,128),(29,93),(248,113),(62,29),
76:(286,101),(216,73),(198,106),(37,85),(11,68),(133,109),(152,94),(162,65),(11,45),(110,81),(294,90),(109,50),(263,125),(182,68),(208,62),(44,158),(122,128),(30,93),(247,113),(61,29),
77:(285,101),(215,73),(199,106),(38,85),(11,69),(133,110),(152,94),(161,65),(11,45),(111,81),(294,89),(109,51),(262,125),(182,67),(208,62),(44,158),(122,128),(30,94),(246,113),(60,29),
78:(284,101),(214,73),(200,106),(38,84),(10,69),(133,111),(152,94),(160,65),(11,45),(111,82),(294,88),(109,52),(261,125),(182,66),(208,62),(44,158),(122,128),(31,94),(245,113),(59,29),
79:(283,101),(213,73),(201,106),(38,83),(10,70),(133,112),(152,94),(159,65),(11,45),(112,82),(294,87),(109,53),(260,125),(183,66),(208,62),(44,158),(122,128),(31,95),(244,113),(58,29),
80:(282,101),(212,73),(202,106),(38,82),(9,70),(133,113),(152,94),(158,65),(11,45),(113,82),(294,86),(109,54),(259,125),(183,65),(208,62),(44,158),(122,128),(31,96),(243,113),(57,29),
81:(281,101),(211,73),(203,106),(39,82),(8,70),(133,114),(152,94),(157,65),(11,45),(114,82),(294,85),(109,55),(258,125),(184,65),(208,62),(44,158),(122,128),(32,96),(242,113),(56,29),
82:(280,101),(210,73),(204,106),(40,82),(8,71),(133,115),(152,94),(157,64),(11,45),(115,82),(294,84),(109,56),(257,125),(185,65),(208,62),(44,158),(122,128),(32,97),(241,113),(55,29),
83:(279,101),(209,73),(205,106),(41,82),(8,72),(133,116),(152,94),(157,63),(11,45),(116,82),(294,83),(109,57),(256,125),(186,65),(208,62),(44,158),(122,128),(33,97),(240,113),(54,29),
84:(278,101),(208,73),(206,106),(41,81),(8,73),(133,117),(152,94),(157,62),(11,45),(117,82),(294,82),(109,58),(255,125),(187,65),(208,62),(44,158),(122,128),(33,98),(239,113),(53,29),
85:(278,100),(207,73),(207,106),(41,80),(8,74),(133,118),(152,94),(157,61),(11,45),(118,82),(294,81),(109,59),(254,125),(188,65),(208,62),(44,158),(122,128),(34,98),(238,113),(52,29),
86:(278,99),(206,73),(208,106),(41,79),(8,75),(133,119),(152,94),(157,60),(11,45),(119,82),(294,80),(109,60),(253,125),(189,65),(208,62),(44,158),(122,128),(34,99),(237,113),(51,29),
87:(278,98),(206,72),(209,106),(41,78),(8,76),(133,120),(152,94),(157,59),(11,45),(120,82),(294,79),(109,61),(252,125),(190,65),(208,62),(44,158),(122,128),(35,99),(236,113),(50,29),
88:(277,98),(205,72),(210,106),(41,77),(8,77),(133,121),(152,94),(157,58),(11,45),(121,82),(294,78),(109,62),(251,125),(191,65),(208,62),(44,158),(122,128),(35,100),(235,113),(49,29),
89:(277,97),(205,71),(211,106),(42,77),(8,78),(133,122),(152,94),(156,58),(11,45),(122,82),(294,77),(109,63),(250,125),(192,65),(208,62),(44,158),(122,128),(36,100),(234,113),(48,29),
90:(277,96),(205,70),(212,106),(43,77),(8,79),(133,123),(152,94),(155,58),(11,45),(123,82),(294,76),(109,64),(249,125),(193,65),(208,62),(44,158),(122,128),(36,101),(233,113),(47,29),
91:(277,95),(205,69),(213,106),(43,76),(8,80),(133,124),(152,94),(154,58),(11,45),(124,82),(294,75),(109,65),(248,125),(193,64),(208,62),(44,158),(122,128),(37,101),(232,113),(46,29),
92:(277,94),(204,69),(214,106),(44,76),(8,81),(133,125),(152,94),(154,57),(11,45),(125,82),(294,74),(109,66),(247,125),(193,63),(208,62),(44,158),(122,128),(37,102),(231,113),(46,28),
93:(276,94),(203,69),(215,106),(45,76),(8,82),(133,126),(152,94),(153,57),(11,45),(126,82),(294,73),(109,67),(246,125),(194,63),(208,62),(44,158),(122,128),(38,102),(230,113),(45,28),
94:(275,94),(202,69),(216,106),(45,75),(8,83),(133,127),(152,94),(152,57),(11,45),(127,82),(294,72),(109,68),(245,125),(194,62),(208,62),(44,158),(122,128),(39,102),(229,113),(44,28),
95:(275,93),(201,69),(217,106),(45,74),(8,84),(133,128),(152,94),(151,57),(11,45),(128,82),(294,71),(109,69),(244,125),(195,62),(208,62),(44,158),(122,128),(39,103),(228,113),(44,27),
96:(274,93),(200,69),(217,107),(46,74),(8,85),(133,129),(152,94),(150,57),(11,45),(129,82),(294,70),(109,70),(243,125),(195,61),(208,62),(44,158),(122,128),(39,104),(227,113),(44,26),
97:(273,93),(199,69),(218,107),(46,73),(8,86),(133,130),(152,94),(149,57),(11,45),(130,82),(294,69),(109,71),(242,125),(196,61),(208,62),(44,158),(122,128),(39,105),(226,113),(43,26),
98:(272,93),(198,69),(218,108),(47,73),(8,87),(133,131),(152,94),(148,57),(11,45),(131,82),(294,68),(109,72),(242,124),(197,61),(208,62),(44,158),(122,128),(40,105),(225,113),(42,26),
99:(271,93),(197,69),(218,109),(47,72),(8,88),(133,132),(152,94),(147,57),(11,45),(132,82),(294,67),(109,73),(241,124),(198,61),(208,62),(44,158),(122,128),(40,106),(224,113),(42,25),
100:(270,93),(196,69),(219,109),(48,72),(8,89),(133,133),(152,94),(146,57),(11,45),(133,82),(294,66),(109,74),(241,123),(199,61),(208,62),(44,158),(122,128),(41,106),(223,113),(42,24),
101:(269,93),(195,69),(220,109),(48,71),(8,90),(133,134),(152,94),(145,57),(11,45),(134,82),(294,65),(109,75),(241,122),(200,61),(208,62),(44,158),(122,128),(41,107),(222,113),(42,23),
102:(268,93),(194,69),(221,109),(49,71),(8,91),(133,135),(152,94),(144,57),(11,45),(135,82),(294,64),(109,76),(241,121),(201,61),(208,62),(44,158),(122,128),(42,107),(221,113),(41,23),
103:(267,93),(193,69),(221,110),(49,70),(8,92),(133,136),(152,94),(143,57),(11,45),(136,82),(294,63),(109,77),(240,121),(202,61),(208,62),(44,158),(122,128),(42,108),(220,113),(40,23),
104:(266,93),(192,69),(222,110),(49,69),(8,93),(133,137),(152,94),(142,57),(11,45),(137,82),(294,62),(109,78),(239,121),(203,61),(208,62),(44,158),(122,128),(43,108),(219,113),(39,23),
105:(265,93),(191,69),(223,110),(50,69),(8,94),(133,138),(152,94),(141,57),(11,45),(138,82),(294,61),(109,79),(238,121),(204,61),(208,62),(44,158),(122,128),(44,108),(218,113),(38,23),
106:(265,92),(190,69),(224,110),(50,68),(8,95),(133,138),(152,94),(140,57),(11,45),(139,82),(294,60),(109,80),(237,121),(205,61),(208,62),(44,158),(122,128),(45,108),(217,113),(37,23),
107:(265,91),(189,69),(225,110),(50,67),(8,96),(133,138),(152,94),(139,57),(11,45),(140,82),(294,59),(109,81),(236,121),(205,60),(208,62),(44,158),(122,128),(46,108),(217,112),(36,23),
108:(265,90),(188,69),(226,110),(50,66),(8,97),(133,138),(152,94),(138,57),(11,45),(141,82),(294,58),(109,82),(235,121),(206,60),(208,62),(44,158),(122,128),(47,108),(217,111),(35,23),
109:(264,90),(187,69),(227,110),(50,65),(8,98),(133,138),(152,94),(137,57),(11,45),(142,82),(294,57),(109,83),(234,121),(206,59),(208,62),(44,158),(122,128),(48,108),(217,110),(34,23),
110:(263,90),(186,69),(228,110),(51,65),(8,99),(133,138),(152,94),(136,57),(11,45),(143,82),(294,56),(109,84),(233,121),(206,58),(208,62),(44,158),(122,128),(48,109),(216,110),(33,23),
111:(262,90),(185,69),(229,110),(52,65),(8,100),(133,138),(152,94),(135,57),(11,45),(144,82),(294,55),(109,85),(232,121),(206,57),(208,62),(44,158),(122,128),(48,110),(216,109),(32,23),
112:(261,90),(184,69),(229,111),(53,65),(8,101),(133,138),(152,94),(134,57),(11,45),(145,82),(294,54),(109,86),(231,121),(207,57),(208,62),(44,158),(122,128),(49,110),(215,109),(31,23),
113:(261,89),(183,69),(229,112),(54,65),(8,102),(133,138),(152,94),(134,56),(11,45),(146,82),(294,53),(109,87),(230,121),(208,57),(208,62),(44,158),(122,128),(50,110),(214,109),(30,23),
114:(260,89),(182,69),(230,112),(55,65),(8,103),(133,138),(152,94),(134,55),(11,45),(147,82),(294,52),(109,88),(230,120),(209,57),(208,62),(44,158),(122,128),(51,110),(213,109),(29,23),
115:(259,89),(181,69),(230,113),(56,65),(8,104),(133,138),(152,94),(133,55),(11,45),(148,82),(294,51),(109,89),(229,120),(210,57),(208,62),(44,158),(122,128),(52,110),(212,109),(28,23),
116:(258,89),(181,68),(230,114),(57,65),(8,105),(133,138),(152,94),(133,54),(11,45),(149,82),(294,50),(109,90),(229,119),(211,57),(208,62),(44,158),(122,128),(53,110),(211,109),(27,23),
117:(257,89),(181,67),(230,115),(58,65),(8,106),(133,138),(152,94),(132,54),(11,45),(150,82),(294,49),(109,91),(229,118),(212,57),(208,62),(44,158),(122,128),(54,110),(210,109),(26,23),
118:(256,89),(181,66),(230,116),(59,65),(8,107),(133,138),(152,94),(131,54),(11,45),(151,82),(294,48),(109,92),(229,117),(213,57),(208,62),(44,158),(122,128),(55,110),(209,109),(25,23),
119:(255,89),(181,65),(230,117),(60,65),(8,108),(133,138),(152,94),(131,53),(11,45),(152,82),(294,47),(109,93),(229,116),(214,57),(208,62),(44,158),(122,128),(56,110),(208,109),(24,23),
120:(254,89),(180,65),(231,117),(61,65),(8,109),(133,138),(152,94),(130,53),(11,45),(153,82),(294,46),(109,94),(229,115),(215,57),(208,62),(44,158),(122,128),(57,110),(207,109),(23,23),
121:(254,88),(179,65),(231,118),(61,64),(8,110),(133,138),(152,94),(129,53),(11,45),(154,82),(294,45),(109,95),(229,114),(216,57),(208,62),(44,158),(122,128),(58,110),(206,109),(22,23),
122:(254,87),(178,65),(232,118),(62,64),(8,111),(133,138),(152,94),(128,53),(11,45),(155,82),(294,44),(109,96),(228,114),(217,57),(208,62),(44,158),(122,128),(59,110),(205,109),(21,23),
123:(253,87),(177,65),(233,118),(62,63),(8,112),(133,138),(152,94),(127,53),(11,45),(156,82),(294,43),(109,97),(228,113),(218,57),(208,62),(44,158),(122,128),(60,110),(204,109),(20,23),
124:(253,86),(176,65),(234,118),(62,62),(8,113),(133,138),(152,94),(126,53),(11,45),(157,82),(294,42),(109,98),(227,113),(218,56),(208,62),(44,158),(122,128),(61,110),(203,109),(19,23),
125:(252,86),(175,65),(235,118),(62,61),(8,114),(133,138),(152,94),(125,53),(11,45),(158,82),(294,41),(109,99),(226,113),(218,55),(208,62),(44,158),(122,128),(62,110),(202,109),(18,23),
126:(251,86),(174,65),(236,118),(63,61),(8,115),(133,138),(152,94),(124,53),(11,45),(159,82),(294,40),(109,100),(225,113),(218,54),(208,62),(44,158),(122,128),(63,110),(201,109),(18,23),
127:(250,86),(173,65),(237,118),(64,61),(8,116),(133,138),(152,94),(123,53),(11,45),(160,82),(294,39),(109,101),(224,113),(218,53),(208,62),(44,158),(122,128),(64,110),(200,109),(18,23),
128:(250,85),(172,65),(238,118),(65,61),(8,117),(133,138),(152,94),(122,53),(11,45),(161,82),(294,38),(109,102),(223,113),(219,53),(208,62),(44,158),(122,128),(65,110),(199,109),(18,23),
129:(249,85),(171,65),(239,118),(66,61),(8,118),(133,138),(152,94),(122,52),(11,45),(162,82),(294,37),(109,103),(222,113),(220,53),(208,62),(44,158),(122,128),(66,110),(198,109),(18,23),
130:(248,85),(170,65),(240,118),(67,61),(8,119),(133,138),(152,94),(122,51),(11,45),(163,82),(294,36),(109,104),(221,113),(221,53),(208,62),(44,158),(122,128),(67,110),(197,109),(18,23),
131:(247,85),(170,64),(241,118),(68,61),(8,120),(133,138),(152,94),(122,50),(11,45),(164,82),(294,35),(109,105),(220,113),(222,53),(208,62),(44,158),(122,128),(68,110),(196,109),(18,23),
132:(246,85),(169,64),(242,118),(69,61),(8,121),(133,138),(152,94),(121,50),(11,45),(165,82),(294,34),(109,106),(219,113),(223,53),(208,62),(44,158),(122,128),(69,110),(195,109),(18,23),
133:(245,85),(169,63),(242,119),(70,61),(8,122),(133,138),(152,94),(120,50),(11,45),(166,82),(294,33),(109,107),(218,113),(224,53),(208,62),(44,158),(122,128),(70,110),(194,109),(18,23),
134:(244,85),(169,62),(242,120),(71,61),(8,123),(133,138),(152,94),(120,49),(11,45),(167,82),(294,32),(109,108),(218,112),(225,53),(208,62),(44,158),(122,128),(71,110),(194,108),(18,23),
135:(243,85),(168,62),(242,121),(72,61),(8,124),(133,138),(152,94),(119,49),(11,45),(168,82),(294,31),(109,109),(217,112),(226,53),(208,62),(44,158),(122,128),(72,110),(193,108),(18,23),
136:(242,85),(168,61),(242,122),(73,61),(8,125),(133,138),(152,94),(118,49),(11,45),(169,82),(294,30),(109,110),(217,111),(227,53),(208,62),(44,158),(122,128),(73,110),(193,107),(18,23),
137:(242,84),(167,61),(243,122),(74,61),(8,126),(133,138),(152,94),(117,49),(11,45),(170,82),(294,29),(109,111),(217,110),(228,53),(208,62),(44,158),(122,128),(74,110),(193,106),(18,23),
138:(242,83),(166,61),(244,122),(75,61),(8,127),(133,138),(152,94),(116,49),(11,45),(170,83),(294,28),(109,112),(217,109),(229,53),(208,62),(44,158),(122,128),(75,110),(192,106),(18,23),
139:(242,82),(165,61),(245,122),(76,61),(8,128),(133,138),(152,94),(115,49),(11,45),(170,84),(294,27),(109,113),(217,108),(230,53),(208,62),(44,158),(122,128),(76,110),(191,106),(18,23),
140:(242,81),(164,61),(246,122),(77,61),(8,129),(133,138),(152,94),(114,49),(11,45),(170,85),(294,26),(109,114),(217,107),(230,52),(208,62),(44,158),(122,128),(77,110),(190,106),(18,23),
141:(241,81),(163,61),(247,122),(78,61),(8,130),(133,138),(152,94),(113,49),(11,45),(171,85),(294,25),(109,115),(217,106),(230,51),(208,62),(44,158),(122,128),(78,110),(190,105),(18,23),
142:(241,80),(162,61),(248,122),(79,61),(8,131),(133,138),(152,94),(112,49),(11,45),(171,86),(294,24),(109,116),(216,106),(230,50),(208,62),(44,158),(122,128),(79,110),(189,105),(18,23),
143:(241,79),(161,61),(249,122),(80,61),(8,132),(133,138),(152,94),(111,49),(11,45),(172,86),(294,23),(109,117),(215,106),(231,50),(208,62),(44,158),(122,128),(79,110),(188,105),(18,23),
144:(241,78),(160,61),(250,122),(81,61),(8,133),(133,138),(152,94),(110,49),(11,45),(173,86),(294,22),(109,118),(214,106),(231,49),(208,62),(44,158),(122,128),(79,110),(187,105),(18,23),
145:(240,78),(159,61),(251,122),(82,61),(8,134),(133,138),(152,94),(110,48),(11,45),(174,86),(294,21),(109,119),(214,105),(232,49),(208,62),(44,158),(122,128),(79,110),(186,105),(18,23),
146:(240,77),(158,61),(252,122),(83,61),(8,135),(133,138),(152,94),(110,47),(11,45),(175,86),(294,20),(109,120),(213,105),(233,49),(208,62),(44,158),(122,128),(79,110),(185,105),(18,23),
147:(239,77),(158,60),(253,122),(84,61),(8,136),(133,138),(152,94),(110,46),(11,45),(176,86),(294,19),(109,121),(212,105),(234,49),(208,62),(44,158),(122,128),(79,110),(184,105),(18,23),
148:(238,77),(158,59),(254,122),(85,61),(8,137),(133,138),(152,94),(109,46),(11,45),(177,86),(294,18),(109,122),(211,105),(235,49),(208,62),(44,158),(122,128),(79,110),(183,105),(18,23),
149:(237,77),(158,58),(255,122),(86,61),(8,138),(133,138),(152,94),(109,45),(11,45),(178,86),(294,17),(109,123),(210,105),(236,49),(208,62),(44,158),(122,128),(79,110),(182,105),(18,23),
150:(236,77),(158,57),(256,122),(87,61),(8,139),(133,138),(152,94),(108,45),(11,45),(179,86),(294,16),(109,124),(209,105),(237,49),(208,62),(44,158),(122,128),(79,110),(181,105),(18,23),
151:(235,77),(158,56),(257,122),(88,61),(8,140),(133,138),(152,94),(107,45),(11,45),(180,86),(294,15),(109,125),(208,105),(238,49),(208,62),(44,158),(122,128),(79,110),(180,105),(18,23),
152:(234,77),(158,55),(258,122),(89,61),(8,141),(133,138),(152,94),(106,45),(11,45),(181,86),(294,14),(109,126),(207,105),(239,49),(208,62),(44,158),(122,128),(79,110),(179,105),(18,23),
153:(233,77),(157,55),(259,122),(90,61),(8,142),(133,138),(152,94),(105,45),(11,45),(182,86),(294,13),(109,127),(206,105),(240,49),(208,62),(44,158),(122,128),(79,110),(178,105),(18,23),
154:(232,77),(157,54),(260,122),(91,61),(8,143),(133,138),(152,94),(104,45),(11,45),(183,86),(294,12),(109,128),(205,105),(241,49),(208,62),(44,158),(122,128),(79,110),(177,105),(18,23),
155:(231,77),(156,54),(261,122),(92,61),(8,144),(133,138),(152,94),(103,45),(11,45),(184,86),(294,11),(109,129),(204,105),(242,49),(208,62),(44,158),(122,128),(79,110),(176,105),(18,23),
156:(230,77),(155,54),(262,122),(93,61),(8,145),(133,138),(152,94),(102,45),(11,45),(185,86),(294,10),(109,130),(203,105),(242,48),(208,62),(44,158),(122,128),(79,110),(175,105),(18,23),
157:(230,76),(154,54),(263,122),(94,61),(8,146),(133,138),(152,94),(101,45),(11,45),(186,86),(294,9),(109,131),(202,105),(242,47),(208,62),(44,158),(122,128),(79,110),(174,105),(18,23),
158:(230,75),(153,54),(264,122),(95,61),(8,147),(133,138),(152,94),(100,45),(11,45),(187,86),(294,8),(109,132),(201,105),(242,46),(208,62),(44,158),(122,128),(79,110),(173,105),(18,23),
159:(230,74),(152,54),(265,122),(96,61),(8,148),(133,138),(152,94),(99,45),(11,45),(188,86),(294,7),(109,133),(200,105),(243,46),(208,62),(44,158),(122,128),(79,110),(172,105),(18,23),
160:(230,73),(152,53),(266,122),(97,61),(8,149),(133,138),(152,94),(98,45),(11,45),(189,86),(294,6),(108,133),(199,105),(244,46),(208,62),(44,158),(122,128),(79,110),(171,105),(18,23),
161:(230,72),(151,53),(267,122),(98,61),(8,150),(133,138),(152,94),(97,45),(11,45),(190,86),(294,5),(107,133),(198,105),(245,46),(208,62),(44,158),(122,128),(79,110),(170,105),(18,23),
162:(229,72),(150,53),(268,122),(98,60),(8,150),(133,138),(152,94),(97,44),(11,45),(191,86),(294,4),(106,133),(197,105),(245,45),(208,62),(44,158),(122,128),(79,110),(170,104),(18,23),
163:(229,71),(149,53),(269,122),(98,59),(8,150),(133,138),(152,94),(97,43),(11,45),(192,86),(294,3),(106,134),(196,105),(246,45),(208,62),(44,158),(122,128),(79,110),(169,104),(18,23),
164:(229,70),(148,53),(270,122),(98,58),(8,150),(133,138),(152,94),(97,42),(11,45),(193,86),(294,2),(105,134),(195,105),(247,45),(208,62),(44,158),(122,128),(79,110),(169,103),(18,23),
165:(228,70),(147,53),(271,122),(99,58),(8,150),(133,138),(152,94),(97,41),(11,45),(194,86),(294,1),(104,134),(194,105),(248,45),(208,62),(44,158),(122,128),(79,110),(169,102),(18,23),
166:(228,69),(146,53),(272,122),(99,57),(8,150),(133,138),(152,94),(96,41),(11,45),(195,86),(294,1),(104,134),(193,105),(249,45),(208,62),(44,158),(122,128),(79,110),(168,102),(18,23),
167:(227,69),(145,53),(273,122),(100,57),(8,150),(133,138),(152,94),(95,41),(11,45),(196,86),(294,1),(104,134),(193,104),(250,45),(208,62),(44,158),(122,128),(79,110),(168,101),(18,23),
168:(226,69),(144,53),(274,122),(101,57),(8,150),(133,138),(152,94),(94,41),(11,45),(197,86),(294,1),(104,134),(193,103),(251,45),(208,62),(44,158),(122,128),(79,110),(167,101),(18,23),
169:(225,69),(143,53),(275,122),(102,57),(8,150),(133,138),(152,94),(93,41),(11,45),(198,86),(294,1),(104,134),(193,102),(252,45),(208,62),(44,158),(122,128),(79,110),(166,101),(18,23),
170:(224,69),(142,53),(276,122),(103,57),(8,150),(133,138),(152,94),(92,41),(11,45),(199,86),(294,1),(104,134),(193,101),(253,45),(208,62),(44,158),(122,128),(79,110),(165,101),(18,23),
171:(223,69),(141,53),(277,122),(104,57),(8,150),(133,138),(152,94),(91,41),(11,45),(200,86),(294,1),(104,134),(192,101),(254,45),(208,62),(44,158),(122,128),(79,110),(164,101),(18,23),
172:(222,69),(140,53),(278,122),(105,57),(8,150),(133,138),(152,94),(90,41),(11,45),(201,86),(294,1),(104,134),(191,101),(254,44),(208,62),(44,158),(122,128),(79,110),(163,101),(18,23),
173:(221,69),(139,53),(279,122),(106,57),(8,150),(133,138),(152,94),(89,41),(11,45),(202,86),(294,1),(104,134),(190,101),(254,43),(208,62),(44,158),(122,128),(79,110),(162,101),(18,23),
174:(220,69),(138,53),(280,122),(107,57),(8,150),(133,138),(152,94),(88,41),(11,45),(203,86),(294,1),(104,134),(189,101),(254,42),(208,62),(44,158),(122,128),(79,110),(161,101),(18,23),
175:(219,69),(137,53),(281,122),(108,57),(8,150),(133,138),(152,94),(87,41),(11,45),(204,86),(294,1),(104,134),(188,101),(254,41),(208,62),(44,158),(122,128),(79,110),(160,101),(18,23),
176:(218,69),(136,53),(282,122),(109,57),(8,150),(133,138),(152,94),(86,41),(11,45),(205,86),(294,1),(104,134),(187,101),(255,41),(208,62),(44,158),(122,128),(79,110),(159,101),(18,23),
177:(217,69),(135,53),(283,122),(109,56),(8,150),(133,138),(152,94),(86,40),(11,45),(206,86),(294,1),(104,134),(186,101),(256,41),(208,62),(44,158),(122,128),(79,110),(158,101),(18,23),
178:(217,68),(134,53),(284,122),(109,55),(8,150),(133,138),(152,94),(85,40),(11,45),(207,86),(294,1),(104,134),(185,101),(257,41),(208,62),(44,158),(122,128),(79,110),(157,101),(18,23),
179:(217,67),(134,52),(285,122),(109,54),(8,150),(133,138),(152,94),(85,39),(11,45),(208,86),(294,1),(104,134),(184,101),(258,41),(208,62),(44,158),(122,128),(79,110),(157,100),(18,23),
180:(217,66),(133,52),(286,122),(110,54),(8,150),(133,138),(152,94),(85,38),(11,45),(209,86),(294,1),(104,134),(183,101),(259,41),(208,62),(44,158),(122,128),(79,110),(157,99),(18,23),
181:(216,66),(133,51),(287,122),(110,53),(8,150),(133,138),(152,94),(84,38),(11,45),(210,86),(294,1),(104,134),(182,101),(260,41),(208,62),(44,158),(122,128),(79,110),(157,98),(18,23),
182:(215,66),(133,50),(288,122),(110,52),(8,150),(133,138),(152,94),(83,38),(11,45),(211,86),(294,1),(104,134),(181,101),(261,41),(208,62),(44,158),(122,128),(79,110),(156,98),(18,23),
183:(214,66),(132,50),(289,122),(110,51),(8,150),(133,138),(152,94),(83,37),(11,45),(212,86),(294,1),(104,134),(181,100),(262,41),(208,62),(44,158),(122,128),(79,110),(156,97),(18,23),
184:(213,66),(131,50),(290,122),(110,50),(8,150),(133,138),(152,94),(82,37),(11,45),(213,86),(294,1),(104,134),(181,99),(263,41),(208,62),(44,158),(122,128),(79,110),(155,97),(18,23),
185:(212,66),(130,50),(291,122),(110,49),(8,150),(133,138),(152,94),(81,37),(11,45),(214,86),(294,1),(104,134),(181,98),(264,41),(208,62),(44,158),(122,128),(79,110),(154,97),(18,23),
186:(211,66),(129,50),(292,122),(110,48),(8,150),(133,138),(152,94),(80,37),(11,45),(215,86),(294,1),(104,134),(181,97),(265,41),(208,62),(44,158),(122,128),(79,110),(153,97),(18,23),
187:(211,65),(128,50),(293,122),(110,47),(8,150),(133,138),(152,94),(79,37),(11,45),(216,86),(294,1),(104,134),(181,96),(266,41),(208,62),(44,158),(122,128),(79,110),(152,97),(18,23),
188:(210,65),(127,50),(294,122),(110,46),(8,150),(133,138),(152,94),(78,37),(11,45),(217,86),(294,1),(104,134),(181,95),(267,41),(208,62),(44,158),(122,128),(79,110),(151,97),(18,23),
189:(209,65),(126,50),(295,122),(110,45),(8,150),(133,138),(152,94),(77,37),(11,45),(218,86),(294,1),(104,134),(181,94),(268,41),(208,62),(44,158),(122,128),(79,110),(150,97),(18,23),
190:(208,65),(125,50),(296,122),(110,44),(8,150),(133,138),(152,94),(76,37),(11,45),(219,86),(294,1),(104,134),(181,93),(269,41),(208,62),(44,158),(122,128),(79,110),(149,97),(18,23),
191:(207,65),(124,50),(297,122),(110,43),(8,150),(133,138),(152,94),(75,37),(11,45),(220,86),(294,1),(104,134),(181,92),(270,41),(208,62),(44,158),(122,128),(79,110),(148,97),(18,23),
192:(206,65),(123,50),(298,122),(110,42),(8,150),(133,138),(152,94),(74,37),(11,45),(221,86),(294,1),(104,134),(181,91),(271,41),(208,62),(44,158),(122,128),(79,110),(147,97),(18,23),
193:(206,64),(122,50),(299,122),(110,41),(8,150),(133,138),(152,94),(73,37),(11,45),(222,86),(294,1),(104,134),(181,90),(272,41),(208,62),(44,158),(122,128),(79,110),(146,97),(18,23),
194:(205,64),(121,50),(300,122),(110,40),(8,150),(133,138),(152,94),(72,37),(11,45),(223,86),(294,1),(104,134),(181,89),(273,41),(208,62),(44,158),(122,128),(79,110),(146,96),(18,23),
195:(205,63),(120,50),(301,122),(110,39),(8,150),(133,138),(152,94),(71,37),(11,45),(224,86),(294,1),(104,134),(181,88),(274,41),(208,62),(44,158),(122,128),(79,110),(146,95),(18,23),
196:(205,62),(119,50),(302,122),(110,38),(8,150),(133,138),(152,94),(70,37),(11,45),(225,86),(294,1),(104,134),(181,87),(275,41),(208,62),(44,158),(122,128),(79,110),(145,95),(18,23),
197:(205,61),(118,50),(303,122),(110,37),(8,150),(133,138),(152,94),(69,37),(11,45),(226,86),(294,1),(104,134),(181,86),(276,41),(208,62),(44,158),(122,128),(79,110),(145,94),(18,23),
198:(205,60),(117,50),(304,122),(110,36),(8,150),(133,138),(152,94),(68,37),(11,45),(226,86),(294,1),(104,134),(181,85),(277,41),(208,62),(44,158),(122,128),(79,110),(144,94),(18,23),
199:(205,59),(116,50),(305,122),(110,35),(8,150),(133,138),(152,94),(67,37),(11,45),(226,86),(294,1),(104,134),(181,84),(277,40),(208,62),(44,158),(122,128),(79,110),(144,93),(18,23),
200:(205,58),(115,50),(306,122),(110,34),(8,150),(133,138),(152,94),(66,37),(11,45),(226,86),(294,1),(104,134),(181,83),(278,40),(208,62),(44,158),(122,128),(79,110),(143,93),(18,23),
201:(205,57),(114,50),(307,122),(110,33),(8,150),(133,138),(152,94),(65,37),(11,45),(226,86),(294,1),(104,134),(181,82),(278,39),(208,62),(44,158),(122,128),(79,110),(142,93),(18,23),
202:(205,56),(113,50),(308,122),(110,32),(8,150),(133,138),(152,94),(64,37),(11,45),(226,86),(294,1),(104,134),(181,81),(278,38),(208,62),(44,158),(122,128),(79,110),(141,93),(18,23),
203:(205,55),(112,50),(309,122),(110,31),(8,150),(133,138),(152,94),(63,37),(11,45),(226,86),(294,1),(104,134),(181,80),(278,37),(208,62),(44,158),(122,128),(79,110),(140,93),(18,23),
204:(205,54),(111,50),(310,122),(110,30),(8,150),(133,138),(152,94),(62,37),(11,45),(226,86),(294,1),(104,134),(181,79),(278,36),(208,62),(44,158),(122,128),(79,110),(139,93),(18,23),
205:(204,54),(110,50),(311,122),(111,30),(8,150),(133,138),(152,94),(61,37),(11,45),(226,86),(294,1),(104,134),(181,78),(278,35),(208,62),(44,158),(122,128),(79,110),(138,93),(18,23),
206:(204,53),(109,50),(312,122),(111,30),(8,150),(133,138),(152,94),(60,37),(11,45),(226,86),(294,1),(104,134),(181,77),(278,34),(208,62),(44,158),(122,128),(79,110),(137,93),(18,23),
207:(203,53),(108,50),(313,122),(111,30),(8,150),(133,138),(152,94),(59,37),(11,45),(226,86),(294,1),(104,134),(181,76),(278,33),(208,62),(44,158),(122,128),(79,110),(136,93),(18,23),
208:(202,53),(107,50),(314,122),(111,30),(8,150),(133,138),(152,94),(58,37),(11,45),(226,86),(294,1),(104,134),(181,75),(278,32),(208,62),(44,158),(122,128),(79,110),(135,93),(18,23),
209:(201,53),(106,50),(315,122),(111,30),(8,150),(133,138),(152,94),(57,37),(11,45),(226,86),(294,1),(104,134),(181,74),(278,31),(208,62),(44,158),(122,128),(79,110),(134,93),(18,23),
210:(200,53),(105,50),(316,122),(111,30),(8,150),(133,138),(152,94),(56,37),(11,45),(226,86),(294,1),(104,134),(181,73),(278,30),(208,62),(44,158),(122,128),(79,110),(134,92),(18,23),
211:(199,53),(104,50),(317,122),(111,30),(8,150),(133,138),(152,94),(55,37),(11,45),(226,86),(294,1),(104,134),(181,72),(278,29),(208,62),(44,158),(122,128),(79,110),(134,91),(18,23),
212:(198,53),(103,50),(318,122),(111,30),(8,150),(133,138),(152,94),(54,37),(11,45),(226,86),(294,1),(104,134),(181,71),(278,28),(208,62),(44,158),(122,128),(79,110),(133,91),(18,23),
213:(197,53),(102,50),(319,122),(111,30),(8,150),(133,138),(152,94),(53,37),(11,45),(226,86),(294,1),(104,134),(181,70),(278,27),(208,62),(44,158),(122,128),(79,110),(133,90),(18,23),
214:(196,53),(101,50),(320,122),(111,30),(8,150),(133,138),(152,94),(52,37),(11,45),(226,86),(294,1),(104,134),(181,69),(278,26),(208,62),(44,158),(122,128),(79,110),(132,90),(18,23),
215:(195,53),(100,50),(321,122),(111,30),(8,150),(133,138),(152,94),(51,37),(11,45),(226,86),(294,1),(104,134),(181,68),(278,25),(208,62),(44,158),(122,128),(79,110),(131,90),(18,23),
216:(194,53),(99,50),(322,122),(111,30),(8,150),(133,138),(152,94),(50,37),(11,45),(226,86),(294,1),(104,134),(181,67),(278,24),(208,62),(44,158),(122,128),(79,110),(131,89),(18,23),
217:(193,53),(98,50),(323,122),(111,30),(8,150),(133,138),(152,94),(50,36),(11,45),(226,86),(294,1),(104,134),(181,66),(278,23),(208,62),(44,158),(122,128),(79,110),(130,89),(18,23),
218:(193,52),(98,50),(324,122),(111,30),(8,150),(133,138),(152,94),(49,36),(11,45),(226,86),(294,1),(104,134),(181,65),(278,22),(208,62),(44,158),(122,128),(79,110),(129,89),(18,23),
219:(193,51),(98,50),(325,122),(111,30),(8,150),(133,138),(152,94),(48,36),(11,45),(226,86),(294,1),(104,134),(181,64),(278,21),(208,62),(44,158),(122,128),(79,110),(128,89),(18,23),
220:(193,50),(98,50),(325,122),(111,30),(8,150),(133,138),(152,94),(47,36),(11,45),(226,86),(294,1),(104,134),(181,63),(278,20),(208,62),(44,158),(122,128),(79,110),(127,89),(18,23),
221:(193,49),(98,50),(325,122),(111,30),(8,150),(133,138),(152,94),(46,36),(11,45),(226,86),(294,1),(104,134),(181,62),(278,19),(208,62),(44,158),(122,128),(79,110),(126,89),(18,23),
222:(192,49),(98,50),(325,122),(111,30),(8,150),(133,138),(152,94),(45,36),(11,45),(226,86),(294,1),(104,134),(181,61),(278,18),(208,62),(44,158),(122,128),(79,110),(125,89),(18,23),
223:(191,49),(98,50),(325,122),(111,30),(8,150),(133,138),(152,94),(44,36),(11,45),(226,86),(294,1),(104,134),(181,60),(278,17),(208,62),(44,158),(122,128),(79,110),(124,89),(18,23),
224:(190,49),(98,50),(325,122),(111,30),(8,150),(133,138),(152,94),(43,36),(11,45),(226,86),(294,1),(104,134),(181,59),(278,16),(208,62),(44,158),(122,128),(79,110),(123,89),(18,23),
225:(189,49),(98,50),(325,122),(111,30),(8,150),(133,138),(152,94),(42,36),(11,45),(226,86),(294,1),(104,134),(181,58),(278,15),(208,62),(44,158),(122,128),(79,110),(122,89),(18,23),
226:(188,49),(98,50),(325,122),(111,30),(8,150),(133,138),(152,94),(41,36),(11,45),(226,86),(294,1),(104,134),(181,57),(278,14),(208,62),(44,158),(122,128),(79,110),(121,89),(18,23),
227:(187,49),(98,50),(325,122),(111,30),(8,150),(133,138),(152,94),(40,36),(11,45),(226,86),(294,1),(104,134),(181,56),(278,13),(208,62),(44,158),(122,128),(79,110),(121,88),(18,23),
228:(186,49),(98,50),(325,122),(111,30),(8,150),(133,138),(152,94),(39,36),(11,45),(226,86),(294,1),(104,134),(181,55),(278,12),(208,62),(44,158),(122,128),(79,110),(121,87),(18,23),
229:(185,49),(98,50),(325,122),(111,30),(8,150),(133,138),(152,94),(38,36),(11,45),(226,86),(294,1),(104,134),(181,54),(278,11),(208,62),(44,158),(122,128),(79,110),(121,86),(18,23),
230:(184,49),(98,50),(325,122),(111,30),(8,150),(133,138),(152,94),(37,36),(11,45),(226,86),(294,1),(104,134),(181,53),(278,10),(208,62),(44,158),(122,128),(79,110),(120,86),(18,23),
231:(183,49),(98,50),(325,122),(111,30),(8,150),(133,138),(152,94),(36,36),(11,45),(226,86),(294,1),(104,134),(181,53),(278,9),(208,62),(44,158),(122,128),(79,110),(119,86),(18,23),
232:(182,49),(98,50),(325,122),(111,30),(8,150),(133,138),(152,94),(35,36),(11,45),(226,86),(294,1),(104,134),(181,53),(279,9),(208,62),(44,158),(122,128),(79,110),(119,85),(18,23),
233:(181,49),(98,50),(325,122),(111,30),(8,150),(133,138),(152,94),(34,36),(11,45),(226,86),(294,1),(104,134),(181,53),(280,9),(208,62),(44,158),(122,128),(79,110),(118,85),(18,23),
234:(180,49),(98,50),(325,122),(111,30),(8,150),(133,138),(152,94),(33,36),(11,45),(226,86),(294,1),(104,134),(181,53),(281,9),(208,62),(44,158),(122,128),(79,110),(117,85),(18,23),
235:(179,49),(98,50),(325,122),(111,30),(8,150),(133,138),(152,94),(32,36),(11,45),(226,86),(294,1),(104,134),(181,53),(281,9),(208,62),(44,158),(122,128),(79,110),(116,85),(18,23),
236:(178,49),(98,50),(325,122),(111,30),(8,150),(133,138),(152,94),(31,36),(11,45),(226,86),(294,1),(104,134),(181,53),(281,9),(208,62),(44,158),(122,128),(79,110),(115,85),(18,23),
237:(177,49),(98,50),(325,122),(111,30),(8,150),(133,138),(152,94),(30,36),(11,45),(226,86),(294,1),(104,134),(181,53),(281,9),(208,62),(44,158),(122,128),(79,110),(114,85),(18,23),
238:(176,49),(98,50),(325,122),(111,30),(8,150),(133,138),(152,94),(29,36),(11,45),(226,86),(294,1),(104,134),(181,53),(281,9),(208,62),(44,158),(122,128),(79,110),(113,85),(18,23),
239:(175,49),(98,50),(325,122),(111,30),(8,150),(133,138),(152,94),(28,36),(11,45),(226,86),(294,1),(104,134),(181,53),(281,9),(208,62),(44,158),(122,128),(79,110),(112,85),(18,23),
240:(174,49),(98,50),(325,122),(111,30),(8,150),(133,138),(152,94),(27,36),(11,45),(226,86),(294,1),(104,134),(181,53),(281,9),(208,62),(44,158),(122,128),(79,110),(111,85),(18,23),
241:(173,49),(98,50),(325,122),(111,30),(8,150),(133,138),(152,94),(26,36),(11,45),(226,86),(294,1),(104,134),(181,53),(281,9),(208,62),(44,158),(122,128),(79,110),(110,85),(18,23),
242:(172,49),(98,50),(325,122),(111,30),(8,150),(133,138),(152,94),(25,36),(11,45),(226,86),(294,1),(104,134),(181,53),(281,9),(208,62),(44,158),(122,128),(79,110),(109,85),(18,23),
243:(171,49),(98,50),(325,122),(111,30),(8,150),(133,138),(152,94),(24,36),(11,45),(226,86),(294,1),(104,134),(181,53),(281,9),(208,62),(44,158),(122,128),(79,110),(108,85),(18,23),
244:(170,49),(98,50),(325,122),(111,30),(8,150),(133,138),(152,94),(23,36),(11,45),(226,86),(294,1),(104,134),(181,53),(281,9),(208,62),(44,158),(122,128),(79,110),(107,85),(18,23),
245:(169,49),(98,50),(325,122),(111,30),(8,150),(133,138),(152,94),(23,36),(11,45),(226,86),(294,1),(104,134),(181,53),(281,9),(208,62),(44,158),(122,128),(79,110),(106,85),(18,23),
246:(169,48),(98,50),(325,122),(111,30),(8,150),(133,138),(152,94),(23,36),(11,45),(226,86),(294,1),(104,134),(181,53),(281,9),(208,62),(44,158),(122,128),(79,110),(105,85),(18,23),
247:(169,47),(98,50),(325,122),(111,30),(8,150),(133,138),(152,94),(23,36),(11,45),(226,86),(294,1),(104,134),(181,53),(281,9),(208,62),(44,158),(122,128),(79,110),(104,85),(18,23),
248:(169,46),(98,50),(325,122),(111,30),(8,150),(133,138),(152,94),(23,36),(11,45),(226,86),(294,1),(104,134),(181,53),(281,9),(208,62),(44,158),(122,128),(79,110),(103,85),(18,23),
249:(168,46),(98,50),(325,122),(111,30),(8,150),(133,138),(152,94),(23,36),(11,45),(226,86),(294,1),(104,134),(181,53),(281,9),(208,62),(44,158),(122,128),(79,110),(102,85),(18,23),
250:(167,46),(98,50),(325,122),(111,30),(8,150),(133,138),(152,94),(23,36),(11,45),(226,86),(294,1),(104,134),(181,53),(281,9),(208,62),(44,158),(122,128),(79,110),(101,85),(18,23),
251:(167,45),(98,50),(325,122),(111,30),(8,150),(133,138),(152,94),(23,36),(11,45),(226,86),(294,1),(104,134),(181,53),(281,9),(208,62),(44,158),(122,128),(79,110),(100,85),(18,23),
252:(166,45),(98,50),(325,122),(111,30),(8,150),(133,138),(152,94),(23,36),(11,45),(226,86),(294,1),(104,134),(181,53),(281,9),(208,62),(44,158),(122,128),(79,110),(99,85),(18,23),
253:(165,45),(98,50),(325,122),(111,30),(8,150),(133,138),(152,94),(23,36),(11,45),(226,86),(294,1),(104,134),(181,53),(281,9),(208,62),(44,158),(122,128),(79,110),(98,85),(18,23),
254:(164,45),(98,50),(325,122),(111,30),(8,150),(133,138),(152,94),(23,36),(11,45),(226,86),(294,1),(104,134),(181,53),(281,9),(208,62),(44,158),(122,128),(79,110),(98,84),(18,23),
255:(163,45),(98,50),(325,122),(111,30),(8,150),(133,138),(152,94),(23,36),(11,45),(226,86),(294,1),(104,134),(181,53),(281,9),(208,62),(44,158),(122,128),(79,110),(98,83),(18,23),
256:(162,45),(98,50),(325,122),(111,30),(8,150),(133,138),(152,94),(23,36),(11,45),(226,86),(294,1),(104,134),(181,53),(281,9),(208,62),(44,158),(122,128),(79,110),(98,82),(18,23),
257:(161,45),(98,50),(325,122),(111,30),(8,150),(133,138),(152,94),(23,36),(11,45),(226,86),(294,1),(104,134),(181,53),(281,9),(208,62),(44,158),(122,128),(79,110),(98,81),(18,23),
258:(160,45),(98,50),(325,122),(111,30),(8,150),(133,138),(152,94),(23,36),(11,45),(226,86),(294,1),(104,134),(181,53),(281,9),(208,62),(44,158),(122,128),(79,110),(98,80),(18,23),
259:(159,45),(98,50),(325,122),(111,30),(8,150),(133,138),(152,94),(23,36),(11,45),(226,86),(294,1),(104,134),(181,53),(281,9),(208,62),(44,158),(122,128),(79,110),(98,79),(18,23),
260:(158,45),(98,50),(325,122),(111,30),(8,150),(133,138),(152,94),(23,36),(11,45),(226,86),(294,1),(104,134),(181,53),(281,9),(208,62),(44,158),(122,128),(79,110),(97,79),(18,23),
261:(157,45),(98,50),(325,122),(111,30),(8,150),(133,138),(152,94),(23,36),(11,45),(226,86),(294,1),(104,134),(181,53),(281,9),(208,62),(44,158),(122,128),(79,110),(97,78),(18,23),
262:(157,44),(98,50),(325,122),(111,30),(8,150),(133,138),(152,94),(23,36),(11,45),(226,86),(294,1),(104,134),(181,53),(281,9),(208,62),(44,158),(122,128),(79,110),(97,77),(18,23),
263:(157,43),(98,50),(325,122),(111,30),(8,150),(133,138),(152,94),(23,36),(11,45),(226,86),(294,1),(104,134),(181,53),(281,9),(208,62),(44,158),(122,128),(79,110),(97,76),(18,23),
264:(157,42),(98,50),(325,122),(111,30),(8,150),(133,138),(152,94),(23,36),(11,45),(226,86),(294,1),(104,134),(181,53),(281,9),(208,62),(44,158),(122,128),(79,110),(97,75),(18,23),
265:(157,41),(98,50),(325,122),(111,30),(8,150),(133,138),(152,94),(23,36),(11,45),(226,86),(294,1),(104,134),(181,53),(281,9),(208,62),(44,158),(122,128),(79,110),(97,74),(18,23),
266:(157,40),(98,50),(325,122),(111,30),(8,150),(133,138),(152,94),(23,36),(11,45),(226,86),(294,1),(104,134),(181,53),(281,9),(208,62),(44,158),(122,128),(79,110),(96,74),(18,23),
267:(157,39),(98,50),(325,122),(111,30),(8,150),(133,138),(152,94),(23,36),(11,45),(226,86),(294,1),(104,134),(181,53),(281,9),(208,62),(44,158),(122,128),(79,110),(95,74),(18,23),
268:(157,38),(98,50),(325,122),(111,30),(8,150),(133,138),(152,94),(23,36),(11,45),(226,86),(294,1),(104,134),(181,53),(281,9),(208,62),(44,158),(122,128),(79,110),(94,74),(18,23),
269:(157,37),(98,50),(325,122),(111,30),(8,150),(133,138),(152,94),(23,36),(11,45),(226,86),(294,1),(104,134),(181,53),(281,9),(208,62),(44,158),(122,128),(79,110),(94,73),(18,23),
270:(157,36),(98,50),(325,122),(111,30),(8,150),(133,138),(152,94),(23,36),(11,45),(226,86),(294,1),(104,134),(181,53),(281,9),(208,62),(44,158),(122,128),(79,110),(93,73),(18,23),
271:(157,35),(98,50),(325,122),(111,30),(8,150),(133,138),(152,94),(23,36),(11,45),(226,86),(294,1),(104,134),(181,53),(281,9),(208,62),(44,158),(122,128),(79,110),(92,73),(18,23),
272:(157,34),(98,50),(325,122),(111,30),(8,150),(133,138),(152,94),(23,36),(11,45),(226,86),(294,1),(104,134),(181,53),(281,9),(208,62),(44,158),(122,128),(79,110),(91,73),(18,23),
273:(157,33),(98,50),(325,122),(111,30),(8,150),(133,138),(152,94),(23,36),(11,45),(226,86),(294,1),(104,134),(181,53),(281,9),(208,62),(44,158),(122,128),(79,110),(90,73),(18,23),
274:(156,33),(98,50),(325,122),(111,30),(8,150),(133,138),(152,94),(23,36),(11,45),(226,86),(294,1),(104,134),(181,53),(281,9),(208,62),(44,158),(122,128),(79,110),(89,73),(18,23),
275:(155,33),(98,50),(325,122),(111,30),(8,150),(133,138),(152,94),(23,36),(11,45),(226,86),(294,1),(104,134),(181,53),(281,9),(208,62),(44,158),(122,128),(79,110),(88,73),(18,23),
276:(154,33),(98,50),(325,122),(111,30),(8,150),(133,138),(152,94),(23,36),(11,45),(226,86),(294,1),(104,134),(181,53),(281,9),(208,62),(44,158),(122,128),(79,110),(87,73),(18,23),
277:(153,33),(98,50),(325,122),(111,30),(8,150),(133,138),(152,94),(23,36),(11,45),(226,86),(294,1),(104,134),(181,53),(281,9),(208,62),(44,158),(122,128),(79,110),(86,73),(18,23),
278:(152,33),(98,50),(325,122),(111,30),(8,150),(133,138),(152,94),(23,36),(11,45),(226,86),(294,1),(104,134),(181,53),(281,9),(208,62),(44,158),(122,128),(79,110),(86,72),(18,23),
279:(151,33),(98,50),(325,122),(111,30),(8,150),(133,138),(152,94),(23,36),(11,45),(226,86),(294,1),(104,134),(181,53),(281,9),(208,62),(44,158),(122,128),(79,110),(86,71),(18,23),
280:(150,33),(98,50),(325,122),(111,30),(8,150),(133,138),(152,94),(23,36),(11,45),(226,86),(294,1),(104,134),(181,53),(281,9),(208,62),(44,158),(122,128),(79,110),(86,70),(18,23),
281:(149,33),(98,50),(325,122),(111,30),(8,150),(133,138),(152,94),(23,36),(11,45),(226,86),(294,1),(104,134),(181,53),(281,9),(208,62),(44,158),(122,128),(79,110),(85,70),(18,23),
282:(148,33),(98,50),(325,122),(111,30),(8,150),(133,138),(152,94),(23,36),(11,45),(226,86),(294,1),(104,134),(181,53),(281,9),(208,62),(44,158),(122,128),(79,110),(85,69),(18,23),
283:(147,33),(98,50),(325,122),(111,30),(8,150),(133,138),(152,94),(23,36),(11,45),(226,86),(294,1),(104,134),(181,53),(281,9),(208,62),(44,158),(122,128),(79,110),(85,68),(18,23),
284:(146,33),(98,50),(325,122),(111,30),(8,150),(133,138),(152,94),(23,36),(11,45),(226,86),(294,1),(104,134),(181,53),(281,9),(208,62),(44,158),(122,128),(79,110),(85,67),(18,23),
285:(145,33),(98,50),(325,122),(111,30),(8,150),(133,138),(152,94),(23,36),(11,45),(226,86),(294,1),(104,134),(181,53),(281,9),(208,62),(44,158),(122,128),(79,110),(85,66),(18,23),
286:(144,33),(98,50),(325,122),(111,30),(8,150),(133,138),(152,94),(23,36),(11,45),(226,86),(294,1),(104,134),(181,53),(281,9),(208,62),(44,158),(122,128),(79,110),(84,66),(18,23),
287:(143,33),(98,50),(325,122),(111,30),(8,150),(133,138),(152,94),(23,36),(11,45),(226,86),(294,1),(104,134),(181,53),(281,9),(208,62),(44,158),(122,128),(79,110),(83,66),(18,23),
288:(142,33),(98,50),(325,122),(111,30),(8,150),(133,138),(152,94),(23,36),(11,45),(226,86),(294,1),(104,134),(181,53),(281,9),(208,62),(44,158),(122,128),(79,110),(82,66),(18,23),
289:(141,33),(98,50),(325,122),(111,30),(8,150),(133,138),(152,94),(23,36),(11,45),(226,86),(294,1),(104,134),(181,53),(281,9),(208,62),(44,158),(122,128),(79,110),(82,65),(18,23),
290:(140,33),(98,50),(325,122),(111,30),(8,150),(133,138),(152,94),(23,36),(11,45),(226,86),(294,1),(104,134),(181,53),(281,9),(208,62),(44,158),(122,128),(79,110),(81,65),(18,23),
291:(139,33),(98,50),(325,122),(111,30),(8,150),(133,138),(152,94),(23,36),(11,45),(226,86),(294,1),(104,134),(181,53),(281,9),(208,62),(44,158),(122,128),(79,110),(80,65),(18,23),
292:(138,33),(98,50),(325,122),(111,30),(8,150),(133,138),(152,94),(23,36),(11,45),(226,86),(294,1),(104,134),(181,53),(281,9),(208,62),(44,158),(122,128),(79,110),(79,65),(18,23),
293:(137,33),(98,50),(325,122),(111,30),(8,150),(133,138),(152,94),(23,36),(11,45),(226,86),(294,1),(104,134),(181,53),(281,9),(208,62),(44,158),(122,128),(79,110),(78,65),(18,23),
294:(136,33),(98,50),(325,122),(111,30),(8,150),(133,138),(152,94),(23,36),(11,45),(226,86),(294,1),(104,134),(181,53),(281,9),(208,62),(44,158),(122,128),(79,110),(77,65),(18,23),
295:(135,33),(98,50),(325,122),(111,30),(8,150),(133,138),(152,94),(23,36),(11,45),(226,86),(294,1),(104,134),(181,53),(281,9),(208,62),(44,158),(122,128),(79,110),(76,65),(18,23),
296:(134,33),(98,50),(325,122),(111,30),(8,150),(133,138),(152,94),(23,36),(11,45),(226,86),(294,1),(104,134),(181,53),(281,9),(208,62),(44,158),(122,128),(79,110),(75,65),(18,23),
297:(133,33),(98,50),(325,122),(111,30),(8,150),(133,138),(152,94),(23,36),(11,45),(226,86),(294,1),(104,134),(181,53),(281,9),(208,62),(44,158),(122,128),(79,110),(74,65),(18,23),
298:(132,33),(98,50),(325,122),(111,30),(8,150),(133,138),(152,94),(23,36),(11,45),(226,86),(294,1),(104,134),(181,53),(281,9),(208,62),(44,158),(122,128),(79,110),(74,64),(18,23),
299:(131,33),(98,50),(325,122),(111,30),(8,150),(133,138),(152,94),(23,36),(11,45),(226,86),(294,1),(104,134),(181,53),(281,9),(208,62),(44,158),(122,128),(79,110),(74,63),(18,23),
300:(130,33),(98,50),(325,122),(111,30),(8,150),(133,138),(152,94),(23,36),(11,45),(226,86),(294,1),(104,134),(181,53),(281,9),(208,62),(44,158),(122,128),(79,110),(73,63),(18,23),
301:(129,33),(98,50),(325,122),(111,30),(8,150),(133,138),(152,94),(23,36),(11,45),(226,86),(294,1),(104,134),(181,53),(281,9),(208,62),(44,158),(122,128),(79,110),(73,62),(18,23),
302:(128,33),(98,50),(325,122),(111,30),(8,150),(133,138),(152,94),(23,36),(11,45),(226,86),(294,1),(104,134),(181,53),(281,9),(208,62),(44,158),(122,128),(79,110),(72,62),(18,23),
303:(127,33),(98,50),(325,122),(111,30),(8,150),(133,138),(152,94),(23,36),(11,45),(226,86),(294,1),(104,134),(181,53),(281,9),(208,62),(44,158),(122,128),(79,110),(72,61),(18,23),
304:(126,33),(98,50),(325,122),(111,30),(8,150),(133,138),(152,94),(23,36),(11,45),(226,86),(294,1),(104,134),(181,53),(281,9),(208,62),(44,158),(122,128),(79,110),(71,61),(18,23),
305:(125,33),(98,50),(325,122),(111,30),(8,150),(133,138),(152,94),(23,36),(11,45),(226,86),(294,1),(104,134),(181,53),(281,9),(208,62),(44,158),(122,128),(79,110),(70,61),(18,23),
306:(124,33),(98,50),(325,122),(111,30),(8,150),(133,138),(152,94),(23,36),(11,45),(226,86),(294,1),(104,134),(181,53),(281,9),(208,62),(44,158),(122,128),(79,110),(69,61),(18,23),
307:(123,33),(98,50),(325,122),(111,30),(8,150),(133,138),(152,94),(23,36),(11,45),(226,86),(294,1),(104,134),(181,53),(281,9),(208,62),(44,158),(122,128),(79,110),(68,61),(18,23),
308:(122,33),(98,50),(325,122),(111,30),(8,150),(133,138),(152,94),(23,36),(11,45),(226,86),(294,1),(104,134),(181,53),(281,9),(208,62),(44,158),(122,128),(79,110),(67,61),(18,23),
309:(121,33),(98,50),(325,122),(111,30),(8,150),(133,138),(152,94),(23,36),(11,45),(226,86),(294,1),(104,134),(181,53),(281,9),(208,62),(44,158),(122,128),(79,110),(66,61),(18,23),
310:(120,33),(98,50),(325,122),(111,30),(8,150),(133,138),(152,94),(23,36),(11,45),(226,86),(294,1),(104,134),(181,53),(281,9),(208,62),(44,158),(122,128),(79,110),(65,61),(18,23),
311:(119,33),(98,50),(325,122),(111,30),(8,150),(133,138),(152,94),(23,36),(11,45),(226,86),(294,1),(104,134),(181,53),(281,9),(208,62),(44,158),(122,128),(79,110),(64,61),(18,23),
312:(118,33),(98,50),(325,122),(111,30),(8,150),(133,138),(152,94),(23,36),(11,45),(226,86),(294,1),(104,134),(181,53),(281,9),(208,62),(44,158),(122,128),(79,110),(63,61),(18,23),
313:(117,33),(98,50),(325,122),(111,30),(8,150),(133,138),(152,94),(23,36),(11,45),(226,86),(294,1),(104,134),(181,53),(281,9),(208,62),(44,158),(122,128),(79,110),(62,61),(18,23),
314:(116,33),(98,50),(325,122),(111,30),(8,150),(133,138),(152,94),(23,36),(11,45),(226,86),(294,1),(104,134),(181,53),(281,9),(208,62),(44,158),(122,128),(79,110),(62,60),(18,23),
315:(115,33),(98,50),(325,122),(111,30),(8,150),(133,138),(152,94),(23,36),(11,45),(226,86),(294,1),(104,134),(181,53),(281,9),(208,62),(44,158),(122,128),(79,110),(61,60),(18,23),
316:(114,33),(98,50),(325,122),(111,30),(8,150),(133,138),(152,94),(23,36),(11,45),(226,86),(294,1),(104,134),(181,53),(281,9),(208,62),(44,158),(122,128),(79,110),(61,59),(18,23),
317:(113,33),(98,50),(325,122),(111,30),(8,150),(133,138),(152,94),(23,36),(11,45),(226,86),(294,1),(104,134),(181,53),(281,9),(208,62),(44,158),(122,128),(79,110),(61,58),(18,23),
318:(112,33),(98,50),(325,122),(111,30),(8,150),(133,138),(152,94),(23,36),(11,45),(226,86),(294,1),(104,134),(181,53),(281,9),(208,62),(44,158),(122,128),(79,110),(60,58),(18,23),
319:(111,33),(98,50),(325,122),(111,30),(8,150),(133,138),(152,94),(23,36),(11,45),(226,86),(294,1),(104,134),(181,53),(281,9),(208,62),(44,158),(122,128),(79,110),(60,57),(18,23),
320:(110,33),(98,50),(325,122),(111,30),(8,150),(133,138),(152,94),(23,36),(11,45),(226,86),(294,1),(104,134),(181,53),(281,9),(208,62),(44,158),(122,128),(79,110),(59,57),(18,23),
321:(109,33),(98,50),(325,122),(111,30),(8,150),(133,138),(152,94),(23,36),(11,45),(226,86),(294,1),(104,134),(181,53),(281,9),(208,62),(44,158),(122,128),(79,110),(58,57),(18,23),
322:(108,33),(98,50),(325,122),(111,30),(8,150),(133,138),(152,94),(23,36),(11,45),(226,86),(294,1),(104,134),(181,53),(281,9),(208,62),(44,158),(122,128),(79,110),(57,57),(18,23),
323:(107,33),(98,50),(325,122),(111,30),(8,150),(133,138),(152,94),(23,36),(11,45),(226,86),(294,1),(104,134),(181,53),(281,9),(208,62),(44,158),(122,128),(79,110),(56,57),(18,23),
324:(106,33),(98,50),(325,122),(111,30),(8,150),(133,138),(152,94),(23,36),(11,45),(226,86),(294,1),(104,134),(181,53),(281,9),(208,62),(44,158),(122,128),(79,110),(55,57),(18,23),
325:(105,33),(98,50),(325,122),(111,30),(8,150),(133,138),(152,94),(23,36),(11,45),(226,86),(294,1),(104,134),(181,53),(281,9),(208,62),(44,158),(122,128),(79,110),(54,57),(18,23),
326:(104,33),(98,50),(325,122),(111,30),(8,150),(133,138),(152,94),(23,36),(11,45),(226,86),(294,1),(104,134),(181,53),(281,9),(208,62),(44,158),(122,128),(79,110),(53,57),(18,23),
327:(103,33),(98,50),(325,122),(111,30),(8,150),(133,138),(152,94),(23,36),(11,45),(226,86),(294,1),(104,134),(181,53),(281,9),(208,62),(44,158),(122,128),(79,110),(52,57),(18,23),
328:(102,33),(98,50),(325,122),(111,30),(8,150),(133,138),(152,94),(23,36),(11,45),(226,86),(294,1),(104,134),(181,53),(281,9),(208,62),(44,158),(122,128),(79,110),(51,57),(18,23),
329:(101,33),(98,50),(325,122),(111,30),(8,150),(133,138),(152,94),(23,36),(11,45),(226,86),(294,1),(104,134),(181,53),(281,9),(208,62),(44,158),(122,128),(79,110),(50,57),(18,23),
330:(100,33),(98,50),(325,122),(111,30),(8,150),(133,138),(152,94),(23,36),(11,45),(226,86),(294,1),(104,134),(181,53),(281,9),(208,62),(44,158),(122,128),(79,110),(49,57),(18,23),
331:(99,33),(98,50),(325,122),(111,30),(8,150),(133,138),(152,94),(23,36),(11,45),(226,86),(294,1),(104,134),(181,53),(281,9),(208,62),(44,158),(122,128),(79,110),(48,57),(18,23),
332:(98,33),(98,50),(325,122),(111,30),(8,150),(133,138),(152,94),(23,36),(11,45),(226,86),(294,1),(104,134),(181,53),(281,9),(208,62),(44,158),(122,128),(79,110),(47,57),(18,23),
333:(97,33),(98,50),(325,122),(111,30),(8,150),(133,138),(152,94),(23,36),(11,45),(226,86),(294,1),(104,134),(181,53),(281,9),(208,62),(44,158),(122,128),(79,110),(46,57),(18,23),
334:(96,33),(98,50),(325,122),(111,30),(8,150),(133,138),(152,94),(23,36),(11,45),(226,86),(294,1),(104,134),(181,53),(281,9),(208,62),(44,158),(122,128),(79,110),(46,56),(18,23),
335:(95,33),(98,50),(325,122),(111,30),(8,150),(133,138),(152,94),(23,36),(11,45),(226,86),(294,1),(104,134),(181,53),(281,9),(208,62),(44,158),(122,128),(79,110),(46,55),(18,23),
336:(94,33),(98,50),(325,122),(111,30),(8,150),(133,138),(152,94),(23,36),(11,45),(226,86),(294,1),(104,134),(181,53),(281,9),(208,62),(44,158),(122,128),(79,110),(46,54),(18,23),
337:(93,33),(98,50),(325,122),(111,30),(8,150),(133,138),(152,94),(23,36),(11,45),(226,86),(294,1),(104,134),(181,53),(281,9),(208,62),(44,158),(122,128),(79,110),(46,53),(18,23),
338:(92,33),(98,50),(325,122),(111,30),(8,150),(133,138),(152,94),(23,36),(11,45),(226,86),(294,1),(104,134),(181,53),(281,9),(208,62),(44,158),(122,128),(79,110),(45,53),(18,23),
339:(91,33),(98,50),(325,122),(111,30),(8,150),(133,138),(152,94),(23,36),(11,45),(226,86),(294,1),(104,134),(181,53),(281,9),(208,62),(44,158),(122,128),(79,110),(45,52),(18,23),
340:(90,33),(98,50),(325,122),(111,30),(8,150),(133,138),(152,94),(23,36),(11,45),(226,86),(294,1),(104,134),(181,53),(281,9),(208,62),(44,158),(122,128),(79,110),(44,52),(18,23),
341:(89,33),(98,50),(325,122),(111,30),(8,150),(133,138),(152,94),(23,36),(11,45),(226,86),(294,1),(104,134),(181,53),(281,9),(208,62),(44,158),(122,128),(79,110),(43,52),(18,23),
342:(88,33),(98,50),(325,122),(111,30),(8,150),(133,138),(152,94),(23,36),(11,45),(226,86),(294,1),(104,134),(181,53),(281,9),(208,62),(44,158),(122,128),(79,110),(43,51),(18,23),
343:(87,33),(98,50),(325,122),(111,30),(8,150),(133,138),(152,94),(23,36),(11,45),(226,86),(294,1),(104,134),(181,53),(281,9),(208,62),(44,158),(122,128),(79,110),(43,50),(18,23),
344:(86,33),(98,50),(325,122),(111,30),(8,150),(133,138),(152,94),(23,36),(11,45),(226,86),(294,1),(104,134),(181,53),(281,9),(208,62),(44,158),(122,128),(79,110),(42,50),(18,23),
345:(85,33),(98,50),(325,122),(111,30),(8,150),(133,138),(152,94),(23,36),(11,45),(226,86),(294,1),(104,134),(181,53),(281,9),(208,62),(44,158),(122,128),(79,110),(42,49),(18,23),
346:(84,33),(98,50),(325,122),(111,30),(8,150),(133,138),(152,94),(23,36),(11,45),(226,86),(294,1),(104,134),(181,53),(281,9),(208,62),(44,158),(122,128),(79,110),(41,49),(18,23),
347:(83,33),(98,50),(325,122),(111,30),(8,150),(133,138),(152,94),(23,36),(11,45),(226,86),(294,1),(104,134),(181,53),(281,9),(208,62),(44,158),(122,128),(79,110),(40,49),(18,23),
348:(82,33),(98,50),(325,122),(111,30),(8,150),(133,138),(152,94),(23,36),(11,45),(226,86),(294,1),(104,134),(181,53),(281,9),(208,62),(44,158),(122,128),(79,110),(40,48),(18,23),
349:(81,33),(98,50),(325,122),(111,30),(8,150),(133,138),(152,94),(23,36),(11,45),(226,86),(294,1),(104,134),(181,53),(281,9),(208,62),(44,158),(122,128),(79,110),(40,47),(18,23),
350:(80,33),(98,50),(325,122),(111,30),(8,150),(133,138),(152,94),(23,36),(11,45),(226,86),(294,1),(104,134),(181,53),(281,9),(208,62),(44,158),(122,128),(79,110),(40,46),(18,23),
351:(79,33),(98,50),(325,122),(111,30),(8,150),(133,138),(152,94),(23,36),(11,45),(226,86),(294,1),(104,134),(181,53),(281,9),(208,62),(44,158),(122,128),(79,110),(40,45),(18,23),
352:(78,33),(98,50),(325,122),(111,30),(8,150),(133,138),(152,94),(23,36),(11,45),(226,86),(294,1),(104,134),(181,53),(281,9),(208,62),(44,158),(122,128),(79,110),(40,44),(18,23),
353:(77,33),(98,50),(325,122),(111,30),(8,150),(133,138),(152,94),(23,36),(11,45),(226,86),(294,1),(104,134),(181,53),(281,9),(208,62),(44,158),(122,128),(79,110),(40,43),(18,23),
354:(76,33),(98,50),(325,122),(111,30),(8,150),(133,138),(152,94),(23,36),(11,45),(226,86),(294,1),(104,134),(181,53),(281,9),(208,62),(44,158),(122,128),(79,110),(39,43),(18,23),
355:(75,33),(98,50),(325,122),(111,30),(8,150),(133,138),(152,94),(23,36),(11,45),(226,86),(294,1),(104,134),(181,53),(281,9),(208,62),(44,158),(122,128),(79,110),(39,42),(18,23),
356:(74,33),(98,50),(325,122),(111,30),(8,150),(133,138),(152,94),(23,36),(11,45),(226,86),(294,1),(104,134),(181,53),(281,9),(208,62),(44,158),(122,128),(79,110),(38,42),(18,23),
357:(73,33),(98,50),(325,122),(111,30),(8,150),(133,138),(152,94),(23,36),(11,45),(226,86),(294,1),(104,134),(181,53),(281,9),(208,62),(44,158),(122,128),(79,110),(38,41),(18,23),
358:(72,33),(98,50),(325,122),(111,30),(8,150),(133,138),(152,94),(23,36),(11,45),(226,86),(294,1),(104,134),(181,53),(281,9),(208,62),(44,158),(122,128),(79,110),(37,41),(18,23),
359:(71,33),(98,50),(325,122),(111,30),(8,150),(133,138),(152,94),(23,36),(11,45),(226,86),(294,1),(104,134),(181,53),(281,9),(208,62),(44,158),(122,128),(79,110),(37,40),(18,23),
360:(70,33),(98,50),(325,122),(111,30),(8,150),(133,138),(152,94),(23,36),(11,45),(226,86),(294,1),(104,134),(181,53),(281,9),(208,62),(44,158),(122,128),(79,110),(36,40),(18,23),
361:(69,33),(98,50),(325,122),(111,30),(8,150),(133,138),(152,94),(23,36),(11,45),(226,86),(294,1),(104,134),(181,53),(281,9),(208,62),(44,158),(122,128),(79,110),(35,40),(18,23),
362:(68,33),(98,50),(325,122),(111,30),(8,150),(133,138),(152,94),(23,36),(11,45),(226,86),(294,1),(104,134),(181,53),(281,9),(208,62),(44,158),(122,128),(79,110),(35,39),(18,23),
363:(67,33),(98,50),(325,122),(111,30),(8,150),(133,138),(152,94),(23,36),(11,45),(226,86),(294,1),(104,134),(181,53),(281,9),(208,62),(44,158),(122,128),(79,110),(34,39),(18,23),
364:(66,33),(98,50),(325,122),(111,30),(8,150),(133,138),(152,94),(23,36),(11,45),(226,86),(294,1),(104,134),(181,53),(281,9),(208,62),(44,158),(122,128),(79,110),(33,39),(18,23),
365:(65,33),(98,50),(325,122),(111,30),(8,150),(133,138),(152,94),(23,36),(11,45),(226,86),(294,1),(104,134),(181,53),(281,9),(208,62),(44,158),(122,128),(79,110),(32,39),(18,23),
366:(64,33),(98,50),(325,122),(111,30),(8,150),(133,138),(152,94),(23,36),(11,45),(226,86),(294,1),(104,134),(181,53),(281,9),(208,62),(44,158),(122,128),(79,110),(31,39),(18,23),
367:(63,33),(98,50),(325,122),(111,30),(8,150),(133,138),(152,94),(23,36),(11,45),(226,86),(294,1),(104,134),(181,53),(281,9),(208,62),(44,158),(122,128),(79,110),(30,39),(18,23),
368:(62,33),(98,50),(325,122),(111,30),(8,150),(133,138),(152,94),(23,36),(11,45),(226,86),(294,1),(104,134),(181,53),(281,9),(208,62),(44,158),(122,128),(79,110),(29,39),(18,23),
369:(61,33),(98,50),(325,122),(111,30),(8,150),(133,138),(152,94),(23,36),(11,45),(226,86),(294,1),(104,134),(181,53),(281,9),(208,62),(44,158),(122,128),(79,110),(29,38),(18,23),
370:(60,33),(98,50),(325,122),(111,30),(8,150),(133,138),(152,94),(23,36),(11,45),(226,86),(294,1),(104,134),(181,53),(281,9),(208,62),(44,158),(122,128),(79,110),(29,37),(18,23),
371:(59,33),(98,50),(325,122),(111,30),(8,150),(133,138),(152,94),(23,36),(11,45),(226,86),(294,1),(104,134),(181,53),(281,9),(208,62),(44,158),(122,128),(79,110),(29,36),(18,23),
372:(58,33),(98,50),(325,122),(111,30),(8,150),(133,138),(152,94),(23,36),(11,45),(226,86),(294,1),(104,134),(181,53),(281,9),(208,62),(44,158),(122,128),(79,110),(29,35),(18,23),
373:(57,33),(98,50),(325,122),(111,30),(8,150),(133,138),(152,94),(23,36),(11,45),(226,86),(294,1),(104,134),(181,53),(281,9),(208,62),(44,158),(122,128),(79,110),(29,34),(18,23),
374:(56,33),(98,50),(325,122),(111,30),(8,150),(133,138),(152,94),(23,36),(11,45),(226,86),(294,1),(104,134),(181,53),(281,9),(208,62),(44,158),(122,128),(79,110),(29,33),(18,23),
375:(55,33),(98,50),(325,122),(111,30),(8,150),(133,138),(152,94),(23,36),(11,45),(226,86),(294,1),(104,134),(181,53),(281,9),(208,62),(44,158),(122,128),(79,110),(29,32),(18,23),
376:(54,33),(98,50),(325,122),(111,30),(8,150),(133,138),(152,94),(23,36),(11,45),(226,86),(294,1),(104,134),(181,53),(281,9),(208,62),(44,158),(122,128),(79,110),(29,31),(18,23),
377:(53,33),(98,50),(325,122),(111,30),(8,150),(133,138),(152,94),(23,36),(11,45),(226,86),(294,1),(104,134),(181,53),(281,9),(208,62),(44,158),(122,128),(79,110),(29,30),(18,23),
378:(52,33),(98,50),(325,122),(111,30),(8,150),(133,138),(152,94),(23,36),(11,45),(226,86),(294,1),(104,134),(181,53),(281,9),(208,62),(44,158),(122,128),(79,110),(29,29),(18,23),
379:(51,33),(98,50),(325,122),(111,30),(8,150),(133,138),(152,94),(23,36),(11,45),(226,86),(294,1),(104,134),(181,53),(281,9),(208,62),(44,158),(122,128),(79,110),(29,28),(18,23),
380:(50,33),(98,50),(325,122),(111,30),(8,150),(133,138),(152,94),(23,36),(11,45),(226,86),(294,1),(104,134),(181,53),(281,9),(208,62),(44,158),(122,128),(79,110),(29,27),(18,23),
381:(50,32),(98,50),(325,122),(111,30),(8,150),(133,138),(152,94),(23,36),(11,45),(226,86),(294,1),(104,134),(181,53),(281,9),(208,62),(44,158),(122,128),(79,110),(29,26),(18,23),
382:(49,32),(98,50),(325,122),(111,30),(8,150),(133,138),(152,94),(23,36),(11,45),(226,86),(294,1),(104,134),(181,53),(281,9),(208,62),(44,158),(122,128),(79,110),(29,25),(18,23),
383:(49,31),(98,50),(325,122),(111,30),(8,150),(133,138),(152,94),(23,36),(11,45),(226,86),(294,1),(104,134),(181,53),(281,9),(208,62),(44,158),(122,128),(79,110),(29,24),(18,23),
384:(48,31),(98,50),(325,122),(111,30),(8,150),(133,138),(152,94),(23,36),(11,45),(226,86),(294,1),(104,134),(181,53),(281,9),(208,62),(44,158),(122,128),(79,110),(29,23),(18,23),
385:(47,31),(98,50),(325,122),(111,30),(8,150),(133,138),(152,94),(23,36),(11,45),(226,86),(294,1),(104,134),(181,53),(281,9),(208,62),(44,158),(122,128),(79,110),(29,22),(18,23),
386:(46,31),(98,50),(325,122),(111,30),(8,150),(133,138),(152,94),(23,36),(11,45),(226,86),(294,1),(104,134),(181,53),(281,9),(208,62),(44,158),(122,128),(79,110),(29,21),(18,23),
387:(45,31),(98,50),(325,122),(111,30),(8,150),(133,138),(152,94),(23,36),(11,45),(226,86),(294,1),(104,134),(181,53),(281,9),(208,62),(44,158),(122,128),(79,110),(29,20),(18,23),
388:(44,31),(98,50),(325,122),(111,30),(8,150),(133,138),(152,94),(23,36),(11,45),(226,86),(294,1),(104,134),(181,53),(281,9),(208,62),(44,158),(122,128),(79,110),(29,19),(18,23),
389:(43,31),(98,50),(325,122),(111,30),(8,150),(133,138),(152,94),(23,36),(11,45),(226,86),(294,1),(104,134),(181,53),(281,9),(208,62),(44,158),(122,128),(79,110),(29,18),(18,23),
390:(42,31),(98,50),(325,122),(111,30),(8,150),(133,138),(152,94),(23,36),(11,45),(226,86),(294,1),(104,134),(181,53),(281,9),(208,62),(44,158),(122,128),(79,110),(29,18),(18,23),
391:(41,31),(98,50),(325,122),(111,30),(8,150),(133,138),(152,94),(23,36),(11,45),(226,86),(294,1),(104,134),(181,53),(281,9),(208,62),(44,158),(122,128),(79,110),(29,18),(18,23),
392:(40,31),(98,50),(325,122),(111,30),(8,150),(133,138),(152,94),(23,36),(11,45),(226,86),(294,1),(104,134),(181,53),(281,9),(208,62),(44,158),(122,128),(79,110),(29,18),(18,23),
393:(39,31),(98,50),(325,122),(111,30),(8,150),(133,138),(152,94),(23,36),(11,45),(226,86),(294,1),(104,134),(181,53),(281,9),(208,62),(44,158),(122,128),(79,110),(29,18),(18,23),
394:(38,31),(98,50),(325,122),(111,30),(8,150),(133,138),(152,94),(23,36),(11,45),(226,86),(294,1),(104,134),(181,53),(281,9),(208,62),(44,158),(122,128),(79,110),(29,18),(18,23),
395:(37,31),(98,50),(325,122),(111,30),(8,150),(133,138),(152,94),(23,36),(11,45),(226,86),(294,1),(104,134),(181,53),(281,9),(208,62),(44,158),(122,128),(79,110),(29,18),(18,23),
396:(36,31),(98,50),(325,122),(111,30),(8,150),(133,138),(152,94),(23,36),(11,45),(226,86),(294,1),(104,134),(181,53),(281,9),(208,62),(44,158),(122,128),(79,110),(29,18),(18,23),
397:(35,31),(98,50),(325,122),(111,30),(8,150),(133,138),(152,94),(23,36),(11,45),(226,86),(294,1),(104,134),(181,53),(281,9),(208,62),(44,158),(122,128),(79,110),(29,18),(18,23),
