instance=temp_instance.txt
agents=20
map_file=warehouse-20-40-10-2-2.map
solver=PIBTOLD
solved=1
soc=4445
lb_soc=4442
makespan=373
lb_makespan=373
comp_time=14
preprocessing_comp_time=13
starts=(335,26),(33,40),(66,22),(190,130),(38,79),(39,121),(234,134),(280,38),(315,64),(180,29),(304,67),(53,6),(80,150),(54,157),(226,38),(117,142),(16,151),(165,73),(17,7),(4,73),
goals=(43,89),(54,113),(320,141),(65,74),(182,103),(225,41),(20,8),(335,41),(87,93),(36,87),(26,23),(286,109),(14,143),(181,109),(292,2),(160,70),(275,89),(290,7),(73,97),(328,30),
solution=
0:(335,26),(33,40),(66,22),(190,130),(38,79),(39,121),(234,134),(280,38),(315,64),(180,29),(304,67),(53,6),(80,150),(54,157),(226,38),(117,142),(16,151),(165,73),(17,7),(4,73),
1:(335,27),(34,40),(67,22),(190,129),(38,80),(40,121),(233,134),(281,38),(315,65),(180,30),(303,67),(54,6),(80,149),(55,157),(226,37),(118,142),(17,151),(166,73),(17,8),(5,73),
2:(334,27),(34,41),(68,22),(189,129),(39,80),(41,121),(232,134),(282,38),(314,65),(179,30),(303,66),(55,6),(79,149),(56,157),(227,37),(119,142),(18,151),(167,73),(17,9),(5,72),
3:(334,28),(35,41),(69,22),(188,129),(40,80),(42,121),(231,134),(283,38),(314,66),(178,30),(303,65),(56,6),(78,149),(57,157),(228,37),(120,142),(18,150),(168,73),(17,10),(6,72),
4:(333,28),(35,42),(70,22),(187,129),(40,81),(42,120),(230,134),(284,38),(314,67),(177,30),(302,65),(57,6),(77,149),(58,157),(229,37),(121,142),(19,150),(169,73),(18,10),(7,72),
5:(333,29),(35,43),(71,22),(186,129),(40,82),(43,120),(230,133),(285,38),(313,67),(176,30),(301,65),(58,6),(76,149),(59,157),(230,37),(121,141),(19,149),(169,72),(19,10),(7,71),
6:(332,29),(35,44),(72,22),(185,129),(41,82),(43,119),(230,132),(286,38),(312,67),(175,30),(301,64),(59,6),(75,149),(60,157),(230,36),(122,141),(19,148),(170,72),(19,11),(8,71),
7:(331,29),(35,45),(73,22),(184,129),(42,82),(44,119),(229,132),(287,38),(311,67),(174,30),(300,64),(60,6),(74,149),(61,157),(230,35),(122,140),(19,147),(170,71),(20,11),(9,71),
8:(330,29),(35,46),(73,23),(183,129),(43,82),(44,118),(229,131),(288,38),(311,68),(173,30),(299,64),(61,6),(73,149),(61,156),(230,34),(122,139),(20,147),(170,70),(21,11),(10,71),
9:(329,29),(35,47),(74,23),(182,129),(44,82),(45,118),(229,130),(289,38),(311,69),(172,30),(298,64),(62,6),(72,149),(62,156),(231,34),(122,138),(21,147),(171,70),(21,12),(11,71),
10:(329,30),(35,48),(74,24),(181,129),(44,83),(45,117),(228,130),(290,38),(310,69),(171,30),(298,63),(63,6),(71,149),(62,155),(231,33),(122,137),(21,146),(171,69),(22,12),(12,71),
11:(329,31),(36,48),(74,25),(181,128),(44,84),(45,116),(228,129),(291,38),(309,69),(170,30),(298,62),(64,6),(70,149),(62,154),(232,33),(122,136),(21,145),(172,69),(22,13),(13,71),
12:(328,31),(36,49),(74,26),(181,127),(45,84),(45,115),(227,129),(291,39),(308,69),(170,31),(297,62),(65,6),(69,149),(62,153),(233,33),(122,135),(22,145),(173,69),(23,13),(14,71),
13:(328,32),(37,49),(75,26),(181,126),(46,84),(45,114),(226,129),(291,40),(308,70),(170,32),(296,62),(66,6),(68,149),(63,153),(234,33),(122,134),(23,145),(174,69),(23,14),(15,71),
14:(327,32),(37,50),(76,26),(180,126),(47,84),(45,113),(225,129),(292,40),(307,70),(169,32),(296,61),(67,6),(67,149),(64,153),(235,33),(123,134),(24,145),(175,69),(23,15),(16,71),
15:(327,33),(37,51),(77,26),(180,125),(48,84),(46,113),(224,129),(292,41),(306,70),(169,33),(296,60),(68,6),(66,149),(65,153),(236,33),(123,133),(24,144),(176,69),(24,15),(16,70),
16:(327,34),(38,51),(78,26),(179,125),(49,84),(47,113),(223,129),(293,41),(305,70),(168,33),(296,59),(69,6),(65,149),(66,153),(237,33),(124,133),(24,143),(177,69),(25,15),(16,69),
17:(326,34),(39,51),(79,26),(178,125),(49,85),(48,113),(222,129),(294,41),(305,71),(168,34),(295,59),(70,6),(64,149),(67,153),(238,33),(125,133),(25,143),(178,69),(25,16),(16,68),
18:(325,34),(40,51),(80,26),(177,125),(49,86),(49,113),(221,129),(295,41),(304,71),(167,34),(294,59),(71,6),(63,149),(68,153),(239,33),(126,133),(26,143),(179,69),(25,17),(16,67),
19:(325,35),(41,51),(81,26),(176,125),(49,87),(50,113),(220,129),(296,41),(304,72),(166,34),(294,58),(72,6),(62,149),(69,153),(240,33),(127,133),(26,142),(180,69),(25,18),(16,66),
20:(324,35),(42,51),(82,26),(175,125),(50,87),(51,113),(219,129),(297,41),(303,72),(165,34),(294,57),(73,6),(62,148),(70,153),(241,33),(128,133),(27,142),(181,69),(26,18),(17,66),
21:(324,36),(42,52),(83,26),(174,125),(50,88),(52,113),(218,129),(298,41),(303,73),(164,34),(293,57),(74,6),(62,147),(71,153),(241,32),(129,133),(28,142),(181,68),(26,19),(17,65),
22:(323,36),(43,52),(84,26),(173,125),(50,89),(53,113),(218,128),(299,41),(303,74),(163,34),(293,56),(74,7),(62,146),(72,153),(241,31),(130,133),(28,141),(181,67),(27,19),(18,65),
23:(323,37),(44,52),(85,26),(172,125),(50,90),(54,113),(218,127),(300,41),(302,74),(162,34),(292,56),(74,8),(61,146),(73,153),(242,31),(131,133),(29,141),(181,66),(28,19),(19,65),
24:(322,37),(45,52),(85,27),(171,125),(51,90),(55,113),(218,126),(301,41),(302,75),(161,34),(292,55),(74,9),(61,145),(74,153),(242,30),(132,133),(29,140),(182,66),(29,19),(20,65),
25:(322,38),(46,52),(86,27),(170,125),(52,90),(56,113),(217,126),(302,41),(302,76),(160,34),(292,54),(75,9),(60,145),(74,152),(243,30),(133,133),(29,139),(182,65),(30,19),(20,64),
26:(322,39),(46,53),(86,28),(170,124),(53,90),(57,113),(216,126),(303,41),(302,77),(159,34),(291,54),(76,9),(59,145),(74,151),(243,29),(133,132),(29,138),(183,65),(31,19),(20,63),
27:(322,40),(46,54),(86,29),(170,123),(54,90),(58,113),(215,126),(304,41),(302,78),(158,34),(290,54),(77,9),(58,145),(74,150),(244,29),(133,131),(30,138),(184,65),(31,20),(21,63),
28:(322,41),(46,55),(86,30),(170,122),(55,90),(59,113),(214,126),(305,41),(301,78),(158,35),(290,53),(77,10),(57,145),(74,149),(245,29),(134,131),(30,137),(185,65),(31,21),(21,62),
29:(322,42),(47,55),(86,31),(169,122),(56,90),(60,113),(214,125),(306,41),(300,78),(158,36),(289,53),(78,10),(56,145),(74,148),(246,29),(134,130),(31,137),(186,65),(32,21),(21,61),
30:(321,42),(48,55),(86,32),(169,121),(57,90),(61,113),(213,125),(307,41),(299,78),(158,37),(288,53),(79,10),(55,145),(74,147),(247,29),(134,129),(32,137),(187,65),(33,21),(22,61),
31:(320,42),(48,56),(86,33),(169,120),(58,90),(61,112),(212,125),(308,41),(299,79),(157,37),(287,53),(80,10),(54,145),(74,146),(248,29),(135,129),(32,136),(188,65),(33,22),(23,61),
32:(320,43),(49,56),(87,33),(169,119),(59,90),(62,112),(211,125),(309,41),(298,79),(157,38),(286,53),(81,10),(53,145),(75,146),(249,29),(136,129),(33,136),(189,65),(34,22),(23,60),
33:(320,44),(50,56),(87,34),(169,118),(60,90),(62,111),(210,125),(310,41),(298,80),(157,39),(285,53),(82,10),(52,145),(75,145),(250,29),(137,129),(33,135),(190,65),(35,22),(24,60),
34:(319,44),(50,57),(88,34),(168,118),(61,90),(62,110),(209,125),(311,41),(297,80),(157,40),(284,53),(83,10),(51,145),(76,145),(251,29),(138,129),(34,135),(191,65),(36,22),(25,60),
35:(318,44),(50,58),(89,34),(167,118),(62,90),(62,109),(208,125),(312,41),(296,80),(157,41),(283,53),(84,10),(50,145),(77,145),(252,29),(139,129),(35,135),(192,65),(37,22),(26,60),
36:(317,44),(50,59),(90,34),(166,118),(62,91),(62,108),(207,125),(313,41),(296,81),(156,41),(282,53),(85,10),(50,144),(78,145),(253,29),(140,129),(35,134),(193,65),(37,23),(26,59),
37:(317,45),(50,60),(91,34),(165,118),(62,92),(62,107),(206,125),(314,41),(295,81),(156,42),(281,53),(85,11),(49,144),(79,145),(254,29),(141,129),(36,134),(193,64),(37,24),(27,59),
38:(316,45),(50,61),(92,34),(164,118),(62,93),(62,106),(205,125),(315,41),(294,81),(155,42),(280,53),(86,11),(49,143),(80,145),(254,28),(142,129),(36,133),(194,64),(38,24),(27,58),
39:(316,46),(50,62),(93,34),(163,118),(63,93),(63,106),(205,124),(316,41),(293,81),(154,42),(279,53),(86,12),(48,143),(81,145),(254,27),(143,129),(37,133),(194,63),(39,24),(27,57),
40:(316,47),(50,63),(94,34),(162,118),(64,93),(63,105),(205,123),(317,41),(293,82),(153,42),(278,53),(86,13),(47,143),(82,145),(254,26),(144,129),(38,133),(194,62),(39,25),(27,56),
41:(316,48),(50,64),(95,34),(161,118),(65,93),(64,105),(205,122),(318,41),(293,83),(152,42),(278,52),(86,14),(46,143),(83,145),(255,26),(145,129),(39,133),(194,61),(40,25),(28,56),
42:(315,48),(50,65),(96,34),(160,118),(65,94),(65,105),(204,122),(319,41),(293,84),(151,42),(277,52),(86,15),(45,143),(84,145),(256,26),(146,129),(39,132),(194,60),(41,25),(29,56),
43:(315,49),(50,66),(97,34),(160,117),(66,94),(66,105),(203,122),(320,41),(293,85),(150,42),(277,51),(86,16),(44,143),(85,145),(256,25),(147,129),(40,132),(194,59),(42,25),(29,55),
44:(314,49),(50,67),(98,34),(159,117),(67,94),(67,105),(203,121),(321,41),(292,85),(149,42),(277,50),(86,17),(43,143),(86,145),(257,25),(148,129),(41,132),(194,58),(43,25),(30,55),
45:(314,50),(50,68),(99,34),(158,117),(68,94),(68,105),(202,121),(322,41),(292,86),(148,42),(277,49),(87,17),(42,143),(87,145),(258,25),(149,129),(42,132),(194,57),(44,25),(31,55),
46:(313,50),(50,69),(100,34),(157,117),(69,94),(69,105),(201,121),(323,41),(291,86),(147,42),(277,48),(88,17),(41,143),(88,145),(259,25),(150,129),(43,132),(194,56),(44,26),(31,54),
47:(312,50),(50,70),(101,34),(157,116),(70,94),(70,105),(200,121),(324,41),(290,86),(146,42),(277,47),(88,18),(40,143),(89,145),(260,25),(151,129),(44,132),(194,55),(45,26),(31,53),
48:(311,50),(50,71),(102,34),(157,115),(71,94),(71,105),(199,121),(325,41),(289,86),(145,42),(277,46),(89,18),(39,143),(90,145),(261,25),(152,129),(44,131),(194,54),(45,27),(31,52),
49:(310,50),(50,72),(103,34),(157,114),(72,94),(72,105),(198,121),(326,41),(288,86),(144,42),(277,45),(90,18),(38,143),(91,145),(262,25),(153,129),(44,130),(195,54),(46,27),(31,51),
50:(310,51),(50,73),(104,34),(156,114),(73,94),(73,105),(197,121),(327,41),(287,86),(143,42),(276,45),(91,18),(37,143),(92,145),(263,25),(154,129),(45,130),(195,53),(46,28),(31,50),
51:(310,52),(50,74),(105,34),(155,114),(73,95),(73,104),(196,121),(328,41),(286,86),(142,42),(275,45),(92,18),(36,143),(93,145),(264,25),(155,129),(45,129),(196,53),(47,28),(32,50),
52:(310,53),(50,75),(106,34),(155,113),(73,96),(74,104),(195,121),(329,41),(285,86),(141,42),(274,45),(93,18),(35,143),(94,145),(265,25),(156,129),(46,129),(197,53),(48,28),(32,49),
53:(309,53),(50,76),(107,34),(154,113),(74,96),(74,103),(194,121),(330,41),(284,86),(140,42),(273,45),(94,18),(34,143),(95,145),(266,25),(157,129),(47,129),(198,53),(49,28),(33,49),
54:(309,54),(50,77),(108,34),(153,113),(74,97),(74,102),(193,121),(331,41),(283,86),(139,42),(272,45),(95,18),(33,143),(96,145),(266,24),(158,129),(47,128),(199,53),(49,29),(33,48),
55:(309,55),(50,78),(109,34),(152,113),(75,97),(75,102),(192,121),(332,41),(282,86),(138,42),(271,45),(96,18),(32,143),(97,145),(266,23),(158,128),(48,128),(200,53),(50,29),(33,47),
56:(308,55),(50,79),(109,35),(151,113),(76,97),(75,101),(191,121),(333,41),(281,86),(137,42),(270,45),(97,18),(31,143),(98,145),(266,22),(158,127),(49,128),(201,53),(50,30),(34,47),
57:(308,56),(50,80),(110,35),(150,113),(76,98),(76,101),(190,121),(334,41),(280,86),(136,42),(269,45),(98,18),(30,143),(99,145),(267,22),(158,126),(49,127),(202,53),(50,31),(35,47),
58:(307,56),(50,81),(110,36),(149,113),(77,98),(77,101),(189,121),(335,41),(279,86),(135,42),(268,45),(99,18),(29,143),(100,145),(268,22),(158,125),(50,127),(203,53),(50,32),(36,47),
59:(306,56),(50,82),(110,37),(148,113),(78,98),(78,101),(188,121),(335,41),(278,86),(134,42),(267,45),(100,18),(28,143),(101,145),(268,21),(158,124),(50,126),(204,53),(50,33),(37,47),
60:(306,57),(50,83),(110,38),(147,113),(79,98),(79,101),(187,121),(335,41),(278,87),(133,42),(266,45),(101,18),(27,143),(102,145),(269,21),(158,123),(51,126),(205,53),(50,34),(37,46),
61:(305,57),(50,84),(110,39),(146,113),(80,98),(80,101),(186,121),(335,41),(278,88),(133,43),(266,44),(102,18),(26,143),(103,145),(270,21),(158,122),(51,125),(205,52),(51,34),(37,45),
62:(304,57),(50,85),(110,40),(145,113),(81,98),(81,101),(185,121),(335,41),(278,89),(133,44),(265,44),(103,18),(25,143),(104,145),(271,21),(158,121),(52,125),(205,51),(52,34),(38,45),
63:(303,57),(50,86),(110,41),(144,113),(82,98),(82,101),(184,121),(335,41),(278,90),(133,45),(265,43),(104,18),(24,143),(105,145),(272,21),(158,120),(53,125),(205,50),(53,34),(39,45),
64:(303,58),(50,87),(110,42),(143,113),(83,98),(83,101),(183,121),(335,41),(278,91),(132,45),(265,42),(105,18),(23,143),(106,145),(273,21),(158,119),(54,125),(206,50),(54,34),(40,45),
65:(302,58),(50,88),(111,42),(142,113),(84,98),(84,101),(182,121),(335,41),(277,91),(131,45),(265,41),(106,18),(22,143),(107,145),(274,21),(158,118),(55,125),(207,50),(55,34),(41,45),
66:(301,58),(50,89),(112,42),(141,113),(85,98),(85,101),(182,120),(335,41),(277,92),(131,46),(265,40),(107,18),(21,143),(108,145),(275,21),(158,117),(56,125),(208,50),(56,34),(42,45),
67:(301,59),(50,90),(113,42),(140,113),(86,98),(85,100),(181,120),(335,41),(277,93),(130,46),(265,39),(108,18),(20,143),(109,145),(276,21),(158,116),(57,125),(209,50),(57,34),(43,45),
68:(301,60),(50,91),(114,42),(139,113),(86,99),(85,99),(181,119),(335,41),(276,93),(129,46),(265,38),(109,18),(19,143),(109,144),(277,21),(158,115),(58,125),(210,50),(58,34),(44,45),
69:(300,60),(50,92),(115,42),(138,113),(86,100),(85,98),(181,118),(335,41),(275,93),(128,46),(265,37),(109,19),(18,143),(110,144),(278,21),(158,114),(59,125),(211,50),(59,34),(44,44),
70:(299,60),(50,93),(116,42),(137,113),(86,101),(86,98),(180,118),(335,41),(274,93),(127,46),(265,36),(110,19),(17,143),(110,143),(279,21),(158,113),(60,125),(211,49),(60,34),(44,43),
71:(299,61),(50,94),(117,42),(136,113),(87,101),(87,98),(179,118),(335,41),(273,93),(126,46),(265,35),(110,20),(16,143),(110,142),(280,21),(158,112),(61,125),(212,49),(61,34),(45,43),
72:(298,61),(50,95),(118,42),(135,113),(87,102),(88,98),(178,118),(335,41),(272,93),(125,46),(265,34),(110,21),(15,143),(110,141),(281,21),(158,111),(62,125),(213,49),(62,34),(45,42),
73:(298,62),(50,96),(119,42),(134,113),(88,102),(89,98),(178,117),(335,41),(271,93),(124,46),(264,34),(110,22),(14,143),(111,141),(282,21),(158,110),(62,124),(214,49),(63,34),(46,42),
74:(297,62),(50,97),(120,42),(133,113),(89,102),(89,97),(177,117),(335,41),(270,93),(123,46),(263,34),(111,22),(14,143),(112,141),(283,21),(158,109),(62,123),(215,49),(64,34),(47,42),
75:(296,62),(50,98),(121,42),(133,112),(90,102),(90,97),(176,117),(335,41),(269,93),(122,46),(262,34),(112,22),(14,143),(113,141),(284,21),(158,108),(62,122),(216,49),(65,34),(48,42),
76:(296,63),(50,99),(122,42),(133,111),(91,102),(91,97),(175,117),(335,41),(268,93),(122,47),(262,33),(113,22),(14,143),(114,141),(285,21),(158,107),(62,121),(217,49),(66,34),(49,42),
77:(296,64),(50,100),(122,43),(133,110),(92,102),(92,97),(174,117),(335,41),(267,93),(121,47),(261,33),(114,22),(14,143),(115,141),(286,21),(158,106),(62,120),(218,49),(67,34),(49,41),
78:(296,65),(50,101),(122,44),(132,110),(93,102),(93,97),(173,117),(335,41),(266,93),(121,48),(260,33),(115,22),(14,143),(116,141),(287,21),(158,105),(62,119),(219,49),(68,34),(50,41),
79:(296,66),(50,102),(122,45),(131,110),(94,102),(94,97),(172,117),(335,41),(265,93),(121,49),(259,33),(116,22),(14,143),(117,141),(288,21),(158,104),(62,118),(220,49),(69,34),(51,41),
80:(295,66),(50,103),(122,46),(131,109),(95,102),(95,97),(171,117),(335,41),(264,93),(120,49),(258,33),(117,22),(14,143),(118,141),(289,21),(158,103),(62,117),(221,49),(70,34),(52,41),
81:(295,67),(50,104),(123,46),(130,109),(96,102),(96,97),(170,117),(335,41),(263,93),(119,49),(257,33),(118,22),(14,143),(119,141),(289,20),(158,102),(63,117),(222,49),(71,34),(53,41),
82:(294,67),(50,105),(124,46),(129,109),(97,102),(97,97),(170,116),(335,41),(262,93),(118,49),(256,33),(119,22),(14,143),(120,141),(289,19),(158,101),(64,117),(223,49),(72,34),(54,41),
83:(293,67),(50,106),(125,46),(128,109),(98,102),(98,97),(170,115),(335,41),(261,93),(118,50),(255,33),(120,22),(14,143),(121,141),(290,19),(158,100),(65,117),(224,49),(73,34),(55,41),
84:(292,67),(50,107),(126,46),(127,109),(99,102),(98,96),(170,114),(335,41),(260,93),(117,50),(254,33),(121,22),(14,143),(122,141),(290,18),(158,99),(66,117),(225,49),(73,35),(56,41),
85:(292,68),(50,108),(127,46),(126,109),(100,102),(98,95),(170,113),(335,41),(259,93),(116,50),(254,32),(122,22),(14,143),(123,141),(290,17),(158,98),(67,117),(226,49),(73,36),(57,41),
86:(292,69),(50,109),(128,46),(125,109),(101,102),(98,94),(170,112),(335,41),(258,93),(115,50),(253,32),(123,22),(14,143),(124,141),(291,17),(158,97),(68,117),(227,49),(73,37),(58,41),
87:(292,70),(50,110),(129,46),(124,109),(102,102),(99,94),(170,111),(335,41),(257,93),(114,50),(253,31),(124,22),(14,143),(125,141),(291,16),(158,96),(69,117),(228,49),(73,38),(59,41),
88:(292,71),(50,111),(130,46),(123,109),(103,102),(99,93),(170,110),(335,41),(256,93),(113,50),(253,30),(125,22),(14,143),(126,141),(292,16),(158,95),(70,117),(229,49),(73,39),(60,41),
89:(291,71),(50,112),(131,46),(122,109),(104,102),(100,93),(169,110),(335,41),(255,93),(112,50),(252,30),(126,22),(14,143),(127,141),(292,15),(158,94),(71,117),(229,48),(73,40),(61,41),
90:(290,71),(50,113),(132,46),(122,108),(105,102),(101,93),(168,110),(335,41),(254,93),(111,50),(251,30),(127,22),(14,143),(128,141),(292,14),(158,93),(72,117),(229,47),(73,41),(61,40),
91:(290,72),(51,113),(133,46),(122,107),(106,102),(102,93),(168,109),(335,41),(253,93),(110,50),(251,29),(128,22),(14,143),(129,141),(292,13),(158,92),(73,117),(230,47),(73,42),(61,39),
92:(290,73),(52,113),(133,47),(121,107),(107,102),(103,93),(167,109),(335,41),(252,93),(109,50),(250,29),(129,22),(14,143),(130,141),(292,12),(158,91),(74,117),(230,46),(73,43),(61,38),
93:(289,73),(53,113),(134,47),(121,106),(108,102),(104,93),(166,109),(335,41),(251,93),(108,50),(249,29),(130,22),(14,143),(131,141),(292,11),(158,90),(75,117),(231,46),(73,44),(61,37),
94:(289,74),(54,113),(134,48),(120,106),(109,102),(105,93),(165,109),(335,41),(250,93),(107,50),(248,29),(131,22),(14,143),(132,141),(292,10),(158,89),(76,117),(232,46),(73,45),(61,36),
95:(288,74),(54,113),(134,49),(119,106),(110,102),(106,93),(164,109),(335,41),(249,93),(106,50),(247,29),(132,22),(14,143),(133,141),(292,9),(158,88),(77,117),(232,45),(73,46),(62,36),
96:(287,74),(54,113),(134,50),(118,106),(111,102),(107,93),(163,109),(335,41),(248,93),(105,50),(246,29),(133,22),(14,143),(133,140),(292,8),(158,87),(78,117),(233,45),(73,47),(62,35),
97:(286,74),(54,113),(135,50),(117,106),(112,102),(108,93),(162,109),(335,41),(247,93),(104,50),(245,29),(134,22),(14,143),(133,139),(292,7),(158,86),(79,117),(234,45),(73,48),(62,34),
98:(285,74),(54,113),(136,50),(117,105),(113,102),(109,93),(161,109),(335,41),(246,93),(103,50),(244,29),(135,22),(14,143),(134,139),(292,6),(158,85),(80,117),(235,45),(73,49),(63,34),
99:(284,74),(54,113),(137,50),(116,105),(114,102),(109,92),(160,109),(335,41),(245,93),(102,50),(243,29),(136,22),(14,143),(134,138),(292,5),(158,84),(81,117),(236,45),(73,50),(63,33),
100:(283,74),(54,113),(138,50),(115,105),(115,102),(110,92),(159,109),(335,41),(244,93),(101,50),(242,29),(137,22),(14,143),(134,137),(292,4),(158,83),(82,117),(237,45),(73,51),(64,33),
101:(282,74),(54,113),(139,50),(114,105),(116,102),(110,91),(158,109),(335,41),(243,93),(100,50),(242,28),(138,22),(14,143),(135,137),(292,3),(158,82),(83,117),(238,45),(73,52),(65,33),
102:(281,74),(54,113),(140,50),(113,105),(117,102),(110,90),(157,109),(335,41),(242,93),(99,50),(242,27),(139,22),(14,143),(136,137),(292,2),(158,81),(84,117),(239,45),(73,53),(66,33),
103:(280,74),(54,113),(141,50),(112,105),(118,102),(111,90),(156,109),(335,41),(241,93),(98,50),(241,27),(140,22),(14,143),(137,137),(292,2),(158,80),(85,117),(240,45),(73,54),(67,33),
104:(279,74),(54,113),(142,50),(111,105),(119,102),(111,89),(155,109),(335,41),(240,93),(97,50),(241,26),(141,22),(14,143),(138,137),(292,2),(158,79),(86,117),(241,45),(73,55),(68,33),
105:(278,74),(54,113),(143,50),(110,105),(120,102),(112,89),(154,109),(335,41),(239,93),(96,50),(240,26),(142,22),(14,143),(139,137),(292,2),(158,78),(87,117),(242,45),(73,56),(69,33),
106:(278,75),(54,113),(144,50),(110,104),(121,102),(113,89),(153,109),(335,41),(238,93),(95,50),(239,26),(143,22),(14,143),(140,137),(292,2),(158,77),(88,117),(242,44),(73,57),(70,33),
107:(277,75),(54,113),(145,50),(110,103),(122,102),(114,89),(152,109),(335,41),(237,93),(94,50),(239,25),(144,22),(14,143),(141,137),(292,2),(158,76),(89,117),(242,43),(73,58),(71,33),
108:(277,76),(54,113),(146,50),(110,102),(123,102),(115,89),(151,109),(335,41),(236,93),(93,50),(238,25),(145,22),(14,143),(142,137),(292,2),(158,75),(90,117),(242,42),(73,59),(72,33),
109:(277,77),(54,113),(147,50),(109,102),(124,102),(116,89),(150,109),(335,41),(235,93),(92,50),(237,25),(145,23),(14,143),(143,137),(292,2),(158,74),(91,117),(242,41),(73,60),(73,33),
110:(277,78),(54,113),(148,50),(108,102),(125,102),(117,89),(149,109),(335,41),(234,93),(91,50),(236,25),(146,23),(14,143),(144,137),(292,2),(158,73),(92,117),(242,40),(73,61),(73,32),
111:(277,79),(54,113),(149,50),(108,101),(126,102),(118,89),(148,109),(335,41),(233,93),(90,50),(235,25),(146,24),(14,143),(145,137),(292,2),(158,72),(93,117),(242,39),(73,62),(74,32),
112:(277,80),(54,113),(150,50),(107,101),(127,102),(119,89),(147,109),(335,41),(232,93),(89,50),(234,25),(146,25),(14,143),(145,136),(292,2),(158,71),(94,117),(242,38),(73,63),(74,31),
113:(277,81),(54,113),(151,50),(106,101),(128,102),(120,89),(146,109),(335,41),(231,93),(88,50),(233,25),(147,25),(14,143),(146,136),(292,2),(158,70),(95,117),(242,37),(73,64),(74,30),
114:(277,82),(54,113),(152,50),(105,101),(129,102),(121,89),(146,108),(335,41),(230,93),(87,50),(232,25),(148,25),(14,143),(146,135),(292,2),(159,70),(96,117),(242,36),(73,65),(75,30),
115:(277,83),(54,113),(153,50),(104,101),(130,102),(121,88),(145,108),(335,41),(229,93),(86,50),(231,25),(149,25),(14,143),(146,134),(292,2),(160,70),(97,117),(242,35),(73,66),(76,30),
116:(277,84),(54,113),(154,50),(103,101),(131,102),(121,87),(145,107),(335,41),(228,93),(85,50),(230,25),(150,25),(14,143),(147,134),(292,2),(160,70),(97,116),(242,34),(73,67),(77,30),
117:(277,85),(54,113),(155,50),(102,101),(132,102),(121,86),(145,106),(335,41),(227,93),(85,51),(229,25),(150,26),(14,143),(148,134),(292,2),(160,70),(97,115),(243,34),(73,68),(78,30),
118:(276,85),(54,113),(156,50),(101,101),(133,102),(122,86),(145,105),(335,41),(226,93),(85,52),(228,25),(151,26),(14,143),(148,133),(292,2),(160,70),(97,114),(243,33),(73,69),(79,30),
119:(275,85),(54,113),(157,50),(100,101),(134,102),(122,85),(145,104),(335,41),(225,93),(85,53),(227,25),(152,26),(14,143),(149,133),(292,2),(160,70),(98,114),(244,33),(73,70),(80,30),
120:(274,85),(54,113),(157,51),(99,101),(135,102),(122,84),(145,103),(335,41),(224,93),(85,54),(226,25),(153,26),(14,143),(150,133),(292,2),(160,70),(99,114),(245,33),(73,71),(81,30),
121:(274,86),(54,113),(158,51),(98,101),(136,102),(122,83),(145,102),(335,41),(223,93),(84,54),(225,25),(154,26),(14,143),(151,133),(292,2),(160,70),(99,113),(246,33),(73,72),(82,30),
122:(273,86),(54,113),(158,52),(98,100),(137,102),(122,82),(145,101),(335,41),(222,93),(83,54),(224,25),(155,26),(14,143),(152,133),(292,2),(160,70),(100,113),(247,33),(73,73),(83,30),
123:(272,86),(54,113),(158,53),(97,100),(138,102),(123,82),(144,101),(335,41),(221,93),(82,54),(223,25),(156,26),(14,143),(153,133),(292,2),(160,70),(101,113),(248,33),(73,74),(84,30),
124:(271,86),(54,113),(159,53),(97,99),(139,102),(124,82),(143,101),(335,41),(220,93),(81,54),(222,25),(157,26),(14,143),(154,133),(292,2),(160,70),(102,113),(249,33),(73,75),(85,30),
125:(270,86),(54,113),(159,54),(97,98),(140,102),(124,81),(142,101),(335,41),(219,93),(80,54),(221,25),(158,26),(14,143),(155,133),(292,2),(160,70),(103,113),(250,33),(73,76),(86,30),
126:(269,86),(54,113),(160,54),(97,97),(141,102),(125,81),(141,101),(335,41),(218,93),(79,54),(220,25),(158,27),(14,143),(156,133),(292,2),(160,70),(104,113),(251,33),(73,77),(87,30),
127:(268,86),(54,113),(161,54),(96,97),(142,102),(126,81),(140,101),(335,41),(217,93),(78,54),(219,25),(158,28),(14,143),(157,133),(292,2),(160,70),(105,113),(252,33),(73,78),(88,30),
128:(267,86),(54,113),(162,54),(95,97),(143,102),(127,81),(139,101),(335,41),(216,93),(77,54),(218,25),(158,29),(14,143),(157,132),(292,2),(160,70),(106,113),(253,33),(73,79),(89,30),
129:(266,86),(54,113),(163,54),(94,97),(144,102),(128,81),(138,101),(335,41),(215,93),(76,54),(217,25),(158,30),(14,143),(158,132),(292,2),(160,70),(107,113),(254,33),(73,80),(90,30),
130:(266,87),(54,113),(164,54),(93,97),(145,102),(129,81),(137,101),(335,41),(214,93),(75,54),(216,25),(158,31),(14,143),(158,131),(292,2),(160,70),(108,113),(255,33),(73,81),(91,30),
131:(265,87),(54,113),(165,54),(92,97),(146,102),(130,81),(136,101),(335,41),(213,93),(74,54),(215,25),(158,32),(14,143),(158,130),(292,2),(160,70),(109,113),(256,33),(73,82),(92,30),
132:(265,88),(54,113),(166,54),(91,97),(147,102),(131,81),(135,101),(335,41),(212,93),(74,55),(214,25),(158,33),(14,143),(159,130),(292,2),(160,70),(110,113),(257,33),(73,83),(93,30),
133:(265,89),(54,113),(167,54),(90,97),(148,102),(132,81),(134,101),(335,41),(211,93),(74,56),(213,25),(158,34),(14,143),(160,130),(292,2),(160,70),(111,113),(258,33),(73,84),(94,30),
134:(264,89),(54,113),(168,54),(89,97),(149,102),(133,81),(133,101),(335,41),(210,93),(74,57),(212,25),(158,35),(14,143),(160,129),(292,2),(160,70),(112,113),(259,33),(73,85),(95,30),
135:(263,89),(54,113),(169,54),(88,97),(150,102),(133,80),(133,100),(335,41),(209,93),(73,57),(211,25),(158,36),(14,143),(161,129),(292,2),(160,70),(113,113),(260,33),(73,86),(96,30),
136:(262,89),(54,113),(170,54),(87,97),(151,102),(134,80),(133,99),(335,41),(208,93),(73,58),(210,25),(158,37),(14,143),(162,129),(292,2),(160,70),(114,113),(261,33),(73,87),(97,30),
137:(261,89),(54,113),(171,54),(86,97),(152,102),(134,79),(133,98),(335,41),(207,93),(73,59),(209,25),(159,37),(14,143),(163,129),(292,2),(160,70),(115,113),(262,33),(73,88),(98,30),
138:(260,89),(54,113),(172,54),(86,96),(153,102),(134,78),(132,98),(335,41),(206,93),(73,60),(208,25),(159,38),(14,143),(164,129),(292,2),(160,70),(116,113),(263,33),(73,89),(99,30),
139:(259,89),(54,113),(173,54),(86,95),(154,102),(135,78),(131,98),(335,41),(205,93),(73,61),(207,25),(160,38),(14,143),(165,129),(292,2),(160,70),(117,113),(264,33),(73,90),(100,30),
140:(258,89),(54,113),(174,54),(85,95),(155,102),(136,78),(131,97),(335,41),(204,93),(73,62),(206,25),(161,38),(14,143),(166,129),(292,2),(160,70),(118,113),(265,33),(73,91),(101,30),
141:(257,89),(54,113),(175,54),(85,94),(156,102),(136,77),(130,97),(335,41),(203,93),(72,62),(205,25),(162,38),(14,143),(167,129),(292,2),(160,70),(119,113),(265,32),(73,92),(102,30),
142:(256,89),(54,113),(176,54),(84,94),(157,102),(137,77),(129,97),(335,41),(202,93),(71,62),(204,25),(163,38),(14,143),(168,129),(292,2),(160,70),(120,113),(266,32),(73,93),(103,30),
143:(255,89),(54,113),(177,54),(83,94),(158,102),(138,77),(128,97),(335,41),(201,93),(70,62),(203,25),(164,38),(14,143),(169,129),(292,2),(160,70),(121,113),(266,31),(73,94),(104,30),
144:(254,89),(54,113),(178,54),(82,94),(159,102),(139,77),(127,97),(335,41),(200,93),(69,62),(202,25),(165,38),(14,143),(169,128),(292,2),(160,70),(122,113),(266,30),(73,95),(105,30),
145:(253,89),(54,113),(179,54),(82,93),(160,102),(140,77),(126,97),(335,41),(199,93),(68,62),(201,25),(166,38),(14,143),(170,128),(292,2),(160,70),(123,113),(266,29),(73,96),(106,30),
146:(252,89),(54,113),(180,54),(81,93),(161,102),(141,77),(125,97),(335,41),(198,93),(67,62),(200,25),(167,38),(14,143),(170,127),(292,2),(160,70),(124,113),(266,28),(73,97),(107,30),
147:(251,89),(54,113),(181,54),(80,93),(162,102),(142,77),(124,97),(335,41),(197,93),(66,62),(199,25),(168,38),(14,143),(170,126),(292,2),(160,70),(125,113),(266,27),(73,97),(108,30),
148:(250,89),(54,113),(181,55),(79,93),(163,102),(143,77),(123,97),(335,41),(196,93),(65,62),(198,25),(169,38),(14,143),(171,126),(292,2),(160,70),(126,113),(266,26),(73,97),(109,30),
149:(249,89),(54,113),(182,55),(78,93),(164,102),(144,77),(122,97),(335,41),(195,93),(64,62),(197,25),(170,38),(14,143),(171,125),(292,2),(160,70),(127,113),(267,26),(73,97),(110,30),
150:(248,89),(54,113),(182,56),(77,93),(165,102),(145,77),(121,97),(335,41),(194,93),(63,62),(196,25),(170,39),(14,143),(172,125),(292,2),(160,70),(128,113),(268,26),(73,97),(111,30),
151:(247,89),(54,113),(182,57),(76,93),(166,102),(146,77),(121,96),(335,41),(193,93),(62,62),(195,25),(170,40),(14,143),(173,125),(292,2),(160,70),(129,113),(268,25),(73,97),(112,30),
152:(246,89),(54,113),(183,57),(75,93),(167,102),(147,77),(121,95),(335,41),(192,93),(61,62),(194,25),(170,41),(14,143),(174,125),(292,2),(160,70),(130,113),(269,25),(73,97),(113,30),
153:(245,89),(54,113),(184,57),(74,93),(168,102),(148,77),(121,94),(335,41),(191,93),(60,62),(193,25),(170,42),(14,143),(175,125),(292,2),(160,70),(131,113),(270,25),(73,97),(114,30),
154:(244,89),(54,113),(184,58),(74,92),(169,102),(149,77),(120,94),(335,41),(190,93),(59,62),(192,25),(170,43),(14,143),(176,125),(292,2),(160,70),(132,113),(271,25),(73,97),(115,30),
155:(243,89),(54,113),(185,58),(74,91),(170,102),(150,77),(120,93),(335,41),(189,93),(58,62),(191,25),(170,44),(14,143),(177,125),(292,2),(160,70),(133,113),(272,25),(73,97),(116,30),
156:(242,89),(54,113),(186,58),(74,90),(171,102),(151,77),(119,93),(335,41),(188,93),(57,62),(190,25),(170,45),(14,143),(178,125),(292,2),(160,70),(133,112),(273,25),(73,97),(117,30),
157:(241,89),(54,113),(187,58),(73,90),(172,102),(152,77),(118,93),(335,41),(187,93),(56,62),(189,25),(170,46),(14,143),(179,125),(292,2),(160,70),(133,111),(274,25),(73,97),(118,30),
158:(240,89),(54,113),(188,58),(73,89),(173,102),(153,77),(117,93),(335,41),(186,93),(55,62),(188,25),(171,46),(14,143),(180,125),(292,2),(160,70),(133,110),(275,25),(73,97),(119,30),
159:(239,89),(54,113),(189,58),(73,88),(174,102),(154,77),(116,93),(335,41),(185,93),(54,62),(187,25),(172,46),(14,143),(181,125),(292,2),(160,70),(134,110),(276,25),(73,97),(120,30),
160:(238,89),(54,113),(190,58),(73,87),(175,102),(155,77),(115,93),(335,41),(184,93),(53,62),(186,25),(173,46),(14,143),(181,124),(292,2),(160,70),(134,109),(277,25),(73,97),(121,30),
161:(237,89),(54,113),(191,58),(73,86),(176,102),(156,77),(114,93),(335,41),(183,93),(52,62),(185,25),(174,46),(14,143),(181,123),(292,2),(160,70),(134,108),(278,25),(73,97),(122,30),
162:(236,89),(54,113),(192,58),(73,85),(177,102),(157,77),(113,93),(335,41),(182,93),(51,62),(184,25),(175,46),(14,143),(181,122),(292,2),(160,70),(134,107),(278,24),(73,97),(123,30),
163:(235,89),(54,113),(193,58),(73,84),(178,102),(157,76),(112,93),(335,41),(181,93),(50,62),(183,25),(176,46),(14,143),(181,121),(292,2),(160,70),(134,106),(278,23),(73,97),(124,30),
164:(234,89),(54,113),(194,58),(73,83),(179,102),(158,76),(111,93),(335,41),(180,93),(50,63),(182,25),(177,46),(14,143),(181,120),(292,2),(160,70),(134,105),(278,22),(73,97),(125,30),
165:(233,89),(54,113),(194,59),(73,82),(180,102),(158,75),(110,93),(335,41),(179,93),(49,63),(181,25),(178,46),(14,143),(181,119),(292,2),(160,70),(134,104),(278,21),(73,97),(126,30),
166:(232,89),(54,113),(194,60),(73,81),(181,102),(158,74),(110,92),(335,41),(178,93),(49,64),(180,25),(179,46),(14,143),(181,118),(292,2),(160,70),(134,103),(278,20),(73,97),(127,30),
167:(231,89),(54,113),(194,61),(73,80),(182,102),(158,73),(110,91),(335,41),(177,93),(48,64),(179,25),(180,46),(14,143),(181,117),(292,2),(160,70),(134,102),(278,19),(73,97),(128,30),
168:(230,89),(54,113),(194,62),(73,79),(182,103),(159,73),(109,91),(335,41),(176,93),(48,65),(178,25),(181,46),(14,143),(181,116),(292,2),(160,70),(134,101),(278,18),(73,97),(129,30),
169:(229,89),(54,113),(194,63),(73,78),(182,103),(160,73),(109,90),(335,41),(175,93),(47,65),(177,25),(181,47),(14,143),(181,115),(292,2),(160,70),(134,100),(279,18),(73,97),(130,30),
170:(228,89),(54,113),(194,64),(73,77),(182,103),(161,73),(108,90),(335,41),(174,93),(47,66),(176,25),(182,47),(14,143),(181,114),(292,2),(160,70),(134,99),(279,17),(73,97),(131,30),
171:(227,89),(54,113),(194,65),(73,76),(182,103),(162,73),(107,90),(335,41),(173,93),(46,66),(175,25),(182,48),(14,143),(181,113),(292,2),(160,70),(134,98),(280,17),(73,97),(132,30),
172:(226,89),(54,113),(194,66),(73,75),(182,103),(163,73),(107,89),(335,41),(172,93),(46,67),(174,25),(182,49),(14,143),(181,112),(292,2),(160,70),(135,98),(281,17),(73,97),(133,30),
173:(225,89),(54,113),(194,67),(73,74),(182,103),(164,73),(106,89),(335,41),(171,93),(45,67),(173,25),(183,49),(14,143),(181,111),(292,2),(160,70),(136,98),(282,17),(73,97),(134,30),
174:(224,89),(54,113),(194,68),(72,74),(182,103),(165,73),(105,89),(335,41),(170,93),(45,68),(172,25),(184,49),(14,143),(181,110),(292,2),(160,70),(137,98),(283,17),(73,97),(135,30),
175:(223,89),(54,113),(194,69),(71,74),(182,103),(166,73),(104,89),(335,41),(169,93),(45,69),(171,25),(185,49),(14,143),(181,109),(292,2),(160,70),(138,98),(284,17),(73,97),(136,30),
176:(222,89),(54,113),(194,70),(70,74),(182,103),(167,73),(103,89),(335,41),(168,93),(45,70),(170,25),(186,49),(14,143),(181,109),(292,2),(160,70),(138,97),(285,17),(73,97),(137,30),
177:(221,89),(54,113),(194,71),(69,74),(182,103),(168,73),(102,89),(335,41),(167,93),(45,71),(169,25),(186,50),(14,143),(181,109),(292,2),(160,70),(139,97),(286,17),(73,97),(138,30),
178:(220,89),(54,113),(194,72),(68,74),(182,103),(169,73),(101,89),(335,41),(166,93),(45,72),(168,25),(187,50),(14,143),(181,109),(292,2),(160,70),(140,97),(287,17),(73,97),(139,30),
179:(219,89),(54,113),(194,73),(67,74),(182,103),(169,72),(100,89),(335,41),(165,93),(45,73),(167,25),(188,50),(14,143),(181,109),(292,2),(160,70),(141,97),(288,17),(73,97),(140,30),
180:(218,89),(54,113),(194,74),(66,74),(182,103),(169,71),(99,89),(335,41),(164,93),(44,73),(166,25),(189,50),(14,143),(181,109),(292,2),(160,70),(142,97),(289,17),(73,97),(141,30),
181:(217,89),(54,113),(194,75),(65,74),(182,103),(170,71),(98,89),(335,41),(163,93),(43,73),(165,25),(190,50),(14,143),(181,109),(292,2),(160,70),(143,97),(289,16),(73,97),(142,30),
182:(216,89),(54,113),(194,76),(65,74),(182,103),(170,70),(97,89),(335,41),(162,93),(42,73),(164,25),(191,50),(14,143),(181,109),(292,2),(160,70),(144,97),(289,15),(73,97),(143,30),
183:(215,89),(54,113),(194,77),(65,74),(182,103),(170,69),(97,88),(335,41),(161,93),(41,73),(163,25),(192,50),(14,143),(181,109),(292,2),(160,70),(145,97),(290,15),(73,97),(144,30),
184:(214,89),(54,113),(195,77),(65,74),(182,103),(171,69),(97,87),(335,41),(160,93),(41,74),(162,25),(193,50),(14,143),(181,109),(292,2),(160,70),(146,97),(290,14),(73,97),(145,30),
185:(213,89),(54,113),(195,78),(65,74),(182,103),(172,69),(97,86),(335,41),(159,93),(40,74),(161,25),(194,50),(14,143),(181,109),(292,2),(160,70),(147,97),(290,13),(73,97),(146,30),
186:(212,89),(54,113),(196,78),(65,74),(182,103),(173,69),(97,85),(335,41),(158,93),(40,75),(160,25),(194,51),(14,143),(181,109),(292,2),(160,70),(148,97),(290,12),(73,97),(147,30),
187:(211,89),(54,113),(197,78),(65,74),(182,103),(174,69),(96,85),(335,41),(157,93),(39,75),(159,25),(194,52),(14,143),(181,109),(292,2),(160,70),(149,97),(290,11),(73,97),(148,30),
188:(210,89),(54,113),(198,78),(65,74),(182,103),(175,69),(95,85),(335,41),(156,93),(38,75),(158,25),(194,53),(14,143),(181,109),(292,2),(160,70),(150,97),(290,10),(73,97),(149,30),
189:(209,89),(54,113),(199,78),(65,74),(182,103),(176,69),(94,85),(335,41),(155,93),(37,75),(157,25),(195,53),(14,143),(181,109),(292,2),(160,70),(151,97),(290,9),(73,97),(150,30),
190:(208,89),(54,113),(200,78),(65,74),(182,103),(177,69),(93,85),(335,41),(154,93),(36,75),(156,25),(195,54),(14,143),(181,109),(292,2),(160,70),(152,97),(290,8),(73,97),(151,30),
191:(207,89),(54,113),(201,78),(65,74),(182,103),(178,69),(92,85),(335,41),(153,93),(36,76),(155,25),(196,54),(14,143),(181,109),(292,2),(160,70),(153,97),(290,7),(73,97),(152,30),
192:(206,89),(54,113),(202,78),(65,74),(182,103),(179,69),(91,85),(335,41),(152,93),(36,77),(154,25),(197,54),(14,143),(181,109),(292,2),(160,70),(154,97),(290,7),(73,97),(153,30),
193:(205,89),(54,113),(203,78),(65,74),(182,103),(180,69),(90,85),(335,41),(151,93),(36,78),(153,25),(198,54),(14,143),(181,109),(292,2),(160,70),(155,97),(290,7),(73,97),(154,30),
194:(204,89),(54,113),(204,78),(65,74),(182,103),(181,69),(89,85),(335,41),(150,93),(36,79),(152,25),(199,54),(14,143),(181,109),(292,2),(160,70),(156,97),(290,7),(73,97),(155,30),
195:(203,89),(54,113),(205,78),(65,74),(182,103),(181,68),(88,85),(335,41),(149,93),(36,80),(151,25),(200,54),(14,143),(181,109),(292,2),(160,70),(157,97),(290,7),(73,97),(156,30),
196:(202,89),(54,113),(206,78),(65,74),(182,103),(181,67),(87,85),(335,41),(148,93),(36,81),(150,25),(201,54),(14,143),(181,109),(292,2),(160,70),(157,96),(290,7),(73,97),(157,30),
197:(201,89),(54,113),(207,78),(65,74),(182,103),(181,66),(86,85),(335,41),(147,93),(36,82),(149,25),(202,54),(14,143),(181,109),(292,2),(160,70),(158,96),(290,7),(73,97),(158,30),
198:(200,89),(54,113),(208,78),(65,74),(182,103),(181,65),(86,84),(335,41),(146,93),(36,83),(148,25),(203,54),(14,143),(181,109),(292,2),(160,70),(158,95),(290,7),(73,97),(159,30),
199:(199,89),(54,113),(209,78),(65,74),(182,103),(181,64),(86,83),(335,41),(145,93),(36,84),(147,25),(204,54),(14,143),(181,109),(292,2),(160,70),(158,94),(290,7),(73,97),(160,30),
200:(198,89),(54,113),(210,78),(65,74),(182,103),(182,64),(86,82),(335,41),(144,93),(36,85),(146,25),(205,54),(14,143),(181,109),(292,2),(160,70),(159,94),(290,7),(73,97),(161,30),
201:(197,89),(54,113),(211,78),(65,74),(182,103),(182,63),(85,82),(335,41),(143,93),(36,86),(145,25),(205,55),(14,143),(181,109),(292,2),(160,70),(160,94),(290,7),(73,97),(162,30),
202:(196,89),(54,113),(212,78),(65,74),(182,103),(182,62),(85,81),(335,41),(142,93),(36,87),(144,25),(206,55),(14,143),(181,109),(292,2),(160,70),(161,94),(290,7),(73,97),(163,30),
203:(195,89),(54,113),(213,78),(65,74),(182,103),(183,62),(85,80),(335,41),(141,93),(36,87),(143,25),(206,56),(14,143),(181,109),(292,2),(160,70),(161,93),(290,7),(73,97),(164,30),
204:(194,89),(54,113),(214,78),(65,74),(182,103),(183,61),(85,79),(335,41),(140,93),(36,87),(142,25),(206,57),(14,143),(181,109),(292,2),(160,70),(162,93),(290,7),(73,97),(165,30),
205:(193,89),(54,113),(215,78),(65,74),(182,103),(184,61),(85,78),(335,41),(139,93),(36,87),(141,25),(207,57),(14,143),(181,109),(292,2),(160,70),(163,93),(290,7),(73,97),(166,30),
206:(192,89),(54,113),(216,78),(65,74),(182,103),(185,61),(85,77),(335,41),(138,93),(36,87),(140,25),(207,58),(14,143),(181,109),(292,2),(160,70),(164,93),(290,7),(73,97),(167,30),
207:(191,89),(54,113),(217,78),(65,74),(182,103),(186,61),(85,76),(335,41),(137,93),(36,87),(139,25),(208,58),(14,143),(181,109),(292,2),(160,70),(165,93),(290,7),(73,97),(168,30),
208:(190,89),(54,113),(218,78),(65,74),(182,103),(187,61),(85,75),(335,41),(136,93),(36,87),(138,25),(209,58),(14,143),(181,109),(292,2),(160,70),(166,93),(290,7),(73,97),(169,30),
209:(189,89),(54,113),(218,79),(65,74),(182,103),(188,61),(85,74),(335,41),(135,93),(36,87),(137,25),(210,58),(14,143),(181,109),(292,2),(160,70),(167,93),(290,7),(73,97),(170,30),
210:(188,89),(54,113),(218,80),(65,74),(182,103),(189,61),(84,74),(335,41),(134,93),(36,87),(136,25),(211,58),(14,143),(181,109),(292,2),(160,70),(168,93),(290,7),(73,97),(171,30),
211:(187,89),(54,113),(218,81),(65,74),(182,103),(190,61),(84,73),(335,41),(133,93),(36,87),(135,25),(212,58),(14,143),(181,109),(292,2),(160,70),(169,93),(290,7),(73,97),(172,30),
212:(186,89),(54,113),(219,81),(65,74),(182,103),(191,61),(83,73),(335,41),(132,93),(36,87),(134,25),(213,58),(14,143),(181,109),(292,2),(160,70),(169,92),(290,7),(73,97),(173,30),
213:(185,89),(54,113),(220,81),(65,74),(182,103),(192,61),(82,73),(335,41),(131,93),(36,87),(133,25),(214,58),(14,143),(181,109),(292,2),(160,70),(169,91),(290,7),(73,97),(174,30),
214:(184,89),(54,113),(220,82),(65,74),(182,103),(193,61),(81,73),(335,41),(130,93),(36,87),(132,25),(215,58),(14,143),(181,109),(292,2),(160,70),(170,91),(290,7),(73,97),(175,30),
215:(183,89),(54,113),(221,82),(65,74),(182,103),(193,60),(80,73),(335,41),(129,93),(36,87),(131,25),(216,58),(14,143),(181,109),(292,2),(160,70),(170,90),(290,7),(73,97),(176,30),
216:(182,89),(54,113),(222,82),(65,74),(182,103),(193,59),(79,73),(335,41),(128,93),(36,87),(130,25),(217,58),(14,143),(181,109),(292,2),(160,70),(171,90),(290,7),(73,97),(177,30),
217:(181,89),(54,113),(223,82),(65,74),(182,103),(194,59),(78,73),(335,41),(127,93),(36,87),(129,25),(217,59),(14,143),(181,109),(292,2),(160,70),(172,90),(290,7),(73,97),(178,30),
218:(180,89),(54,113),(224,82),(65,74),(182,103),(194,58),(77,73),(335,41),(126,93),(36,87),(128,25),(218,59),(14,143),(181,109),(292,2),(160,70),(173,90),(290,7),(73,97),(179,30),
219:(179,89),(54,113),(225,82),(65,74),(182,103),(194,57),(76,73),(335,41),(125,93),(36,87),(127,25),(218,60),(14,143),(181,109),(292,2),(160,70),(174,90),(290,7),(73,97),(180,30),
220:(178,89),(54,113),(226,82),(65,74),(182,103),(194,56),(75,73),(335,41),(124,93),(36,87),(126,25),(218,61),(14,143),(181,109),(292,2),(160,70),(174,89),(290,7),(73,97),(181,30),
221:(177,89),(54,113),(227,82),(65,74),(182,103),(194,55),(74,73),(335,41),(123,93),(36,87),(125,25),(218,62),(14,143),(181,109),(292,2),(160,70),(175,89),(290,7),(73,97),(182,30),
222:(176,89),(54,113),(228,82),(65,74),(182,103),(194,54),(73,73),(335,41),(122,93),(36,87),(124,25),(218,63),(14,143),(181,109),(292,2),(160,70),(175,89),(290,7),(73,97),(183,30),
223:(175,89),(54,113),(229,82),(65,74),(182,103),(195,54),(73,72),(335,41),(121,93),(36,87),(123,25),(218,64),(14,143),(181,109),(292,2),(160,70),(175,90),(290,7),(73,97),(184,30),
224:(174,89),(54,113),(229,83),(65,74),(182,103),(196,54),(73,71),(335,41),(120,93),(36,87),(122,25),(218,65),(14,143),(181,109),(292,2),(160,70),(176,90),(290,7),(73,97),(185,30),
225:(173,89),(54,113),(230,83),(65,74),(182,103),(196,53),(73,70),(335,41),(119,93),(36,87),(121,25),(218,66),(14,143),(181,109),(292,2),(160,70),(177,90),(290,7),(73,97),(186,30),
226:(172,89),(54,113),(230,84),(65,74),(182,103),(197,53),(73,69),(335,41),(118,93),(36,87),(120,25),(218,67),(14,143),(181,109),(292,2),(160,70),(177,89),(290,7),(73,97),(187,30),
227:(171,89),(54,113),(230,85),(65,74),(182,103),(198,53),(73,68),(335,41),(117,93),(36,87),(119,25),(218,68),(14,143),(181,109),(292,2),(160,70),(178,89),(290,7),(73,97),(188,30),
228:(170,89),(54,113),(231,85),(65,74),(182,103),(199,53),(73,67),(335,41),(116,93),(36,87),(118,25),(218,69),(14,143),(181,109),(292,2),(160,70),(179,89),(290,7),(73,97),(189,30),
229:(169,89),(54,113),(231,86),(65,74),(182,103),(200,53),(73,66),(335,41),(115,93),(36,87),(117,25),(219,69),(14,143),(181,109),(292,2),(160,70),(180,89),(290,7),(73,97),(190,30),
230:(168,89),(54,113),(232,86),(65,74),(182,103),(201,53),(73,65),(335,41),(114,93),(36,87),(116,25),(220,69),(14,143),(181,109),(292,2),(160,70),(181,89),(290,7),(73,97),(191,30),
231:(167,89),(54,113),(233,86),(65,74),(182,103),(202,53),(73,64),(335,41),(113,93),(36,87),(115,25),(221,69),(14,143),(181,109),(292,2),(160,70),(182,89),(290,7),(73,97),(192,30),
232:(166,89),(54,113),(234,86),(65,74),(182,103),(203,53),(73,63),(335,41),(112,93),(36,87),(114,25),(222,69),(14,143),(181,109),(292,2),(160,70),(183,89),(290,7),(73,97),(193,30),
233:(165,89),(54,113),(235,86),(65,74),(182,103),(204,53),(73,62),(335,41),(111,93),(36,87),(113,25),(223,69),(14,143),(181,109),(292,2),(160,70),(184,89),(290,7),(73,97),(194,30),
234:(164,89),(54,113),(236,86),(65,74),(182,103),(205,53),(72,62),(335,41),(110,93),(36,87),(112,25),(224,69),(14,143),(181,109),(292,2),(160,70),(185,89),(290,7),(73,97),(195,30),
235:(163,89),(54,113),(237,86),(65,74),(182,103),(205,52),(72,61),(335,41),(109,93),(36,87),(111,25),(224,70),(14,143),(181,109),(292,2),(160,70),(186,89),(290,7),(73,97),(196,30),
236:(162,89),(54,113),(238,86),(65,74),(182,103),(205,51),(71,61),(335,41),(108,93),(36,87),(110,25),(225,70),(14,143),(181,109),(292,2),(160,70),(187,89),(290,7),(73,97),(197,30),
237:(161,89),(54,113),(239,86),(65,74),(182,103),(205,50),(70,61),(335,41),(107,93),(36,87),(109,25),(226,70),(14,143),(181,109),(292,2),(160,70),(188,89),(290,7),(73,97),(198,30),
238:(160,89),(54,113),(240,86),(65,74),(182,103),(205,49),(69,61),(335,41),(106,93),(36,87),(108,25),(227,70),(14,143),(181,109),(292,2),(160,70),(189,89),(290,7),(73,97),(199,30),
239:(159,89),(54,113),(241,86),(65,74),(182,103),(205,48),(68,61),(335,41),(105,93),(36,87),(107,25),(228,70),(14,143),(181,109),(292,2),(160,70),(190,89),(290,7),(73,97),(200,30),
240:(158,89),(54,113),(242,86),(65,74),(182,103),(205,47),(67,61),(335,41),(104,93),(36,87),(106,25),(229,70),(14,143),(181,109),(292,2),(160,70),(191,89),(290,7),(73,97),(201,30),
241:(157,89),(54,113),(242,87),(65,74),(182,103),(205,46),(66,61),(335,41),(103,93),(36,87),(105,25),(230,70),(14,143),(181,109),(292,2),(160,70),(192,89),(290,7),(73,97),(202,30),
242:(156,89),(54,113),(242,88),(65,74),(182,103),(206,46),(65,61),(335,41),(102,93),(36,87),(104,25),(231,70),(14,143),(181,109),(292,2),(160,70),(193,89),(290,7),(73,97),(203,30),
243:(155,89),(54,113),(242,89),(65,74),(182,103),(206,45),(64,61),(335,41),(101,93),(36,87),(103,25),(232,70),(14,143),(181,109),(292,2),(160,70),(194,89),(290,7),(73,97),(204,30),
244:(154,89),(54,113),(242,90),(65,74),(182,103),(206,44),(63,61),(335,41),(100,93),(36,87),(102,25),(233,70),(14,143),(181,109),(292,2),(160,70),(195,89),(290,7),(73,97),(205,30),
245:(153,89),(54,113),(242,91),(65,74),(182,103),(206,43),(62,61),(335,41),(99,93),(36,87),(101,25),(234,70),(14,143),(181,109),(292,2),(160,70),(196,89),(290,7),(73,97),(206,30),
246:(152,89),(54,113),(242,92),(65,74),(182,103),(206,42),(61,61),(335,41),(98,93),(36,87),(100,25),(235,70),(14,143),(181,109),(292,2),(160,70),(197,89),(290,7),(73,97),(207,30),
247:(151,89),(54,113),(242,93),(65,74),(182,103),(207,42),(61,60),(335,41),(97,93),(36,87),(99,25),(236,70),(14,143),(181,109),(292,2),(160,70),(198,89),(290,7),(73,97),(208,30),
248:(150,89),(54,113),(242,94),(65,74),(182,103),(207,41),(61,59),(335,41),(96,93),(36,87),(98,25),(237,70),(14,143),(181,109),(292,2),(160,70),(199,89),(290,7),(73,97),(209,30),
249:(149,89),(54,113),(242,95),(65,74),(182,103),(208,41),(61,58),(335,41),(95,93),(36,87),(97,25),(238,70),(14,143),(181,109),(292,2),(160,70),(200,89),(290,7),(73,97),(210,30),
250:(148,89),(54,113),(242,96),(65,74),(182,103),(209,41),(61,57),(335,41),(94,93),(36,87),(96,25),(239,70),(14,143),(181,109),(292,2),(160,70),(201,89),(290,7),(73,97),(211,30),
251:(147,89),(54,113),(242,97),(65,74),(182,103),(210,41),(60,57),(335,41),(93,93),(36,87),(95,25),(240,70),(14,143),(181,109),(292,2),(160,70),(202,89),(290,7),(73,97),(212,30),
252:(146,89),(54,113),(242,98),(65,74),(182,103),(211,41),(59,57),(335,41),(92,93),(36,87),(94,25),(241,70),(14,143),(181,109),(292,2),(160,70),(203,89),(290,7),(73,97),(213,30),
253:(145,89),(54,113),(243,98),(65,74),(182,103),(212,41),(58,57),(335,41),(91,93),(36,87),(93,25),(242,70),(14,143),(181,109),(292,2),(160,70),(204,89),(290,7),(73,97),(214,30),
254:(144,89),(54,113),(244,98),(65,74),(182,103),(213,41),(57,57),(335,41),(90,93),(36,87),(92,25),(243,70),(14,143),(181,109),(292,2),(160,70),(205,89),(290,7),(73,97),(215,30),
255:(143,89),(54,113),(245,98),(65,74),(182,103),(214,41),(56,57),(335,41),(89,93),(36,87),(91,25),(244,70),(14,143),(181,109),(292,2),(160,70),(206,89),(290,7),(73,97),(216,30),
256:(142,89),(54,113),(246,98),(65,74),(182,103),(215,41),(55,57),(335,41),(88,93),(36,87),(90,25),(245,70),(14,143),(181,109),(292,2),(160,70),(207,89),(290,7),(73,97),(217,30),
257:(141,89),(54,113),(247,98),(65,74),(182,103),(216,41),(54,57),(335,41),(87,93),(36,87),(89,25),(246,70),(14,143),(181,109),(292,2),(160,70),(208,89),(290,7),(73,97),(218,30),
258:(140,89),(54,113),(248,98),(65,74),(182,103),(217,41),(53,57),(335,41),(87,93),(36,87),(88,25),(247,70),(14,143),(181,109),(292,2),(160,70),(209,89),(290,7),(73,97),(219,30),
259:(139,89),(54,113),(249,98),(65,74),(182,103),(218,41),(52,57),(335,41),(87,93),(36,87),(87,25),(248,70),(14,143),(181,109),(292,2),(160,70),(210,89),(290,7),(73,97),(220,30),
260:(138,89),(54,113),(250,98),(65,74),(182,103),(219,41),(51,57),(335,41),(87,93),(36,87),(86,25),(249,70),(14,143),(181,109),(292,2),(160,70),(211,89),(290,7),(73,97),(221,30),
261:(137,89),(54,113),(251,98),(65,74),(182,103),(220,41),(50,57),(335,41),(87,93),(36,87),(85,25),(250,70),(14,143),(181,109),(292,2),(160,70),(212,89),(290,7),(73,97),(222,30),
262:(136,89),(54,113),(252,98),(65,74),(182,103),(221,41),(50,56),(335,41),(87,93),(36,87),(84,25),(251,70),(14,143),(181,109),(292,2),(160,70),(213,89),(290,7),(73,97),(223,30),
263:(135,89),(54,113),(253,98),(65,74),(182,103),(222,41),(49,56),(335,41),(87,93),(36,87),(83,25),(252,70),(14,143),(181,109),(292,2),(160,70),(214,89),(290,7),(73,97),(224,30),
264:(134,89),(54,113),(254,98),(65,74),(182,103),(223,41),(48,56),(335,41),(87,93),(36,87),(82,25),(253,70),(14,143),(181,109),(292,2),(160,70),(215,89),(290,7),(73,97),(225,30),
265:(133,89),(54,113),(255,98),(65,74),(182,103),(224,41),(48,55),(335,41),(87,93),(36,87),(81,25),(253,71),(14,143),(181,109),(292,2),(160,70),(216,89),(290,7),(73,97),(226,30),
266:(132,89),(54,113),(256,98),(65,74),(182,103),(225,41),(48,54),(335,41),(87,93),(36,87),(80,25),(254,71),(14,143),(181,109),(292,2),(160,70),(217,89),(290,7),(73,97),(227,30),
267:(131,89),(54,113),(257,98),(65,74),(182,103),(225,41),(47,54),(335,41),(87,93),(36,87),(79,25),(254,72),(14,143),(181,109),(292,2),(160,70),(218,89),(290,7),(73,97),(228,30),
268:(130,89),(54,113),(258,98),(65,74),(182,103),(225,41),(46,54),(335,41),(87,93),(36,87),(78,25),(254,73),(14,143),(181,109),(292,2),(160,70),(219,89),(290,7),(73,97),(229,30),
269:(129,89),(54,113),(259,98),(65,74),(182,103),(225,41),(45,54),(335,41),(87,93),(36,87),(77,25),(255,73),(14,143),(181,109),(292,2),(160,70),(220,89),(290,7),(73,97),(230,30),
270:(128,89),(54,113),(260,98),(65,74),(182,103),(225,41),(45,53),(335,41),(87,93),(36,87),(76,25),(255,74),(14,143),(181,109),(292,2),(160,70),(221,89),(290,7),(73,97),(231,30),
271:(127,89),(54,113),(261,98),(65,74),(182,103),(225,41),(44,53),(335,41),(87,93),(36,87),(75,25),(256,74),(14,143),(181,109),(292,2),(160,70),(222,89),(290,7),(73,97),(232,30),
272:(126,89),(54,113),(262,98),(65,74),(182,103),(225,41),(44,52),(335,41),(87,93),(36,87),(74,25),(257,74),(14,143),(181,109),(292,2),(160,70),(223,89),(290,7),(73,97),(233,30),
273:(125,89),(54,113),(263,98),(65,74),(182,103),(225,41),(44,51),(335,41),(87,93),(36,87),(73,25),(258,74),(14,143),(181,109),(292,2),(160,70),(224,89),(290,7),(73,97),(234,30),
274:(124,89),(54,113),(264,98),(65,74),(182,103),(225,41),(43,51),(335,41),(87,93),(36,87),(72,25),(259,74),(14,143),(181,109),(292,2),(160,70),(225,89),(290,7),(73,97),(235,30),
275:(123,89),(54,113),(265,98),(65,74),(182,103),(225,41),(43,50),(335,41),(87,93),(36,87),(71,25),(260,74),(14,143),(181,109),(292,2),(160,70),(226,89),(290,7),(73,97),(236,30),
276:(122,89),(54,113),(265,99),(65,74),(182,103),(225,41),(43,49),(335,41),(87,93),(36,87),(70,25),(261,74),(14,143),(181,109),(292,2),(160,70),(227,89),(290,7),(73,97),(237,30),
277:(121,89),(54,113),(265,100),(65,74),(182,103),(225,41),(42,49),(335,41),(87,93),(36,87),(69,25),(262,74),(14,143),(181,109),(292,2),(160,70),(228,89),(290,7),(73,97),(238,30),
278:(120,89),(54,113),(266,100),(65,74),(182,103),(225,41),(42,48),(335,41),(87,93),(36,87),(68,25),(263,74),(14,143),(181,109),(292,2),(160,70),(229,89),(290,7),(73,97),(239,30),
279:(119,89),(54,113),(266,101),(65,74),(182,103),(225,41),(41,48),(335,41),(87,93),(36,87),(67,25),(264,74),(14,143),(181,109),(292,2),(160,70),(230,89),(290,7),(73,97),(240,30),
280:(118,89),(54,113),(266,102),(65,74),(182,103),(225,41),(41,47),(335,41),(87,93),(36,87),(66,25),(265,74),(14,143),(181,109),(292,2),(160,70),(231,89),(290,7),(73,97),(241,30),
281:(117,89),(54,113),(266,103),(65,74),(182,103),(225,41),(41,46),(335,41),(87,93),(36,87),(65,25),(265,75),(14,143),(181,109),(292,2),(160,70),(232,89),(290,7),(73,97),(242,30),
282:(116,89),(54,113),(266,104),(65,74),(182,103),(225,41),(41,45),(335,41),(87,93),(36,87),(64,25),(266,75),(14,143),(181,109),(292,2),(160,70),(233,89),(290,7),(73,97),(243,30),
283:(115,89),(54,113),(266,105),(65,74),(182,103),(225,41),(40,45),(335,41),(87,93),(36,87),(63,25),(266,76),(14,143),(181,109),(292,2),(160,70),(234,89),(290,7),(73,97),(244,30),
284:(114,89),(54,113),(267,105),(65,74),(182,103),(225,41),(39,45),(335,41),(87,93),(36,87),(62,25),(266,77),(14,143),(181,109),(292,2),(160,70),(235,89),(290,7),(73,97),(245,30),
285:(113,89),(54,113),(268,105),(65,74),(182,103),(225,41),(38,45),(335,41),(87,93),(36,87),(61,25),(267,77),(14,143),(181,109),(292,2),(160,70),(236,89),(290,7),(73,97),(246,30),
286:(112,89),(54,113),(268,106),(65,74),(182,103),(225,41),(38,44),(335,41),(87,93),(36,87),(60,25),(268,77),(14,143),(181,109),(292,2),(160,70),(237,89),(290,7),(73,97),(247,30),
287:(111,89),(54,113),(269,106),(65,74),(182,103),(225,41),(37,44),(335,41),(87,93),(36,87),(59,25),(269,77),(14,143),(181,109),(292,2),(160,70),(238,89),(290,7),(73,97),(248,30),
288:(110,89),(54,113),(270,106),(65,74),(182,103),(225,41),(36,44),(335,41),(87,93),(36,87),(58,25),(270,77),(14,143),(181,109),(292,2),(160,70),(239,89),(290,7),(73,97),(249,30),
289:(109,89),(54,113),(271,106),(65,74),(182,103),(225,41),(36,43),(335,41),(87,93),(36,87),(57,25),(271,77),(14,143),(181,109),(292,2),(160,70),(240,89),(290,7),(73,97),(250,30),
290:(108,89),(54,113),(272,106),(65,74),(182,103),(225,41),(36,42),(335,41),(87,93),(36,87),(56,25),(271,78),(14,143),(181,109),(292,2),(160,70),(241,89),(290,7),(73,97),(251,30),
291:(107,89),(54,113),(273,106),(65,74),(182,103),(225,41),(35,42),(335,41),(87,93),(36,87),(55,25),(272,78),(14,143),(181,109),(292,2),(160,70),(242,89),(290,7),(73,97),(252,30),
292:(106,89),(54,113),(274,106),(65,74),(182,103),(225,41),(34,42),(335,41),(87,93),(36,87),(54,25),(273,78),(14,143),(181,109),(292,2),(160,70),(243,89),(290,7),(73,97),(253,30),
293:(105,89),(54,113),(275,106),(65,74),(182,103),(225,41),(33,42),(335,41),(87,93),(36,87),(53,25),(274,78),(14,143),(181,109),(292,2),(160,70),(244,89),(290,7),(73,97),(254,30),
294:(104,89),(54,113),(276,106),(65,74),(182,103),(225,41),(33,41),(335,41),(87,93),(36,87),(52,25),(275,78),(14,143),(181,109),(292,2),(160,70),(245,89),(290,7),(73,97),(255,30),
295:(103,89),(54,113),(277,106),(65,74),(182,103),(225,41),(32,41),(335,41),(87,93),(36,87),(51,25),(276,78),(14,143),(181,109),(292,2),(160,70),(246,89),(290,7),(73,97),(256,30),
296:(102,89),(54,113),(277,107),(65,74),(182,103),(225,41),(31,41),(335,41),(87,93),(36,87),(50,25),(277,78),(14,143),(181,109),(292,2),(160,70),(247,89),(290,7),(73,97),(257,30),
297:(101,89),(54,113),(278,107),(65,74),(182,103),(225,41),(30,41),(335,41),(87,93),(36,87),(50,24),(278,78),(14,143),(181,109),(292,2),(160,70),(248,89),(290,7),(73,97),(258,30),
298:(100,89),(54,113),(278,108),(65,74),(182,103),(225,41),(30,40),(335,41),(87,93),(36,87),(49,24),(278,79),(14,143),(181,109),(292,2),(160,70),(249,89),(290,7),(73,97),(259,30),
299:(99,89),(54,113),(278,109),(65,74),(182,103),(225,41),(30,39),(335,41),(87,93),(36,87),(49,23),(278,80),(14,143),(181,109),(292,2),(160,70),(250,89),(290,7),(73,97),(260,30),
300:(98,89),(54,113),(279,109),(65,74),(182,103),(225,41),(30,38),(335,41),(87,93),(36,87),(48,23),(278,81),(14,143),(181,109),(292,2),(160,70),(251,89),(290,7),(73,97),(261,30),
301:(97,89),(54,113),(279,110),(65,74),(182,103),(225,41),(30,37),(335,41),(87,93),(36,87),(47,23),(278,82),(14,143),(181,109),(292,2),(160,70),(252,89),(290,7),(73,97),(262,30),
302:(96,89),(54,113),(280,110),(65,74),(182,103),(225,41),(29,37),(335,41),(87,93),(36,87),(46,23),(278,83),(14,143),(181,109),(292,2),(160,70),(253,89),(290,7),(73,97),(263,30),
303:(95,89),(54,113),(281,110),(65,74),(182,103),(225,41),(29,36),(335,41),(87,93),(36,87),(45,23),(278,84),(14,143),(181,109),(292,2),(160,70),(254,89),(290,7),(73,97),(264,30),
304:(94,89),(54,113),(282,110),(65,74),(182,103),(225,41),(29,35),(335,41),(87,93),(36,87),(44,23),(278,85),(14,143),(181,109),(292,2),(160,70),(255,89),(290,7),(73,97),(265,30),
305:(93,89),(54,113),(283,110),(65,74),(182,103),(225,41),(29,34),(335,41),(87,93),(36,87),(43,23),(278,86),(14,143),(181,109),(292,2),(160,70),(256,89),(290,7),(73,97),(266,30),
306:(92,89),(54,113),(284,110),(65,74),(182,103),(225,41),(29,33),(335,41),(87,93),(36,87),(42,23),(278,87),(14,143),(181,109),(292,2),(160,70),(257,89),(290,7),(73,97),(267,30),
307:(91,89),(54,113),(285,110),(65,74),(182,103),(225,41),(28,33),(335,41),(87,93),(36,87),(41,23),(278,88),(14,143),(181,109),(292,2),(160,70),(258,89),(290,7),(73,97),(268,30),
308:(90,89),(54,113),(286,110),(65,74),(182,103),(225,41),(27,33),(335,41),(87,93),(36,87),(40,23),(278,89),(14,143),(181,109),(292,2),(160,70),(259,89),(290,7),(73,97),(269,30),
309:(89,89),(54,113),(287,110),(65,74),(182,103),(225,41),(27,32),(335,41),(87,93),(36,87),(39,23),(278,90),(14,143),(181,109),(292,2),(160,70),(260,89),(290,7),(73,97),(270,30),
310:(88,89),(54,113),(288,110),(65,74),(182,103),(225,41),(27,31),(335,41),(87,93),(36,87),(38,23),(278,91),(14,143),(181,109),(292,2),(160,70),(261,89),(290,7),(73,97),(271,30),
311:(87,89),(54,113),(289,110),(65,74),(182,103),(225,41),(27,30),(335,41),(87,93),(36,87),(37,23),(278,92),(14,143),(181,109),(292,2),(160,70),(262,89),(290,7),(73,97),(272,30),
312:(86,89),(54,113),(290,110),(65,74),(182,103),(225,41),(26,30),(335,41),(87,93),(36,87),(36,23),(278,93),(14,143),(181,109),(292,2),(160,70),(263,89),(290,7),(73,97),(273,30),
313:(85,89),(54,113),(290,111),(65,74),(182,103),(225,41),(25,30),(335,41),(87,93),(36,87),(35,23),(278,94),(14,143),(181,109),(292,2),(160,70),(264,89),(290,7),(73,97),(274,30),
314:(84,89),(54,113),(290,112),(65,74),(182,103),(225,41),(25,29),(335,41),(87,93),(36,87),(34,23),(278,95),(14,143),(181,109),(292,2),(160,70),(265,89),(290,7),(73,97),(275,30),
315:(83,89),(54,113),(291,112),(65,74),(182,103),(225,41),(25,28),(335,41),(87,93),(36,87),(33,23),(278,96),(14,143),(181,109),(292,2),(160,70),(266,89),(290,7),(73,97),(276,30),
316:(82,89),(54,113),(291,113),(65,74),(182,103),(225,41),(24,28),(335,41),(87,93),(36,87),(32,23),(278,97),(14,143),(181,109),(292,2),(160,70),(267,89),(290,7),(73,97),(277,30),
317:(81,89),(54,113),(291,114),(65,74),(182,103),(225,41),(24,27),(335,41),(87,93),(36,87),(31,23),(278,98),(14,143),(181,109),(292,2),(160,70),(268,89),(290,7),(73,97),(278,30),
318:(80,89),(54,113),(291,115),(65,74),(182,103),(225,41),(23,27),(335,41),(87,93),(36,87),(30,23),(278,99),(14,143),(181,109),(292,2),(160,70),(269,89),(290,7),(73,97),(279,30),
319:(79,89),(54,113),(291,116),(65,74),(182,103),(225,41),(23,26),(335,41),(87,93),(36,87),(29,23),(278,100),(14,143),(181,109),(292,2),(160,70),(270,89),(290,7),(73,97),(280,30),
320:(78,89),(54,113),(291,117),(65,74),(182,103),(225,41),(23,25),(335,41),(87,93),(36,87),(28,23),(278,101),(14,143),(181,109),(292,2),(160,70),(271,89),(290,7),(73,97),(281,30),
321:(77,89),(54,113),(292,117),(65,74),(182,103),(225,41),(23,24),(335,41),(87,93),(36,87),(27,23),(278,102),(14,143),(181,109),(292,2),(160,70),(272,89),(290,7),(73,97),(282,30),
322:(76,89),(54,113),(292,118),(65,74),(182,103),(225,41),(23,23),(335,41),(87,93),(36,87),(26,23),(278,103),(14,143),(181,109),(292,2),(160,70),(273,89),(290,7),(73,97),(283,30),
323:(75,89),(54,113),(292,119),(65,74),(182,103),(225,41),(23,22),(335,41),(87,93),(36,87),(26,23),(278,104),(14,143),(181,109),(292,2),(160,70),(274,89),(290,7),(73,97),(284,30),
324:(74,89),(54,113),(293,119),(65,74),(182,103),(225,41),(22,22),(335,41),(87,93),(36,87),(26,23),(278,105),(14,143),(181,109),(292,2),(160,70),(275,89),(290,7),(73,97),(285,30),
325:(73,89),(54,113),(293,120),(65,74),(182,103),(225,41),(21,22),(335,41),(87,93),(36,87),(26,23),(278,106),(14,143),(181,109),(292,2),(160,70),(275,89),(290,7),(73,97),(286,30),
326:(72,89),(54,113),(294,120),(65,74),(182,103),(225,41),(21,21),(335,41),(87,93),(36,87),(26,23),(278,107),(14,143),(181,109),(292,2),(160,70),(275,89),(290,7),(73,97),(287,30),
327:(71,89),(54,113),(294,121),(65,74),(182,103),(225,41),(20,21),(335,41),(87,93),(36,87),(26,23),(278,108),(14,143),(181,109),(292,2),(160,70),(275,89),(290,7),(73,97),(288,30),
328:(70,89),(54,113),(294,122),(65,74),(182,103),(225,41),(20,20),(335,41),(87,93),(36,87),(26,23),(278,109),(14,143),(181,109),(292,2),(160,70),(275,89),(290,7),(73,97),(289,30),
329:(69,89),(54,113),(294,123),(65,74),(182,103),(225,41),(20,19),(335,41),(87,93),(36,87),(26,23),(279,109),(14,143),(181,109),(292,2),(160,70),(275,89),(290,7),(73,97),(290,30),
330:(68,89),(54,113),(295,123),(65,74),(182,103),(225,41),(20,18),(335,41),(87,93),(36,87),(26,23),(280,109),(14,143),(181,109),(292,2),(160,70),(275,89),(290,7),(73,97),(291,30),
331:(67,89),(54,113),(296,123),(65,74),(182,103),(225,41),(20,17),(335,41),(87,93),(36,87),(26,23),(281,109),(14,143),(181,109),(292,2),(160,70),(275,89),(290,7),(73,97),(292,30),
332:(66,89),(54,113),(297,123),(65,74),(182,103),(225,41),(20,16),(335,41),(87,93),(36,87),(26,23),(282,109),(14,143),(181,109),(292,2),(160,70),(275,89),(290,7),(73,97),(293,30),
333:(65,89),(54,113),(298,123),(65,74),(182,103),(225,41),(20,15),(335,41),(87,93),(36,87),(26,23),(283,109),(14,143),(181,109),(292,2),(160,70),(275,89),(290,7),(73,97),(294,30),
334:(64,89),(54,113),(299,123),(65,74),(182,103),(225,41),(20,14),(335,41),(87,93),(36,87),(26,23),(284,109),(14,143),(181,109),(292,2),(160,70),(275,89),(290,7),(73,97),(295,30),
335:(63,89),(54,113),(300,123),(65,74),(182,103),(225,41),(20,13),(335,41),(87,93),(36,87),(26,23),(285,109),(14,143),(181,109),(292,2),(160,70),(275,89),(290,7),(73,97),(296,30),
336:(62,89),(54,113),(301,123),(65,74),(182,103),(225,41),(20,12),(335,41),(87,93),(36,87),(26,23),(286,109),(14,143),(181,109),(292,2),(160,70),(275,89),(290,7),(73,97),(297,30),
337:(61,89),(54,113),(302,123),(65,74),(182,103),(225,41),(20,11),(335,41),(87,93),(36,87),(26,23),(286,109),(14,143),(181,109),(292,2),(160,70),(275,89),(290,7),(73,97),(298,30),
338:(60,89),(54,113),(303,123),(65,74),(182,103),(225,41),(20,10),(335,41),(87,93),(36,87),(26,23),(286,109),(14,143),(181,109),(292,2),(160,70),(275,89),(290,7),(73,97),(299,30),
339:(59,89),(54,113),(303,124),(65,74),(182,103),(225,41),(20,9),(335,41),(87,93),(36,87),(26,23),(286,109),(14,143),(181,109),(292,2),(160,70),(275,89),(290,7),(73,97),(300,30),
340:(58,89),(54,113),(304,124),(65,74),(182,103),(225,41),(20,8),(335,41),(87,93),(36,87),(26,23),(286,109),(14,143),(181,109),(292,2),(160,70),(275,89),(290,7),(73,97),(301,30),
341:(57,89),(54,113),(304,125),(65,74),(182,103),(225,41),(20,8),(335,41),(87,93),(36,87),(26,23),(286,109),(14,143),(181,109),(292,2),(160,70),(275,89),(290,7),(73,97),(302,30),
342:(56,89),(54,113),(304,126),(65,74),(182,103),(225,41),(20,8),(335,41),(87,93),(36,87),(26,23),(286,109),(14,143),(181,109),(292,2),(160,70),(275,89),(290,7),(73,97),(303,30),
343:(55,89),(54,113),(304,127),(65,74),(182,103),(225,41),(20,8),(335,41),(87,93),(36,87),(26,23),(286,109),(14,143),(181,109),(292,2),(160,70),(275,89),(290,7),(73,97),(304,30),
344:(54,89),(54,113),(304,128),(65,74),(182,103),(225,41),(20,8),(335,41),(87,93),(36,87),(26,23),(286,109),(14,143),(181,109),(292,2),(160,70),(275,89),(290,7),(73,97),(305,30),
345:(53,89),(54,113),(304,129),(65,74),(182,103),(225,41),(20,8),(335,41),(87,93),(36,87),(26,23),(286,109),(14,143),(181,109),(292,2),(160,70),(275,89),(290,7),(73,97),(306,30),
346:(52,89),(54,113),(305,129),(65,74),(182,103),(225,41),(20,8),(335,41),(87,93),(36,87),(26,23),(286,109),(14,143),(181,109),(292,2),(160,70),(275,89),(290,7),(73,97),(307,30),
347:(51,89),(54,113),(306,129),(65,74),(182,103),(225,41),(20,8),(335,41),(87,93),(36,87),(26,23),(286,109),(14,143),(181,109),(292,2),(160,70),(275,89),(290,7),(73,97),(308,30),
348:(50,89),(54,113),(306,130),(65,74),(182,103),(225,41),(20,8),(335,41),(87,93),(36,87),(26,23),(286,109),(14,143),(181,109),(292,2),(160,70),(275,89),(290,7),(73,97),(309,30),
349:(49,89),(54,113),(306,131),(65,74),(182,103),(225,41),(20,8),(335,41),(87,93),(36,87),(26,23),(286,109),(14,143),(181,109),(292,2),(160,70),(275,89),(290,7),(73,97),(310,30),
350:(48,89),(54,113),(307,131),(65,74),(182,103),(225,41),(20,8),(335,41),(87,93),(36,87),(26,23),(286,109),(14,143),(181,109),(292,2),(160,70),(275,89),(290,7),(73,97),(311,30),
351:(47,89),(54,113),(307,132),(65,74),(182,103),(225,41),(20,8),(335,41),(87,93),(36,87),(26,23),(286,109),(14,143),(181,109),(292,2),(160,70),(275,89),(290,7),(73,97),(312,30),
352:(46,89),(54,113),(307,133),(65,74),(182,103),(225,41),(20,8),(335,41),(87,93),(36,87),(26,23),(286,109),(14,143),(181,109),(292,2),(160,70),(275,89),(290,7),(73,97),(313,30),
353:(45,89),(54,113),(307,134),(65,74),(182,103),(225,41),(20,8),(335,41),(87,93),(36,87),(26,23),(286,109),(14,143),(181,109),(292,2),(160,70),(275,89),(290,7),(73,97),(314,30),
354:(44,89),(54,113),(307,135),(65,74),(182,103),(225,41),(20,8),(335,41),(87,93),(36,87),(26,23),(286,109),(14,143),(181,109),(292,2),(160,70),(275,89),(290,7),(73,97),(315,30),
355:(43,89),(54,113),(307,136),(65,74),(182,103),(225,41),(20,8),(335,41),(87,93),(36,87),(26,23),(286,109),(14,143),(181,109),(292,2),(160,70),(275,89),(290,7),(73,97),(316,30),
356:(43,89),(54,113),(307,137),(65,74),(182,103),(225,41),(20,8),(335,41),(87,93),(36,87),(26,23),(286,109),(14,143),(181,109),(292,2),(160,70),(275,89),(290,7),(73,97),(317,30),
357:(43,89),(54,113),(308,137),(65,74),(182,103),(225,41),(20,8),(335,41),(87,93),(36,87),(26,23),(286,109),(14,143),(181,109),(292,2),(160,70),(275,89),(290,7),(73,97),(318,30),
358:(43,89),(54,113),(309,137),(65,74),(182,103),(225,41),(20,8),(335,41),(87,93),(36,87),(26,23),(286,109),(14,143),(181,109),(292,2),(160,70),(275,89),(290,7),(73,97),(319,30),
359:(43,89),(54,113),(309,138),(65,74),(182,103),(225,41),(20,8),(335,41),(87,93),(36,87),(26,23),(286,109),(14,143),(181,109),(292,2),(160,70),(275,89),(290,7),(73,97),(320,30),
360:(43,89),(54,113),(310,138),(65,74),(182,103),(225,41),(20,8),(335,41),(87,93),(36,87),(26,23),(286,109),(14,143),(181,109),(292,2),(160,70),(275,89),(290,7),(73,97),(321,30),
361:(43,89),(54,113),(311,138),(65,74),(182,103),(225,41),(20,8),(335,41),(87,93),(36,87),(26,23),(286,109),(14,143),(181,109),(292,2),(160,70),(275,89),(290,7),(73,97),(322,30),
362:(43,89),(54,113),(311,139),(65,74),(182,103),(225,41),(20,8),(335,41),(87,93),(36,87),(26,23),(286,109),(14,143),(181,109),(292,2),(160,70),(275,89),(290,7),(73,97),(323,30),
363:(43,89),(54,113),(311,140),(65,74),(182,103),(225,41),(20,8),(335,41),(87,93),(36,87),(26,23),(286,109),(14,143),(181,109),(292,2),(160,70),(275,89),(290,7),(73,97),(324,30),
364:(43,89),(54,113),(311,141),(65,74),(182,103),(225,41),(20,8),(335,41),(87,93),(36,87),(26,23),(286,109),(14,143),(181,109),(292,2),(160,70),(275,89),(290,7),(73,97),(325,30),
365:(43,89),(54,113),(312,141),(65,74),(182,103),(225,41),(20,8),(335,41),(87,93),(36,87),(26,23),(286,109),(14,143),(181,109),(292,2),(160,70),(275,89),(290,7),(73,97),(326,30),
366:(43,89),(54,113),(313,141),(65,74),(182,103),(225,41),(20,8),(335,41),(87,93),(36,87),(26,23),(286,109),(14,143),(181,109),(292,2),(160,70),(275,89),(290,7),(73,97),(327,30),
367:(43,89),(54,113),(314,141),(65,74),(182,103),(225,41),(20,8),(335,41),(87,93),(36,87),(26,23),(286,109),(14,143),(181,109),(292,2),(160,70),(275,89),(290,7),(73,97),(328,30),
368:(43,89),(54,113),(315,141),(65,74),(182,103),(225,41),(20,8),(335,41),(87,93),(36,87),(26,23),(286,109),(14,143),(181,109),(292,2),(160,70),(275,89),(290,7),(73,97),(328,30),
369:(43,89),(54,113),(316,141),(65,74),(182,103),(225,41),(20,8),(335,41),(87,93),(36,87),(26,23),(286,109),(14,143),(181,109),(292,2),(160,70),(275,89),(290,7),(73,97),(328,30),
370:(43,89),(54,113),(317,141),(65,74),(182,103),(225,41),(20,8),(335,41),(87,93),(36,87),(26,23),(286,109),(14,143),(181,109),(292,2),(160,70),(275,89),(290,7),(73,97),(328,30),
371:(43,89),(54,113),(318,141),(65,74),(182,103),(225,41),(20,8),(335,41),(87,93),(36,87),(26,23),(286,109),(14,143),(181,109),(292,2),(160,70),(275,89),(290,7),(73,97),(328,30),
372:(43,89),(54,113),(319,141),(65,74),(182,103),(225,41),(20,8),(335,41),(87,93),(36,87),(26,23),(286,109),(14,143),(181,109),(292,2),(160,70),(275,89),(290,7),(73,97),(328,30),
373:(43,89),(54,113),(320,141),(65,74),(182,103),(225,41),(20,8),(335,41),(87,93),(36,87),(26,23),(286,109),(14,143),(181,109),(292,2),(160,70),(275,89),(290,7),(73,97),(328,30),
