instance=temp_instance.txt
agents=20
map_file=warehouse-20-40-10-2-2.map
solver=PIBTOLD
solved=1
soc=3557
lb_soc=3340
makespan=412
lb_makespan=412
comp_time=13
preprocessing_comp_time=12
starts=(319,101),(242,100),(238,85),(7,82),(120,130),(23,154),(213,101),(280,6),(124,73),(330,81),(298,39),(273,101),(144,85),(282,150),(218,5),(202,54),(103,21),(230,85),(1,41),(32,29),
goals=(266,6),(310,127),(103,10),(295,12),(97,83),(23,155),(83,121),(18,156),(116,66),(309,75),(73,96),(46,26),(87,154),(118,106),(42,140),(145,79),(145,54),(279,53),(86,72),(258,74),
solution=
0:(319,101),(242,100),(238,85),(7,82),(120,130),(23,154),(213,101),(280,6),(124,73),(330,81),(298,39),(273,101),(144,85),(282,150),(218,5),(202,54),(103,21),(230,85),(1,41),(32,29),
1:(319,100),(242,101),(237,85),(7,81),(120,129),(23,155),(212,101),(279,6),(123,73),(330,80),(297,39),(272,101),(143,85),(282,149),(218,6),(201,54),(104,21),(230,84),(1,42),(32,30),
2:(318,100),(242,102),(236,85),(7,80),(119,129),(23,155),(212,102),(278,6),(122,73),(330,79),(297,40),(271,101),(142,85),(281,149),(218,7),(200,54),(104,22),(230,83),(2,42),(33,30),
3:(318,99),(242,103),(235,85),(8,80),(118,129),(23,155),(211,102),(277,6),(121,73),(329,79),(296,40),(270,101),(142,86),(280,149),(218,8),(199,54),(105,22),(230,82),(3,42),(34,30),
4:(318,98),(242,104),(234,85),(9,80),(117,129),(23,155),(210,102),(277,7),(121,72),(328,79),(295,40),(269,101),(141,86),(279,149),(217,8),(198,54),(106,22),(231,82),(3,43),(34,31),
5:(317,98),(242,105),(233,85),(9,79),(116,129),(23,155),(209,102),(277,8),(121,71),(328,78),(294,40),(268,101),(140,86),(278,149),(217,9),(197,54),(107,22),(231,81),(3,44),(34,32),
6:(317,97),(242,106),(232,85),(10,79),(115,129),(23,155),(208,102),(277,9),(121,70),(328,77),(294,41),(267,101),(139,86),(277,149),(216,9),(196,54),(108,22),(232,81),(3,45),(34,33),
7:(317,96),(243,106),(231,85),(11,79),(114,129),(23,155),(207,102),(276,9),(121,69),(328,76),(294,42),(266,101),(138,86),(277,148),(216,10),(195,54),(109,22),(233,81),(4,45),(34,34),
8:(317,95),(244,106),(230,85),(12,79),(113,129),(23,155),(206,102),(275,9),(121,68),(327,76),(293,42),(265,101),(137,86),(277,147),(215,10),(194,54),(109,23),(234,81),(5,45),(34,35),
9:(316,95),(245,106),(230,84),(12,78),(112,129),(23,155),(205,102),(275,10),(121,67),(326,76),(292,42),(265,100),(136,86),(277,146),(214,10),(193,54),(110,23),(235,81),(5,46),(34,36),
10:(315,95),(246,106),(229,84),(12,77),(111,129),(23,155),(204,102),(274,10),(121,66),(326,75),(292,43),(265,99),(135,86),(277,145),(213,10),(193,55),(110,24),(236,81),(6,46),(34,37),
11:(315,94),(247,106),(229,83),(13,77),(110,129),(23,155),(203,102),(273,10),(120,66),(325,75),(291,43),(265,98),(134,86),(276,145),(212,10),(193,56),(110,25),(237,81),(7,46),(35,37),
12:(314,94),(248,106),(229,82),(14,77),(109,129),(23,155),(202,102),(272,10),(119,66),(324,75),(291,44),(264,98),(134,87),(275,145),(211,10),(193,57),(111,25),(238,81),(8,46),(35,38),
13:(314,93),(249,106),(229,81),(14,76),(108,129),(23,155),(201,102),(271,10),(118,66),(323,75),(291,45),(264,97),(133,87),(274,145),(210,10),(192,57),(111,26),(239,81),(9,46),(35,39),
14:(313,93),(250,106),(228,81),(14,75),(107,129),(23,155),(200,102),(270,10),(117,66),(322,75),(291,46),(263,97),(133,88),(273,145),(209,10),(191,57),(112,26),(240,81),(9,47),(35,40),
15:(313,92),(251,106),(227,81),(14,74),(106,129),(23,155),(199,102),(269,10),(116,66),(321,75),(290,46),(262,97),(133,89),(272,145),(208,10),(190,57),(113,26),(241,81),(10,47),(36,40),
16:(313,91),(252,106),(226,81),(14,73),(105,129),(23,155),(198,102),(268,10),(116,66),(320,75),(289,46),(261,97),(133,90),(271,145),(207,10),(190,58),(114,26),(241,80),(11,47),(37,40),
17:(312,91),(253,106),(225,81),(15,73),(104,129),(23,155),(197,102),(267,10),(116,66),(319,75),(288,46),(260,97),(132,90),(270,145),(206,10),(189,58),(115,26),(242,80),(12,47),(37,41),
18:(311,91),(253,107),(224,81),(16,73),(103,129),(23,155),(196,102),(266,10),(116,66),(318,75),(287,46),(259,97),(131,90),(269,145),(206,11),(188,58),(116,26),(242,79),(12,48),(37,42),
19:(311,90),(253,108),(223,81),(17,73),(102,129),(23,155),(195,102),(266,11),(116,66),(317,75),(286,46),(258,97),(130,90),(268,145),(205,11),(187,58),(117,26),(242,78),(13,48),(38,42),
20:(310,90),(254,108),(222,81),(17,72),(101,129),(23,155),(194,102),(265,11),(116,66),(316,75),(285,46),(257,97),(129,90),(267,145),(205,12),(186,58),(118,26),(243,78),(14,48),(39,42),
21:(310,89),(254,109),(221,81),(17,71),(100,129),(23,155),(193,102),(265,12),(116,66),(315,75),(284,46),(256,97),(128,90),(266,145),(205,13),(185,58),(119,26),(243,77),(15,48),(40,42),
22:(309,89),(255,109),(220,81),(18,71),(99,129),(23,155),(192,102),(265,13),(116,66),(314,75),(283,46),(255,97),(127,90),(265,145),(204,13),(184,58),(120,26),(244,77),(16,48),(41,42),
23:(308,89),(255,110),(219,81),(19,71),(98,129),(23,155),(191,102),(265,14),(116,66),(313,75),(282,46),(254,97),(126,90),(264,145),(204,14),(183,58),(121,26),(245,77),(17,48),(42,42),
24:(307,89),(256,110),(218,81),(19,70),(97,129),(23,155),(190,102),(264,14),(116,66),(312,75),(281,46),(253,97),(125,90),(263,145),(203,14),(182,58),(122,26),(246,77),(18,48),(43,42),
25:(307,88),(257,110),(218,80),(19,69),(97,128),(23,155),(189,102),(263,14),(116,66),(311,75),(280,46),(252,97),(124,90),(262,145),(202,14),(182,59),(122,27),(247,77),(19,48),(43,43),
26:(307,87),(258,110),(217,80),(19,68),(97,127),(23,155),(188,102),(262,14),(116,66),(310,75),(279,46),(251,97),(123,90),(261,145),(201,14),(182,60),(122,28),(248,77),(19,49),(44,43),
27:(306,87),(259,110),(217,79),(19,67),(97,126),(23,155),(187,102),(261,14),(116,66),(309,75),(278,46),(250,97),(122,90),(260,145),(200,14),(182,61),(122,29),(249,77),(19,50),(44,44),
28:(305,87),(260,110),(217,78),(20,67),(97,125),(23,155),(186,102),(260,14),(116,66),(309,75),(277,46),(249,97),(121,90),(259,145),(199,14),(182,62),(122,30),(250,77),(19,51),(45,44),
29:(304,87),(261,110),(216,78),(20,66),(97,124),(23,155),(185,102),(259,14),(116,66),(309,75),(276,46),(248,97),(121,91),(258,145),(198,14),(182,63),(122,31),(251,77),(19,52),(45,45),
30:(303,87),(262,110),(216,77),(21,66),(97,123),(23,155),(184,102),(258,14),(116,66),(309,75),(275,46),(247,97),(121,92),(257,145),(197,14),(182,64),(122,32),(252,77),(19,53),(46,45),
31:(302,87),(263,110),(215,77),(22,66),(97,122),(23,155),(183,102),(257,14),(116,66),(309,75),(274,46),(246,97),(121,93),(256,145),(196,14),(182,65),(122,33),(253,77),(19,54),(47,45),
32:(301,87),(264,110),(214,77),(22,65),(97,121),(23,155),(182,102),(256,14),(116,66),(309,75),(273,46),(245,97),(120,93),(255,145),(195,14),(181,65),(123,33),(253,76),(20,54),(47,46),
33:(300,87),(265,110),(213,77),(23,65),(97,120),(23,155),(182,103),(255,14),(116,66),(309,75),(272,46),(244,97),(119,93),(254,145),(194,14),(181,66),(124,33),(254,76),(20,55),(48,46),
34:(299,87),(265,111),(212,77),(24,65),(97,119),(23,155),(181,103),(254,14),(116,66),(309,75),(271,46),(243,97),(118,93),(254,144),(194,15),(181,67),(124,34),(254,75),(20,56),(48,47),
35:(299,86),(265,112),(211,77),(25,65),(97,118),(23,155),(181,104),(253,14),(116,66),(309,75),(270,46),(242,97),(117,93),(253,144),(194,16),(181,68),(125,34),(254,74),(21,56),(49,47),
36:(298,86),(265,113),(210,77),(25,64),(97,117),(23,155),(181,105),(252,14),(116,66),(309,75),(269,46),(242,96),(116,93),(253,143),(193,16),(181,69),(126,34),(255,74),(21,57),(50,47),
37:(298,85),(265,114),(209,77),(26,64),(97,116),(23,155),(180,105),(251,14),(116,66),(309,75),(268,46),(241,96),(115,93),(253,142),(193,17),(181,70),(127,34),(256,74),(21,58),(50,48),
38:(298,84),(266,114),(208,77),(26,63),(97,115),(23,155),(180,106),(250,14),(116,66),(309,75),(267,46),(241,95),(114,93),(252,142),(193,18),(181,71),(128,34),(257,74),(21,59),(50,49),
39:(297,84),(266,115),(207,77),(26,62),(97,114),(23,155),(179,106),(249,14),(116,66),(309,75),(266,46),(241,94),(113,93),(251,142),(192,18),(181,72),(129,34),(258,74),(22,59),(50,50),
40:(297,83),(266,116),(206,77),(27,62),(97,113),(23,155),(178,106),(248,14),(116,66),(309,75),(266,47),(241,93),(112,93),(250,142),(191,18),(181,73),(130,34),(258,73),(23,59),(50,51),
41:(297,82),(266,117),(205,77),(28,62),(97,112),(23,155),(177,106),(247,14),(116,66),(309,75),(266,48),(240,93),(112,94),(250,141),(190,18),(180,73),(131,34),(259,73),(24,59),(50,52),
42:(297,81),(266,118),(204,77),(28,61),(97,111),(23,155),(176,106),(246,14),(116,66),(309,75),(265,48),(239,93),(111,94),(249,141),(189,18),(179,73),(132,34),(260,73),(25,59),(50,53),
43:(296,81),(267,118),(203,77),(28,60),(97,110),(23,155),(175,106),(245,14),(116,66),(309,75),(265,49),(238,93),(110,94),(248,141),(188,18),(179,74),(133,34),(261,73),(26,59),(50,54),
44:(295,81),(268,118),(202,77),(29,60),(97,109),(23,155),(174,106),(244,14),(116,66),(309,75),(265,50),(237,93),(110,95),(247,141),(187,18),(178,74),(133,35),(262,73),(26,60),(50,55),
45:(295,80),(269,118),(201,77),(29,59),(97,108),(23,155),(173,106),(243,14),(116,66),(309,75),(264,50),(236,93),(110,96),(246,141),(186,18),(177,74),(134,35),(263,73),(27,60),(50,56),
46:(294,80),(270,118),(200,77),(29,58),(97,107),(23,155),(172,106),(242,14),(116,66),(309,75),(263,50),(235,93),(110,97),(245,141),(185,18),(176,74),(134,36),(264,73),(27,61),(50,57),
47:(293,80),(271,118),(199,77),(29,57),(97,106),(23,155),(171,106),(242,15),(116,66),(309,75),(262,50),(234,93),(110,98),(244,141),(184,18),(175,74),(134,37),(265,73),(27,62),(51,57),
48:(293,79),(272,118),(198,77),(30,57),(97,105),(23,155),(170,106),(241,15),(116,66),(309,75),(261,50),(233,93),(110,99),(243,141),(183,18),(174,74),(134,38),(266,73),(28,62),(52,57),
49:(292,79),(273,118),(197,77),(30,56),(97,104),(23,155),(170,107),(241,16),(116,66),(309,75),(260,50),(232,93),(110,100),(242,141),(182,18),(173,74),(135,38),(267,73),(28,63),(53,57),
50:(291,79),(274,118),(196,77),(30,55),(97,103),(23,155),(170,108),(241,17),(116,66),(309,75),(259,50),(231,93),(110,101),(241,141),(182,19),(172,74),(136,38),(268,73),(28,64),(54,57),
51:(290,79),(275,118),(195,77),(30,54),(97,102),(23,155),(170,109),(240,17),(116,66),(309,75),(258,50),(230,93),(110,102),(241,140),(181,19),(171,74),(137,38),(269,73),(29,64),(55,57),
52:(290,78),(276,118),(194,77),(30,53),(97,101),(23,155),(170,110),(239,17),(116,66),(309,75),(257,50),(229,93),(109,102),(241,139),(181,20),(170,74),(138,38),(270,73),(29,65),(55,58),
53:(290,77),(277,118),(194,76),(31,53),(97,100),(23,155),(169,110),(239,18),(116,66),(309,75),(256,50),(229,92),(109,103),(241,138),(181,21),(170,75),(139,38),(271,73),(30,65),(56,58),
54:(290,76),(277,119),(193,76),(31,52),(97,99),(23,155),(169,111),(238,18),(116,66),(309,75),(255,50),(229,91),(109,104),(241,137),(180,21),(170,76),(140,38),(272,73),(30,66),(57,58),
55:(289,76),(278,119),(193,75),(31,51),(97,98),(23,155),(169,112),(237,18),(116,66),(309,75),(254,50),(229,90),(109,105),(240,137),(180,22),(169,76),(141,38),(273,73),(31,66),(58,58),
56:(289,75),(278,120),(193,74),(32,51),(97,97),(23,155),(169,113),(236,18),(116,66),(309,75),(253,50),(228,90),(109,106),(239,137),(179,22),(169,77),(142,38),(274,73),(31,67),(59,58),
57:(289,74),(278,121),(192,74),(32,50),(97,96),(23,155),(168,113),(235,18),(116,66),(309,75),(252,50),(227,90),(108,106),(238,137),(178,22),(169,78),(143,38),(275,73),(32,67),(60,58),
58:(288,74),(279,121),(191,74),(33,50),(97,95),(23,155),(168,114),(234,18),(116,66),(309,75),(251,50),(226,90),(107,106),(237,137),(177,22),(168,78),(144,38),(276,73),(33,67),(61,58),
59:(288,73),(279,122),(191,73),(34,50),(97,94),(23,155),(167,114),(233,18),(116,66),(309,75),(250,50),(226,89),(106,106),(236,137),(176,22),(167,78),(145,38),(277,73),(33,68),(61,59),
60:(287,73),(280,122),(190,73),(35,50),(97,93),(23,155),(166,114),(232,18),(116,66),(309,75),(249,50),(225,89),(105,106),(235,137),(175,22),(166,78),(145,39),(278,73),(34,68),(61,60),
61:(286,73),(281,122),(189,73),(35,49),(97,92),(23,155),(165,114),(231,18),(116,66),(309,75),(248,50),(224,89),(104,106),(234,137),(174,22),(165,78),(145,40),(278,72),(34,69),(61,61),
62:(285,73),(282,122),(188,73),(35,48),(97,91),(23,155),(164,114),(230,18),(116,66),(309,75),(247,50),(223,89),(103,106),(233,137),(173,22),(164,78),(145,41),(278,71),(35,69),(61,62),
63:(284,73),(283,122),(187,73),(35,47),(97,90),(23,155),(163,114),(230,19),(116,66),(309,75),(246,50),(222,89),(102,106),(232,137),(172,22),(163,78),(145,42),(278,70),(35,70),(62,62),
64:(283,73),(284,122),(186,73),(35,46),(97,89),(23,155),(162,114),(230,20),(116,66),(309,75),(245,50),(221,89),(101,106),(231,137),(171,22),(162,78),(145,43),(278,69),(36,70),(63,62),
65:(282,73),(285,122),(185,73),(35,45),(97,88),(23,155),(161,114),(230,21),(116,66),(309,75),(244,50),(220,89),(100,106),(230,137),(170,22),(161,78),(145,44),(278,68),(37,70),(64,62),
66:(281,73),(286,122),(184,73),(35,44),(97,87),(23,155),(160,114),(229,21),(116,66),(309,75),(243,50),(219,89),(99,106),(230,136),(170,23),(160,78),(145,45),(278,67),(38,70),(65,62),
67:(280,73),(287,122),(183,73),(36,44),(97,86),(23,155),(159,114),(228,21),(116,66),(309,75),(242,50),(218,89),(98,106),(230,135),(170,24),(159,78),(145,46),(278,66),(39,70),(66,62),
68:(279,73),(288,122),(182,73),(36,43),(97,85),(23,155),(158,114),(227,21),(116,66),(309,75),(242,51),(218,88),(97,106),(230,134),(169,24),(158,78),(145,47),(278,65),(40,70),(67,62),
69:(278,73),(289,122),(182,72),(36,42),(97,84),(23,155),(157,114),(227,22),(116,66),(309,75),(241,51),(217,88),(97,107),(229,134),(169,25),(157,78),(145,48),(278,64),(41,70),(68,62),
70:(277,73),(289,123),(181,72),(36,41),(97,83),(23,155),(156,114),(226,22),(116,66),(309,75),(241,52),(217,87),(97,108),(228,134),(169,26),(156,78),(145,49),(278,63),(42,70),(69,62),
71:(277,72),(289,124),(181,71),(37,41),(97,83),(23,155),(155,114),(225,22),(116,66),(309,75),(241,53),(217,86),(97,109),(227,134),(168,26),(155,78),(145,50),(278,62),(43,70),(70,62),
72:(277,71),(289,125),(181,70),(37,40),(97,83),(23,155),(154,114),(224,22),(116,66),(309,75),(241,54),(217,85),(97,110),(227,133),(167,26),(154,78),(145,51),(278,61),(44,70),(71,62),
73:(277,70),(289,126),(181,69),(38,40),(97,83),(23,155),(153,114),(223,22),(116,66),(309,75),(240,54),(216,85),(97,111),(226,133),(166,26),(153,78),(145,52),(278,60),(45,70),(72,62),
74:(277,69),(290,126),(180,69),(38,39),(97,83),(23,155),(152,114),(222,22),(116,66),(309,75),(239,54),(215,85),(97,112),(225,133),(165,26),(152,78),(145,53),(278,59),(46,70),(73,62),
75:(277,68),(290,127),(179,69),(39,39),(97,83),(23,155),(151,114),(221,22),(116,66),(309,75),(238,54),(214,85),(97,113),(224,133),(164,26),(151,78),(145,54),(278,58),(47,70),(73,63),
76:(277,67),(291,127),(178,69),(39,38),(97,83),(23,155),(150,114),(220,22),(116,66),(309,75),(237,54),(213,85),(97,114),(223,133),(163,26),(150,78),(145,54),(278,57),(48,70),(73,64),
77:(277,66),(292,127),(177,69),(40,38),(97,83),(23,155),(149,114),(219,22),(116,66),(309,75),(236,54),(212,85),(97,115),(222,133),(162,26),(149,78),(145,54),(278,56),(49,70),(73,65),
78:(276,66),(293,127),(176,69),(40,37),(97,83),(23,155),(148,114),(218,22),(116,66),(309,75),(235,54),(211,85),(97,116),(221,133),(161,26),(148,78),(145,54),(278,55),(50,70),(73,66),
79:(275,66),(294,127),(175,69),(40,36),(97,83),(23,155),(147,114),(217,22),(116,66),(309,75),(234,54),(210,85),(97,117),(220,133),(160,26),(147,78),(145,54),(278,54),(51,70),(73,67),
80:(275,65),(295,127),(174,69),(40,35),(97,83),(23,155),(146,114),(217,23),(116,66),(309,75),(233,54),(209,85),(97,118),(219,133),(159,26),(146,78),(145,54),(278,53),(52,70),(73,68),
81:(274,65),(296,127),(173,69),(40,34),(97,83),(23,155),(146,115),(217,24),(116,66),(309,75),(232,54),(208,85),(97,119),(218,133),(158,26),(145,78),(145,54),(279,53),(53,70),(74,68),
82:(273,65),(297,127),(172,69),(40,33),(97,83),(23,155),(145,115),(217,25),(116,66),(309,75),(231,54),(207,85),(97,120),(217,133),(158,27),(145,79),(145,54),(279,53),(54,70),(74,69),
83:(272,65),(298,127),(171,69),(40,32),(97,83),(23,155),(145,116),(217,26),(116,66),(309,75),(230,54),(206,85),(97,121),(217,132),(158,28),(145,79),(145,54),(279,53),(55,70),(75,69),
84:(271,65),(299,127),(170,69),(40,31),(97,83),(23,155),(145,117),(217,27),(116,66),(309,75),(230,55),(205,85),(97,122),(217,131),(157,28),(145,79),(145,54),(279,53),(56,70),(76,69),
85:(270,65),(300,127),(169,69),(40,30),(97,83),(23,155),(145,118),(217,28),(116,66),(309,75),(229,55),(204,85),(97,123),(217,130),(157,29),(145,79),(145,54),(279,53),(57,70),(77,69),
86:(269,65),(301,127),(168,69),(41,30),(97,83),(23,155),(144,118),(217,29),(116,66),(309,75),(229,56),(203,85),(97,124),(217,129),(156,29),(145,79),(145,54),(279,53),(58,70),(78,69),
87:(268,65),(302,127),(167,69),(41,29),(97,83),(23,155),(143,118),(217,30),(116,66),(309,75),(229,57),(202,85),(97,125),(217,128),(156,30),(145,79),(145,54),(279,53),(59,70),(79,69),
88:(267,65),(303,127),(166,69),(41,28),(97,83),(23,155),(142,118),(217,31),(116,66),(309,75),(228,57),(201,85),(97,126),(217,127),(155,30),(145,79),(145,54),(279,53),(60,70),(79,70),
89:(266,65),(304,127),(165,69),(41,27),(97,83),(23,155),(141,118),(217,32),(116,66),(309,75),(228,58),(200,85),(97,127),(217,126),(154,30),(145,79),(145,54),(279,53),(61,70),(80,70),
90:(266,64),(305,127),(164,69),(42,27),(97,83),(23,155),(140,118),(217,33),(116,66),(309,75),(227,58),(199,85),(97,128),(217,125),(153,30),(145,79),(145,54),(279,53),(62,70),(81,70),
91:(266,63),(306,127),(163,69),(43,27),(97,83),(23,155),(139,118),(216,33),(116,66),(309,75),(226,58),(198,85),(97,129),(216,125),(152,30),(145,79),(145,54),(279,53),(63,70),(82,70),
92:(266,62),(307,127),(162,69),(44,27),(97,83),(23,155),(138,118),(215,33),(116,66),(309,75),(225,58),(197,85),(97,130),(215,125),(151,30),(145,79),(145,54),(279,53),(64,70),(83,70),
93:(266,61),(308,127),(161,69),(45,27),(97,83),(23,155),(137,118),(214,33),(116,66),(309,75),(224,58),(196,85),(97,131),(214,125),(150,30),(145,79),(145,54),(279,53),(65,70),(84,70),
94:(266,60),(309,127),(160,69),(45,26),(97,83),(23,155),(136,118),(213,33),(116,66),(309,75),(223,58),(195,85),(97,132),(213,125),(149,30),(145,79),(145,54),(279,53),(66,70),(85,70),
95:(266,59),(310,127),(159,69),(46,26),(97,83),(23,155),(135,118),(213,34),(116,66),(309,75),(222,58),(194,85),(97,133),(212,125),(148,30),(145,79),(145,54),(279,53),(67,70),(85,71),
96:(266,58),(310,127),(158,69),(47,26),(97,83),(23,155),(134,118),(212,34),(116,66),(309,75),(221,58),(194,84),(97,134),(211,125),(147,30),(145,79),(145,54),(279,53),(68,70),(86,71),
97:(266,57),(310,127),(157,69),(48,26),(97,83),(23,155),(133,118),(211,34),(116,66),(309,75),(220,58),(194,83),(97,135),(210,125),(146,30),(145,79),(145,54),(279,53),(69,70),(86,72),
98:(266,56),(310,127),(156,69),(48,25),(97,83),(23,155),(132,118),(210,34),(116,66),(309,75),(219,58),(193,83),(97,136),(209,125),(146,31),(145,79),(145,54),(279,53),(70,70),(86,73),
99:(266,55),(310,127),(155,69),(49,25),(97,83),(23,155),(131,118),(209,34),(116,66),(309,75),(218,58),(193,82),(97,137),(208,125),(146,32),(145,79),(145,54),(279,53),(71,70),(86,74),
100:(266,54),(310,127),(154,69),(50,25),(97,83),(23,155),(130,118),(208,34),(116,66),(309,75),(217,58),(193,81),(97,138),(207,125),(146,33),(145,79),(145,54),(279,53),(72,70),(87,74),
101:(266,53),(310,127),(153,69),(50,24),(97,83),(23,155),(129,118),(207,34),(116,66),(309,75),(217,59),(192,81),(97,139),(206,125),(146,34),(145,79),(145,54),(279,53),(73,70),(88,74),
102:(266,52),(310,127),(152,69),(50,23),(97,83),(23,155),(128,118),(206,34),(116,66),(309,75),(217,60),(191,81),(97,140),(205,125),(145,34),(145,79),(145,54),(279,53),(74,70),(89,74),
103:(266,51),(310,127),(151,69),(50,22),(97,83),(23,155),(127,118),(205,34),(116,66),(309,75),(217,61),(190,81),(97,141),(205,124),(145,35),(145,79),(145,54),(279,53),(75,70),(90,74),
104:(266,50),(310,127),(150,69),(50,21),(97,83),(23,155),(126,118),(205,35),(116,66),(309,75),(216,61),(189,81),(97,142),(205,123),(145,36),(145,79),(145,54),(279,53),(76,70),(91,74),
105:(266,49),(310,127),(149,69),(51,21),(97,83),(23,155),(125,118),(205,36),(116,66),(309,75),(215,61),(188,81),(97,143),(205,122),(145,37),(145,79),(145,54),(279,53),(77,70),(92,74),
106:(266,48),(310,127),(148,69),(52,21),(97,83),(23,155),(124,118),(205,37),(116,66),(309,75),(214,61),(187,81),(97,144),(205,121),(145,38),(145,79),(145,54),(279,53),(78,70),(93,74),
107:(266,47),(310,127),(147,69),(53,21),(97,83),(23,155),(123,118),(205,38),(116,66),(309,75),(213,61),(186,81),(97,145),(205,120),(145,39),(145,79),(145,54),(279,53),(79,70),(94,74),
108:(266,46),(310,127),(146,69),(54,21),(97,83),(23,155),(122,118),(205,39),(116,66),(309,75),(213,62),(185,81),(97,146),(205,119),(145,40),(145,79),(145,54),(279,53),(80,70),(95,74),
109:(266,45),(310,127),(145,69),(55,21),(97,83),(23,155),(121,118),(205,40),(116,66),(309,75),(212,62),(184,81),(97,147),(205,118),(145,41),(145,79),(145,54),(279,53),(81,70),(96,74),
110:(266,44),(310,127),(144,69),(56,21),(97,83),(23,155),(121,119),(205,41),(116,66),(309,75),(211,62),(183,81),(97,148),(205,117),(145,42),(145,79),(145,54),(279,53),(82,70),(97,74),
111:(266,43),(310,127),(143,69),(57,21),(97,83),(23,155),(121,120),(205,42),(116,66),(309,75),(210,62),(182,81),(97,149),(205,116),(145,43),(145,79),(145,54),(279,53),(83,70),(98,74),
112:(266,42),(310,127),(142,69),(58,21),(97,83),(23,155),(121,121),(204,42),(116,66),(309,75),(209,62),(182,80),(97,150),(205,115),(145,44),(145,79),(145,54),(279,53),(84,70),(99,74),
113:(266,41),(310,127),(141,69),(59,21),(97,83),(23,155),(120,121),(203,42),(116,66),(309,75),(208,62),(181,80),(97,151),(205,114),(145,45),(145,79),(145,54),(279,53),(85,70),(100,74),
114:(266,40),(310,127),(140,69),(60,21),(97,83),(23,155),(119,121),(202,42),(116,66),(309,75),(207,62),(181,79),(97,152),(204,114),(144,45),(145,79),(145,54),(279,53),(85,71),(101,74),
115:(266,39),(310,127),(139,69),(61,21),(97,83),(23,155),(118,121),(201,42),(116,66),(309,75),(206,62),(181,78),(97,153),(203,114),(143,45),(145,79),(145,54),(279,53),(85,72),(102,74),
116:(266,38),(310,127),(138,69),(62,21),(97,83),(23,155),(117,121),(200,42),(116,66),(309,75),(205,62),(181,77),(97,154),(202,114),(143,46),(145,79),(145,54),(279,53),(86,72),(103,74),
117:(266,37),(310,127),(137,69),(62,20),(97,83),(23,155),(116,121),(199,42),(116,66),(309,75),(204,62),(180,77),(96,154),(202,113),(142,46),(145,79),(145,54),(279,53),(86,72),(104,74),
118:(266,36),(310,127),(136,69),(62,19),(97,83),(23,155),(115,121),(198,42),(116,66),(309,75),(203,62),(179,77),(95,154),(201,113),(141,46),(145,79),(145,54),(279,53),(86,72),(105,74),
119:(266,35),(310,127),(135,69),(62,18),(97,83),(23,155),(114,121),(197,42),(116,66),(309,75),(202,62),(178,77),(94,154),(200,113),(140,46),(145,79),(145,54),(279,53),(86,72),(106,74),
120:(266,34),(310,127),(134,69),(62,17),(97,83),(23,155),(113,121),(196,42),(116,66),(309,75),(201,62),(177,77),(93,154),(199,113),(139,46),(145,79),(145,54),(279,53),(86,72),(107,74),
121:(266,33),(310,127),(134,68),(62,16),(97,83),(23,155),(112,121),(195,42),(116,66),(309,75),(200,62),(176,77),(92,154),(198,113),(138,46),(145,79),(145,54),(279,53),(86,72),(108,74),
122:(266,32),(310,127),(134,67),(62,15),(97,83),(23,155),(111,121),(194,42),(116,66),(309,75),(199,62),(175,77),(91,154),(197,113),(137,46),(145,79),(145,54),(279,53),(86,72),(109,74),
123:(266,31),(310,127),(134,66),(62,14),(97,83),(23,155),(110,121),(194,43),(116,66),(309,75),(198,62),(174,77),(90,154),(196,113),(136,46),(145,79),(145,54),(279,53),(86,72),(110,74),
124:(266,30),(310,127),(134,65),(63,14),(97,83),(23,155),(109,121),(193,43),(116,66),(309,75),(197,62),(173,77),(89,154),(195,113),(135,46),(145,79),(145,54),(279,53),(86,72),(111,74),
125:(266,29),(310,127),(133,65),(63,13),(97,83),(23,155),(108,121),(193,44),(116,66),(309,75),(196,62),(172,77),(88,154),(194,113),(134,46),(145,79),(145,54),(279,53),(86,72),(112,74),
126:(266,28),(310,127),(132,65),(64,13),(97,83),(23,155),(107,121),(193,45),(116,66),(309,75),(195,62),(171,77),(87,154),(193,113),(134,47),(145,79),(145,54),(279,53),(86,72),(113,74),
127:(266,27),(310,127),(131,65),(65,13),(97,83),(23,155),(106,121),(192,45),(116,66),(309,75),(194,62),(170,77),(87,154),(192,113),(134,48),(145,79),(145,54),(279,53),(86,72),(114,74),
128:(266,26),(310,127),(130,65),(66,13),(97,83),(23,155),(105,121),(192,46),(116,66),(309,75),(193,62),(169,77),(87,154),(191,113),(133,48),(145,79),(145,54),(279,53),(86,72),(115,74),
129:(266,25),(310,127),(129,65),(67,13),(97,83),(23,155),(104,121),(191,46),(116,66),(309,75),(193,63),(168,77),(87,154),(190,113),(133,49),(145,79),(145,54),(279,53),(86,72),(116,74),
130:(266,24),(310,127),(128,65),(68,13),(97,83),(23,155),(103,121),(190,46),(116,66),(309,75),(193,64),(167,77),(87,154),(189,113),(133,50),(145,79),(145,54),(279,53),(86,72),(117,74),
131:(266,23),(310,127),(127,65),(69,13),(97,83),(23,155),(102,121),(189,46),(116,66),(309,75),(193,65),(166,77),(87,154),(188,113),(133,51),(145,79),(145,54),(279,53),(86,72),(118,74),
132:(266,22),(310,127),(126,65),(70,13),(97,83),(23,155),(101,121),(188,46),(116,66),(309,75),(193,66),(165,77),(87,154),(187,113),(133,52),(145,79),(145,54),(279,53),(86,72),(119,74),
133:(266,21),(310,127),(125,65),(71,13),(97,83),(23,155),(100,121),(187,46),(116,66),(309,75),(192,66),(164,77),(87,154),(186,113),(133,53),(145,79),(145,54),(279,53),(86,72),(120,74),
134:(266,20),(310,127),(124,65),(72,13),(97,83),(23,155),(99,121),(186,46),(116,66),(309,75),(191,66),(163,77),(87,154),(185,113),(133,54),(145,79),(145,54),(279,53),(86,72),(121,74),
135:(266,19),(310,127),(123,65),(73,13),(97,83),(23,155),(98,121),(185,46),(116,66),(309,75),(190,66),(162,77),(87,154),(184,113),(133,55),(145,79),(145,54),(279,53),(86,72),(122,74),
136:(266,18),(310,127),(122,65),(74,13),(97,83),(23,155),(97,121),(184,46),(116,66),(309,75),(189,66),(161,77),(87,154),(183,113),(133,56),(145,79),(145,54),(279,53),(86,72),(123,74),
137:(266,17),(310,127),(121,65),(75,13),(97,83),(23,155),(96,121),(183,46),(116,66),(309,75),(188,66),(160,77),(87,154),(182,113),(133,57),(145,79),(145,54),(279,53),(86,72),(124,74),
138:(266,16),(310,127),(121,64),(76,13),(97,83),(23,155),(95,121),(182,46),(116,66),(309,75),(187,66),(159,77),(87,154),(182,112),(132,57),(145,79),(145,54),(279,53),(86,72),(125,74),
139:(266,15),(310,127),(121,63),(77,13),(97,83),(23,155),(94,121),(182,47),(116,66),(309,75),(186,66),(158,77),(87,154),(182,111),(131,57),(145,79),(145,54),(279,53),(86,72),(126,74),
140:(266,14),(310,127),(121,62),(78,13),(97,83),(23,155),(93,121),(182,48),(116,66),(309,75),(185,66),(158,76),(87,154),(181,111),(131,58),(145,79),(145,54),(279,53),(86,72),(127,74),
141:(266,13),(310,127),(120,62),(79,13),(97,83),(23,155),(92,121),(181,48),(116,66),(309,75),(184,66),(158,75),(87,154),(181,110),(130,58),(145,79),(145,54),(279,53),(86,72),(128,74),
142:(266,12),(310,127),(120,61),(80,13),(97,83),(23,155),(91,121),(181,49),(116,66),(309,75),(183,66),(157,75),(87,154),(180,110),(129,58),(145,79),(145,54),(279,53),(86,72),(129,74),
143:(266,11),(310,127),(119,61),(81,13),(97,83),(23,155),(90,121),(181,50),(116,66),(309,75),(182,66),(157,74),(87,154),(180,109),(128,58),(145,79),(145,54),(279,53),(86,72),(130,74),
144:(266,10),(310,127),(118,61),(82,13),(97,83),(23,155),(89,121),(180,50),(116,66),(309,75),(182,67),(157,73),(87,154),(179,109),(127,58),(145,79),(145,54),(279,53),(86,72),(131,74),
145:(266,9),(310,127),(117,61),(83,13),(97,83),(23,155),(88,121),(179,50),(116,66),(309,75),(182,68),(157,72),(87,154),(178,109),(126,58),(145,79),(145,54),(279,53),(86,72),(132,74),
146:(266,8),(310,127),(116,61),(84,13),(97,83),(23,155),(87,121),(178,50),(116,66),(309,75),(181,68),(157,71),(87,154),(177,109),(125,58),(145,79),(145,54),(279,53),(86,72),(133,74),
147:(266,7),(310,127),(115,61),(85,13),(97,83),(23,155),(86,121),(177,50),(116,66),(309,75),(181,69),(157,70),(87,154),(176,109),(124,58),(145,79),(145,54),(279,53),(86,72),(134,74),
148:(266,6),(310,127),(114,61),(86,13),(97,83),(23,155),(85,121),(176,50),(116,66),(309,75),(180,69),(157,69),(87,154),(175,109),(123,58),(145,79),(145,54),(279,53),(86,72),(135,74),
149:(266,6),(310,127),(113,61),(87,13),(97,83),(23,155),(84,121),(175,50),(116,66),(309,75),(180,70),(156,69),(87,154),(174,109),(122,58),(145,79),(145,54),(279,53),(86,72),(136,74),
150:(266,6),(310,127),(112,61),(88,13),(97,83),(23,155),(83,121),(174,50),(116,66),(309,75),(179,70),(155,69),(87,154),(173,109),(122,59),(145,79),(145,54),(279,53),(86,72),(137,74),
151:(266,6),(310,127),(111,61),(89,13),(97,83),(23,155),(83,121),(173,50),(116,66),(309,75),(178,70),(154,69),(87,154),(172,109),(122,60),(145,79),(145,54),(279,53),(86,72),(138,74),
152:(266,6),(310,127),(110,61),(90,13),(97,83),(23,155),(83,121),(172,50),(116,66),(309,75),(177,70),(153,69),(87,154),(171,109),(121,60),(145,79),(145,54),(279,53),(86,72),(139,74),
153:(266,6),(310,127),(109,61),(91,13),(97,83),(23,155),(83,121),(171,50),(116,66),(309,75),(176,70),(152,69),(87,154),(170,109),(121,61),(145,79),(145,54),(279,53),(86,72),(140,74),
154:(266,6),(310,127),(109,60),(92,13),(97,83),(23,155),(83,121),(170,50),(116,66),(309,75),(175,70),(151,69),(87,154),(170,108),(121,62),(145,79),(145,54),(279,53),(86,72),(141,74),
155:(266,6),(310,127),(109,59),(93,13),(97,83),(23,155),(83,121),(170,51),(116,66),(309,75),(174,70),(150,69),(87,154),(170,107),(121,63),(145,79),(145,54),(279,53),(86,72),(142,74),
156:(266,6),(310,127),(109,58),(94,13),(97,83),(23,155),(83,121),(170,52),(116,66),(309,75),(173,70),(149,69),(87,154),(170,106),(121,64),(145,79),(145,54),(279,53),(86,72),(143,74),
157:(266,6),(310,127),(109,57),(95,13),(97,83),(23,155),(83,121),(169,52),(116,66),(309,75),(172,70),(148,69),(87,154),(169,106),(121,65),(145,79),(145,54),(279,53),(86,72),(144,74),
158:(266,6),(310,127),(109,56),(96,13),(97,83),(23,155),(83,121),(169,53),(116,66),(309,75),(171,70),(147,69),(87,154),(168,106),(121,66),(145,79),(145,54),(279,53),(86,72),(145,74),
159:(266,6),(310,127),(109,55),(97,13),(97,83),(23,155),(83,121),(169,54),(116,66),(309,75),(170,70),(146,69),(87,154),(167,106),(120,66),(145,79),(145,54),(279,53),(86,72),(146,74),
160:(266,6),(310,127),(109,54),(98,13),(97,83),(23,155),(83,121),(168,54),(116,66),(309,75),(170,71),(146,68),(87,154),(166,106),(119,66),(145,79),(145,54),(279,53),(86,72),(147,74),
161:(266,6),(310,127),(109,53),(99,13),(97,83),(23,155),(83,121),(167,54),(116,66),(309,75),(169,71),(146,67),(87,154),(165,106),(118,66),(145,79),(145,54),(279,53),(86,72),(148,74),
162:(266,6),(310,127),(109,52),(100,13),(97,83),(23,155),(83,121),(166,54),(116,66),(309,75),(169,72),(146,66),(87,154),(164,106),(117,66),(145,79),(145,54),(279,53),(86,72),(149,74),
163:(266,6),(310,127),(109,51),(101,13),(97,83),(23,155),(83,121),(165,54),(116,65),(309,75),(169,73),(146,65),(87,154),(163,106),(116,66),(145,79),(145,54),(279,53),(86,72),(150,74),
164:(266,6),(310,127),(109,50),(102,13),(97,83),(23,155),(83,121),(164,54),(116,66),(309,75),(168,73),(145,65),(87,154),(162,106),(115,66),(145,79),(145,54),(279,53),(86,72),(151,74),
165:(266,6),(310,127),(109,49),(103,13),(97,83),(23,155),(83,121),(163,54),(116,66),(309,75),(168,74),(144,65),(87,154),(161,106),(114,66),(145,79),(145,54),(279,53),(86,72),(152,74),
166:(266,6),(310,127),(109,48),(104,13),(97,83),(23,155),(83,121),(162,54),(116,66),(309,75),(167,74),(143,65),(87,154),(160,106),(113,66),(145,79),(145,54),(279,53),(86,72),(153,74),
167:(266,6),(310,127),(109,47),(105,13),(97,83),(23,155),(83,121),(161,54),(116,66),(309,75),(166,74),(142,65),(87,154),(159,106),(112,66),(145,79),(145,54),(279,53),(86,72),(154,74),
168:(266,6),(310,127),(109,46),(106,13),(97,83),(23,155),(83,121),(160,54),(116,66),(309,75),(165,74),(141,65),(87,154),(158,106),(111,66),(145,79),(145,54),(279,53),(86,72),(155,74),
169:(266,6),(310,127),(109,45),(107,13),(97,83),(23,155),(83,121),(159,54),(116,66),(309,75),(164,74),(140,65),(87,154),(157,106),(110,66),(145,79),(145,54),(279,53),(86,72),(156,74),
170:(266,6),(310,127),(109,44),(108,13),(97,83),(23,155),(83,121),(158,54),(116,66),(309,75),(163,74),(139,65),(87,154),(156,106),(109,66),(145,79),(145,54),(279,53),(86,72),(157,74),
171:(266,6),(310,127),(109,43),(109,13),(97,83),(23,155),(83,121),(157,54),(116,66),(309,75),(162,74),(138,65),(87,154),(155,106),(109,67),(145,79),(145,54),(279,53),(86,72),(158,74),
172:(266,6),(310,127),(109,42),(110,13),(97,83),(23,155),(83,121),(156,54),(116,66),(309,75),(161,74),(137,65),(87,154),(154,106),(109,68),(145,79),(145,54),(279,53),(86,72),(159,74),
173:(266,6),(310,127),(109,41),(111,13),(97,83),(23,155),(83,121),(155,54),(116,66),(309,75),(160,74),(136,65),(87,154),(153,106),(109,69),(145,79),(145,54),(279,53),(86,72),(159,74),
174:(266,6),(310,127),(109,40),(112,13),(97,83),(23,155),(83,121),(154,54),(116,66),(309,75),(159,74),(135,65),(87,154),(152,106),(108,69),(145,79),(145,54),(279,53),(86,72),(158,74),
175:(266,6),(310,127),(109,39),(113,13),(97,83),(23,155),(83,121),(153,54),(116,66),(309,75),(158,74),(134,65),(87,154),(151,106),(107,69),(145,79),(145,54),(279,53),(86,72),(157,74),
176:(266,6),(310,127),(109,38),(114,13),(97,83),(23,155),(83,121),(152,54),(116,66),(309,75),(158,75),(134,64),(87,154),(150,106),(107,70),(145,79),(145,54),(279,53),(86,72),(158,74),
177:(266,6),(310,127),(109,37),(115,13),(97,83),(23,155),(83,121),(151,54),(116,66),(309,75),(157,75),(133,64),(87,154),(149,106),(106,70),(145,79),(145,54),(279,53),(86,72),(159,74),
178:(266,6),(310,127),(109,36),(116,13),(97,83),(23,155),(83,121),(150,54),(116,66),(309,75),(157,76),(133,63),(87,154),(148,106),(105,70),(145,79),(145,54),(279,53),(86,72),(160,74),
179:(266,6),(310,127),(109,35),(117,13),(97,83),(23,155),(83,121),(149,54),(116,66),(309,75),(157,77),(133,62),(87,154),(147,106),(104,70),(145,79),(145,54),(279,53),(86,72),(161,74),
180:(266,6),(310,127),(109,34),(118,13),(97,83),(23,155),(83,121),(148,54),(116,66),(309,75),(157,78),(133,61),(87,154),(146,106),(103,70),(145,79),(145,54),(279,53),(86,72),(162,74),
181:(266,6),(310,127),(109,33),(119,13),(97,83),(23,155),(83,121),(147,54),(116,66),(309,75),(156,78),(132,61),(87,154),(145,106),(102,70),(145,79),(145,54),(279,53),(86,72),(163,74),
182:(266,6),(310,127),(109,32),(120,13),(97,83),(23,155),(83,121),(146,54),(116,66),(309,75),(155,78),(131,61),(87,154),(144,106),(101,70),(145,79),(145,54),(279,53),(86,72),(164,74),
183:(266,6),(310,127),(109,31),(121,13),(97,83),(23,155),(83,121),(146,55),(116,66),(309,75),(154,78),(130,61),(87,154),(143,106),(100,70),(145,79),(145,54),(279,53),(86,72),(165,74),
184:(266,6),(310,127),(109,30),(122,13),(97,83),(23,155),(83,121),(146,56),(116,66),(309,75),(153,78),(129,61),(87,154),(142,106),(99,70),(145,79),(145,54),(279,53),(86,72),(166,74),
185:(266,6),(310,127),(109,29),(123,13),(97,83),(23,155),(83,121),(145,56),(116,66),(309,75),(152,78),(128,61),(87,154),(141,106),(98,70),(145,79),(145,54),(279,53),(86,72),(167,74),
186:(266,6),(310,127),(109,28),(124,13),(97,83),(23,155),(83,121),(145,57),(116,66),(309,75),(151,78),(127,61),(87,154),(140,106),(97,70),(145,79),(145,54),(279,53),(86,72),(168,74),
187:(266,6),(310,127),(109,27),(125,13),(97,83),(23,155),(83,121),(145,58),(116,66),(309,75),(150,78),(126,61),(87,154),(139,106),(97,71),(145,79),(145,54),(279,53),(86,72),(169,74),
188:(266,6),(310,127),(109,26),(126,13),(97,83),(23,155),(83,121),(144,58),(116,66),(309,75),(149,78),(125,61),(87,154),(138,106),(97,72),(145,79),(145,54),(279,53),(86,72),(170,74),
189:(266,6),(310,127),(109,25),(127,13),(97,83),(23,155),(83,121),(143,58),(116,66),(309,75),(148,78),(124,61),(87,154),(137,106),(97,73),(145,79),(145,54),(279,53),(86,72),(171,74),
190:(266,6),(310,127),(109,24),(128,13),(97,83),(23,155),(83,121),(142,58),(116,66),(309,75),(147,78),(123,61),(87,154),(136,106),(96,73),(145,79),(145,54),(279,53),(86,72),(172,74),
191:(266,6),(310,127),(109,23),(129,13),(97,83),(23,155),(83,121),(141,58),(116,66),(309,75),(146,78),(122,61),(87,154),(135,106),(96,74),(145,79),(145,54),(279,53),(86,72),(173,74),
192:(266,6),(310,127),(109,22),(130,13),(97,83),(23,155),(83,121),(140,58),(116,66),(309,75),(145,78),(121,61),(87,154),(134,106),(95,74),(145,79),(145,54),(279,53),(86,72),(174,74),
193:(266,6),(310,127),(109,21),(131,13),(97,83),(23,155),(83,121),(139,58),(116,66),(309,75),(144,78),(121,60),(87,154),(133,106),(94,74),(145,79),(145,54),(279,53),(86,72),(175,74),
194:(266,6),(310,127),(109,20),(132,13),(97,83),(23,155),(83,121),(138,58),(116,66),(309,75),(143,78),(121,59),(87,154),(132,106),(93,74),(145,79),(145,54),(279,53),(86,72),(176,74),
195:(266,6),(310,127),(109,19),(133,13),(97,83),(23,155),(83,121),(137,58),(116,66),(309,75),(142,78),(121,58),(87,154),(131,106),(92,74),(145,79),(145,54),(279,53),(86,72),(177,74),
196:(266,6),(310,127),(109,18),(134,13),(97,83),(23,155),(83,121),(136,58),(116,66),(309,75),(141,78),(121,57),(87,154),(130,106),(91,74),(145,79),(145,54),(279,53),(86,72),(178,74),
197:(266,6),(310,127),(109,17),(135,13),(97,83),(23,155),(83,121),(135,58),(116,66),(309,75),(140,78),(121,56),(87,154),(129,106),(90,74),(145,79),(145,54),(279,53),(86,72),(179,74),
198:(266,6),(310,127),(109,16),(136,13),(97,83),(23,155),(83,121),(134,58),(116,66),(309,75),(139,78),(121,55),(87,154),(128,106),(89,74),(145,79),(145,54),(279,53),(86,72),(180,74),
199:(266,6),(310,127),(109,15),(137,13),(97,83),(23,155),(83,121),(134,59),(116,66),(309,75),(138,78),(121,54),(87,154),(127,106),(88,74),(145,79),(145,54),(279,53),(86,72),(181,74),
200:(266,6),(310,127),(109,14),(138,13),(97,83),(23,155),(83,121),(134,60),(116,66),(309,75),(137,78),(120,54),(87,154),(126,106),(87,74),(145,79),(145,54),(279,53),(86,72),(182,74),
201:(266,6),(310,127),(109,13),(139,13),(97,83),(23,155),(83,121),(133,60),(116,66),(309,75),(136,78),(120,53),(87,154),(125,106),(86,74),(145,79),(145,54),(279,53),(86,72),(183,74),
202:(266,6),(310,127),(109,12),(140,13),(97,83),(23,155),(83,121),(133,61),(116,66),(309,75),(135,78),(119,53),(87,154),(124,106),(86,75),(145,79),(145,54),(279,53),(86,72),(184,74),
203:(266,6),(310,127),(109,11),(141,13),(97,83),(23,155),(83,121),(132,61),(116,66),(309,75),(134,78),(118,53),(87,154),(123,106),(86,76),(145,79),(145,54),(279,53),(86,72),(185,74),
204:(266,6),(310,127),(109,10),(142,13),(97,83),(23,155),(83,121),(131,61),(116,66),(309,75),(134,79),(117,53),(87,154),(122,106),(86,77),(145,79),(145,54),(279,53),(86,72),(186,74),
205:(266,6),(310,127),(108,10),(143,13),(97,83),(23,155),(83,121),(130,61),(116,66),(309,75),(134,80),(116,53),(87,154),(121,106),(86,78),(145,79),(145,54),(279,53),(86,72),(187,74),
206:(266,6),(310,127),(107,10),(144,13),(97,83),(23,155),(83,121),(130,62),(116,66),(309,75),(133,80),(115,53),(87,154),(120,106),(86,79),(145,79),(145,54),(279,53),(86,72),(188,74),
207:(266,6),(310,127),(106,10),(145,13),(97,83),(23,155),(83,121),(129,62),(116,66),(309,75),(133,81),(114,53),(87,154),(119,106),(85,79),(145,79),(145,54),(279,53),(86,72),(189,74),
208:(266,6),(310,127),(105,10),(146,13),(97,83),(23,155),(83,121),(128,62),(116,66),(309,75),(133,82),(113,53),(87,154),(118,106),(85,80),(145,79),(145,54),(279,53),(86,72),(190,74),
209:(266,6),(310,127),(104,10),(147,13),(97,83),(23,155),(83,121),(127,62),(116,66),(309,75),(132,82),(112,53),(87,154),(118,106),(85,81),(145,79),(145,54),(279,53),(86,72),(191,74),
210:(266,6),(310,127),(103,10),(148,13),(97,83),(23,155),(83,121),(126,62),(116,66),(309,75),(131,82),(111,53),(87,154),(118,106),(84,81),(145,79),(145,54),(279,53),(86,72),(192,74),
211:(266,6),(310,127),(103,10),(149,13),(97,83),(23,155),(83,121),(125,62),(116,66),(309,75),(130,82),(110,53),(87,154),(118,106),(84,82),(145,79),(145,54),(279,53),(86,72),(193,74),
212:(266,6),(310,127),(103,10),(150,13),(97,83),(23,155),(83,121),(124,62),(116,66),(309,75),(129,82),(109,53),(87,154),(118,106),(83,82),(145,79),(145,54),(279,53),(86,72),(194,74),
213:(266,6),(310,127),(103,10),(151,13),(97,83),(23,155),(83,121),(123,62),(116,66),(309,75),(128,82),(108,53),(87,154),(118,106),(82,82),(145,79),(145,54),(279,53),(86,72),(195,74),
214:(266,6),(310,127),(103,10),(152,13),(97,83),(23,155),(83,121),(122,62),(116,66),(309,75),(127,82),(107,53),(87,154),(118,106),(81,82),(145,79),(145,54),(279,53),(86,72),(196,74),
215:(266,6),(310,127),(103,10),(153,13),(97,83),(23,155),(83,121),(121,62),(116,66),(309,75),(126,82),(106,53),(87,154),(118,106),(80,82),(145,79),(145,54),(279,53),(86,72),(197,74),
216:(266,6),(310,127),(103,10),(154,13),(97,83),(23,155),(83,121),(121,63),(116,66),(309,75),(125,82),(105,53),(87,154),(118,106),(79,82),(145,79),(145,54),(279,53),(86,72),(198,74),
217:(266,6),(310,127),(103,10),(155,13),(97,83),(23,155),(83,121),(121,64),(116,66),(309,75),(124,82),(104,53),(87,154),(118,106),(78,82),(145,79),(145,54),(279,53),(86,72),(199,74),
218:(266,6),(310,127),(103,10),(156,13),(97,83),(23,155),(83,121),(121,65),(116,66),(309,75),(123,82),(103,53),(87,154),(118,106),(77,82),(145,79),(145,54),(279,53),(86,72),(200,74),
219:(266,6),(310,127),(103,10),(157,13),(97,83),(23,155),(83,121),(121,66),(116,66),(309,75),(122,82),(102,53),(87,154),(118,106),(76,82),(145,79),(145,54),(279,53),(86,72),(201,74),
220:(266,6),(310,127),(103,10),(158,13),(97,83),(23,155),(83,121),(120,66),(116,66),(309,75),(122,83),(101,53),(87,154),(118,106),(75,82),(145,79),(145,54),(279,53),(86,72),(202,74),
221:(266,6),(310,127),(103,10),(159,13),(97,83),(23,155),(83,121),(119,66),(116,66),(309,75),(121,83),(100,53),(87,154),(118,106),(74,82),(145,79),(145,54),(279,53),(86,72),(203,74),
222:(266,6),(310,127),(103,10),(160,13),(97,83),(23,155),(83,121),(118,66),(116,66),(309,75),(121,84),(99,53),(87,154),(118,106),(73,82),(145,79),(145,54),(279,53),(86,72),(204,74),
223:(266,6),(310,127),(103,10),(161,13),(97,83),(23,155),(83,121),(117,66),(116,66),(309,75),(121,85),(98,53),(87,154),(118,106),(72,82),(145,79),(145,54),(279,53),(86,72),(205,74),
224:(266,6),(310,127),(103,10),(162,13),(97,83),(23,155),(83,121),(116,66),(115,66),(309,75),(121,86),(98,52),(87,154),(118,106),(71,82),(145,79),(145,54),(279,53),(86,72),(206,74),
225:(266,6),(310,127),(103,10),(163,13),(97,83),(23,155),(83,121),(115,66),(115,65),(309,75),(120,86),(98,51),(87,154),(118,106),(70,82),(145,79),(145,54),(279,53),(86,72),(207,74),
226:(266,6),(310,127),(103,10),(164,13),(97,83),(23,155),(83,121),(114,66),(116,65),(309,75),(119,86),(98,50),(87,154),(118,106),(69,82),(145,79),(145,54),(279,53),(86,72),(208,74),
227:(266,6),(310,127),(103,10),(165,13),(97,83),(23,155),(83,121),(113,66),(116,66),(309,75),(118,86),(97,50),(87,154),(118,106),(68,82),(145,79),(145,54),(279,53),(86,72),(209,74),
228:(266,6),(310,127),(103,10),(166,13),(97,83),(23,155),(83,121),(112,66),(116,66),(309,75),(117,86),(97,49),(87,154),(118,106),(67,82),(145,79),(145,54),(279,53),(86,72),(210,74),
229:(266,6),(310,127),(103,10),(167,13),(97,83),(23,155),(83,121),(111,66),(116,66),(309,75),(116,86),(97,48),(87,154),(118,106),(66,82),(145,79),(145,54),(279,53),(86,72),(211,74),
230:(266,6),(310,127),(103,10),(168,13),(97,83),(23,155),(83,121),(110,66),(116,66),(309,75),(115,86),(97,47),(87,154),(118,106),(65,82),(145,79),(145,54),(279,53),(86,72),(212,74),
231:(266,6),(310,127),(103,10),(169,13),(97,83),(23,155),(83,121),(110,67),(116,66),(309,75),(114,86),(97,46),(87,154),(118,106),(64,82),(145,79),(145,54),(279,53),(86,72),(213,74),
232:(266,6),(310,127),(103,10),(170,13),(97,83),(23,155),(83,121),(109,67),(116,66),(309,75),(113,86),(96,46),(87,154),(118,106),(63,82),(145,79),(145,54),(279,53),(86,72),(214,74),
233:(266,6),(310,127),(103,10),(171,13),(97,83),(23,155),(83,121),(109,68),(116,66),(309,75),(112,86),(96,45),(87,154),(118,106),(62,82),(145,79),(145,54),(279,53),(86,72),(215,74),
234:(266,6),(310,127),(103,10),(172,13),(97,83),(23,155),(83,121),(109,69),(116,66),(309,75),(111,86),(95,45),(87,154),(118,106),(61,82),(145,79),(145,54),(279,53),(86,72),(216,74),
235:(266,6),(310,127),(103,10),(173,13),(97,83),(23,155),(83,121),(109,70),(116,66),(309,75),(110,86),(94,45),(87,154),(118,106),(61,83),(145,79),(145,54),(279,53),(86,72),(217,74),
236:(266,6),(310,127),(103,10),(174,13),(97,83),(23,155),(83,121),(108,70),(116,66),(309,75),(110,87),(93,45),(87,154),(118,106),(61,84),(145,79),(145,54),(279,53),(86,72),(218,74),
237:(266,6),(310,127),(103,10),(175,13),(97,83),(23,155),(83,121),(107,70),(116,66),(309,75),(109,87),(92,45),(87,154),(118,106),(61,85),(145,79),(145,54),(279,53),(86,72),(219,74),
238:(266,6),(310,127),(103,10),(176,13),(97,83),(23,155),(83,121),(106,70),(116,66),(309,75),(109,88),(91,45),(87,154),(118,106),(61,86),(145,79),(145,54),(279,53),(86,72),(220,74),
239:(266,6),(310,127),(103,10),(177,13),(97,83),(23,155),(83,121),(105,70),(116,66),(309,75),(109,89),(90,45),(87,154),(118,106),(61,87),(145,79),(145,54),(279,53),(86,72),(221,74),
240:(266,6),(310,127),(103,10),(178,13),(97,83),(23,155),(83,121),(104,70),(116,66),(309,75),(109,90),(89,45),(87,154),(118,106),(61,88),(145,79),(145,54),(279,53),(86,72),(222,74),
241:(266,6),(310,127),(103,10),(179,13),(97,83),(23,155),(83,121),(103,70),(116,66),(309,75),(109,91),(88,45),(87,154),(118,106),(61,89),(145,79),(145,54),(279,53),(86,72),(223,74),
242:(266,6),(310,127),(103,10),(180,13),(97,83),(23,155),(83,121),(102,70),(116,66),(309,75),(109,92),(87,45),(87,154),(118,106),(60,89),(145,79),(145,54),(279,53),(86,72),(224,74),
243:(266,6),(310,127),(103,10),(181,13),(97,83),(23,155),(83,121),(101,70),(116,66),(309,75),(109,93),(86,45),(87,154),(118,106),(60,90),(145,79),(145,54),(279,53),(86,72),(225,74),
244:(266,6),(310,127),(103,10),(182,13),(97,83),(23,155),(83,121),(100,70),(116,66),(309,75),(109,94),(85,45),(87,154),(118,106),(59,90),(145,79),(145,54),(279,53),(86,72),(226,74),
245:(266,6),(310,127),(103,10),(183,13),(97,83),(23,155),(83,121),(99,70),(116,66),(309,75),(108,94),(85,44),(87,154),(118,106),(58,90),(145,79),(145,54),(279,53),(86,72),(227,74),
246:(266,6),(310,127),(103,10),(184,13),(97,83),(23,155),(83,121),(98,70),(116,66),(309,75),(107,94),(85,43),(87,154),(118,106),(57,90),(145,79),(145,54),(279,53),(86,72),(228,74),
247:(266,6),(310,127),(103,10),(185,13),(97,83),(23,155),(83,121),(97,70),(116,66),(309,75),(106,94),(85,42),(87,154),(118,106),(56,90),(145,79),(145,54),(279,53),(86,72),(229,74),
248:(266,6),(310,127),(103,10),(186,13),(97,83),(23,155),(83,121),(96,70),(116,66),(309,75),(105,94),(84,42),(87,154),(118,106),(55,90),(145,79),(145,54),(279,53),(86,72),(230,74),
249:(266,6),(310,127),(103,10),(187,13),(97,83),(23,155),(83,121),(95,70),(116,66),(309,75),(104,94),(83,42),(87,154),(118,106),(54,90),(145,79),(145,54),(279,53),(86,72),(231,74),
250:(266,6),(310,127),(103,10),(188,13),(97,83),(23,155),(83,121),(94,70),(116,66),(309,75),(103,94),(82,42),(87,154),(118,106),(53,90),(145,79),(145,54),(279,53),(86,72),(232,74),
251:(266,6),(310,127),(103,10),(189,13),(97,83),(23,155),(83,121),(93,70),(116,66),(309,75),(102,94),(81,42),(87,154),(118,106),(52,90),(145,79),(145,54),(279,53),(86,72),(233,74),
252:(266,6),(310,127),(103,10),(190,13),(97,83),(23,155),(83,121),(92,70),(116,66),(309,75),(101,94),(80,42),(87,154),(118,106),(51,90),(145,79),(145,54),(279,53),(86,72),(234,74),
253:(266,6),(310,127),(103,10),(191,13),(97,83),(23,155),(83,121),(91,70),(116,66),(309,75),(100,94),(80,41),(87,154),(118,106),(50,90),(145,79),(145,54),(279,53),(86,72),(235,74),
254:(266,6),(310,127),(103,10),(192,13),(97,83),(23,155),(83,121),(90,70),(116,66),(309,75),(99,94),(79,41),(87,154),(118,106),(49,90),(145,79),(145,54),(279,53),(86,72),(236,74),
255:(266,6),(310,127),(103,10),(193,13),(97,83),(23,155),(83,121),(89,70),(116,66),(309,75),(98,94),(78,41),(87,154),(118,106),(49,91),(145,79),(145,54),(279,53),(86,72),(237,74),
256:(266,6),(310,127),(103,10),(194,13),(97,83),(23,155),(83,121),(88,70),(116,66),(309,75),(97,94),(77,41),(87,154),(118,106),(49,92),(145,79),(145,54),(279,53),(86,72),(238,74),
257:(266,6),(310,127),(103,10),(195,13),(97,83),(23,155),(83,121),(87,70),(116,66),(309,75),(96,94),(76,41),(87,154),(118,106),(49,93),(145,79),(145,54),(279,53),(86,72),(239,74),
258:(266,6),(310,127),(103,10),(196,13),(97,83),(23,155),(83,121),(86,70),(116,66),(309,75),(95,94),(75,41),(87,154),(118,106),(49,94),(145,79),(145,54),(279,53),(86,72),(240,74),
259:(266,6),(310,127),(103,10),(197,13),(97,83),(23,155),(83,121),(86,71),(116,66),(309,75),(94,94),(74,41),(87,154),(118,106),(49,95),(145,79),(145,54),(279,53),(86,72),(241,74),
260:(266,6),(310,127),(103,10),(198,13),(97,83),(23,155),(83,121),(85,71),(116,66),(309,75),(93,94),(73,41),(87,154),(118,106),(49,96),(145,79),(145,54),(279,53),(86,72),(242,74),
261:(266,6),(310,127),(103,10),(199,13),(97,83),(23,155),(83,121),(85,72),(116,66),(309,75),(92,94),(73,40),(87,154),(118,106),(48,96),(145,79),(145,54),(279,53),(86,72),(243,74),
262:(266,6),(310,127),(103,10),(200,13),(97,83),(23,155),(83,121),(85,73),(116,66),(309,75),(91,94),(73,39),(87,154),(118,106),(47,96),(145,79),(145,54),(279,53),(86,72),(244,74),
263:(266,6),(310,127),(103,10),(201,13),(97,83),(23,155),(83,121),(85,74),(116,66),(309,75),(90,94),(73,38),(87,154),(118,106),(46,96),(145,79),(145,54),(279,53),(86,72),(245,74),
264:(266,6),(310,127),(103,10),(202,13),(97,83),(23,155),(83,121),(85,75),(116,66),(309,75),(89,94),(72,38),(87,154),(118,106),(45,96),(145,79),(145,54),(279,53),(86,72),(246,74),
265:(266,6),(310,127),(103,10),(203,13),(97,83),(23,155),(83,121),(85,76),(116,66),(309,75),(88,94),(71,38),(87,154),(118,106),(44,96),(145,79),(145,54),(279,53),(86,72),(247,74),
266:(266,6),(310,127),(103,10),(204,13),(97,83),(23,155),(83,121),(85,77),(116,66),(309,75),(87,94),(71,37),(87,154),(118,106),(44,97),(145,79),(145,54),(279,53),(86,72),(248,74),
267:(266,6),(310,127),(103,10),(205,13),(97,83),(23,155),(83,121),(84,77),(116,66),(309,75),(86,94),(70,37),(87,154),(118,106),(43,97),(145,79),(145,54),(279,53),(86,72),(249,74),
268:(266,6),(310,127),(103,10),(206,13),(97,83),(23,155),(83,121),(84,78),(116,66),(309,75),(85,94),(69,37),(87,154),(118,106),(43,98),(145,79),(145,54),(279,53),(86,72),(250,74),
269:(266,6),(310,127),(103,10),(207,13),(97,83),(23,155),(83,121),(83,78),(116,66),(309,75),(84,94),(68,37),(87,154),(118,106),(42,98),(145,79),(145,54),(279,53),(86,72),(251,74),
270:(266,6),(310,127),(103,10),(208,13),(97,83),(23,155),(83,121),(82,78),(116,66),(309,75),(83,94),(67,37),(87,154),(118,106),(42,99),(145,79),(145,54),(279,53),(86,72),(252,74),
271:(266,6),(310,127),(103,10),(209,13),(97,83),(23,155),(83,121),(81,78),(116,66),(309,75),(82,94),(66,37),(87,154),(118,106),(42,100),(145,79),(145,54),(279,53),(86,72),(253,74),
272:(266,6),(310,127),(103,10),(210,13),(97,83),(23,155),(83,121),(80,78),(116,66),(309,75),(81,94),(65,37),(87,154),(118,106),(42,101),(145,79),(145,54),(279,53),(86,72),(254,74),
273:(266,6),(310,127),(103,10),(211,13),(97,83),(23,155),(83,121),(79,78),(116,66),(309,75),(80,94),(64,37),(87,154),(118,106),(42,102),(145,79),(145,54),(279,53),(86,72),(255,74),
274:(266,6),(310,127),(103,10),(212,13),(97,83),(23,155),(83,121),(78,78),(116,66),(309,75),(79,94),(63,37),(87,154),(118,106),(42,103),(145,79),(145,54),(279,53),(86,72),(256,74),
275:(266,6),(310,127),(103,10),(213,13),(97,83),(23,155),(83,121),(77,78),(116,66),(309,75),(78,94),(62,37),(87,154),(118,106),(42,104),(145,79),(145,54),(279,53),(86,72),(257,74),
276:(266,6),(310,127),(103,10),(214,13),(97,83),(23,155),(83,121),(76,78),(116,66),(309,75),(77,94),(62,36),(87,154),(118,106),(42,105),(145,79),(145,54),(279,53),(86,72),(258,74),
277:(266,6),(310,127),(103,10),(215,13),(97,83),(23,155),(83,121),(75,78),(116,66),(309,75),(76,94),(61,36),(87,154),(118,106),(42,106),(145,79),(145,54),(279,53),(86,72),(258,74),
278:(266,6),(310,127),(103,10),(216,13),(97,83),(23,155),(83,121),(74,78),(116,66),(309,75),(75,94),(61,35),(87,154),(118,106),(42,107),(145,79),(145,54),(279,53),(86,72),(258,74),
279:(266,6),(310,127),(103,10),(217,13),(97,83),(23,155),(83,121),(73,78),(116,66),(309,75),(74,94),(61,34),(87,154),(118,106),(42,108),(145,79),(145,54),(279,53),(86,72),(258,74),
280:(266,6),(310,127),(103,10),(218,13),(97,83),(23,155),(83,121),(72,78),(116,66),(309,75),(73,94),(61,33),(87,154),(118,106),(42,109),(145,79),(145,54),(279,53),(86,72),(258,74),
281:(266,6),(310,127),(103,10),(219,13),(97,83),(23,155),(83,121),(71,78),(116,66),(309,75),(73,95),(61,32),(87,154),(118,106),(42,110),(145,79),(145,54),(279,53),(86,72),(258,74),
282:(266,6),(310,127),(103,10),(220,13),(97,83),(23,155),(83,121),(70,78),(116,66),(309,75),(73,96),(61,31),(87,154),(118,106),(42,111),(145,79),(145,54),(279,53),(86,72),(258,74),
283:(266,6),(310,127),(103,10),(221,13),(97,83),(23,155),(83,121),(69,78),(116,66),(309,75),(73,96),(61,30),(87,154),(118,106),(42,112),(145,79),(145,54),(279,53),(86,72),(258,74),
284:(266,6),(310,127),(103,10),(222,13),(97,83),(23,155),(83,121),(68,78),(116,66),(309,75),(73,96),(61,29),(87,154),(118,106),(42,113),(145,79),(145,54),(279,53),(86,72),(258,74),
285:(266,6),(310,127),(103,10),(223,13),(97,83),(23,155),(83,121),(67,78),(116,66),(309,75),(73,96),(61,28),(87,154),(118,106),(42,114),(145,79),(145,54),(279,53),(86,72),(258,74),
286:(266,6),(310,127),(103,10),(224,13),(97,83),(23,155),(83,121),(66,78),(116,66),(309,75),(73,96),(61,27),(87,154),(118,106),(42,115),(145,79),(145,54),(279,53),(86,72),(258,74),
287:(266,6),(310,127),(103,10),(225,13),(97,83),(23,155),(83,121),(65,78),(116,66),(309,75),(73,96),(61,26),(87,154),(118,106),(42,116),(145,79),(145,54),(279,53),(86,72),(258,74),
288:(266,6),(310,127),(103,10),(226,13),(97,83),(23,155),(83,121),(64,78),(116,66),(309,75),(73,96),(60,26),(87,154),(118,106),(42,117),(145,79),(145,54),(279,53),(86,72),(258,74),
289:(266,6),(310,127),(103,10),(227,13),(97,83),(23,155),(83,121),(63,78),(116,66),(309,75),(73,96),(59,26),(87,154),(118,106),(42,118),(145,79),(145,54),(279,53),(86,72),(258,74),
290:(266,6),(310,127),(103,10),(228,13),(97,83),(23,155),(83,121),(62,78),(116,66),(309,75),(73,96),(58,26),(87,154),(118,106),(42,119),(145,79),(145,54),(279,53),(86,72),(258,74),
291:(266,6),(310,127),(103,10),(229,13),(97,83),(23,155),(83,121),(61,78),(116,66),(309,75),(73,96),(57,26),(87,154),(118,106),(42,120),(145,79),(145,54),(279,53),(86,72),(258,74),
292:(266,6),(310,127),(103,10),(230,13),(97,83),(23,155),(83,121),(60,78),(116,66),(309,75),(73,96),(56,26),(87,154),(118,106),(42,121),(145,79),(145,54),(279,53),(86,72),(258,74),
293:(266,6),(310,127),(103,10),(231,13),(97,83),(23,155),(83,121),(59,78),(116,66),(309,75),(73,96),(55,26),(87,154),(118,106),(42,122),(145,79),(145,54),(279,53),(86,72),(258,74),
294:(266,6),(310,127),(103,10),(232,13),(97,83),(23,155),(83,121),(58,78),(116,66),(309,75),(73,96),(54,26),(87,154),(118,106),(42,123),(145,79),(145,54),(279,53),(86,72),(258,74),
295:(266,6),(310,127),(103,10),(233,13),(97,83),(23,155),(83,121),(57,78),(116,66),(309,75),(73,96),(53,26),(87,154),(118,106),(42,124),(145,79),(145,54),(279,53),(86,72),(258,74),
296:(266,6),(310,127),(103,10),(234,13),(97,83),(23,155),(83,121),(56,78),(116,66),(309,75),(73,96),(52,26),(87,154),(118,106),(42,125),(145,79),(145,54),(279,53),(86,72),(258,74),
297:(266,6),(310,127),(103,10),(235,13),(97,83),(23,155),(83,121),(55,78),(116,66),(309,75),(73,96),(51,26),(87,154),(118,106),(42,126),(145,79),(145,54),(279,53),(86,72),(258,74),
298:(266,6),(310,127),(103,10),(236,13),(97,83),(23,155),(83,121),(54,78),(116,66),(309,75),(73,96),(50,26),(87,154),(118,106),(42,127),(145,79),(145,54),(279,53),(86,72),(258,74),
299:(266,6),(310,127),(103,10),(237,13),(97,83),(23,155),(83,121),(53,78),(116,66),(309,75),(73,96),(49,26),(87,154),(118,106),(42,128),(145,79),(145,54),(279,53),(86,72),(258,74),
300:(266,6),(310,127),(103,10),(238,13),(97,83),(23,155),(83,121),(52,78),(116,66),(309,75),(73,96),(48,26),(87,154),(118,106),(42,129),(145,79),(145,54),(279,53),(86,72),(258,74),
301:(266,6),(310,127),(103,10),(239,13),(97,83),(23,155),(83,121),(51,78),(116,66),(309,75),(73,96),(47,26),(87,154),(118,106),(42,130),(145,79),(145,54),(279,53),(86,72),(258,74),
302:(266,6),(310,127),(103,10),(240,13),(97,83),(23,155),(83,121),(50,78),(116,66),(309,75),(73,96),(46,26),(87,154),(118,106),(42,131),(145,79),(145,54),(279,53),(86,72),(258,74),
303:(266,6),(310,127),(103,10),(241,13),(97,83),(23,155),(83,121),(50,79),(116,66),(309,75),(73,96),(46,26),(87,154),(118,106),(42,132),(145,79),(145,54),(279,53),(86,72),(258,74),
304:(266,6),(310,127),(103,10),(242,13),(97,83),(23,155),(83,121),(50,80),(116,66),(309,75),(73,96),(46,26),(87,154),(118,106),(42,133),(145,79),(145,54),(279,53),(86,72),(258,74),
305:(266,6),(310,127),(103,10),(243,13),(97,83),(23,155),(83,121),(50,81),(116,66),(309,75),(73,96),(46,26),(87,154),(118,106),(42,134),(145,79),(145,54),(279,53),(86,72),(258,74),
306:(266,6),(310,127),(103,10),(244,13),(97,83),(23,155),(83,121),(49,81),(116,66),(309,75),(73,96),(46,26),(87,154),(118,106),(42,135),(145,79),(145,54),(279,53),(86,72),(258,74),
307:(266,6),(310,127),(103,10),(245,13),(97,83),(23,155),(83,121),(49,82),(116,66),(309,75),(73,96),(46,26),(87,154),(118,106),(42,136),(145,79),(145,54),(279,53),(86,72),(258,74),
308:(266,6),(310,127),(103,10),(246,13),(97,83),(23,155),(83,121),(48,82),(116,66),(309,75),(73,96),(46,26),(87,154),(118,106),(42,137),(145,79),(145,54),(279,53),(86,72),(258,74),
309:(266,6),(310,127),(103,10),(247,13),(97,83),(23,155),(83,121),(47,82),(116,66),(309,75),(73,96),(46,26),(87,154),(118,106),(42,138),(145,79),(145,54),(279,53),(86,72),(258,74),
310:(266,6),(310,127),(103,10),(248,13),(97,83),(23,155),(83,121),(47,83),(116,66),(309,75),(73,96),(46,26),(87,154),(118,106),(42,139),(145,79),(145,54),(279,53),(86,72),(258,74),
311:(266,6),(310,127),(103,10),(249,13),(97,83),(23,155),(83,121),(47,84),(116,66),(309,75),(73,96),(46,26),(87,154),(118,106),(42,140),(145,79),(145,54),(279,53),(86,72),(258,74),
312:(266,6),(310,127),(103,10),(250,13),(97,83),(23,155),(83,121),(47,85),(116,66),(309,75),(73,96),(46,26),(87,154),(118,106),(42,140),(145,79),(145,54),(279,53),(86,72),(258,74),
313:(266,6),(310,127),(103,10),(251,13),(97,83),(23,155),(83,121),(47,86),(116,66),(309,75),(73,96),(46,26),(87,154),(118,106),(42,140),(145,79),(145,54),(279,53),(86,72),(258,74),
314:(266,6),(310,127),(103,10),(252,13),(97,83),(23,155),(83,121),(47,87),(116,66),(309,75),(73,96),(46,26),(87,154),(118,106),(42,140),(145,79),(145,54),(279,53),(86,72),(258,74),
315:(266,6),(310,127),(103,10),(253,13),(97,83),(23,155),(83,121),(46,87),(116,66),(309,75),(73,96),(46,26),(87,154),(118,106),(42,140),(145,79),(145,54),(279,53),(86,72),(258,74),
316:(266,6),(310,127),(103,10),(254,13),(97,83),(23,155),(83,121),(46,88),(116,66),(309,75),(73,96),(46,26),(87,154),(118,106),(42,140),(145,79),(145,54),(279,53),(86,72),(258,74),
317:(266,6),(310,127),(103,10),(255,13),(97,83),(23,155),(83,121),(45,88),(116,66),(309,75),(73,96),(46,26),(87,154),(118,106),(42,140),(145,79),(145,54),(279,53),(86,72),(258,74),
318:(266,6),(310,127),(103,10),(256,13),(97,83),(23,155),(83,121),(44,88),(116,66),(309,75),(73,96),(46,26),(87,154),(118,106),(42,140),(145,79),(145,54),(279,53),(86,72),(258,74),
319:(266,6),(310,127),(103,10),(257,13),(97,83),(23,155),(83,121),(44,89),(116,66),(309,75),(73,96),(46,26),(87,154),(118,106),(42,140),(145,79),(145,54),(279,53),(86,72),(258,74),
320:(266,6),(310,127),(103,10),(258,13),(97,83),(23,155),(83,121),(43,89),(116,66),(309,75),(73,96),(46,26),(87,154),(118,106),(42,140),(145,79),(145,54),(279,53),(86,72),(258,74),
321:(266,6),(310,127),(103,10),(259,13),(97,83),(23,155),(83,121),(42,89),(116,66),(309,75),(73,96),(46,26),(87,154),(118,106),(42,140),(145,79),(145,54),(279,53),(86,72),(258,74),
322:(266,6),(310,127),(103,10),(260,13),(97,83),(23,155),(83,121),(41,89),(116,66),(309,75),(73,96),(46,26),(87,154),(118,106),(42,140),(145,79),(145,54),(279,53),(86,72),(258,74),
323:(266,6),(310,127),(103,10),(261,13),(97,83),(23,155),(83,121),(40,89),(116,66),(309,75),(73,96),(46,26),(87,154),(118,106),(42,140),(145,79),(145,54),(279,53),(86,72),(258,74),
324:(266,6),(310,127),(103,10),(262,13),(97,83),(23,155),(83,121),(39,89),(116,66),(309,75),(73,96),(46,26),(87,154),(118,106),(42,140),(145,79),(145,54),(279,53),(86,72),(258,74),
325:(266,6),(310,127),(103,10),(263,13),(97,83),(23,155),(83,121),(38,89),(116,66),(309,75),(73,96),(46,26),(87,154),(118,106),(42,140),(145,79),(145,54),(279,53),(86,72),(258,74),
326:(266,6),(310,127),(103,10),(264,13),(97,83),(23,155),(83,121),(38,90),(116,66),(309,75),(73,96),(46,26),(87,154),(118,106),(42,140),(145,79),(145,54),(279,53),(86,72),(258,74),
327:(266,6),(310,127),(103,10),(265,13),(97,83),(23,155),(83,121),(38,91),(116,66),(309,75),(73,96),(46,26),(87,154),(118,106),(42,140),(145,79),(145,54),(279,53),(86,72),(258,74),
328:(266,6),(310,127),(103,10),(266,13),(97,83),(23,155),(83,121),(38,92),(116,66),(309,75),(73,96),(46,26),(87,154),(118,106),(42,140),(145,79),(145,54),(279,53),(86,72),(258,74),
329:(266,6),(310,127),(103,10),(267,13),(97,83),(23,155),(83,121),(38,93),(116,66),(309,75),(73,96),(46,26),(87,154),(118,106),(42,140),(145,79),(145,54),(279,53),(86,72),(258,74),
330:(266,6),(310,127),(103,10),(268,13),(97,83),(23,155),(83,121),(37,93),(116,66),(309,75),(73,96),(46,26),(87,154),(118,106),(42,140),(145,79),(145,54),(279,53),(86,72),(258,74),
331:(266,6),(310,127),(103,10),(269,13),(97,83),(23,155),(83,121),(36,93),(116,66),(309,75),(73,96),(46,26),(87,154),(118,106),(42,140),(145,79),(145,54),(279,53),(86,72),(258,74),
332:(266,6),(310,127),(103,10),(270,13),(97,83),(23,155),(83,121),(36,94),(116,66),(309,75),(73,96),(46,26),(87,154),(118,106),(42,140),(145,79),(145,54),(279,53),(86,72),(258,74),
333:(266,6),(310,127),(103,10),(271,13),(97,83),(23,155),(83,121),(35,94),(116,66),(309,75),(73,96),(46,26),(87,154),(118,106),(42,140),(145,79),(145,54),(279,53),(86,72),(258,74),
334:(266,6),(310,127),(103,10),(272,13),(97,83),(23,155),(83,121),(34,94),(116,66),(309,75),(73,96),(46,26),(87,154),(118,106),(42,140),(145,79),(145,54),(279,53),(86,72),(258,74),
335:(266,6),(310,127),(103,10),(273,13),(97,83),(23,155),(83,121),(33,94),(116,66),(309,75),(73,96),(46,26),(87,154),(118,106),(42,140),(145,79),(145,54),(279,53),(86,72),(258,74),
336:(266,6),(310,127),(103,10),(274,13),(97,83),(23,155),(83,121),(32,94),(116,66),(309,75),(73,96),(46,26),(87,154),(118,106),(42,140),(145,79),(145,54),(279,53),(86,72),(258,74),
337:(266,6),(310,127),(103,10),(275,13),(97,83),(23,155),(83,121),(32,95),(116,66),(309,75),(73,96),(46,26),(87,154),(118,106),(42,140),(145,79),(145,54),(279,53),(86,72),(258,74),
338:(266,6),(310,127),(103,10),(276,13),(97,83),(23,155),(83,121),(32,96),(116,66),(309,75),(73,96),(46,26),(87,154),(118,106),(42,140),(145,79),(145,54),(279,53),(86,72),(258,74),
339:(266,6),(310,127),(103,10),(277,13),(97,83),(23,155),(83,121),(32,97),(116,66),(309,75),(73,96),(46,26),(87,154),(118,106),(42,140),(145,79),(145,54),(279,53),(86,72),(258,74),
340:(266,6),(310,127),(103,10),(278,13),(97,83),(23,155),(83,121),(31,97),(116,66),(309,75),(73,96),(46,26),(87,154),(118,106),(42,140),(145,79),(145,54),(279,53),(86,72),(258,74),
341:(266,6),(310,127),(103,10),(279,13),(97,83),(23,155),(83,121),(30,97),(116,66),(309,75),(73,96),(46,26),(87,154),(118,106),(42,140),(145,79),(145,54),(279,53),(86,72),(258,74),
342:(266,6),(310,127),(103,10),(280,13),(97,83),(23,155),(83,121),(30,98),(116,66),(309,75),(73,96),(46,26),(87,154),(118,106),(42,140),(145,79),(145,54),(279,53),(86,72),(258,74),
343:(266,6),(310,127),(103,10),(281,13),(97,83),(23,155),(83,121),(29,98),(116,66),(309,75),(73,96),(46,26),(87,154),(118,106),(42,140),(145,79),(145,54),(279,53),(86,72),(258,74),
344:(266,6),(310,127),(103,10),(282,13),(97,83),(23,155),(83,121),(28,98),(116,66),(309,75),(73,96),(46,26),(87,154),(118,106),(42,140),(145,79),(145,54),(279,53),(86,72),(258,74),
345:(266,6),(310,127),(103,10),(283,13),(97,83),(23,155),(83,121),(28,99),(116,66),(309,75),(73,96),(46,26),(87,154),(118,106),(42,140),(145,79),(145,54),(279,53),(86,72),(258,74),
346:(266,6),(310,127),(103,10),(284,13),(97,83),(23,155),(83,121),(28,100),(116,66),(309,75),(73,96),(46,26),(87,154),(118,106),(42,140),(145,79),(145,54),(279,53),(86,72),(258,74),
347:(266,6),(310,127),(103,10),(285,13),(97,83),(23,155),(83,121),(28,101),(116,66),(309,75),(73,96),(46,26),(87,154),(118,106),(42,140),(145,79),(145,54),(279,53),(86,72),(258,74),
348:(266,6),(310,127),(103,10),(286,13),(97,83),(23,155),(83,121),(28,102),(116,66),(309,75),(73,96),(46,26),(87,154),(118,106),(42,140),(145,79),(145,54),(279,53),(86,72),(258,74),
349:(266,6),(310,127),(103,10),(287,13),(97,83),(23,155),(83,121),(28,103),(116,66),(309,75),(73,96),(46,26),(87,154),(118,106),(42,140),(145,79),(145,54),(279,53),(86,72),(258,74),
350:(266,6),(310,127),(103,10),(288,13),(97,83),(23,155),(83,121),(27,103),(116,66),(309,75),(73,96),(46,26),(87,154),(118,106),(42,140),(145,79),(145,54),(279,53),(86,72),(258,74),
351:(266,6),(310,127),(103,10),(289,13),(97,83),(23,155),(83,121),(27,104),(116,66),(309,75),(73,96),(46,26),(87,154),(118,106),(42,140),(145,79),(145,54),(279,53),(86,72),(258,74),
352:(266,6),(310,127),(103,10),(290,13),(97,83),(23,155),(83,121),(27,105),(116,66),(309,75),(73,96),(46,26),(87,154),(118,106),(42,140),(145,79),(145,54),(279,53),(86,72),(258,74),
353:(266,6),(310,127),(103,10),(290,12),(97,83),(23,155),(83,121),(27,106),(116,66),(309,75),(73,96),(46,26),(87,154),(118,106),(42,140),(145,79),(145,54),(279,53),(86,72),(258,74),
354:(266,6),(310,127),(103,10),(291,12),(97,83),(23,155),(83,121),(27,107),(116,66),(309,75),(73,96),(46,26),(87,154),(118,106),(42,140),(145,79),(145,54),(279,53),(86,72),(258,74),
355:(266,6),(310,127),(103,10),(292,12),(97,83),(23,155),(83,121),(26,107),(116,66),(309,75),(73,96),(46,26),(87,154),(118,106),(42,140),(145,79),(145,54),(279,53),(86,72),(258,74),
356:(266,6),(310,127),(103,10),(293,12),(97,83),(23,155),(83,121),(25,107),(116,66),(309,75),(73,96),(46,26),(87,154),(118,106),(42,140),(145,79),(145,54),(279,53),(86,72),(258,74),
357:(266,6),(310,127),(103,10),(294,12),(97,83),(23,155),(83,121),(25,108),(116,66),(309,75),(73,96),(46,26),(87,154),(118,106),(42,140),(145,79),(145,54),(279,53),(86,72),(258,74),
358:(266,6),(310,127),(103,10),(295,12),(97,83),(23,155),(83,121),(24,108),(116,66),(309,75),(73,96),(46,26),(87,154),(118,106),(42,140),(145,79),(145,54),(279,53),(86,72),(258,74),
359:(266,6),(310,127),(103,10),(295,12),(97,83),(23,155),(83,121),(23,108),(116,66),(309,75),(73,96),(46,26),(87,154),(118,106),(42,140),(145,79),(145,54),(279,53),(86,72),(258,74),
360:(266,6),(310,127),(103,10),(295,12),(97,83),(23,155),(83,121),(23,109),(116,66),(309,75),(73,96),(46,26),(87,154),(118,106),(42,140),(145,79),(145,54),(279,53),(86,72),(258,74),
361:(266,6),(310,127),(103,10),(295,12),(97,83),(23,155),(83,121),(22,109),(116,66),(309,75),(73,96),(46,26),(87,154),(118,106),(42,140),(145,79),(145,54),(279,53),(86,72),(258,74),
362:(266,6),(310,127),(103,10),(295,12),(97,83),(23,155),(83,121),(21,109),(116,66),(309,75),(73,96),(46,26),(87,154),(118,106),(42,140),(145,79),(145,54),(279,53),(86,72),(258,74),
363:(266,6),(310,127),(103,10),(295,12),(97,83),(23,155),(83,121),(20,109),(116,66),(309,75),(73,96),(46,26),(87,154),(118,106),(42,140),(145,79),(145,54),(279,53),(86,72),(258,74),
364:(266,6),(310,127),(103,10),(295,12),(97,83),(23,155),(83,121),(20,110),(116,66),(309,75),(73,96),(46,26),(87,154),(118,106),(42,140),(145,79),(145,54),(279,53),(86,72),(258,74),
365:(266,6),(310,127),(103,10),(295,12),(97,83),(23,155),(83,121),(19,110),(116,66),(309,75),(73,96),(46,26),(87,154),(118,106),(42,140),(145,79),(145,54),(279,53),(86,72),(258,74),
366:(266,6),(310,127),(103,10),(295,12),(97,83),(23,155),(83,121),(18,110),(116,66),(309,75),(73,96),(46,26),(87,154),(118,106),(42,140),(145,79),(145,54),(279,53),(86,72),(258,74),
367:(266,6),(310,127),(103,10),(295,12),(97,83),(23,155),(83,121),(18,111),(116,66),(309,75),(73,96),(46,26),(87,154),(118,106),(42,140),(145,79),(145,54),(279,53),(86,72),(258,74),
368:(266,6),(310,127),(103,10),(295,12),(97,83),(23,155),(83,121),(18,112),(116,66),(309,75),(73,96),(46,26),(87,154),(118,106),(42,140),(145,79),(145,54),(279,53),(86,72),(258,74),
369:(266,6),(310,127),(103,10),(295,12),(97,83),(23,155),(83,121),(18,113),(116,66),(309,75),(73,96),(46,26),(87,154),(118,106),(42,140),(145,79),(145,54),(279,53),(86,72),(258,74),
370:(266,6),(310,127),(103,10),(295,12),(97,83),(23,155),(83,121),(18,114),(116,66),(309,75),(73,96),(46,26),(87,154),(118,106),(42,140),(145,79),(145,54),(279,53),(86,72),(258,74),
371:(266,6),(310,127),(103,10),(295,12),(97,83),(23,155),(83,121),(18,115),(116,66),(309,75),(73,96),(46,26),(87,154),(118,106),(42,140),(145,79),(145,54),(279,53),(86,72),(258,74),
372:(266,6),(310,127),(103,10),(295,12),(97,83),(23,155),(83,121),(18,116),(116,66),(309,75),(73,96),(46,26),(87,154),(118,106),(42,140),(145,79),(145,54),(279,53),(86,72),(258,74),
373:(266,6),(310,127),(103,10),(295,12),(97,83),(23,155),(83,121),(18,117),(116,66),(309,75),(73,96),(46,26),(87,154),(118,106),(42,140),(145,79),(145,54),(279,53),(86,72),(258,74),
374:(266,6),(310,127),(103,10),(295,12),(97,83),(23,155),(83,121),(18,118),(116,66),(309,75),(73,96),(46,26),(87,154),(118,106),(42,140),(145,79),(145,54),(279,53),(86,72),(258,74),
375:(266,6),(310,127),(103,10),(295,12),(97,83),(23,155),(83,121),(18,119),(116,66),(309,75),(73,96),(46,26),(87,154),(118,106),(42,140),(145,79),(145,54),(279,53),(86,72),(258,74),
376:(266,6),(310,127),(103,10),(295,12),(97,83),(23,155),(83,121),(18,120),(116,66),(309,75),(73,96),(46,26),(87,154),(118,106),(42,140),(145,79),(145,54),(279,53),(86,72),(258,74),
377:(266,6),(310,127),(103,10),(295,12),(97,83),(23,155),(83,121),(18,121),(116,66),(309,75),(73,96),(46,26),(87,154),(118,106),(42,140),(145,79),(145,54),(279,53),(86,72),(258,74),
378:(266,6),(310,127),(103,10),(295,12),(97,83),(23,155),(83,121),(18,122),(116,66),(309,75),(73,96),(46,26),(87,154),(118,106),(42,140),(145,79),(145,54),(279,53),(86,72),(258,74),
379:(266,6),(310,127),(103,10),(295,12),(97,83),(23,155),(83,121),(18,123),(116,66),(309,75),(73,96),(46,26),(87,154),(118,106),(42,140),(145,79),(145,54),(279,53),(86,72),(258,74),
380:(266,6),(310,127),(103,10),(295,12),(97,83),(23,155),(83,121),(18,124),(116,66),(309,75),(73,96),(46,26),(87,154),(118,106),(42,140),(145,79),(145,54),(279,53),(86,72),(258,74),
381:(266,6),(310,127),(103,10),(295,12),(97,83),(23,155),(83,121),(18,125),(116,66),(309,75),(73,96),(46,26),(87,154),(118,106),(42,140),(145,79),(145,54),(279,53),(86,72),(258,74),
382:(266,6),(310,127),(103,10),(295,12),(97,83),(23,155),(83,121),(18,126),(116,66),(309,75),(73,96),(46,26),(87,154),(118,106),(42,140),(145,79),(145,54),(279,53),(86,72),(258,74),
383:(266,6),(310,127),(103,10),(295,12),(97,83),(23,155),(83,121),(18,127),(116,66),(309,75),(73,96),(46,26),(87,154),(118,106),(42,140),(145,79),(145,54),(279,53),(86,72),(258,74),
384:(266,6),(310,127),(103,10),(295,12),(97,83),(23,155),(83,121),(18,128),(116,66),(309,75),(73,96),(46,26),(87,154),(118,106),(42,140),(145,79),(145,54),(279,53),(86,72),(258,74),
385:(266,6),(310,127),(103,10),(295,12),(97,83),(23,155),(83,121),(18,129),(116,66),(309,75),(73,96),(46,26),(87,154),(118,106),(42,140),(145,79),(145,54),(279,53),(86,72),(258,74),
386:(266,6),(310,127),(103,10),(295,12),(97,83),(23,155),(83,121),(18,130),(116,66),(309,75),(73,96),(46,26),(87,154),(118,106),(42,140),(145,79),(145,54),(279,53),(86,72),(258,74),
387:(266,6),(310,127),(103,10),(295,12),(97,83),(23,155),(83,121),(18,131),(116,66),(309,75),(73,96),(46,26),(87,154),(118,106),(42,140),(145,79),(145,54),(279,53),(86,72),(258,74),
388:(266,6),(310,127),(103,10),(295,12),(97,83),(23,155),(83,121),(18,132),(116,66),(309,75),(73,96),(46,26),(87,154),(118,106),(42,140),(145,79),(145,54),(279,53),(86,72),(258,74),
389:(266,6),(310,127),(103,10),(295,12),(97,83),(23,155),(83,121),(18,133),(116,66),(309,75),(73,96),(46,26),(87,154),(118,106),(42,140),(145,79),(145,54),(279,53),(86,72),(258,74),
390:(266,6),(310,127),(103,10),(295,12),(97,83),(23,155),(83,121),(18,134),(116,66),(309,75),(73,96),(46,26),(87,154),(118,106),(42,140),(145,79),(145,54),(279,53),(86,72),(258,74),
391:(266,6),(310,127),(103,10),(295,12),(97,83),(23,155),(83,121),(18,135),(116,66),(309,75),(73,96),(46,26),(87,154),(118,106),(42,140),(145,79),(145,54),(279,53),(86,72),(258,74),
392:(266,6),(310,127),(103,10),(295,12),(97,83),(23,155),(83,121),(18,136),(116,66),(309,75),(73,96),(46,26),(87,154),(118,106),(42,140),(145,79),(145,54),(279,53),(86,72),(258,74),
393:(266,6),(310,127),(103,10),(295,12),(97,83),(23,155),(83,121),(18,137),(116,66),(309,75),(73,96),(46,26),(87,154),(118,106),(42,140),(145,79),(145,54),(279,53),(86,72),(258,74),
394:(266,6),(310,127),(103,10),(295,12),(97,83),(23,155),(83,121),(18,138),(116,66),(309,75),(73,96),(46,26),(87,154),(118,106),(42,140),(145,79),(145,54),(279,53),(86,72),(258,74),
395:(266,6),(310,127),(103,10),(295,12),(97,83),(23,155),(83,121),(18,139),(116,66),(309,75),(73,96),(46,26),(87,154),(118,106),(42,140),(145,79),(145,54),(279,53),(86,72),(258,74),
396:(266,6),(310,127),(103,10),(295,12),(97,83),(23,155),(83,121),(18,140),(116,66),(309,75),(73,96),(46,26),(87,154),(118,106),(42,140),(145,79),(145,54),(279,53),(86,72),(258,74),
397:(266,6),(310,127),(103,10),(295,12),(97,83),(23,155),(83,121),(18,141),(116,66),(309,75),(73,96),(46,26),(87,154),(118,106),(42,140),(145,79),(145,54),(279,53),(86,72),(258,74),
398:(266,6),(310,127),(103,10),(295,12),(97,83),(23,155),(83,121),(18,142),(116,66),(309,75),(73,96),(46,26),(87,154),(118,106),(42,140),(145,79),(145,54),(279,53),(86,72),(258,74),
399:(266,6),(310,127),(103,10),(295,12),(97,83),(23,155),(83,121),(18,143),(116,66),(309,75),(73,96),(46,26),(87,154),(118,106),(42,140),(145,79),(145,54),(279,53),(86,72),(258,74),
400:(266,6),(310,127),(103,10),(295,12),(97,83),(23,155),(83,121),(18,144),(116,66),(309,75),(73,96),(46,26),(87,154),(118,106),(42,140),(145,79),(145,54),(279,53),(86,72),(258,74),
401:(266,6),(310,127),(103,10),(295,12),(97,83),(23,155),(83,121),(18,145),(116,66),(309,75),(73,96),(46,26),(87,154),(118,106),(42,140),(145,79),(145,54),(279,53),(86,72),(258,74),
402:(266,6),(310,127),(103,10),(295,12),(97,83),(23,155),(83,121),(18,146),(116,66),(309,75),(73,96),(46,26),(87,154),(118,106),(42,140),(145,79),(145,54),(279,53),(86,72),(258,74),
403:(266,6),(310,127),(103,10),(295,12),(97,83),(23,155),(83,121),(18,147),(116,66),(309,75),(73,96),(46,26),(87,154),(118,106),(42,140),(145,79),(145,54),(279,53),(86,72),(258,74),
404:(266,6),(310,127),(103,10),(295,12),(97,83),(23,155),(83,121),(18,148),(116,66),(309,75),(73,96),(46,26),(87,154),(118,106),(42,140),(145,79),(145,54),(279,53),(86,72),(258,74),
405:(266,6),(310,127),(103,10),(295,12),(97,83),(23,155),(83,121),(18,149),(116,66),(309,75),(73,96),(46,26),(87,154),(118,106),(42,140),(145,79),(145,54),(279,53),(86,72),(258,74),
406:(266,6),(310,127),(103,10),(295,12),(97,83),(23,155),(83,121),(18,150),(116,66),(309,75),(73,96),(46,26),(87,154),(118,106),(42,140),(145,79),(145,54),(279,53),(86,72),(258,74),
407:(266,6),(310,127),(103,10),(295,12),(97,83),(23,155),(83,121),(18,151),(116,66),(309,75),(73,96),(46,26),(87,154),(118,106),(42,140),(145,79),(145,54),(279,53),(86,72),(258,74),
408:(266,6),(310,127),(103,10),(295,12),(97,83),(23,155),(83,121),(18,152),(116,66),(309,75),(73,96),(46,26),(87,154),(118,106),(42,140),(145,79),(145,54),(279,53),(86,72),(258,74),
409:(266,6),(310,127),(103,10),(295,12),(97,83),(23,155),(83,121),(18,153),(116,66),(309,75),(73,96),(46,26),(87,154),(118,106),(42,140),(145,79),(145,54),(279,53),(86,72),(258,74),
410:(266,6),(310,127),(103,10),(295,12),(97,83),(23,155),(83,121),(18,154),(116,66),(309,75),(73,96),(46,26),(87,154),(118,106),(42,140),(145,79),(145,54),(279,53),(86,72),(258,74),
411:(266,6),(310,127),(103,10),(295,12),(97,83),(23,155),(83,121),(18,155),(116,66),(309,75),(73,96),(46,26),(87,154),(118,106),(42,140),(145,79),(145,54),(279,53),(86,72),(258,74),
412:(266,6),(310,127),(103,10),(295,12),(97,83),(23,155),(83,121),(18,156),(116,66),(309,75),(73,96),(46,26),(87,154),(118,106),(42,140),(145,79),(145,54),(279,53),(86,72),(258,74),
