instance=temp_instance.txt
agents=20
map_file=warehouse-20-40-10-2-2.map
solver=HCA
solved=1
soc=3373
lb_soc=3373
makespan=426
lb_makespan=426
comp_time=51
preprocessing_comp_time=9
starts=(61,17),(27,79),(175,138),(184,30),(233,110),(120,38),(57,54),(264,154),(261,153),(20,11),(137,26),(166,34),(98,90),(211,125),(18,146),(255,158),(68,142),(10,17),(174,57),(296,26),
goals=(218,23),(195,46),(147,118),(31,83),(310,136),(16,145),(95,62),(28,73),(336,12),(304,153),(135,118),(181,128),(68,126),(270,13),(291,114),(93,2),(219,54),(86,14),(178,69),(284,45),
solution=
0:(61,17),(27,79),(175,138),(184,30),(233,110),(120,38),(57,54),(264,154),(261,153),(20,11),(137,26),(166,34),(98,90),(211,125),(18,146),(255,158),(68,142),(10,17),(174,57),(296,26),
1:(62,17),(28,79),(174,138),(183,30),(234,110),(119,38),(58,54),(263,154),(262,153),(21,11),(136,26),(167,34),(97,90),(212,125),(19,146),(254,158),(69,142),(11,17),(175,57),(295,26),
2:(63,17),(29,79),(173,138),(182,30),(235,110),(118,38),(59,54),(262,154),(263,153),(22,11),(135,26),(168,34),(96,90),(213,125),(20,146),(253,158),(70,142),(12,17),(176,57),(294,26),
3:(64,17),(30,79),(172,138),(181,30),(236,110),(117,38),(60,54),(261,154),(264,153),(23,11),(134,26),(169,34),(95,90),(214,125),(21,146),(252,158),(71,142),(13,17),(177,57),(293,26),
4:(65,17),(31,79),(171,138),(180,30),(237,110),(116,38),(61,54),(260,154),(265,153),(24,11),(134,27),(170,34),(94,90),(215,125),(22,146),(251,158),(72,142),(14,17),(178,57),(292,26),
5:(66,17),(32,79),(170,138),(179,30),(238,110),(115,38),(62,54),(259,154),(266,153),(25,11),(134,28),(171,34),(93,90),(216,125),(23,146),(250,158),(73,142),(15,17),(179,57),(291,26),
6:(67,17),(33,79),(169,138),(178,30),(239,110),(114,38),(63,54),(258,154),(267,153),(26,11),(134,29),(172,34),(92,90),(217,125),(24,146),(249,158),(74,142),(16,17),(180,57),(290,26),
7:(68,17),(34,79),(168,138),(177,30),(240,110),(113,38),(64,54),(257,154),(268,153),(27,11),(134,30),(173,34),(91,90),(218,125),(25,146),(248,158),(75,142),(17,17),(181,57),(289,26),
8:(69,17),(35,79),(167,138),(176,30),(241,110),(112,38),(65,54),(256,154),(269,153),(28,11),(134,31),(174,34),(90,90),(219,125),(26,146),(247,158),(76,142),(18,17),(181,58),(289,27),
9:(70,17),(36,79),(166,138),(175,30),(242,110),(111,38),(66,54),(255,154),(270,153),(29,11),(134,32),(175,34),(89,90),(220,125),(27,146),(246,158),(77,142),(19,17),(181,59),(289,28),
10:(71,17),(37,79),(165,138),(174,30),(243,110),(110,38),(67,54),(254,154),(271,153),(30,11),(134,33),(176,34),(88,90),(221,125),(28,146),(245,158),(78,142),(20,17),(181,60),(289,29),
11:(72,17),(38,79),(164,138),(173,30),(244,110),(109,38),(68,54),(253,154),(272,153),(31,11),(134,34),(177,34),(87,90),(222,125),(29,146),(244,158),(79,142),(21,17),(181,61),(289,30),
12:(73,17),(39,79),(163,138),(172,30),(245,110),(108,38),(69,54),(252,154),(273,153),(32,11),(134,35),(178,34),(86,90),(223,125),(30,146),(243,158),(80,142),(22,17),(181,62),(289,31),
13:(74,17),(40,79),(162,138),(171,30),(246,110),(107,38),(70,54),(251,154),(274,153),(33,11),(134,36),(179,34),(85,90),(224,125),(31,146),(242,158),(81,142),(23,17),(181,63),(289,32),
14:(75,17),(41,79),(161,138),(170,30),(247,110),(106,38),(71,54),(250,154),(275,153),(34,11),(134,37),(180,34),(84,90),(225,125),(32,146),(241,158),(82,142),(24,17),(181,64),(289,33),
15:(76,17),(42,79),(160,138),(169,30),(248,110),(105,38),(72,54),(249,154),(276,153),(35,11),(134,38),(181,34),(83,90),(226,125),(33,146),(240,158),(83,142),(25,17),(181,65),(289,34),
16:(77,17),(43,79),(159,138),(168,30),(249,110),(104,38),(73,54),(248,154),(277,153),(36,11),(134,39),(181,35),(82,90),(227,125),(34,146),(239,158),(84,142),(26,17),(181,66),(289,35),
17:(78,17),(44,79),(158,138),(167,30),(250,110),(103,38),(74,54),(247,154),(278,153),(37,11),(134,40),(181,36),(81,90),(228,125),(35,146),(238,158),(85,142),(27,17),(181,67),(289,36),
18:(79,17),(45,79),(157,138),(166,30),(251,110),(102,38),(75,54),(246,154),(279,153),(38,11),(134,41),(181,37),(80,90),(229,125),(36,146),(237,158),(86,142),(28,17),(181,68),(289,37),
19:(80,17),(46,79),(157,137),(165,30),(252,110),(101,38),(76,54),(245,154),(280,153),(39,11),(134,42),(181,38),(79,90),(230,125),(37,146),(236,158),(87,142),(29,17),(181,69),(289,38),
20:(81,17),(47,79),(157,136),(164,30),(253,110),(100,38),(77,54),(244,154),(281,153),(40,11),(134,43),(181,39),(78,90),(231,125),(38,146),(235,158),(88,142),(30,17),(180,69),(289,39),
21:(82,17),(48,79),(157,135),(163,30),(254,110),(99,38),(78,54),(243,154),(282,153),(41,11),(134,44),(181,40),(77,90),(232,125),(39,146),(234,158),(89,142),(31,17),(179,69),(289,40),
22:(83,17),(49,79),(157,134),(162,30),(255,110),(98,38),(79,54),(242,154),(283,153),(42,11),(134,45),(181,41),(76,90),(233,125),(40,146),(233,158),(90,142),(32,17),(178,69),(289,41),
23:(84,17),(50,79),(157,133),(161,30),(256,110),(97,38),(80,54),(241,154),(284,153),(43,11),(134,46),(181,42),(75,90),(234,125),(41,146),(232,158),(91,142),(33,17),(178,69),(289,42),
24:(85,17),(50,78),(157,132),(160,30),(257,110),(96,38),(81,54),(240,154),(285,153),(44,11),(134,47),(181,43),(74,90),(235,125),(42,146),(231,158),(92,142),(34,17),(178,69),(289,43),
25:(86,17),(51,78),(157,131),(159,30),(258,110),(95,38),(82,54),(239,154),(286,153),(45,11),(134,48),(181,44),(73,90),(236,125),(43,146),(230,158),(93,142),(35,17),(178,69),(289,44),
26:(87,17),(52,78),(157,130),(158,30),(259,110),(94,38),(83,54),(238,154),(287,153),(46,11),(134,49),(181,45),(73,91),(237,125),(44,146),(229,158),(94,142),(36,17),(178,69),(289,45),
27:(88,17),(53,78),(157,129),(157,30),(260,110),(93,38),(84,54),(237,154),(288,153),(47,11),(134,50),(181,46),(73,92),(238,125),(45,146),(228,158),(95,142),(37,17),(178,69),(288,45),
28:(89,17),(54,78),(157,128),(156,30),(261,110),(92,38),(85,54),(236,154),(289,153),(48,11),(134,51),(181,47),(73,93),(239,125),(46,146),(227,158),(96,142),(38,17),(178,69),(287,45),
29:(90,17),(55,78),(157,127),(155,30),(262,110),(91,38),(86,54),(235,154),(290,153),(49,11),(134,52),(181,48),(73,94),(240,125),(47,146),(226,158),(97,142),(39,17),(178,69),(286,45),
30:(91,17),(56,78),(157,126),(154,30),(263,110),(90,38),(86,55),(234,154),(291,153),(50,11),(134,53),(181,49),(73,95),(241,125),(48,146),(225,158),(98,142),(40,17),(178,69),(285,45),
31:(92,17),(57,78),(157,125),(153,30),(264,110),(89,38),(86,56),(233,154),(292,153),(50,12),(134,54),(181,50),(73,96),(242,125),(49,146),(224,158),(99,142),(41,17),(178,69),(284,45),
32:(93,17),(58,78),(157,124),(152,30),(265,110),(88,38),(86,57),(232,154),(293,153),(50,13),(134,55),(181,51),(73,97),(243,125),(50,146),(223,158),(100,142),(42,17),(178,69),(284,45),
33:(94,17),(59,78),(157,123),(151,30),(266,110),(87,38),(86,58),(231,154),(294,153),(51,13),(134,56),(181,52),(73,98),(244,125),(51,146),(222,158),(101,142),(43,17),(178,69),(284,45),
34:(95,17),(60,78),(157,122),(150,30),(267,110),(86,38),(86,59),(230,154),(295,153),(52,13),(134,57),(181,53),(73,99),(245,125),(52,146),(221,158),(102,142),(44,17),(178,69),(284,45),
35:(96,17),(61,78),(157,121),(149,30),(268,110),(85,38),(86,60),(229,154),(296,153),(53,13),(134,58),(181,54),(73,100),(246,125),(53,146),(220,158),(103,142),(45,17),(178,69),(284,45),
36:(97,17),(62,78),(157,120),(148,30),(269,110),(84,38),(86,61),(228,154),(297,153),(54,13),(134,59),(181,55),(73,101),(247,125),(54,146),(219,158),(104,142),(46,17),(178,69),(284,45),
37:(98,17),(63,78),(157,119),(147,30),(270,110),(83,38),(87,61),(227,154),(298,153),(55,13),(134,60),(181,56),(73,102),(248,125),(55,146),(218,158),(105,142),(47,17),(178,69),(284,45),
38:(99,17),(64,78),(157,118),(146,30),(271,110),(82,38),(88,61),(226,154),(299,153),(56,13),(134,61),(181,57),(73,103),(249,125),(56,146),(217,158),(106,142),(48,17),(178,69),(284,45),
39:(100,17),(65,78),(156,118),(145,30),(272,110),(81,38),(89,61),(225,154),(300,153),(57,13),(134,62),(181,58),(73,104),(250,125),(57,146),(216,158),(107,142),(49,17),(178,69),(284,45),
40:(101,17),(66,78),(155,118),(144,30),(273,110),(80,38),(90,61),(224,154),(301,153),(58,13),(134,63),(181,59),(73,105),(251,125),(58,146),(215,158),(108,142),(50,17),(178,69),(284,45),
41:(102,17),(67,78),(154,118),(143,30),(274,110),(79,38),(91,61),(223,154),(302,153),(59,13),(134,64),(181,60),(73,106),(252,125),(59,146),(214,158),(109,142),(50,16),(178,69),(284,45),
42:(103,17),(68,78),(153,118),(142,30),(275,110),(78,38),(92,61),(222,154),(303,153),(60,13),(134,65),(181,61),(73,107),(253,125),(60,146),(213,158),(110,142),(50,15),(178,69),(284,45),
43:(104,17),(69,78),(152,118),(141,30),(276,110),(77,38),(93,61),(221,154),(303,152),(61,13),(134,66),(181,62),(73,108),(254,125),(61,146),(212,158),(111,142),(50,14),(178,69),(284,45),
44:(105,17),(70,78),(151,118),(140,30),(277,110),(76,38),(94,61),(220,154),(304,152),(62,13),(134,67),(181,63),(73,109),(255,125),(62,146),(211,158),(112,142),(51,14),(178,69),(284,45),
45:(106,17),(71,78),(150,118),(139,30),(278,110),(75,38),(95,61),(219,154),(305,152),(63,13),(134,68),(181,64),(73,110),(256,125),(63,146),(210,158),(113,142),(52,14),(178,69),(284,45),
46:(107,17),(72,78),(149,118),(138,30),(279,110),(74,38),(95,62),(218,154),(306,152),(64,13),(134,69),(181,65),(73,111),(257,125),(64,146),(209,158),(114,142),(53,14),(178,69),(284,45),
47:(108,17),(73,78),(148,118),(137,30),(280,110),(73,38),(95,62),(217,154),(307,152),(65,13),(134,70),(181,66),(73,112),(258,125),(65,146),(208,158),(115,142),(54,14),(178,69),(284,45),
48:(109,17),(74,78),(147,118),(136,30),(281,110),(72,38),(95,62),(216,154),(308,152),(66,13),(134,71),(181,67),(73,113),(259,125),(66,146),(207,158),(116,142),(55,14),(178,69),(284,45),
49:(110,17),(75,78),(147,118),(135,30),(282,110),(71,38),(95,62),(215,154),(309,152),(67,13),(134,72),(181,68),(73,114),(260,125),(67,146),(206,158),(117,142),(56,14),(178,69),(284,45),
50:(111,17),(76,78),(147,118),(134,30),(283,110),(70,38),(95,62),(214,154),(310,152),(68,13),(134,73),(181,69),(73,115),(261,125),(68,146),(205,158),(118,142),(57,14),(178,69),(284,45),
51:(112,17),(77,78),(147,118),(133,30),(284,110),(69,38),(95,62),(213,154),(311,152),(69,13),(134,74),(181,70),(73,116),(262,125),(69,146),(204,158),(119,142),(58,14),(178,69),(284,45),
52:(113,17),(78,78),(147,118),(132,30),(285,110),(68,38),(95,62),(212,154),(312,152),(70,13),(134,75),(181,71),(73,117),(263,125),(70,146),(203,158),(120,142),(59,14),(178,69),(284,45),
53:(114,17),(79,78),(147,118),(131,30),(286,110),(67,38),(95,62),(211,154),(313,152),(71,13),(134,76),(181,72),(73,118),(264,125),(71,146),(202,158),(121,142),(60,14),(178,69),(284,45),
54:(115,17),(80,78),(147,118),(130,30),(287,110),(66,38),(95,62),(210,154),(314,152),(72,13),(134,77),(181,73),(73,119),(265,125),(72,146),(201,158),(122,142),(61,14),(178,69),(284,45),
55:(116,17),(81,78),(147,118),(129,30),(288,110),(65,38),(95,62),(209,154),(315,152),(73,13),(134,78),(181,74),(73,120),(266,125),(73,146),(200,158),(123,142),(62,14),(178,69),(284,45),
56:(117,17),(82,78),(147,118),(128,30),(289,110),(64,38),(95,62),(208,154),(316,152),(74,13),(134,79),(181,75),(73,121),(266,124),(74,146),(199,158),(124,142),(63,14),(178,69),(284,45),
57:(118,17),(83,78),(147,118),(127,30),(290,110),(63,38),(95,62),(207,154),(317,152),(75,13),(134,80),(181,76),(73,122),(266,123),(75,146),(198,158),(125,142),(64,14),(178,69),(284,45),
58:(119,17),(84,78),(147,118),(126,30),(291,110),(62,38),(95,62),(206,154),(318,152),(76,13),(134,81),(181,77),(73,123),(266,122),(76,146),(197,158),(126,142),(65,14),(178,69),(284,45),
59:(120,17),(85,78),(147,118),(125,30),(292,110),(61,38),(95,62),(205,154),(319,152),(77,13),(134,82),(181,78),(73,124),(266,121),(77,146),(196,158),(127,142),(66,14),(178,69),(284,45),
60:(121,17),(86,78),(147,118),(124,30),(293,110),(60,38),(95,62),(204,154),(320,152),(78,13),(134,83),(181,79),(73,125),(266,120),(78,146),(195,158),(128,142),(67,14),(178,69),(284,45),
61:(122,17),(87,78),(147,118),(123,30),(294,110),(59,38),(95,62),(203,154),(321,152),(79,13),(134,84),(181,80),(72,125),(266,119),(79,146),(194,158),(129,142),(68,14),(178,69),(284,45),
62:(123,17),(88,78),(147,118),(122,30),(295,110),(58,38),(95,62),(202,154),(322,152),(80,13),(134,85),(181,81),(71,125),(266,118),(80,146),(193,158),(130,142),(69,14),(178,69),(284,45),
63:(124,17),(89,78),(147,118),(121,30),(296,110),(57,38),(95,62),(201,154),(323,152),(81,13),(134,86),(181,82),(70,125),(266,117),(81,146),(192,158),(131,142),(70,14),(178,69),(284,45),
64:(125,17),(90,78),(147,118),(120,30),(297,110),(56,38),(95,62),(200,154),(324,152),(82,13),(134,87),(181,83),(69,125),(266,116),(82,146),(191,158),(132,142),(71,14),(178,69),(284,45),
65:(126,17),(91,78),(147,118),(119,30),(298,110),(55,38),(95,62),(199,154),(325,152),(83,13),(134,88),(181,84),(68,125),(266,115),(83,146),(190,158),(133,142),(72,14),(178,69),(284,45),
66:(127,17),(92,78),(147,118),(118,30),(299,110),(54,38),(95,62),(198,154),(326,152),(84,13),(134,89),(181,85),(68,126),(266,114),(84,146),(189,158),(134,142),(73,14),(178,69),(284,45),
67:(128,17),(93,78),(147,118),(117,30),(300,110),(53,38),(95,62),(197,154),(327,152),(85,13),(134,90),(181,86),(68,126),(266,113),(85,146),(188,158),(135,142),(74,14),(178,69),(284,45),
68:(129,17),(94,78),(147,118),(116,30),(301,110),(52,38),(95,62),(196,154),(328,152),(86,13),(134,91),(181,87),(68,126),(266,112),(86,146),(187,158),(136,142),(75,14),(178,69),(284,45),
69:(130,17),(95,78),(147,118),(115,30),(302,110),(51,38),(95,62),(195,154),(329,152),(87,13),(134,92),(181,88),(68,126),(266,111),(87,146),(186,158),(137,142),(76,14),(178,69),(284,45),
70:(131,17),(96,78),(147,118),(114,30),(303,110),(50,38),(95,62),(194,154),(330,152),(88,13),(134,93),(181,89),(68,126),(266,110),(88,146),(185,158),(138,142),(77,14),(178,69),(284,45),
71:(132,17),(97,78),(147,118),(113,30),(304,110),(49,38),(95,62),(193,154),(331,152),(89,13),(134,94),(181,90),(68,126),(266,109),(89,146),(184,158),(139,142),(78,14),(178,69),(284,45),
72:(133,17),(98,78),(147,118),(112,30),(305,110),(48,38),(95,62),(192,154),(332,152),(90,13),(134,95),(181,91),(68,126),(266,108),(90,146),(183,158),(140,142),(79,14),(178,69),(284,45),
73:(134,17),(99,78),(147,118),(111,30),(306,110),(47,38),(95,62),(191,154),(333,152),(91,13),(134,96),(181,92),(68,126),(266,107),(91,146),(182,158),(141,142),(80,14),(178,69),(284,45),
74:(135,17),(100,78),(147,118),(110,30),(307,110),(46,38),(95,62),(190,154),(334,152),(92,13),(134,97),(181,93),(68,126),(266,106),(92,146),(181,158),(142,142),(81,14),(178,69),(284,45),
75:(136,17),(101,78),(147,118),(109,30),(308,110),(45,38),(95,62),(189,154),(335,152),(93,13),(134,98),(181,94),(68,126),(266,105),(93,146),(180,158),(143,142),(82,14),(178,69),(284,45),
76:(137,17),(102,78),(147,118),(108,30),(309,110),(44,38),(95,62),(188,154),(336,152),(94,13),(134,99),(181,95),(68,126),(266,104),(94,146),(179,158),(144,142),(83,14),(178,69),(284,45),
77:(138,17),(103,78),(147,118),(107,30),(310,110),(43,38),(95,62),(187,154),(336,151),(95,13),(134,100),(181,96),(68,126),(266,103),(95,146),(178,158),(145,142),(84,14),(178,69),(284,45),
78:(139,17),(104,78),(147,118),(106,30),(310,111),(42,38),(95,62),(186,154),(336,150),(96,13),(134,101),(181,97),(68,126),(266,102),(96,146),(177,158),(146,142),(85,14),(178,69),(284,45),
79:(140,17),(105,78),(147,118),(105,30),(310,112),(41,38),(95,62),(185,154),(336,149),(97,13),(134,102),(181,98),(68,126),(266,101),(97,146),(176,158),(147,142),(86,14),(178,69),(284,45),
80:(141,17),(106,78),(147,118),(104,30),(310,113),(40,38),(95,62),(184,154),(336,148),(98,13),(134,103),(181,99),(68,126),(266,100),(98,146),(175,158),(148,142),(86,14),(178,69),(284,45),
81:(142,17),(107,78),(147,118),(103,30),(310,114),(39,38),(95,62),(183,154),(336,147),(99,13),(134,104),(181,100),(68,126),(266,99),(99,146),(174,158),(149,142),(86,14),(178,69),(284,45),
82:(143,17),(108,78),(147,118),(102,30),(310,115),(38,38),(95,62),(182,154),(336,146),(100,13),(134,105),(181,101),(68,126),(266,98),(100,146),(173,158),(150,142),(86,14),(178,69),(284,45),
83:(144,17),(109,78),(147,118),(101,30),(310,116),(37,38),(95,62),(181,154),(336,145),(101,13),(134,106),(181,102),(68,126),(266,97),(101,146),(172,158),(151,142),(86,14),(178,69),(284,45),
84:(145,17),(110,78),(147,118),(100,30),(310,117),(36,38),(95,62),(180,154),(336,144),(102,13),(134,107),(181,103),(68,126),(266,96),(102,146),(171,158),(152,142),(86,14),(178,69),(284,45),
85:(146,17),(111,78),(147,118),(99,30),(310,118),(35,38),(95,62),(179,154),(336,143),(103,13),(134,108),(181,104),(68,126),(266,95),(103,146),(170,158),(153,142),(86,14),(178,69),(284,45),
86:(147,17),(112,78),(147,118),(98,30),(310,119),(34,38),(95,62),(178,154),(336,142),(104,13),(134,109),(181,105),(68,126),(266,94),(104,146),(169,158),(154,142),(86,14),(178,69),(284,45),
87:(148,17),(113,78),(147,118),(97,30),(310,120),(33,38),(95,62),(177,154),(336,141),(105,13),(134,110),(181,106),(68,126),(266,93),(105,146),(168,158),(155,142),(86,14),(178,69),(284,45),
88:(149,17),(114,78),(147,118),(96,30),(310,121),(32,38),(95,62),(176,154),(336,140),(106,13),(134,111),(181,107),(68,126),(266,92),(106,146),(167,158),(156,142),(86,14),(178,69),(284,45),
89:(150,17),(115,78),(147,118),(95,30),(310,122),(31,38),(95,62),(175,154),(336,139),(107,13),(134,112),(181,108),(68,126),(266,91),(107,146),(166,158),(157,142),(86,14),(178,69),(284,45),
90:(151,17),(116,78),(147,118),(94,30),(310,123),(30,38),(95,62),(174,154),(336,138),(108,13),(134,113),(181,109),(68,126),(266,90),(108,146),(165,158),(158,142),(86,14),(178,69),(284,45),
91:(152,17),(117,78),(147,118),(93,30),(310,124),(29,38),(95,62),(173,154),(336,137),(109,13),(134,114),(181,110),(68,126),(266,89),(109,146),(164,158),(159,142),(86,14),(178,69),(284,45),
92:(153,17),(118,78),(147,118),(92,30),(310,125),(28,38),(95,62),(172,154),(336,136),(110,13),(134,115),(181,111),(68,126),(266,88),(110,146),(163,158),(160,142),(86,14),(178,69),(284,45),
93:(154,17),(119,78),(147,118),(91,30),(310,126),(27,38),(95,62),(171,154),(336,135),(111,13),(134,116),(181,112),(68,126),(266,87),(111,146),(162,158),(161,142),(86,14),(178,69),(284,45),
94:(155,17),(120,78),(147,118),(90,30),(310,127),(26,38),(95,62),(170,154),(336,134),(112,13),(134,117),(181,113),(68,126),(266,86),(112,146),(161,158),(162,142),(86,14),(178,69),(284,45),
95:(156,17),(121,78),(147,118),(89,30),(310,128),(25,38),(95,62),(169,154),(336,133),(113,13),(135,117),(181,114),(68,126),(266,85),(113,146),(160,158),(163,142),(86,14),(178,69),(284,45),
96:(157,17),(122,78),(147,118),(88,30),(310,129),(24,38),(95,62),(168,154),(336,132),(114,13),(135,118),(181,115),(68,126),(266,84),(114,146),(159,158),(164,142),(86,14),(178,69),(284,45),
97:(158,17),(123,78),(147,118),(87,30),(310,130),(23,38),(95,62),(167,154),(336,131),(115,13),(135,118),(181,116),(68,126),(266,83),(115,146),(158,158),(165,142),(86,14),(178,69),(284,45),
98:(159,17),(124,78),(147,118),(86,30),(310,131),(22,38),(95,62),(166,154),(336,130),(116,13),(135,118),(181,117),(68,126),(266,82),(116,146),(157,158),(166,142),(86,14),(178,69),(284,45),
99:(160,17),(125,78),(147,118),(85,30),(310,132),(21,38),(95,62),(165,154),(336,129),(117,13),(135,118),(181,118),(68,126),(266,81),(117,146),(156,158),(167,142),(86,14),(178,69),(284,45),
100:(161,17),(126,78),(147,118),(84,30),(310,133),(20,38),(95,62),(164,154),(336,128),(118,13),(135,118),(181,119),(68,126),(266,80),(118,146),(155,158),(168,142),(86,14),(178,69),(284,45),
101:(162,17),(127,78),(147,118),(83,30),(310,134),(19,38),(95,62),(163,154),(336,127),(119,13),(135,118),(181,120),(68,126),(266,79),(119,146),(154,158),(169,142),(86,14),(178,69),(284,45),
102:(163,17),(128,78),(147,118),(82,30),(310,135),(18,38),(95,62),(162,154),(336,126),(120,13),(135,118),(181,121),(68,126),(266,78),(120,146),(153,158),(170,142),(86,14),(178,69),(284,45),
103:(164,17),(129,78),(147,118),(81,30),(310,136),(17,38),(95,62),(161,154),(336,125),(121,13),(135,118),(181,122),(68,126),(266,77),(121,146),(152,158),(171,142),(86,14),(178,69),(284,45),
104:(165,17),(130,78),(147,118),(80,30),(310,136),(16,38),(95,62),(160,154),(336,124),(122,13),(135,118),(181,123),(68,126),(266,76),(122,146),(151,158),(172,142),(86,14),(178,69),(284,45),
105:(166,17),(131,78),(147,118),(79,30),(310,136),(16,39),(95,62),(159,154),(336,123),(123,13),(135,118),(181,124),(68,126),(266,75),(123,146),(150,158),(173,142),(86,14),(178,69),(284,45),
106:(167,17),(132,78),(147,118),(78,30),(310,136),(16,40),(95,62),(158,154),(336,122),(124,13),(135,118),(181,125),(68,126),(266,74),(124,146),(149,158),(174,142),(86,14),(178,69),(284,45),
107:(168,17),(133,78),(147,118),(77,30),(310,136),(16,41),(95,62),(157,154),(336,121),(125,13),(135,118),(181,126),(68,126),(266,73),(125,146),(148,158),(175,142),(86,14),(178,69),(284,45),
108:(169,17),(134,78),(147,118),(76,30),(310,136),(16,42),(95,62),(156,154),(336,120),(126,13),(135,118),(181,127),(68,126),(266,72),(126,146),(147,158),(176,142),(86,14),(178,69),(284,45),
109:(170,17),(135,78),(147,118),(75,30),(310,136),(16,43),(95,62),(155,154),(336,119),(127,13),(135,118),(181,128),(68,126),(266,71),(127,146),(146,158),(177,142),(86,14),(178,69),(284,45),
110:(171,17),(136,78),(147,118),(74,30),(310,136),(16,44),(95,62),(154,154),(336,118),(128,13),(135,118),(181,128),(68,126),(266,70),(128,146),(145,158),(178,142),(86,14),(178,69),(284,45),
111:(172,17),(137,78),(147,118),(73,30),(310,136),(16,45),(95,62),(153,154),(336,117),(129,13),(135,118),(181,128),(68,126),(266,69),(129,146),(144,158),(179,142),(86,14),(178,69),(284,45),
112:(173,17),(138,78),(147,118),(72,30),(310,136),(16,46),(95,62),(152,154),(336,116),(130,13),(135,118),(181,128),(68,126),(266,68),(130,146),(143,158),(180,142),(86,14),(178,69),(284,45),
113:(174,17),(139,78),(147,118),(71,30),(310,136),(16,47),(95,62),(151,154),(336,115),(131,13),(135,118),(181,128),(68,126),(266,67),(131,146),(142,158),(181,142),(86,14),(178,69),(284,45),
114:(175,17),(140,78),(147,118),(70,30),(310,136),(16,48),(95,62),(150,154),(336,114),(132,13),(135,118),(181,128),(68,126),(266,66),(132,146),(141,158),(182,142),(86,14),(178,69),(284,45),
115:(176,17),(141,78),(147,118),(69,30),(310,136),(16,49),(95,62),(149,154),(336,113),(133,13),(135,118),(181,128),(68,126),(266,65),(133,146),(140,158),(183,142),(86,14),(178,69),(284,45),
116:(177,17),(142,78),(147,118),(68,30),(310,136),(16,50),(95,62),(148,154),(336,112),(134,13),(135,118),(181,128),(68,126),(266,64),(134,146),(139,158),(184,142),(86,14),(178,69),(284,45),
117:(178,17),(143,78),(147,118),(67,30),(310,136),(16,51),(95,62),(147,154),(336,111),(135,13),(135,118),(181,128),(68,126),(266,63),(135,146),(138,158),(185,142),(86,14),(178,69),(284,45),
118:(179,17),(144,78),(147,118),(66,30),(310,136),(16,52),(95,62),(146,154),(336,110),(136,13),(135,118),(181,128),(68,126),(266,62),(136,146),(137,158),(186,142),(86,14),(178,69),(284,45),
119:(180,17),(145,78),(147,118),(65,30),(310,136),(16,53),(95,62),(145,154),(336,109),(137,13),(135,118),(181,128),(68,126),(266,61),(137,146),(136,158),(187,142),(86,14),(178,69),(284,45),
120:(181,17),(146,78),(147,118),(64,30),(310,136),(16,54),(95,62),(144,154),(336,108),(138,13),(135,118),(181,128),(68,126),(266,60),(138,146),(135,158),(188,142),(86,14),(178,69),(284,45),
121:(182,17),(147,78),(147,118),(63,30),(310,136),(16,55),(95,62),(143,154),(336,107),(139,13),(135,118),(181,128),(68,126),(266,59),(139,146),(134,158),(189,142),(86,14),(178,69),(284,45),
122:(183,17),(148,78),(147,118),(62,30),(310,136),(16,56),(95,62),(142,154),(336,106),(140,13),(135,118),(181,128),(68,126),(266,58),(140,146),(133,158),(190,142),(86,14),(178,69),(284,45),
123:(184,17),(149,78),(147,118),(61,30),(310,136),(16,57),(95,62),(141,154),(336,105),(141,13),(135,118),(181,128),(68,126),(266,57),(141,146),(132,158),(191,142),(86,14),(178,69),(284,45),
124:(185,17),(150,78),(147,118),(60,30),(310,136),(16,58),(95,62),(140,154),(336,104),(142,13),(135,118),(181,128),(68,126),(266,56),(142,146),(131,158),(192,142),(86,14),(178,69),(284,45),
125:(186,17),(151,78),(147,118),(59,30),(310,136),(16,59),(95,62),(139,154),(336,103),(143,13),(135,118),(181,128),(68,126),(266,55),(143,146),(130,158),(193,142),(86,14),(178,69),(284,45),
126:(187,17),(152,78),(147,118),(58,30),(310,136),(16,60),(95,62),(138,154),(336,102),(144,13),(135,118),(181,128),(68,126),(266,54),(144,146),(129,158),(194,142),(86,14),(178,69),(284,45),
127:(188,17),(153,78),(147,118),(57,30),(310,136),(16,61),(95,62),(137,154),(336,101),(145,13),(135,118),(181,128),(68,126),(266,53),(145,146),(128,158),(195,142),(86,14),(178,69),(284,45),
128:(189,17),(154,78),(147,118),(56,30),(310,136),(16,62),(95,62),(136,154),(336,100),(146,13),(135,118),(181,128),(68,126),(266,52),(146,146),(127,158),(196,142),(86,14),(178,69),(284,45),
129:(190,17),(155,78),(147,118),(55,30),(310,136),(16,63),(95,62),(135,154),(336,99),(147,13),(135,118),(181,128),(68,126),(266,51),(147,146),(126,158),(197,142),(86,14),(178,69),(284,45),
130:(191,17),(156,78),(147,118),(54,30),(310,136),(16,64),(95,62),(134,154),(336,98),(148,13),(135,118),(181,128),(68,126),(266,50),(148,146),(125,158),(198,142),(86,14),(178,69),(284,45),
131:(192,17),(157,78),(147,118),(53,30),(310,136),(16,65),(95,62),(133,154),(336,97),(149,13),(135,118),(181,128),(68,126),(266,49),(149,146),(124,158),(199,142),(86,14),(178,69),(284,45),
132:(193,17),(158,78),(147,118),(52,30),(310,136),(16,66),(95,62),(132,154),(336,96),(150,13),(135,118),(181,128),(68,126),(266,48),(150,146),(123,158),(200,142),(86,14),(178,69),(284,45),
133:(194,17),(159,78),(147,118),(51,30),(310,136),(16,67),(95,62),(131,154),(336,95),(151,13),(135,118),(181,128),(68,126),(266,47),(151,146),(122,158),(201,142),(86,14),(178,69),(284,45),
134:(195,17),(160,78),(147,118),(50,30),(310,136),(16,68),(95,62),(130,154),(336,94),(152,13),(135,118),(181,128),(68,126),(266,46),(152,146),(121,158),(202,142),(86,14),(178,69),(284,45),
135:(196,17),(161,78),(147,118),(49,30),(310,136),(16,69),(95,62),(129,154),(336,93),(153,13),(135,118),(181,128),(68,126),(266,45),(153,146),(120,158),(203,142),(86,14),(178,69),(284,45),
136:(197,17),(162,78),(147,118),(48,30),(310,136),(16,70),(95,62),(128,154),(336,92),(154,13),(135,118),(181,128),(68,126),(266,44),(154,146),(119,158),(204,142),(86,14),(178,69),(284,45),
137:(198,17),(163,78),(147,118),(47,30),(310,136),(16,71),(95,62),(127,154),(336,91),(155,13),(135,118),(181,128),(68,126),(266,43),(155,146),(118,158),(205,142),(86,14),(178,69),(284,45),
138:(199,17),(164,78),(147,118),(46,30),(310,136),(16,72),(95,62),(126,154),(336,90),(156,13),(135,118),(181,128),(68,126),(266,42),(156,146),(117,158),(206,142),(86,14),(178,69),(284,45),
139:(200,17),(165,78),(147,118),(45,30),(310,136),(16,73),(95,62),(125,154),(336,89),(157,13),(135,118),(181,128),(68,126),(266,41),(157,146),(116,158),(207,142),(86,14),(178,69),(284,45),
140:(201,17),(166,78),(147,118),(44,30),(310,136),(16,74),(95,62),(124,154),(336,88),(158,13),(135,118),(181,128),(68,126),(266,40),(158,146),(115,158),(208,142),(86,14),(178,69),(284,45),
141:(202,17),(167,78),(147,118),(43,30),(310,136),(16,75),(95,62),(123,154),(336,87),(159,13),(135,118),(181,128),(68,126),(266,39),(159,146),(114,158),(209,142),(86,14),(178,69),(284,45),
142:(203,17),(168,78),(147,118),(42,30),(310,136),(16,76),(95,62),(122,154),(336,86),(160,13),(135,118),(181,128),(68,126),(266,38),(160,146),(113,158),(210,142),(86,14),(178,69),(284,45),
143:(204,17),(169,78),(147,118),(41,30),(310,136),(16,77),(95,62),(121,154),(336,85),(161,13),(135,118),(181,128),(68,126),(266,37),(161,146),(112,158),(211,142),(86,14),(178,69),(284,45),
144:(205,17),(170,78),(147,118),(40,30),(310,136),(16,78),(95,62),(120,154),(336,84),(162,13),(135,118),(181,128),(68,126),(266,36),(162,146),(111,158),(212,142),(86,14),(178,69),(284,45),
145:(206,17),(171,78),(147,118),(39,30),(310,136),(16,79),(95,62),(119,154),(336,83),(163,13),(135,118),(181,128),(68,126),(266,35),(163,146),(110,158),(213,142),(86,14),(178,69),(284,45),
146:(207,17),(172,78),(147,118),(38,30),(310,136),(16,80),(95,62),(118,154),(336,82),(164,13),(135,118),(181,128),(68,126),(266,34),(164,146),(109,158),(214,142),(86,14),(178,69),(284,45),
147:(208,17),(173,78),(147,118),(37,30),(310,136),(16,81),(95,62),(117,154),(336,81),(165,13),(135,118),(181,128),(68,126),(266,33),(165,146),(108,158),(215,142),(86,14),(178,69),(284,45),
148:(209,17),(174,78),(147,118),(36,30),(310,136),(16,82),(95,62),(116,154),(336,80),(166,13),(135,118),(181,128),(68,126),(266,32),(166,146),(107,158),(216,142),(86,14),(178,69),(284,45),
149:(210,17),(175,78),(147,118),(35,30),(310,136),(16,83),(95,62),(115,154),(336,79),(167,13),(135,118),(181,128),(68,126),(266,31),(167,146),(106,158),(217,142),(86,14),(178,69),(284,45),
150:(211,17),(176,78),(147,118),(34,30),(310,136),(16,84),(95,62),(114,154),(336,78),(168,13),(135,118),(181,128),(68,126),(266,30),(168,146),(105,158),(218,142),(86,14),(178,69),(284,45),
151:(212,17),(177,78),(147,118),(33,30),(310,136),(16,85),(95,62),(113,154),(336,77),(169,13),(135,118),(181,128),(68,126),(266,29),(169,146),(104,158),(218,141),(86,14),(178,69),(284,45),
152:(213,17),(178,78),(147,118),(32,30),(310,136),(16,86),(95,62),(112,154),(336,76),(170,13),(135,118),(181,128),(68,126),(266,28),(170,146),(103,158),(218,140),(86,14),(178,69),(284,45),
153:(214,17),(179,78),(147,118),(31,30),(310,136),(16,87),(95,62),(111,154),(336,75),(171,13),(135,118),(181,128),(68,126),(266,27),(171,146),(102,158),(218,139),(86,14),(178,69),(284,45),
154:(215,17),(180,78),(147,118),(31,31),(310,136),(16,88),(95,62),(110,154),(336,74),(172,13),(135,118),(181,128),(68,126),(266,26),(172,146),(101,158),(218,138),(86,14),(178,69),(284,45),
155:(216,17),(181,78),(147,118),(31,32),(310,136),(16,89),(95,62),(109,154),(336,73),(173,13),(135,118),(181,128),(68,126),(266,25),(173,146),(100,158),(218,137),(86,14),(178,69),(284,45),
156:(217,17),(182,78),(147,118),(31,33),(310,136),(16,90),(95,62),(108,154),(336,72),(174,13),(135,118),(181,128),(68,126),(266,24),(174,146),(99,158),(218,136),(86,14),(178,69),(284,45),
157:(218,17),(183,78),(147,118),(31,34),(310,136),(16,91),(95,62),(107,154),(336,71),(175,13),(135,118),(181,128),(68,126),(266,23),(175,146),(98,158),(218,135),(86,14),(178,69),(284,45),
158:(218,18),(184,78),(147,118),(31,35),(310,136),(16,92),(95,62),(106,154),(336,70),(176,13),(135,118),(181,128),(68,126),(266,22),(176,146),(97,158),(218,134),(86,14),(178,69),(284,45),
159:(218,19),(185,78),(147,118),(31,36),(310,136),(16,93),(95,62),(105,154),(336,69),(177,13),(135,118),(181,128),(68,126),(266,21),(177,146),(97,157),(218,133),(86,14),(178,69),(284,45),
160:(218,20),(186,78),(147,118),(31,37),(310,136),(16,94),(95,62),(104,154),(336,68),(178,13),(135,118),(181,128),(68,126),(266,20),(178,146),(97,156),(218,132),(86,14),(178,69),(284,45),
161:(218,21),(187,78),(147,118),(31,38),(310,136),(16,95),(95,62),(103,154),(336,67),(179,13),(135,118),(181,128),(68,126),(266,19),(179,146),(97,155),(218,131),(86,14),(178,69),(284,45),
162:(218,22),(188,78),(147,118),(31,39),(310,136),(16,96),(95,62),(102,154),(336,66),(180,13),(135,118),(181,128),(68,126),(266,18),(180,146),(97,154),(218,130),(86,14),(178,69),(284,45),
163:(218,23),(189,78),(147,118),(31,40),(310,136),(16,97),(95,62),(101,154),(336,65),(181,13),(135,118),(181,128),(68,126),(266,17),(181,146),(97,153),(218,129),(86,14),(178,69),(284,45),
164:(218,23),(190,78),(147,118),(31,41),(310,136),(16,98),(95,62),(100,154),(336,64),(182,13),(135,118),(181,128),(68,126),(266,16),(182,146),(97,152),(218,128),(86,14),(178,69),(284,45),
165:(218,23),(191,78),(147,118),(31,42),(310,136),(16,99),(95,62),(99,154),(336,63),(183,13),(135,118),(181,128),(68,126),(266,15),(183,146),(97,151),(218,127),(86,14),(178,69),(284,45),
166:(218,23),(192,78),(147,118),(31,43),(310,136),(16,100),(95,62),(98,154),(336,62),(184,13),(135,118),(181,128),(68,126),(266,14),(184,146),(97,150),(218,126),(86,14),(178,69),(284,45),
167:(218,23),(193,78),(147,118),(31,44),(310,136),(16,101),(95,62),(97,154),(336,61),(185,13),(135,118),(181,128),(68,126),(267,14),(185,146),(97,149),(218,125),(86,14),(178,69),(284,45),
168:(218,23),(194,78),(147,118),(31,45),(310,136),(16,102),(95,62),(96,154),(336,60),(186,13),(135,118),(181,128),(68,126),(268,14),(186,146),(97,148),(218,124),(86,14),(178,69),(284,45),
169:(218,23),(194,77),(147,118),(31,46),(310,136),(16,103),(95,62),(95,154),(336,59),(187,13),(135,118),(181,128),(68,126),(269,14),(187,146),(97,147),(218,123),(86,14),(178,69),(284,45),
170:(218,23),(194,76),(147,118),(31,47),(310,136),(16,104),(95,62),(94,154),(336,58),(188,13),(135,118),(181,128),(68,126),(270,14),(188,146),(97,146),(218,122),(86,14),(178,69),(284,45),
171:(218,23),(194,75),(147,118),(31,48),(310,136),(16,105),(95,62),(93,154),(336,57),(189,13),(135,118),(181,128),(68,126),(270,13),(189,146),(97,145),(218,121),(86,14),(178,69),(284,45),
172:(218,23),(194,74),(147,118),(31,49),(310,136),(16,106),(95,62),(92,154),(336,56),(190,13),(135,118),(181,128),(68,126),(270,13),(190,146),(97,144),(218,120),(86,14),(178,69),(284,45),
173:(218,23),(194,73),(147,118),(31,50),(310,136),(16,107),(95,62),(91,154),(336,55),(191,13),(135,118),(181,128),(68,126),(270,13),(191,146),(97,143),(218,119),(86,14),(178,69),(284,45),
174:(218,23),(194,72),(147,118),(31,51),(310,136),(16,108),(95,62),(90,154),(336,54),(192,13),(135,118),(181,128),(68,126),(270,13),(192,146),(97,142),(218,118),(86,14),(178,69),(284,45),
175:(218,23),(194,71),(147,118),(31,52),(310,136),(16,109),(95,62),(89,154),(336,53),(193,13),(135,118),(181,128),(68,126),(270,13),(193,146),(97,141),(218,117),(86,14),(178,69),(284,45),
176:(218,23),(194,70),(147,118),(31,53),(310,136),(16,110),(95,62),(88,154),(336,52),(194,13),(135,118),(181,128),(68,126),(270,13),(194,146),(97,140),(218,116),(86,14),(178,69),(284,45),
177:(218,23),(194,69),(147,118),(31,54),(310,136),(16,111),(95,62),(87,154),(336,51),(195,13),(135,118),(181,128),(68,126),(270,13),(195,146),(97,139),(218,115),(86,14),(178,69),(284,45),
178:(218,23),(194,68),(147,118),(31,55),(310,136),(16,112),(95,62),(86,154),(336,50),(196,13),(135,118),(181,128),(68,126),(270,13),(196,146),(97,138),(218,114),(86,14),(178,69),(284,45),
179:(218,23),(194,67),(147,118),(31,56),(310,136),(16,113),(95,62),(85,154),(336,49),(197,13),(135,118),(181,128),(68,126),(270,13),(197,146),(97,137),(218,113),(86,14),(178,69),(284,45),
180:(218,23),(194,66),(147,118),(31,57),(310,136),(16,114),(95,62),(84,154),(336,48),(198,13),(135,118),(181,128),(68,126),(270,13),(198,146),(97,136),(218,112),(86,14),(178,69),(284,45),
181:(218,23),(194,65),(147,118),(31,58),(310,136),(16,115),(95,62),(83,154),(336,47),(199,13),(135,118),(181,128),(68,126),(270,13),(199,146),(97,135),(218,111),(86,14),(178,69),(284,45),
182:(218,23),(194,64),(147,118),(31,59),(310,136),(16,116),(95,62),(82,154),(336,46),(200,13),(135,118),(181,128),(68,126),(270,13),(200,146),(97,134),(218,110),(86,14),(178,69),(284,45),
183:(218,23),(194,63),(147,118),(31,60),(310,136),(16,117),(95,62),(81,154),(336,45),(201,13),(135,118),(181,128),(68,126),(270,13),(201,146),(97,133),(218,109),(86,14),(178,69),(284,45),
184:(218,23),(194,62),(147,118),(31,61),(310,136),(16,118),(95,62),(80,154),(336,44),(202,13),(135,118),(181,128),(68,126),(270,13),(202,146),(97,132),(218,108),(86,14),(178,69),(284,45),
185:(218,23),(194,61),(147,118),(31,62),(310,136),(16,119),(95,62),(79,154),(336,43),(203,13),(135,118),(181,128),(68,126),(270,13),(203,146),(97,131),(218,107),(86,14),(178,69),(284,45),
186:(218,23),(194,60),(147,118),(31,63),(310,136),(16,120),(95,62),(78,154),(336,42),(204,13),(135,118),(181,128),(68,126),(270,13),(204,146),(97,130),(218,106),(86,14),(178,69),(284,45),
187:(218,23),(194,59),(147,118),(31,64),(310,136),(16,121),(95,62),(77,154),(336,41),(205,13),(135,118),(181,128),(68,126),(270,13),(205,146),(97,129),(218,105),(86,14),(178,69),(284,45),
188:(218,23),(194,58),(147,118),(31,65),(310,136),(16,122),(95,62),(76,154),(336,40),(206,13),(135,118),(181,128),(68,126),(270,13),(206,146),(97,128),(218,104),(86,14),(178,69),(284,45),
189:(218,23),(194,57),(147,118),(31,66),(310,136),(16,123),(95,62),(75,154),(336,39),(207,13),(135,118),(181,128),(68,126),(270,13),(207,146),(97,127),(218,103),(86,14),(178,69),(284,45),
190:(218,23),(194,56),(147,118),(31,67),(310,136),(16,124),(95,62),(74,154),(336,38),(208,13),(135,118),(181,128),(68,126),(270,13),(208,146),(97,126),(218,102),(86,14),(178,69),(284,45),
191:(218,23),(194,55),(147,118),(31,68),(310,136),(16,125),(95,62),(73,154),(336,37),(209,13),(135,118),(181,128),(68,126),(270,13),(209,146),(97,125),(218,101),(86,14),(178,69),(284,45),
192:(218,23),(194,54),(147,118),(31,69),(310,136),(16,126),(95,62),(72,154),(336,36),(210,13),(135,118),(181,128),(68,126),(270,13),(210,146),(97,124),(218,100),(86,14),(178,69),(284,45),
193:(218,23),(194,53),(147,118),(31,70),(310,136),(16,127),(95,62),(71,154),(336,35),(211,13),(135,118),(181,128),(68,126),(270,13),(211,146),(97,123),(218,99),(86,14),(178,69),(284,45),
194:(218,23),(194,52),(147,118),(31,71),(310,136),(16,128),(95,62),(70,154),(336,34),(212,13),(135,118),(181,128),(68,126),(270,13),(212,146),(97,122),(218,98),(86,14),(178,69),(284,45),
195:(218,23),(194,51),(147,118),(31,72),(310,136),(16,129),(95,62),(69,154),(336,33),(213,13),(135,118),(181,128),(68,126),(270,13),(213,146),(97,121),(218,97),(86,14),(178,69),(284,45),
196:(218,23),(194,50),(147,118),(31,73),(310,136),(16,130),(95,62),(68,154),(336,32),(214,13),(135,118),(181,128),(68,126),(270,13),(214,146),(97,120),(218,96),(86,14),(178,69),(284,45),
197:(218,23),(194,49),(147,118),(31,74),(310,136),(16,131),(95,62),(67,154),(336,31),(215,13),(135,118),(181,128),(68,126),(270,13),(215,146),(97,119),(218,95),(86,14),(178,69),(284,45),
198:(218,23),(194,48),(147,118),(31,75),(310,136),(16,132),(95,62),(66,154),(336,30),(216,13),(135,118),(181,128),(68,126),(270,13),(216,146),(97,118),(218,94),(86,14),(178,69),(284,45),
199:(218,23),(194,47),(147,118),(31,76),(310,136),(16,133),(95,62),(65,154),(336,29),(217,13),(135,118),(181,128),(68,126),(270,13),(217,146),(97,117),(218,93),(86,14),(178,69),(284,45),
200:(218,23),(194,46),(147,118),(31,77),(310,136),(16,134),(95,62),(64,154),(336,28),(218,13),(135,118),(181,128),(68,126),(270,13),(218,146),(97,116),(218,92),(86,14),(178,69),(284,45),
201:(218,23),(195,46),(147,118),(31,78),(310,136),(16,135),(95,62),(63,154),(336,27),(219,13),(135,118),(181,128),(68,126),(270,13),(219,146),(97,115),(218,91),(86,14),(178,69),(284,45),
202:(218,23),(195,46),(147,118),(31,79),(310,136),(16,136),(95,62),(62,154),(336,26),(220,13),(135,118),(181,128),(68,126),(270,13),(220,146),(97,114),(218,90),(86,14),(178,69),(284,45),
203:(218,23),(195,46),(147,118),(31,80),(310,136),(16,137),(95,62),(61,154),(336,25),(221,13),(135,118),(181,128),(68,126),(270,13),(221,146),(97,113),(218,89),(86,14),(178,69),(284,45),
204:(218,23),(195,46),(147,118),(31,81),(310,136),(16,138),(95,62),(60,154),(336,24),(222,13),(135,118),(181,128),(68,126),(270,13),(222,146),(97,112),(218,88),(86,14),(178,69),(284,45),
205:(218,23),(195,46),(147,118),(31,82),(310,136),(16,139),(95,62),(59,154),(336,23),(223,13),(135,118),(181,128),(68,126),(270,13),(223,146),(97,111),(218,87),(86,14),(178,69),(284,45),
206:(218,23),(195,46),(147,118),(31,83),(310,136),(16,140),(95,62),(58,154),(336,22),(224,13),(135,118),(181,128),(68,126),(270,13),(224,146),(97,110),(218,86),(86,14),(178,69),(284,45),
207:(218,23),(195,46),(147,118),(31,83),(310,136),(16,141),(95,62),(57,154),(336,21),(225,13),(135,118),(181,128),(68,126),(270,13),(225,146),(97,109),(218,85),(86,14),(178,69),(284,45),
208:(218,23),(195,46),(147,118),(31,83),(310,136),(16,142),(95,62),(56,154),(336,20),(226,13),(135,118),(181,128),(68,126),(270,13),(226,146),(97,108),(218,84),(86,14),(178,69),(284,45),
209:(218,23),(195,46),(147,118),(31,83),(310,136),(16,143),(95,62),(55,154),(336,19),(227,13),(135,118),(181,128),(68,126),(270,13),(227,146),(97,107),(218,83),(86,14),(178,69),(284,45),
210:(218,23),(195,46),(147,118),(31,83),(310,136),(16,144),(95,62),(54,154),(336,18),(228,13),(135,118),(181,128),(68,126),(270,13),(228,146),(97,106),(218,82),(86,14),(178,69),(284,45),
211:(218,23),(195,46),(147,118),(31,83),(310,136),(16,145),(95,62),(53,154),(336,17),(229,13),(135,118),(181,128),(68,126),(270,13),(229,146),(97,105),(218,81),(86,14),(178,69),(284,45),
212:(218,23),(195,46),(147,118),(31,83),(310,136),(16,145),(95,62),(52,154),(336,16),(230,13),(135,118),(181,128),(68,126),(270,13),(230,146),(97,104),(218,80),(86,14),(178,69),(284,45),
213:(218,23),(195,46),(147,118),(31,83),(310,136),(16,145),(95,62),(51,154),(336,15),(231,13),(135,118),(181,128),(68,126),(270,13),(231,146),(97,103),(218,79),(86,14),(178,69),(284,45),
214:(218,23),(195,46),(147,118),(31,83),(310,136),(16,145),(95,62),(50,154),(336,14),(232,13),(135,118),(181,128),(68,126),(270,13),(232,146),(97,102),(218,78),(86,14),(178,69),(284,45),
215:(218,23),(195,46),(147,118),(31,83),(310,136),(16,145),(95,62),(49,154),(336,13),(233,13),(135,118),(181,128),(68,126),(270,13),(233,146),(97,101),(218,77),(86,14),(178,69),(284,45),
216:(218,23),(195,46),(147,118),(31,83),(310,136),(16,145),(95,62),(48,154),(336,12),(234,13),(135,118),(181,128),(68,126),(270,13),(234,146),(97,100),(218,76),(86,14),(178,69),(284,45),
217:(218,23),(195,46),(147,118),(31,83),(310,136),(16,145),(95,62),(47,154),(336,12),(235,13),(135,118),(181,128),(68,126),(270,13),(235,146),(97,99),(218,75),(86,14),(178,69),(284,45),
218:(218,23),(195,46),(147,118),(31,83),(310,136),(16,145),(95,62),(46,154),(336,12),(236,13),(135,118),(181,128),(68,126),(270,13),(236,146),(97,98),(218,74),(86,14),(178,69),(284,45),
219:(218,23),(195,46),(147,118),(31,83),(310,136),(16,145),(95,62),(45,154),(336,12),(237,13),(135,118),(181,128),(68,126),(270,13),(237,146),(97,97),(218,73),(86,14),(178,69),(284,45),
220:(218,23),(195,46),(147,118),(31,83),(310,136),(16,145),(95,62),(44,154),(336,12),(238,13),(135,118),(181,128),(68,126),(270,13),(238,146),(97,96),(218,72),(86,14),(178,69),(284,45),
221:(218,23),(195,46),(147,118),(31,83),(310,136),(16,145),(95,62),(43,154),(336,12),(239,13),(135,118),(181,128),(68,126),(270,13),(239,146),(97,95),(218,71),(86,14),(178,69),(284,45),
222:(218,23),(195,46),(147,118),(31,83),(310,136),(16,145),(95,62),(42,154),(336,12),(240,13),(135,118),(181,128),(68,126),(270,13),(240,146),(97,94),(218,70),(86,14),(178,69),(284,45),
223:(218,23),(195,46),(147,118),(31,83),(310,136),(16,145),(95,62),(41,154),(336,12),(241,13),(135,118),(181,128),(68,126),(270,13),(241,146),(97,93),(218,69),(86,14),(178,69),(284,45),
224:(218,23),(195,46),(147,118),(31,83),(310,136),(16,145),(95,62),(40,154),(336,12),(242,13),(135,118),(181,128),(68,126),(270,13),(242,146),(97,92),(218,68),(86,14),(178,69),(284,45),
225:(218,23),(195,46),(147,118),(31,83),(310,136),(16,145),(95,62),(39,154),(336,12),(243,13),(135,118),(181,128),(68,126),(270,13),(243,146),(97,91),(218,67),(86,14),(178,69),(284,45),
226:(218,23),(195,46),(147,118),(31,83),(310,136),(16,145),(95,62),(38,154),(336,12),(244,13),(135,118),(181,128),(68,126),(270,13),(244,146),(97,90),(218,66),(86,14),(178,69),(284,45),
227:(218,23),(195,46),(147,118),(31,83),(310,136),(16,145),(95,62),(37,154),(336,12),(245,13),(135,118),(181,128),(68,126),(270,13),(245,146),(97,89),(218,65),(86,14),(178,69),(284,45),
228:(218,23),(195,46),(147,118),(31,83),(310,136),(16,145),(95,62),(36,154),(336,12),(246,13),(135,118),(181,128),(68,126),(270,13),(246,146),(97,88),(218,64),(86,14),(178,69),(284,45),
229:(218,23),(195,46),(147,118),(31,83),(310,136),(16,145),(95,62),(35,154),(336,12),(247,13),(135,118),(181,128),(68,126),(270,13),(247,146),(97,87),(218,63),(86,14),(178,69),(284,45),
230:(218,23),(195,46),(147,118),(31,83),(310,136),(16,145),(95,62),(34,154),(336,12),(248,13),(135,118),(181,128),(68,126),(270,13),(248,146),(97,86),(218,62),(86,14),(178,69),(284,45),
231:(218,23),(195,46),(147,118),(31,83),(310,136),(16,145),(95,62),(33,154),(336,12),(249,13),(135,118),(181,128),(68,126),(270,13),(249,146),(97,85),(218,61),(86,14),(178,69),(284,45),
232:(218,23),(195,46),(147,118),(31,83),(310,136),(16,145),(95,62),(32,154),(336,12),(250,13),(135,118),(181,128),(68,126),(270,13),(250,146),(97,84),(218,60),(86,14),(178,69),(284,45),
233:(218,23),(195,46),(147,118),(31,83),(310,136),(16,145),(95,62),(31,154),(336,12),(251,13),(135,118),(181,128),(68,126),(270,13),(251,146),(97,83),(218,59),(86,14),(178,69),(284,45),
234:(218,23),(195,46),(147,118),(31,83),(310,136),(16,145),(95,62),(30,154),(336,12),(252,13),(135,118),(181,128),(68,126),(270,13),(252,146),(97,82),(218,58),(86,14),(178,69),(284,45),
235:(218,23),(195,46),(147,118),(31,83),(310,136),(16,145),(95,62),(29,154),(336,12),(253,13),(135,118),(181,128),(68,126),(270,13),(253,146),(97,81),(218,57),(86,14),(178,69),(284,45),
236:(218,23),(195,46),(147,118),(31,83),(310,136),(16,145),(95,62),(28,154),(336,12),(254,13),(135,118),(181,128),(68,126),(270,13),(254,146),(97,80),(218,56),(86,14),(178,69),(284,45),
237:(218,23),(195,46),(147,118),(31,83),(310,136),(16,145),(95,62),(28,153),(336,12),(255,13),(135,118),(181,128),(68,126),(270,13),(255,146),(97,79),(218,55),(86,14),(178,69),(284,45),
238:(218,23),(195,46),(147,118),(31,83),(310,136),(16,145),(95,62),(28,152),(336,12),(256,13),(135,118),(181,128),(68,126),(270,13),(256,146),(97,78),(218,54),(86,14),(178,69),(284,45),
239:(218,23),(195,46),(147,118),(31,83),(310,136),(16,145),(95,62),(28,151),(336,12),(257,13),(135,118),(181,128),(68,126),(270,13),(257,146),(97,77),(219,54),(86,14),(178,69),(284,45),
240:(218,23),(195,46),(147,118),(31,83),(310,136),(16,145),(95,62),(28,150),(336,12),(258,13),(135,118),(181,128),(68,126),(270,13),(258,146),(97,76),(219,54),(86,14),(178,69),(284,45),
241:(218,23),(195,46),(147,118),(31,83),(310,136),(16,145),(95,62),(28,149),(336,12),(259,13),(135,118),(181,128),(68,126),(270,13),(259,146),(97,75),(219,54),(86,14),(178,69),(284,45),
242:(218,23),(195,46),(147,118),(31,83),(310,136),(16,145),(95,62),(28,148),(336,12),(260,13),(135,118),(181,128),(68,126),(270,13),(260,146),(97,74),(219,54),(86,14),(178,69),(284,45),
243:(218,23),(195,46),(147,118),(31,83),(310,136),(16,145),(95,62),(28,147),(336,12),(261,13),(135,118),(181,128),(68,126),(270,13),(261,146),(97,73),(219,54),(86,14),(178,69),(284,45),
244:(218,23),(195,46),(147,118),(31,83),(310,136),(16,145),(95,62),(28,146),(336,12),(262,13),(135,118),(181,128),(68,126),(270,13),(262,146),(97,72),(219,54),(86,14),(178,69),(284,45),
245:(218,23),(195,46),(147,118),(31,83),(310,136),(16,145),(95,62),(28,145),(336,12),(263,13),(135,118),(181,128),(68,126),(270,13),(263,146),(97,71),(219,54),(86,14),(178,69),(284,45),
246:(218,23),(195,46),(147,118),(31,83),(310,136),(16,145),(95,62),(28,144),(336,12),(264,13),(135,118),(181,128),(68,126),(270,13),(264,146),(97,70),(219,54),(86,14),(178,69),(284,45),
247:(218,23),(195,46),(147,118),(31,83),(310,136),(16,145),(95,62),(28,143),(336,12),(265,13),(135,118),(181,128),(68,126),(270,13),(265,146),(97,69),(219,54),(86,14),(178,69),(284,45),
248:(218,23),(195,46),(147,118),(31,83),(310,136),(16,145),(95,62),(28,142),(336,12),(266,13),(135,118),(181,128),(68,126),(270,13),(266,146),(97,68),(219,54),(86,14),(178,69),(284,45),
249:(218,23),(195,46),(147,118),(31,83),(310,136),(16,145),(95,62),(28,141),(336,12),(267,13),(135,118),(181,128),(68,126),(270,13),(267,146),(97,67),(219,54),(86,14),(178,69),(284,45),
250:(218,23),(195,46),(147,118),(31,83),(310,136),(16,145),(95,62),(28,140),(336,12),(268,13),(135,118),(181,128),(68,126),(270,13),(268,146),(97,66),(219,54),(86,14),(178,69),(284,45),
251:(218,23),(195,46),(147,118),(31,83),(310,136),(16,145),(95,62),(28,139),(336,12),(269,13),(135,118),(181,128),(68,126),(270,13),(269,146),(97,65),(219,54),(86,14),(178,69),(284,45),
252:(218,23),(195,46),(147,118),(31,83),(310,136),(16,145),(95,62),(28,138),(336,12),(269,14),(135,118),(181,128),(68,126),(270,13),(270,146),(97,64),(219,54),(86,14),(178,69),(284,45),
253:(218,23),(195,46),(147,118),(31,83),(310,136),(16,145),(95,62),(28,137),(336,12),(270,14),(135,118),(181,128),(68,126),(270,13),(271,146),(97,63),(219,54),(86,14),(178,69),(284,45),
254:(218,23),(195,46),(147,118),(31,83),(310,136),(16,145),(95,62),(28,136),(336,12),(271,14),(135,118),(181,128),(68,126),(270,13),(272,146),(97,62),(219,54),(86,14),(178,69),(284,45),
255:(218,23),(195,46),(147,118),(31,83),(310,136),(16,145),(95,62),(28,135),(336,12),(272,14),(135,118),(181,128),(68,126),(270,13),(273,146),(97,61),(219,54),(86,14),(178,69),(284,45),
256:(218,23),(195,46),(147,118),(31,83),(310,136),(16,145),(95,62),(28,134),(336,12),(273,14),(135,118),(181,128),(68,126),(270,13),(274,146),(97,60),(219,54),(86,14),(178,69),(284,45),
257:(218,23),(195,46),(147,118),(31,83),(310,136),(16,145),(95,62),(28,133),(336,12),(274,14),(135,118),(181,128),(68,126),(270,13),(275,146),(97,59),(219,54),(86,14),(178,69),(284,45),
258:(218,23),(195,46),(147,118),(31,83),(310,136),(16,145),(95,62),(28,132),(336,12),(275,14),(135,118),(181,128),(68,126),(270,13),(276,146),(97,58),(219,54),(86,14),(178,69),(284,45),
259:(218,23),(195,46),(147,118),(31,83),(310,136),(16,145),(95,62),(28,131),(336,12),(276,14),(135,118),(181,128),(68,126),(270,13),(277,146),(97,57),(219,54),(86,14),(178,69),(284,45),
260:(218,23),(195,46),(147,118),(31,83),(310,136),(16,145),(95,62),(28,130),(336,12),(277,14),(135,118),(181,128),(68,126),(270,13),(278,146),(97,56),(219,54),(86,14),(178,69),(284,45),
261:(218,23),(195,46),(147,118),(31,83),(310,136),(16,145),(95,62),(28,129),(336,12),(278,14),(135,118),(181,128),(68,126),(270,13),(279,146),(97,55),(219,54),(86,14),(178,69),(284,45),
262:(218,23),(195,46),(147,118),(31,83),(310,136),(16,145),(95,62),(28,128),(336,12),(279,14),(135,118),(181,128),(68,126),(270,13),(280,146),(97,54),(219,54),(86,14),(178,69),(284,45),
263:(218,23),(195,46),(147,118),(31,83),(310,136),(16,145),(95,62),(28,127),(336,12),(280,14),(135,118),(181,128),(68,126),(270,13),(281,146),(97,53),(219,54),(86,14),(178,69),(284,45),
264:(218,23),(195,46),(147,118),(31,83),(310,136),(16,145),(95,62),(28,126),(336,12),(281,14),(135,118),(181,128),(68,126),(270,13),(282,146),(97,52),(219,54),(86,14),(178,69),(284,45),
265:(218,23),(195,46),(147,118),(31,83),(310,136),(16,145),(95,62),(28,125),(336,12),(282,14),(135,118),(181,128),(68,126),(270,13),(283,146),(97,51),(219,54),(86,14),(178,69),(284,45),
266:(218,23),(195,46),(147,118),(31,83),(310,136),(16,145),(95,62),(28,124),(336,12),(283,14),(135,118),(181,128),(68,126),(270,13),(284,146),(97,50),(219,54),(86,14),(178,69),(284,45),
267:(218,23),(195,46),(147,118),(31,83),(310,136),(16,145),(95,62),(28,123),(336,12),(284,14),(135,118),(181,128),(68,126),(270,13),(285,146),(97,49),(219,54),(86,14),(178,69),(284,45),
268:(218,23),(195,46),(147,118),(31,83),(310,136),(16,145),(95,62),(28,122),(336,12),(285,14),(135,118),(181,128),(68,126),(270,13),(286,146),(97,48),(219,54),(86,14),(178,69),(284,45),
269:(218,23),(195,46),(147,118),(31,83),(310,136),(16,145),(95,62),(28,121),(336,12),(286,14),(135,118),(181,128),(68,126),(270,13),(287,146),(97,47),(219,54),(86,14),(178,69),(284,45),
270:(218,23),(195,46),(147,118),(31,83),(310,136),(16,145),(95,62),(28,120),(336,12),(287,14),(135,118),(181,128),(68,126),(270,13),(288,146),(97,46),(219,54),(86,14),(178,69),(284,45),
271:(218,23),(195,46),(147,118),(31,83),(310,136),(16,145),(95,62),(28,119),(336,12),(288,14),(135,118),(181,128),(68,126),(270,13),(289,146),(97,45),(219,54),(86,14),(178,69),(284,45),
272:(218,23),(195,46),(147,118),(31,83),(310,136),(16,145),(95,62),(28,118),(336,12),(289,14),(135,118),(181,128),(68,126),(270,13),(290,146),(97,44),(219,54),(86,14),(178,69),(284,45),
273:(218,23),(195,46),(147,118),(31,83),(310,136),(16,145),(95,62),(28,117),(336,12),(290,14),(135,118),(181,128),(68,126),(270,13),(291,146),(97,43),(219,54),(86,14),(178,69),(284,45),
274:(218,23),(195,46),(147,118),(31,83),(310,136),(16,145),(95,62),(28,116),(336,12),(291,14),(135,118),(181,128),(68,126),(270,13),(291,145),(97,42),(219,54),(86,14),(178,69),(284,45),
275:(218,23),(195,46),(147,118),(31,83),(310,136),(16,145),(95,62),(28,115),(336,12),(292,14),(135,118),(181,128),(68,126),(270,13),(291,144),(97,41),(219,54),(86,14),(178,69),(284,45),
276:(218,23),(195,46),(147,118),(31,83),(310,136),(16,145),(95,62),(28,114),(336,12),(293,14),(135,118),(181,128),(68,126),(270,13),(291,143),(97,40),(219,54),(86,14),(178,69),(284,45),
277:(218,23),(195,46),(147,118),(31,83),(310,136),(16,145),(95,62),(28,113),(336,12),(294,14),(135,118),(181,128),(68,126),(270,13),(291,142),(97,39),(219,54),(86,14),(178,69),(284,45),
278:(218,23),(195,46),(147,118),(31,83),(310,136),(16,145),(95,62),(28,112),(336,12),(295,14),(135,118),(181,128),(68,126),(270,13),(291,141),(97,38),(219,54),(86,14),(178,69),(284,45),
279:(218,23),(195,46),(147,118),(31,83),(310,136),(16,145),(95,62),(28,111),(336,12),(296,14),(135,118),(181,128),(68,126),(270,13),(291,140),(97,37),(219,54),(86,14),(178,69),(284,45),
280:(218,23),(195,46),(147,118),(31,83),(310,136),(16,145),(95,62),(28,110),(336,12),(297,14),(135,118),(181,128),(68,126),(270,13),(291,139),(97,36),(219,54),(86,14),(178,69),(284,45),
281:(218,23),(195,46),(147,118),(31,83),(310,136),(16,145),(95,62),(28,109),(336,12),(298,14),(135,118),(181,128),(68,126),(270,13),(291,138),(97,35),(219,54),(86,14),(178,69),(284,45),
282:(218,23),(195,46),(147,118),(31,83),(310,136),(16,145),(95,62),(28,108),(336,12),(299,14),(135,118),(181,128),(68,126),(270,13),(291,137),(97,34),(219,54),(86,14),(178,69),(284,45),
283:(218,23),(195,46),(147,118),(31,83),(310,136),(16,145),(95,62),(28,107),(336,12),(300,14),(135,118),(181,128),(68,126),(270,13),(291,136),(97,33),(219,54),(86,14),(178,69),(284,45),
284:(218,23),(195,46),(147,118),(31,83),(310,136),(16,145),(95,62),(28,106),(336,12),(301,14),(135,118),(181,128),(68,126),(270,13),(291,135),(97,32),(219,54),(86,14),(178,69),(284,45),
285:(218,23),(195,46),(147,118),(31,83),(310,136),(16,145),(95,62),(28,105),(336,12),(302,14),(135,118),(181,128),(68,126),(270,13),(291,134),(97,31),(219,54),(86,14),(178,69),(284,45),
286:(218,23),(195,46),(147,118),(31,83),(310,136),(16,145),(95,62),(28,104),(336,12),(303,14),(135,118),(181,128),(68,126),(270,13),(291,133),(97,30),(219,54),(86,14),(178,69),(284,45),
287:(218,23),(195,46),(147,118),(31,83),(310,136),(16,145),(95,62),(28,103),(336,12),(304,14),(135,118),(181,128),(68,126),(270,13),(291,132),(97,29),(219,54),(86,14),(178,69),(284,45),
288:(218,23),(195,46),(147,118),(31,83),(310,136),(16,145),(95,62),(28,102),(336,12),(304,15),(135,118),(181,128),(68,126),(270,13),(291,131),(97,28),(219,54),(86,14),(178,69),(284,45),
289:(218,23),(195,46),(147,118),(31,83),(310,136),(16,145),(95,62),(28,101),(336,12),(304,16),(135,118),(181,128),(68,126),(270,13),(291,130),(97,27),(219,54),(86,14),(178,69),(284,45),
290:(218,23),(195,46),(147,118),(31,83),(310,136),(16,145),(95,62),(28,100),(336,12),(304,17),(135,118),(181,128),(68,126),(270,13),(291,129),(97,26),(219,54),(86,14),(178,69),(284,45),
291:(218,23),(195,46),(147,118),(31,83),(310,136),(16,145),(95,62),(28,99),(336,12),(304,18),(135,118),(181,128),(68,126),(270,13),(291,128),(97,25),(219,54),(86,14),(178,69),(284,45),
292:(218,23),(195,46),(147,118),(31,83),(310,136),(16,145),(95,62),(28,98),(336,12),(304,19),(135,118),(181,128),(68,126),(270,13),(291,127),(97,24),(219,54),(86,14),(178,69),(284,45),
293:(218,23),(195,46),(147,118),(31,83),(310,136),(16,145),(95,62),(28,97),(336,12),(304,20),(135,118),(181,128),(68,126),(270,13),(291,126),(97,23),(219,54),(86,14),(178,69),(284,45),
294:(218,23),(195,46),(147,118),(31,83),(310,136),(16,145),(95,62),(28,96),(336,12),(304,21),(135,118),(181,128),(68,126),(270,13),(291,125),(97,22),(219,54),(86,14),(178,69),(284,45),
295:(218,23),(195,46),(147,118),(31,83),(310,136),(16,145),(95,62),(28,95),(336,12),(304,22),(135,118),(181,128),(68,126),(270,13),(291,124),(97,21),(219,54),(86,14),(178,69),(284,45),
296:(218,23),(195,46),(147,118),(31,83),(310,136),(16,145),(95,62),(28,94),(336,12),(304,23),(135,118),(181,128),(68,126),(270,13),(291,123),(97,20),(219,54),(86,14),(178,69),(284,45),
297:(218,23),(195,46),(147,118),(31,83),(310,136),(16,145),(95,62),(28,93),(336,12),(304,24),(135,118),(181,128),(68,126),(270,13),(291,122),(97,19),(219,54),(86,14),(178,69),(284,45),
298:(218,23),(195,46),(147,118),(31,83),(310,136),(16,145),(95,62),(28,92),(336,12),(304,25),(135,118),(181,128),(68,126),(270,13),(291,121),(97,18),(219,54),(86,14),(178,69),(284,45),
299:(218,23),(195,46),(147,118),(31,83),(310,136),(16,145),(95,62),(28,91),(336,12),(304,26),(135,118),(181,128),(68,126),(270,13),(291,120),(97,17),(219,54),(86,14),(178,69),(284,45),
300:(218,23),(195,46),(147,118),(31,83),(310,136),(16,145),(95,62),(28,90),(336,12),(304,27),(135,118),(181,128),(68,126),(270,13),(291,119),(97,16),(219,54),(86,14),(178,69),(284,45),
301:(218,23),(195,46),(147,118),(31,83),(310,136),(16,145),(95,62),(28,89),(336,12),(304,28),(135,118),(181,128),(68,126),(270,13),(291,118),(97,15),(219,54),(86,14),(178,69),(284,45),
302:(218,23),(195,46),(147,118),(31,83),(310,136),(16,145),(95,62),(28,88),(336,12),(304,29),(135,118),(181,128),(68,126),(270,13),(291,117),(97,14),(219,54),(86,14),(178,69),(284,45),
303:(218,23),(195,46),(147,118),(31,83),(310,136),(16,145),(95,62),(28,87),(336,12),(304,30),(135,118),(181,128),(68,126),(270,13),(291,116),(97,13),(219,54),(86,14),(178,69),(284,45),
304:(218,23),(195,46),(147,118),(31,83),(310,136),(16,145),(95,62),(28,86),(336,12),(304,31),(135,118),(181,128),(68,126),(270,13),(291,115),(97,12),(219,54),(86,14),(178,69),(284,45),
305:(218,23),(195,46),(147,118),(31,83),(310,136),(16,145),(95,62),(28,85),(336,12),(304,32),(135,118),(181,128),(68,126),(270,13),(291,114),(97,11),(219,54),(86,14),(178,69),(284,45),
306:(218,23),(195,46),(147,118),(31,83),(310,136),(16,145),(95,62),(28,84),(336,12),(304,33),(135,118),(181,128),(68,126),(270,13),(291,114),(97,10),(219,54),(86,14),(178,69),(284,45),
307:(218,23),(195,46),(147,118),(31,83),(310,136),(16,145),(95,62),(28,83),(336,12),(304,34),(135,118),(181,128),(68,126),(270,13),(291,114),(97,9),(219,54),(86,14),(178,69),(284,45),
308:(218,23),(195,46),(147,118),(31,83),(310,136),(16,145),(95,62),(28,82),(336,12),(304,35),(135,118),(181,128),(68,126),(270,13),(291,114),(97,8),(219,54),(86,14),(178,69),(284,45),
309:(218,23),(195,46),(147,118),(31,83),(310,136),(16,145),(95,62),(28,81),(336,12),(304,36),(135,118),(181,128),(68,126),(270,13),(291,114),(97,7),(219,54),(86,14),(178,69),(284,45),
310:(218,23),(195,46),(147,118),(31,83),(310,136),(16,145),(95,62),(28,80),(336,12),(304,37),(135,118),(181,128),(68,126),(270,13),(291,114),(97,6),(219,54),(86,14),(178,69),(284,45),
311:(218,23),(195,46),(147,118),(31,83),(310,136),(16,145),(95,62),(28,79),(336,12),(304,38),(135,118),(181,128),(68,126),(270,13),(291,114),(97,5),(219,54),(86,14),(178,69),(284,45),
312:(218,23),(195,46),(147,118),(31,83),(310,136),(16,145),(95,62),(28,78),(336,12),(304,39),(135,118),(181,128),(68,126),(270,13),(291,114),(97,4),(219,54),(86,14),(178,69),(284,45),
313:(218,23),(195,46),(147,118),(31,83),(310,136),(16,145),(95,62),(28,77),(336,12),(304,40),(135,118),(181,128),(68,126),(270,13),(291,114),(97,3),(219,54),(86,14),(178,69),(284,45),
314:(218,23),(195,46),(147,118),(31,83),(310,136),(16,145),(95,62),(28,76),(336,12),(304,41),(135,118),(181,128),(68,126),(270,13),(291,114),(97,2),(219,54),(86,14),(178,69),(284,45),
315:(218,23),(195,46),(147,118),(31,83),(310,136),(16,145),(95,62),(28,75),(336,12),(304,42),(135,118),(181,128),(68,126),(270,13),(291,114),(96,2),(219,54),(86,14),(178,69),(284,45),
316:(218,23),(195,46),(147,118),(31,83),(310,136),(16,145),(95,62),(28,74),(336,12),(304,43),(135,118),(181,128),(68,126),(270,13),(291,114),(95,2),(219,54),(86,14),(178,69),(284,45),
317:(218,23),(195,46),(147,118),(31,83),(310,136),(16,145),(95,62),(28,73),(336,12),(304,44),(135,118),(181,128),(68,126),(270,13),(291,114),(94,2),(219,54),(86,14),(178,69),(284,45),
318:(218,23),(195,46),(147,118),(31,83),(310,136),(16,145),(95,62),(28,73),(336,12),(304,45),(135,118),(181,128),(68,126),(270,13),(291,114),(93,2),(219,54),(86,14),(178,69),(284,45),
319:(218,23),(195,46),(147,118),(31,83),(310,136),(16,145),(95,62),(28,73),(336,12),(304,46),(135,118),(181,128),(68,126),(270,13),(291,114),(93,2),(219,54),(86,14),(178,69),(284,45),
320:(218,23),(195,46),(147,118),(31,83),(310,136),(16,145),(95,62),(28,73),(336,12),(304,47),(135,118),(181,128),(68,126),(270,13),(291,114),(93,2),(219,54),(86,14),(178,69),(284,45),
321:(218,23),(195,46),(147,118),(31,83),(310,136),(16,145),(95,62),(28,73),(336,12),(304,48),(135,118),(181,128),(68,126),(270,13),(291,114),(93,2),(219,54),(86,14),(178,69),(284,45),
322:(218,23),(195,46),(147,118),(31,83),(310,136),(16,145),(95,62),(28,73),(336,12),(304,49),(135,118),(181,128),(68,126),(270,13),(291,114),(93,2),(219,54),(86,14),(178,69),(284,45),
323:(218,23),(195,46),(147,118),(31,83),(310,136),(16,145),(95,62),(28,73),(336,12),(304,50),(135,118),(181,128),(68,126),(270,13),(291,114),(93,2),(219,54),(86,14),(178,69),(284,45),
324:(218,23),(195,46),(147,118),(31,83),(310,136),(16,145),(95,62),(28,73),(336,12),(304,51),(135,118),(181,128),(68,126),(270,13),(291,114),(93,2),(219,54),(86,14),(178,69),(284,45),
325:(218,23),(195,46),(147,118),(31,83),(310,136),(16,145),(95,62),(28,73),(336,12),(304,52),(135,118),(181,128),(68,126),(270,13),(291,114),(93,2),(219,54),(86,14),(178,69),(284,45),
326:(218,23),(195,46),(147,118),(31,83),(310,136),(16,145),(95,62),(28,73),(336,12),(304,53),(135,118),(181,128),(68,126),(270,13),(291,114),(93,2),(219,54),(86,14),(178,69),(284,45),
327:(218,23),(195,46),(147,118),(31,83),(310,136),(16,145),(95,62),(28,73),(336,12),(304,54),(135,118),(181,128),(68,126),(270,13),(291,114),(93,2),(219,54),(86,14),(178,69),(284,45),
328:(218,23),(195,46),(147,118),(31,83),(310,136),(16,145),(95,62),(28,73),(336,12),(304,55),(135,118),(181,128),(68,126),(270,13),(291,114),(93,2),(219,54),(86,14),(178,69),(284,45),
329:(218,23),(195,46),(147,118),(31,83),(310,136),(16,145),(95,62),(28,73),(336,12),(304,56),(135,118),(181,128),(68,126),(270,13),(291,114),(93,2),(219,54),(86,14),(178,69),(284,45),
330:(218,23),(195,46),(147,118),(31,83),(310,136),(16,145),(95,62),(28,73),(336,12),(304,57),(135,118),(181,128),(68,126),(270,13),(291,114),(93,2),(219,54),(86,14),(178,69),(284,45),
331:(218,23),(195,46),(147,118),(31,83),(310,136),(16,145),(95,62),(28,73),(336,12),(304,58),(135,118),(181,128),(68,126),(270,13),(291,114),(93,2),(219,54),(86,14),(178,69),(284,45),
332:(218,23),(195,46),(147,118),(31,83),(310,136),(16,145),(95,62),(28,73),(336,12),(304,59),(135,118),(181,128),(68,126),(270,13),(291,114),(93,2),(219,54),(86,14),(178,69),(284,45),
333:(218,23),(195,46),(147,118),(31,83),(310,136),(16,145),(95,62),(28,73),(336,12),(304,60),(135,118),(181,128),(68,126),(270,13),(291,114),(93,2),(219,54),(86,14),(178,69),(284,45),
334:(218,23),(195,46),(147,118),(31,83),(310,136),(16,145),(95,62),(28,73),(336,12),(304,61),(135,118),(181,128),(68,126),(270,13),(291,114),(93,2),(219,54),(86,14),(178,69),(284,45),
335:(218,23),(195,46),(147,118),(31,83),(310,136),(16,145),(95,62),(28,73),(336,12),(304,62),(135,118),(181,128),(68,126),(270,13),(291,114),(93,2),(219,54),(86,14),(178,69),(284,45),
336:(218,23),(195,46),(147,118),(31,83),(310,136),(16,145),(95,62),(28,73),(336,12),(304,63),(135,118),(181,128),(68,126),(270,13),(291,114),(93,2),(219,54),(86,14),(178,69),(284,45),
337:(218,23),(195,46),(147,118),(31,83),(310,136),(16,145),(95,62),(28,73),(336,12),(304,64),(135,118),(181,128),(68,126),(270,13),(291,114),(93,2),(219,54),(86,14),(178,69),(284,45),
338:(218,23),(195,46),(147,118),(31,83),(310,136),(16,145),(95,62),(28,73),(336,12),(304,65),(135,118),(181,128),(68,126),(270,13),(291,114),(93,2),(219,54),(86,14),(178,69),(284,45),
339:(218,23),(195,46),(147,118),(31,83),(310,136),(16,145),(95,62),(28,73),(336,12),(304,66),(135,118),(181,128),(68,126),(270,13),(291,114),(93,2),(219,54),(86,14),(178,69),(284,45),
340:(218,23),(195,46),(147,118),(31,83),(310,136),(16,145),(95,62),(28,73),(336,12),(304,67),(135,118),(181,128),(68,126),(270,13),(291,114),(93,2),(219,54),(86,14),(178,69),(284,45),
341:(218,23),(195,46),(147,118),(31,83),(310,136),(16,145),(95,62),(28,73),(336,12),(304,68),(135,118),(181,128),(68,126),(270,13),(291,114),(93,2),(219,54),(86,14),(178,69),(284,45),
342:(218,23),(195,46),(147,118),(31,83),(310,136),(16,145),(95,62),(28,73),(336,12),(304,69),(135,118),(181,128),(68,126),(270,13),(291,114),(93,2),(219,54),(86,14),(178,69),(284,45),
343:(218,23),(195,46),(147,118),(31,83),(310,136),(16,145),(95,62),(28,73),(336,12),(304,70),(135,118),(181,128),(68,126),(270,13),(291,114),(93,2),(219,54),(86,14),(178,69),(284,45),
344:(218,23),(195,46),(147,118),(31,83),(310,136),(16,145),(95,62),(28,73),(336,12),(304,71),(135,118),(181,128),(68,126),(270,13),(291,114),(93,2),(219,54),(86,14),(178,69),(284,45),
345:(218,23),(195,46),(147,118),(31,83),(310,136),(16,145),(95,62),(28,73),(336,12),(304,72),(135,118),(181,128),(68,126),(270,13),(291,114),(93,2),(219,54),(86,14),(178,69),(284,45),
346:(218,23),(195,46),(147,118),(31,83),(310,136),(16,145),(95,62),(28,73),(336,12),(304,73),(135,118),(181,128),(68,126),(270,13),(291,114),(93,2),(219,54),(86,14),(178,69),(284,45),
347:(218,23),(195,46),(147,118),(31,83),(310,136),(16,145),(95,62),(28,73),(336,12),(304,74),(135,118),(181,128),(68,126),(270,13),(291,114),(93,2),(219,54),(86,14),(178,69),(284,45),
348:(218,23),(195,46),(147,118),(31,83),(310,136),(16,145),(95,62),(28,73),(336,12),(304,75),(135,118),(181,128),(68,126),(270,13),(291,114),(93,2),(219,54),(86,14),(178,69),(284,45),
349:(218,23),(195,46),(147,118),(31,83),(310,136),(16,145),(95,62),(28,73),(336,12),(304,76),(135,118),(181,128),(68,126),(270,13),(291,114),(93,2),(219,54),(86,14),(178,69),(284,45),
350:(218,23),(195,46),(147,118),(31,83),(310,136),(16,145),(95,62),(28,73),(336,12),(304,77),(135,118),(181,128),(68,126),(270,13),(291,114),(93,2),(219,54),(86,14),(178,69),(284,45),
351:(218,23),(195,46),(147,118),(31,83),(310,136),(16,145),(95,62),(28,73),(336,12),(304,78),(135,118),(181,128),(68,126),(270,13),(291,114),(93,2),(219,54),(86,14),(178,69),(284,45),
352:(218,23),(195,46),(147,118),(31,83),(310,136),(16,145),(95,62),(28,73),(336,12),(304,79),(135,118),(181,128),(68,126),(270,13),(291,114),(93,2),(219,54),(86,14),(178,69),(284,45),
353:(218,23),(195,46),(147,118),(31,83),(310,136),(16,145),(95,62),(28,73),(336,12),(304,80),(135,118),(181,128),(68,126),(270,13),(291,114),(93,2),(219,54),(86,14),(178,69),(284,45),
354:(218,23),(195,46),(147,118),(31,83),(310,136),(16,145),(95,62),(28,73),(336,12),(304,81),(135,118),(181,128),(68,126),(270,13),(291,114),(93,2),(219,54),(86,14),(178,69),(284,45),
355:(218,23),(195,46),(147,118),(31,83),(310,136),(16,145),(95,62),(28,73),(336,12),(304,82),(135,118),(181,128),(68,126),(270,13),(291,114),(93,2),(219,54),(86,14),(178,69),(284,45),
356:(218,23),(195,46),(147,118),(31,83),(310,136),(16,145),(95,62),(28,73),(336,12),(304,83),(135,118),(181,128),(68,126),(270,13),(291,114),(93,2),(219,54),(86,14),(178,69),(284,45),
357:(218,23),(195,46),(147,118),(31,83),(310,136),(16,145),(95,62),(28,73),(336,12),(304,84),(135,118),(181,128),(68,126),(270,13),(291,114),(93,2),(219,54),(86,14),(178,69),(284,45),
358:(218,23),(195,46),(147,118),(31,83),(310,136),(16,145),(95,62),(28,73),(336,12),(304,85),(135,118),(181,128),(68,126),(270,13),(291,114),(93,2),(219,54),(86,14),(178,69),(284,45),
359:(218,23),(195,46),(147,118),(31,83),(310,136),(16,145),(95,62),(28,73),(336,12),(304,86),(135,118),(181,128),(68,126),(270,13),(291,114),(93,2),(219,54),(86,14),(178,69),(284,45),
360:(218,23),(195,46),(147,118),(31,83),(310,136),(16,145),(95,62),(28,73),(336,12),(304,87),(135,118),(181,128),(68,126),(270,13),(291,114),(93,2),(219,54),(86,14),(178,69),(284,45),
361:(218,23),(195,46),(147,118),(31,83),(310,136),(16,145),(95,62),(28,73),(336,12),(304,88),(135,118),(181,128),(68,126),(270,13),(291,114),(93,2),(219,54),(86,14),(178,69),(284,45),
362:(218,23),(195,46),(147,118),(31,83),(310,136),(16,145),(95,62),(28,73),(336,12),(304,89),(135,118),(181,128),(68,126),(270,13),(291,114),(93,2),(219,54),(86,14),(178,69),(284,45),
363:(218,23),(195,46),(147,118),(31,83),(310,136),(16,145),(95,62),(28,73),(336,12),(304,90),(135,118),(181,128),(68,126),(270,13),(291,114),(93,2),(219,54),(86,14),(178,69),(284,45),
364:(218,23),(195,46),(147,118),(31,83),(310,136),(16,145),(95,62),(28,73),(336,12),(304,91),(135,118),(181,128),(68,126),(270,13),(291,114),(93,2),(219,54),(86,14),(178,69),(284,45),
365:(218,23),(195,46),(147,118),(31,83),(310,136),(16,145),(95,62),(28,73),(336,12),(304,92),(135,118),(181,128),(68,126),(270,13),(291,114),(93,2),(219,54),(86,14),(178,69),(284,45),
366:(218,23),(195,46),(147,118),(31,83),(310,136),(16,145),(95,62),(28,73),(336,12),(304,93),(135,118),(181,128),(68,126),(270,13),(291,114),(93,2),(219,54),(86,14),(178,69),(284,45),
367:(218,23),(195,46),(147,118),(31,83),(310,136),(16,145),(95,62),(28,73),(336,12),(304,94),(135,118),(181,128),(68,126),(270,13),(291,114),(93,2),(219,54),(86,14),(178,69),(284,45),
368:(218,23),(195,46),(147,118),(31,83),(310,136),(16,145),(95,62),(28,73),(336,12),(304,95),(135,118),(181,128),(68,126),(270,13),(291,114),(93,2),(219,54),(86,14),(178,69),(284,45),
369:(218,23),(195,46),(147,118),(31,83),(310,136),(16,145),(95,62),(28,73),(336,12),(304,96),(135,118),(181,128),(68,126),(270,13),(291,114),(93,2),(219,54),(86,14),(178,69),(284,45),
370:(218,23),(195,46),(147,118),(31,83),(310,136),(16,145),(95,62),(28,73),(336,12),(304,97),(135,118),(181,128),(68,126),(270,13),(291,114),(93,2),(219,54),(86,14),(178,69),(284,45),
371:(218,23),(195,46),(147,118),(31,83),(310,136),(16,145),(95,62),(28,73),(336,12),(304,98),(135,118),(181,128),(68,126),(270,13),(291,114),(93,2),(219,54),(86,14),(178,69),(284,45),
372:(218,23),(195,46),(147,118),(31,83),(310,136),(16,145),(95,62),(28,73),(336,12),(304,99),(135,118),(181,128),(68,126),(270,13),(291,114),(93,2),(219,54),(86,14),(178,69),(284,45),
373:(218,23),(195,46),(147,118),(31,83),(310,136),(16,145),(95,62),(28,73),(336,12),(304,100),(135,118),(181,128),(68,126),(270,13),(291,114),(93,2),(219,54),(86,14),(178,69),(284,45),
374:(218,23),(195,46),(147,118),(31,83),(310,136),(16,145),(95,62),(28,73),(336,12),(304,101),(135,118),(181,128),(68,126),(270,13),(291,114),(93,2),(219,54),(86,14),(178,69),(284,45),
375:(218,23),(195,46),(147,118),(31,83),(310,136),(16,145),(95,62),(28,73),(336,12),(304,102),(135,118),(181,128),(68,126),(270,13),(291,114),(93,2),(219,54),(86,14),(178,69),(284,45),
376:(218,23),(195,46),(147,118),(31,83),(310,136),(16,145),(95,62),(28,73),(336,12),(304,103),(135,118),(181,128),(68,126),(270,13),(291,114),(93,2),(219,54),(86,14),(178,69),(284,45),
377:(218,23),(195,46),(147,118),(31,83),(310,136),(16,145),(95,62),(28,73),(336,12),(304,104),(135,118),(181,128),(68,126),(270,13),(291,114),(93,2),(219,54),(86,14),(178,69),(284,45),
378:(218,23),(195,46),(147,118),(31,83),(310,136),(16,145),(95,62),(28,73),(336,12),(304,105),(135,118),(181,128),(68,126),(270,13),(291,114),(93,2),(219,54),(86,14),(178,69),(284,45),
379:(218,23),(195,46),(147,118),(31,83),(310,136),(16,145),(95,62),(28,73),(336,12),(304,106),(135,118),(181,128),(68,126),(270,13),(291,114),(93,2),(219,54),(86,14),(178,69),(284,45),
380:(218,23),(195,46),(147,118),(31,83),(310,136),(16,145),(95,62),(28,73),(336,12),(304,107),(135,118),(181,128),(68,126),(270,13),(291,114),(93,2),(219,54),(86,14),(178,69),(284,45),
381:(218,23),(195,46),(147,118),(31,83),(310,136),(16,145),(95,62),(28,73),(336,12),(304,108),(135,118),(181,128),(68,126),(270,13),(291,114),(93,2),(219,54),(86,14),(178,69),(284,45),
382:(218,23),(195,46),(147,118),(31,83),(310,136),(16,145),(95,62),(28,73),(336,12),(304,109),(135,118),(181,128),(68,126),(270,13),(291,114),(93,2),(219,54),(86,14),(178,69),(284,45),
383:(218,23),(195,46),(147,118),(31,83),(310,136),(16,145),(95,62),(28,73),(336,12),(304,110),(135,118),(181,128),(68,126),(270,13),(291,114),(93,2),(219,54),(86,14),(178,69),(284,45),
384:(218,23),(195,46),(147,118),(31,83),(310,136),(16,145),(95,62),(28,73),(336,12),(304,111),(135,118),(181,128),(68,126),(270,13),(291,114),(93,2),(219,54),(86,14),(178,69),(284,45),
385:(218,23),(195,46),(147,118),(31,83),(310,136),(16,145),(95,62),(28,73),(336,12),(304,112),(135,118),(181,128),(68,126),(270,13),(291,114),(93,2),(219,54),(86,14),(178,69),(284,45),
386:(218,23),(195,46),(147,118),(31,83),(310,136),(16,145),(95,62),(28,73),(336,12),(304,113),(135,118),(181,128),(68,126),(270,13),(291,114),(93,2),(219,54),(86,14),(178,69),(284,45),
387:(218,23),(195,46),(147,118),(31,83),(310,136),(16,145),(95,62),(28,73),(336,12),(304,114),(135,118),(181,128),(68,126),(270,13),(291,114),(93,2),(219,54),(86,14),(178,69),(284,45),
388:(218,23),(195,46),(147,118),(31,83),(310,136),(16,145),(95,62),(28,73),(336,12),(304,115),(135,118),(181,128),(68,126),(270,13),(291,114),(93,2),(219,54),(86,14),(178,69),(284,45),
389:(218,23),(195,46),(147,118),(31,83),(310,136),(16,145),(95,62),(28,73),(336,12),(304,116),(135,118),(181,128),(68,126),(270,13),(291,114),(93,2),(219,54),(86,14),(178,69),(284,45),
390:(218,23),(195,46),(147,118),(31,83),(310,136),(16,145),(95,62),(28,73),(336,12),(304,117),(135,118),(181,128),(68,126),(270,13),(291,114),(93,2),(219,54),(86,14),(178,69),(284,45),
391:(218,23),(195,46),(147,118),(31,83),(310,136),(16,145),(95,62),(28,73),(336,12),(304,118),(135,118),(181,128),(68,126),(270,13),(291,114),(93,2),(219,54),(86,14),(178,69),(284,45),
392:(218,23),(195,46),(147,118),(31,83),(310,136),(16,145),(95,62),(28,73),(336,12),(304,119),(135,118),(181,128),(68,126),(270,13),(291,114),(93,2),(219,54),(86,14),(178,69),(284,45),
393:(218,23),(195,46),(147,118),(31,83),(310,136),(16,145),(95,62),(28,73),(336,12),(304,120),(135,118),(181,128),(68,126),(270,13),(291,114),(93,2),(219,54),(86,14),(178,69),(284,45),
394:(218,23),(195,46),(147,118),(31,83),(310,136),(16,145),(95,62),(28,73),(336,12),(304,121),(135,118),(181,128),(68,126),(270,13),(291,114),(93,2),(219,54),(86,14),(178,69),(284,45),
395:(218,23),(195,46),(147,118),(31,83),(310,136),(16,145),(95,62),(28,73),(336,12),(304,122),(135,118),(181,128),(68,126),(270,13),(291,114),(93,2),(219,54),(86,14),(178,69),(284,45),
396:(218,23),(195,46),(147,118),(31,83),(310,136),(16,145),(95,62),(28,73),(336,12),(304,123),(135,118),(181,128),(68,126),(270,13),(291,114),(93,2),(219,54),(86,14),(178,69),(284,45),
397:(218,23),(195,46),(147,118),(31,83),(310,136),(16,145),(95,62),(28,73),(336,12),(304,124),(135,118),(181,128),(68,126),(270,13),(291,114),(93,2),(219,54),(86,14),(178,69),(284,45),
398:(218,23),(195,46),(147,118),(31,83),(310,136),(16,145),(95,62),(28,73),(336,12),(304,125),(135,118),(181,128),(68,126),(270,13),(291,114),(93,2),(219,54),(86,14),(178,69),(284,45),
399:(218,23),(195,46),(147,118),(31,83),(310,136),(16,145),(95,62),(28,73),(336,12),(304,126),(135,118),(181,128),(68,126),(270,13),(291,114),(93,2),(219,54),(86,14),(178,69),(284,45),
400:(218,23),(195,46),(147,118),(31,83),(310,136),(16,145),(95,62),(28,73),(336,12),(304,127),(135,118),(181,128),(68,126),(270,13),(291,114),(93,2),(219,54),(86,14),(178,69),(284,45),
401:(218,23),(195,46),(147,118),(31,83),(310,136),(16,145),(95,62),(28,73),(336,12),(304,128),(135,118),(181,128),(68,126),(270,13),(291,114),(93,2),(219,54),(86,14),(178,69),(284,45),
402:(218,23),(195,46),(147,118),(31,83),(310,136),(16,145),(95,62),(28,73),(336,12),(304,129),(135,118),(181,128),(68,126),(270,13),(291,114),(93,2),(219,54),(86,14),(178,69),(284,45),
403:(218,23),(195,46),(147,118),(31,83),(310,136),(16,145),(95,62),(28,73),(336,12),(304,130),(135,118),(181,128),(68,126),(270,13),(291,114),(93,2),(219,54),(86,14),(178,69),(284,45),
404:(218,23),(195,46),(147,118),(31,83),(310,136),(16,145),(95,62),(28,73),(336,12),(304,131),(135,118),(181,128),(68,126),(270,13),(291,114),(93,2),(219,54),(86,14),(178,69),(284,45),
405:(218,23),(195,46),(147,118),(31,83),(310,136),(16,145),(95,62),(28,73),(336,12),(304,132),(135,118),(181,128),(68,126),(270,13),(291,114),(93,2),(219,54),(86,14),(178,69),(284,45),
406:(218,23),(195,46),(147,118),(31,83),(310,136),(16,145),(95,62),(28,73),(336,12),(304,133),(135,118),(181,128),(68,126),(270,13),(291,114),(93,2),(219,54),(86,14),(178,69),(284,45),
407:(218,23),(195,46),(147,118),(31,83),(310,136),(16,145),(95,62),(28,73),(336,12),(304,134),(135,118),(181,128),(68,126),(270,13),(291,114),(93,2),(219,54),(86,14),(178,69),(284,45),
408:(218,23),(195,46),(147,118),(31,83),(310,136),(16,145),(95,62),(28,73),(336,12),(304,135),(135,118),(181,128),(68,126),(270,13),(291,114),(93,2),(219,54),(86,14),(178,69),(284,45),
409:(218,23),(195,46),(147,118),(31,83),(310,136),(16,145),(95,62),(28,73),(336,12),(304,136),(135,118),(181,128),(68,126),(270,13),(291,114),(93,2),(219,54),(86,14),(178,69),(284,45),
410:(218,23),(195,46),(147,118),(31,83),(310,136),(16,145),(95,62),(28,73),(336,12),(304,137),(135,118),(181,128),(68,126),(270,13),(291,114),(93,2),(219,54),(86,14),(178,69),(284,45),
411:(218,23),(195,46),(147,118),(31,83),(310,136),(16,145),(95,62),(28,73),(336,12),(304,138),(135,118),(181,128),(68,126),(270,13),(291,114),(93,2),(219,54),(86,14),(178,69),(284,45),
412:(218,23),(195,46),(147,118),(31,83),(310,136),(16,145),(95,62),(28,73),(336,12),(304,139),(135,118),(181,128),(68,126),(270,13),(291,114),(93,2),(219,54),(86,14),(178,69),(284,45),
413:(218,23),(195,46),(147,118),(31,83),(310,136),(16,145),(95,62),(28,73),(336,12),(304,140),(135,118),(181,128),(68,126),(270,13),(291,114),(93,2),(219,54),(86,14),(178,69),(284,45),
414:(218,23),(195,46),(147,118),(31,83),(310,136),(16,145),(95,62),(28,73),(336,12),(304,141),(135,118),(181,128),(68,126),(270,13),(291,114),(93,2),(219,54),(86,14),(178,69),(284,45),
415:(218,23),(195,46),(147,118),(31,83),(310,136),(16,145),(95,62),(28,73),(336,12),(304,142),(135,118),(181,128),(68,126),(270,13),(291,114),(93,2),(219,54),(86,14),(178,69),(284,45),
416:(218,23),(195,46),(147,118),(31,83),(310,136),(16,145),(95,62),(28,73),(336,12),(304,143),(135,118),(181,128),(68,126),(270,13),(291,114),(93,2),(219,54),(86,14),(178,69),(284,45),
417:(218,23),(195,46),(147,118),(31,83),(310,136),(16,145),(95,62),(28,73),(336,12),(304,144),(135,118),(181,128),(68,126),(270,13),(291,114),(93,2),(219,54),(86,14),(178,69),(284,45),
418:(218,23),(195,46),(147,118),(31,83),(310,136),(16,145),(95,62),(28,73),(336,12),(304,145),(135,118),(181,128),(68,126),(270,13),(291,114),(93,2),(219,54),(86,14),(178,69),(284,45),
419:(218,23),(195,46),(147,118),(31,83),(310,136),(16,145),(95,62),(28,73),(336,12),(304,146),(135,118),(181,128),(68,126),(270,13),(291,114),(93,2),(219,54),(86,14),(178,69),(284,45),
420:(218,23),(195,46),(147,118),(31,83),(310,136),(16,145),(95,62),(28,73),(336,12),(304,147),(135,118),(181,128),(68,126),(270,13),(291,114),(93,2),(219,54),(86,14),(178,69),(284,45),
421:(218,23),(195,46),(147,118),(31,83),(310,136),(16,145),(95,62),(28,73),(336,12),(304,148),(135,118),(181,128),(68,126),(270,13),(291,114),(93,2),(219,54),(86,14),(178,69),(284,45),
422:(218,23),(195,46),(147,118),(31,83),(310,136),(16,145),(95,62),(28,73),(336,12),(304,149),(135,118),(181,128),(68,126),(270,13),(291,114),(93,2),(219,54),(86,14),(178,69),(284,45),
423:(218,23),(195,46),(147,118),(31,83),(310,136),(16,145),(95,62),(28,73),(336,12),(304,150),(135,118),(181,128),(68,126),(270,13),(291,114),(93,2),(219,54),(86,14),(178,69),(284,45),
424:(218,23),(195,46),(147,118),(31,83),(310,136),(16,145),(95,62),(28,73),(336,12),(304,151),(135,118),(181,128),(68,126),(270,13),(291,114),(93,2),(219,54),(86,14),(178,69),(284,45),
425:(218,23),(195,46),(147,118),(31,83),(310,136),(16,145),(95,62),(28,73),(336,12),(304,152),(135,118),(181,128),(68,126),(270,13),(291,114),(93,2),(219,54),(86,14),(178,69),(284,45),
426:(218,23),(195,46),(147,118),(31,83),(310,136),(16,145),(95,62),(28,73),(336,12),(304,153),(135,118),(181,128),(68,126),(270,13),(291,114),(93,2),(219,54),(86,14),(178,69),(284,45),
