instance=temp_instance.txt
agents=20
map_file=warehouse-20-40-10-2-2.map
solver=PushAndSwap
solved=0
soc=5643
lb_soc=3609
makespan=501
lb_makespan=421
comp_time=32
preprocessing_comp_time=10
starts=(327,162),(328,41),(5,66),(8,15),(177,98),(270,18),(102,57),(221,86),(335,72),(192,109),(42,46),(37,97),(46,39),(69,66),(312,122),(44,138),(241,61),(87,133),(144,30),(333,52),
goals=(32,36),(161,149),(88,162),(238,150),(177,74),(254,116),(41,9),(108,90),(172,21),(177,57),(273,17),(315,152),(77,86),(29,56),(152,34),(17,153),(236,70),(301,5),(247,93),(203,105),
solution=
0:(327,162),(328,41),(5,66),(8,15),(177,98),(270,18),(102,57),(221,86),(335,72),(192,109),(42,46),(37,97),(46,39),(69,66),(312,122),(44,138),(241,61),(87,133),(144,30),(333,52),
1:(326,162),(327,41),(6,66),(9,15),(178,98),(270,18),(101,57),(220,86),(334,72),(191,109),(43,46),(38,97),(47,39),(69,65),(311,122),(43,138),(241,62),(88,133),(145,30),(332,52),
2:(325,162),(326,41),(7,66),(10,15),(179,98),(270,18),(100,57),(219,86),(333,72),(190,109),(44,46),(39,97),(48,39),(68,65),(310,122),(42,138),(241,63),(89,133),(146,30),(331,52),
3:(324,162),(325,41),(8,66),(11,15),(180,98),(270,18),(99,57),(218,86),(332,72),(189,109),(45,46),(40,97),(49,39),(67,65),(309,122),(41,138),(241,64),(90,133),(147,30),(330,52),
4:(323,162),(324,41),(9,66),(12,15),(180,98),(270,18),(98,57),(217,86),(331,72),(188,109),(46,46),(41,97),(50,39),(66,65),(308,122),(40,138),(241,65),(91,133),(148,30),(329,52),
5:(322,162),(323,41),(10,66),(13,15),(180,98),(270,18),(97,57),(216,86),(330,72),(187,109),(47,46),(42,97),(50,40),(65,65),(307,122),(39,138),(241,66),(92,133),(149,30),(328,52),
6:(321,162),(322,41),(11,66),(14,15),(180,98),(270,18),(96,57),(215,86),(329,72),(186,109),(48,46),(43,97),(50,41),(64,65),(306,122),(38,138),(241,67),(93,133),(150,30),(327,52),
7:(320,162),(321,41),(12,66),(15,15),(180,98),(270,18),(95,57),(214,86),(328,72),(185,109),(49,46),(44,97),(51,41),(63,65),(305,122),(37,138),(241,68),(94,133),(151,30),(326,52),
8:(319,162),(320,41),(13,66),(16,15),(180,98),(270,18),(94,57),(213,86),(327,72),(184,109),(50,46),(45,97),(52,41),(62,65),(304,122),(36,138),(241,69),(95,133),(152,30),(325,52),
9:(318,162),(319,41),(14,66),(17,15),(180,98),(270,18),(93,57),(212,86),(326,72),(183,109),(51,46),(46,97),(53,41),(61,65),(303,122),(35,138),(240,69),(96,133),(153,30),(324,52),
10:(317,162),(318,41),(15,66),(18,15),(180,98),(270,18),(92,57),(211,86),(325,72),(182,109),(52,46),(47,97),(54,41),(60,65),(302,122),(34,138),(239,69),(97,133),(154,30),(323,52),
11:(316,162),(317,41),(16,66),(19,15),(180,98),(270,18),(91,57),(210,86),(324,72),(181,109),(53,46),(48,97),(55,41),(59,65),(302,122),(33,138),(238,69),(98,133),(155,30),(322,52),
12:(315,162),(316,41),(17,66),(20,15),(180,98),(270,18),(90,57),(209,86),(323,72),(181,108),(54,46),(49,97),(56,41),(58,65),(302,122),(33,138),(237,69),(99,133),(156,30),(321,52),
13:(314,162),(315,41),(18,66),(21,15),(180,98),(270,18),(89,57),(208,86),(322,72),(181,107),(55,46),(50,97),(57,41),(57,65),(302,122),(33,138),(236,69),(100,133),(157,30),(320,52),
14:(313,162),(314,41),(19,66),(22,15),(180,98),(270,18),(88,57),(207,86),(321,72),(181,106),(56,46),(51,97),(58,41),(56,65),(302,122),(33,138),(236,69),(101,133),(158,30),(319,52),
15:(312,162),(313,41),(20,66),(23,15),(180,98),(270,18),(87,57),(206,86),(320,72),(181,105),(57,46),(52,97),(59,41),(55,65),(302,122),(33,138),(236,69),(102,133),(159,30),(318,52),
16:(311,162),(312,41),(21,66),(24,15),(180,98),(270,18),(86,57),(206,86),(319,72),(181,104),(58,46),(53,97),(60,41),(54,65),(302,122),(33,138),(236,69),(103,133),(160,30),(317,52),
17:(310,162),(311,41),(22,66),(25,15),(180,98),(270,18),(85,57),(206,86),(318,72),(181,103),(59,46),(54,97),(61,41),(53,65),(302,122),(33,138),(236,69),(104,133),(161,30),(316,52),
18:(309,162),(310,41),(23,66),(26,15),(180,98),(270,18),(84,57),(206,86),(317,72),(181,102),(60,46),(55,97),(62,41),(52,65),(302,122),(33,138),(236,69),(105,133),(162,30),(315,52),
19:(308,162),(309,41),(24,66),(27,15),(180,98),(270,18),(83,57),(206,86),(316,72),(181,101),(61,46),(56,97),(63,41),(51,65),(302,122),(33,138),(236,69),(106,133),(163,30),(314,52),
20:(307,162),(308,41),(25,66),(28,15),(180,98),(270,18),(82,57),(206,86),(315,72),(181,100),(62,46),(57,97),(64,41),(50,65),(302,122),(33,138),(236,69),(107,133),(164,30),(313,52),
21:(306,162),(307,41),(26,66),(29,15),(180,98),(270,18),(81,57),(206,86),(314,72),(181,99),(63,46),(58,97),(65,41),(49,65),(302,122),(33,138),(236,69),(108,133),(165,30),(312,52),
22:(305,162),(306,41),(27,66),(30,15),(180,98),(270,18),(80,57),(206,86),(313,72),(181,98),(64,46),(59,97),(66,41),(48,65),(302,122),(33,138),(236,69),(109,133),(166,30),(311,52),
23:(304,162),(305,41),(28,66),(31,15),(180,98),(270,18),(79,57),(206,86),(312,72),(181,98),(65,46),(60,97),(67,41),(47,65),(302,122),(33,138),(236,69),(110,133),(167,30),(310,52),
24:(303,162),(304,41),(29,66),(32,15),(180,98),(270,18),(78,57),(206,86),(311,72),(181,98),(66,46),(61,97),(68,41),(46,65),(302,122),(33,138),(236,69),(111,133),(168,30),(309,52),
25:(302,162),(303,41),(30,66),(33,15),(180,98),(270,18),(77,57),(206,86),(310,72),(181,98),(67,46),(62,97),(69,41),(45,65),(302,122),(33,138),(236,69),(112,133),(169,30),(308,52),
26:(301,162),(302,41),(31,66),(34,15),(180,98),(270,18),(76,57),(206,86),(309,72),(181,98),(68,46),(63,97),(70,41),(44,65),(302,122),(33,138),(236,69),(113,133),(170,30),(307,52),
27:(300,162),(302,41),(31,66),(35,15),(180,98),(270,18),(75,57),(206,86),(308,72),(181,98),(69,46),(64,97),(71,41),(43,65),(302,122),(33,138),(236,69),(114,133),(171,30),(306,52),
28:(299,162),(302,41),(31,66),(36,15),(180,98),(270,18),(74,57),(206,86),(307,72),(181,98),(70,46),(65,97),(72,41),(42,65),(302,122),(33,138),(236,69),(115,133),(172,30),(305,52),
29:(298,162),(302,41),(31,66),(37,15),(180,98),(270,18),(73,57),(206,86),(306,72),(181,98),(71,46),(66,97),(73,41),(41,65),(302,122),(33,138),(236,69),(116,133),(173,30),(304,52),
30:(297,162),(302,41),(31,66),(38,15),(180,98),(270,18),(72,57),(206,86),(305,72),(181,98),(72,46),(67,97),(74,41),(40,65),(302,122),(33,138),(236,69),(117,133),(174,30),(303,52),
31:(296,162),(302,41),(31,66),(39,15),(180,98),(270,18),(71,57),(206,86),(304,72),(181,98),(73,46),(68,97),(74,42),(39,65),(302,122),(33,138),(236,69),(118,133),(175,30),(302,52),
32:(295,162),(302,41),(31,66),(40,15),(180,98),(270,18),(70,57),(206,86),(303,72),(181,98),(74,46),(69,97),(74,43),(38,65),(302,122),(33,138),(236,69),(119,133),(176,30),(302,52),
33:(294,162),(302,41),(31,66),(41,15),(180,98),(270,18),(69,57),(206,86),(302,72),(181,98),(75,46),(70,97),(74,44),(37,65),(302,122),(33,138),(236,69),(120,133),(177,30),(302,52),
34:(293,162),(302,41),(31,66),(42,15),(180,98),(270,18),(68,57),(206,86),(302,72),(181,98),(76,46),(71,97),(74,45),(36,65),(302,122),(33,138),(236,69),(121,133),(178,30),(302,52),
35:(292,162),(302,41),(31,66),(43,15),(180,98),(270,18),(67,57),(206,86),(302,72),(181,98),(77,46),(72,97),(74,46),(35,65),(302,122),(33,138),(236,69),(122,133),(179,30),(302,52),
36:(291,162),(302,41),(31,66),(44,15),(180,98),(270,18),(66,57),(206,86),(302,72),(181,98),(78,46),(73,97),(74,47),(34,65),(302,122),(33,138),(236,69),(123,133),(180,30),(302,52),
37:(290,162),(302,41),(31,66),(45,15),(180,98),(270,18),(65,57),(206,86),(302,72),(181,98),(79,46),(74,97),(74,48),(33,65),(302,122),(33,138),(236,69),(124,133),(180,30),(302,52),
38:(289,162),(302,41),(31,66),(46,15),(180,98),(270,18),(64,57),(206,86),(302,72),(181,98),(80,46),(75,97),(74,49),(33,65),(302,122),(33,138),(236,69),(125,133),(180,30),(302,52),
39:(288,162),(302,41),(31,66),(47,15),(180,98),(270,18),(63,57),(206,86),(302,72),(181,98),(81,46),(76,97),(74,50),(33,65),(302,122),(33,138),(236,69),(126,133),(180,30),(302,52),
40:(287,162),(302,41),(31,66),(48,15),(180,98),(270,18),(62,57),(206,86),(302,72),(181,98),(82,46),(77,97),(74,51),(33,65),(302,122),(33,138),(236,69),(127,133),(180,30),(302,52),
41:(286,162),(302,41),(31,66),(49,15),(180,98),(270,18),(61,57),(206,86),(302,72),(181,98),(83,46),(78,97),(74,52),(33,65),(302,122),(33,138),(236,69),(128,133),(180,30),(302,52),
42:(285,162),(302,41),(31,66),(50,15),(180,98),(270,18),(60,57),(206,86),(302,72),(181,98),(84,46),(79,97),(74,53),(33,65),(302,122),(33,138),(236,69),(129,133),(180,30),(302,52),
43:(284,162),(302,41),(31,66),(50,16),(180,98),(270,18),(59,57),(206,86),(302,72),(181,98),(85,46),(80,97),(74,54),(33,65),(302,122),(33,138),(236,69),(130,133),(180,30),(302,52),
44:(283,162),(302,41),(31,66),(50,17),(180,98),(270,18),(58,57),(206,86),(302,72),(181,98),(86,46),(81,97),(74,55),(33,65),(302,122),(33,138),(236,69),(131,133),(180,30),(302,52),
45:(282,162),(302,41),(31,66),(51,17),(180,98),(270,18),(57,57),(206,86),(302,72),(181,98),(87,46),(82,97),(74,56),(33,65),(302,122),(33,138),(236,69),(132,133),(180,30),(302,52),
46:(281,162),(302,41),(31,66),(52,17),(180,98),(270,18),(56,57),(206,86),(302,72),(181,98),(88,46),(83,97),(74,57),(33,65),(302,122),(33,138),(236,69),(133,133),(180,30),(302,52),
47:(280,162),(302,41),(31,66),(53,17),(180,98),(270,18),(55,57),(206,86),(302,72),(181,98),(89,46),(84,97),(74,58),(33,65),(302,122),(33,138),(236,69),(134,133),(180,30),(302,52),
48:(279,162),(302,41),(31,66),(54,17),(180,98),(270,18),(54,57),(206,86),(302,72),(181,98),(90,46),(85,97),(74,59),(33,65),(302,122),(33,138),(236,69),(135,133),(180,30),(302,52),
49:(278,162),(302,41),(31,66),(55,17),(180,98),(270,18),(53,57),(206,86),(302,72),(181,98),(91,46),(86,97),(74,60),(33,65),(302,122),(33,138),(236,69),(136,133),(180,30),(302,52),
50:(277,162),(302,41),(31,66),(56,17),(180,98),(270,18),(52,57),(206,86),(302,72),(181,98),(92,46),(87,97),(74,61),(33,65),(302,122),(33,138),(236,69),(137,133),(180,30),(302,52),
51:(276,162),(302,41),(31,66),(57,17),(180,98),(270,18),(51,57),(206,86),(302,72),(181,98),(93,46),(88,97),(74,62),(33,65),(302,122),(33,138),(236,69),(138,133),(180,30),(302,52),
52:(275,162),(302,41),(31,66),(58,17),(180,98),(270,18),(50,57),(206,86),(302,72),(181,98),(94,46),(89,97),(74,63),(33,65),(302,122),(33,138),(236,69),(139,133),(180,30),(302,52),
53:(274,162),(302,41),(31,66),(59,17),(180,98),(270,18),(49,57),(206,86),(302,72),(181,98),(95,46),(90,97),(74,64),(33,65),(302,122),(33,138),(236,69),(140,133),(180,30),(302,52),
54:(273,162),(302,41),(31,66),(60,17),(180,98),(270,18),(48,57),(206,86),(302,72),(181,98),(96,46),(91,97),(74,65),(33,65),(302,122),(33,138),(236,69),(141,133),(180,30),(302,52),
55:(272,162),(302,41),(31,66),(61,17),(180,98),(270,18),(47,57),(206,86),(302,72),(181,98),(97,46),(92,97),(74,65),(33,65),(302,122),(33,138),(236,69),(142,133),(180,30),(302,52),
56:(271,162),(302,41),(31,66),(62,17),(180,98),(270,18),(46,57),(206,86),(302,72),(181,98),(98,46),(93,97),(74,65),(33,65),(302,122),(33,138),(236,69),(143,133),(180,30),(302,52),
57:(270,162),(302,41),(31,66),(63,17),(180,98),(270,18),(45,57),(206,86),(302,72),(181,98),(99,46),(94,97),(74,65),(33,65),(302,122),(33,138),(236,69),(144,133),(180,30),(302,52),
58:(269,162),(302,41),(31,66),(64,17),(180,98),(270,18),(44,57),(206,86),(302,72),(181,98),(100,46),(95,97),(74,65),(33,65),(302,122),(33,138),(236,69),(145,133),(180,30),(302,52),
59:(268,162),(302,41),(31,66),(65,17),(180,98),(270,18),(43,57),(206,86),(302,72),(181,98),(101,46),(96,97),(74,65),(33,65),(302,122),(33,138),(236,69),(146,133),(180,30),(302,52),
60:(267,162),(302,41),(31,66),(66,17),(180,98),(270,18),(42,57),(206,86),(302,72),(181,98),(102,46),(97,97),(74,65),(33,65),(302,122),(33,138),(236,69),(147,133),(180,30),(302,52),
61:(266,162),(302,41),(31,66),(67,17),(180,98),(270,18),(41,57),(206,86),(302,72),(181,98),(103,46),(98,97),(74,65),(33,65),(302,122),(33,138),(236,69),(148,133),(180,30),(302,52),
62:(265,162),(302,41),(31,66),(68,17),(180,98),(270,18),(41,56),(206,86),(302,72),(181,98),(104,46),(99,97),(74,65),(33,65),(302,122),(33,138),(236,69),(149,133),(180,30),(302,52),
63:(264,162),(302,41),(31,66),(69,17),(180,98),(270,18),(41,55),(206,86),(302,72),(181,98),(105,46),(100,97),(74,65),(33,65),(302,122),(33,138),(236,69),(150,133),(180,30),(302,52),
64:(263,162),(302,41),(31,66),(70,17),(180,98),(270,18),(41,54),(206,86),(302,72),(181,98),(106,46),(101,97),(74,65),(33,65),(302,122),(33,138),(236,69),(151,133),(180,30),(302,52),
65:(262,162),(302,41),(31,66),(71,17),(180,98),(270,18),(41,53),(206,86),(302,72),(181,98),(107,46),(102,97),(74,65),(33,65),(302,122),(33,138),(236,69),(152,133),(180,30),(302,52),
66:(261,162),(302,41),(31,66),(72,17),(180,98),(270,18),(41,52),(206,86),(302,72),(181,98),(108,46),(103,97),(74,65),(33,65),(302,122),(33,138),(236,69),(153,133),(180,30),(302,52),
67:(260,162),(302,41),(31,66),(73,17),(180,98),(270,18),(41,51),(206,86),(302,72),(181,98),(109,46),(104,97),(74,65),(33,65),(302,122),(33,138),(236,69),(154,133),(180,30),(302,52),
68:(259,162),(302,41),(31,66),(74,17),(180,98),(270,18),(41,50),(206,86),(302,72),(181,98),(110,46),(105,97),(74,65),(33,65),(302,122),(33,138),(236,69),(155,133),(180,30),(302,52),
69:(258,162),(302,41),(31,66),(75,17),(180,98),(270,18),(41,49),(206,86),(302,72),(181,98),(111,46),(106,97),(74,65),(33,65),(302,122),(33,138),(236,69),(156,133),(180,30),(302,52),
70:(257,162),(302,41),(31,66),(76,17),(180,98),(270,18),(41,48),(206,86),(302,72),(181,98),(112,46),(107,97),(74,65),(33,65),(302,122),(33,138),(236,69),(157,133),(180,30),(302,52),
71:(256,162),(302,41),(31,66),(77,17),(180,98),(270,18),(41,47),(206,86),(302,72),(181,98),(113,46),(108,97),(74,65),(33,65),(302,122),(33,138),(236,69),(158,133),(180,30),(302,52),
72:(255,162),(302,41),(31,66),(78,17),(180,98),(270,18),(41,46),(206,86),(302,72),(181,98),(114,46),(109,97),(74,65),(33,65),(302,122),(33,138),(236,69),(159,133),(180,30),(302,52),
73:(254,162),(302,41),(31,66),(79,17),(180,98),(270,18),(41,45),(206,86),(302,72),(181,98),(115,46),(110,97),(74,65),(33,65),(302,122),(33,138),(236,69),(160,133),(180,30),(302,52),
74:(253,162),(302,41),(31,66),(80,17),(180,98),(270,18),(41,44),(206,86),(302,72),(181,98),(116,46),(111,97),(74,65),(33,65),(302,122),(33,138),(236,69),(161,133),(180,30),(302,52),
75:(252,162),(302,41),(31,66),(81,17),(180,98),(270,18),(41,43),(206,86),(302,72),(181,98),(117,46),(112,97),(74,65),(33,65),(302,122),(33,138),(236,69),(162,133),(180,30),(302,52),
76:(251,162),(302,41),(31,66),(82,17),(180,98),(270,18),(41,42),(206,86),(302,72),(181,98),(118,46),(113,97),(74,65),(33,65),(302,122),(33,138),(236,69),(163,133),(180,30),(302,52),
77:(250,162),(302,41),(31,66),(83,17),(180,98),(270,18),(41,41),(206,86),(302,72),(181,98),(119,46),(114,97),(74,65),(33,65),(302,122),(33,138),(236,69),(164,133),(180,30),(302,52),
78:(249,162),(302,41),(31,66),(84,17),(180,98),(270,18),(41,40),(206,86),(302,72),(181,98),(120,46),(115,97),(74,65),(33,65),(302,122),(33,138),(236,69),(165,133),(180,30),(302,52),
79:(248,162),(302,41),(31,66),(85,17),(180,98),(270,18),(41,39),(206,86),(302,72),(181,98),(121,46),(116,97),(74,65),(33,65),(302,122),(33,138),(236,69),(166,133),(180,30),(302,52),
80:(247,162),(302,41),(31,66),(86,17),(180,98),(270,18),(41,38),(206,86),(302,72),(181,98),(122,46),(117,97),(74,65),(33,65),(302,122),(33,138),(236,69),(167,133),(180,30),(302,52),
81:(246,162),(302,41),(31,66),(87,17),(180,98),(270,18),(41,37),(206,86),(302,72),(181,98),(123,46),(118,97),(74,65),(33,65),(302,122),(33,138),(236,69),(168,133),(180,30),(302,52),
82:(245,162),(302,41),(31,66),(88,17),(180,98),(270,18),(41,36),(206,86),(302,72),(181,98),(124,46),(119,97),(74,65),(33,65),(302,122),(33,138),(236,69),(169,133),(180,30),(302,52),
83:(244,162),(302,41),(31,66),(89,17),(180,98),(270,18),(41,35),(206,86),(302,72),(181,98),(125,46),(120,97),(74,65),(33,65),(302,122),(33,138),(236,69),(170,133),(180,30),(302,52),
84:(243,162),(302,41),(31,66),(90,17),(180,98),(270,18),(41,34),(206,86),(302,72),(181,98),(126,46),(121,97),(74,65),(33,65),(302,122),(33,138),(236,69),(171,133),(180,30),(302,52),
85:(242,162),(302,41),(31,66),(91,17),(180,98),(270,18),(41,33),(206,86),(302,72),(181,98),(127,46),(122,97),(74,65),(33,65),(302,122),(33,138),(236,69),(172,133),(180,30),(302,52),
86:(241,162),(302,41),(31,66),(92,17),(180,98),(270,18),(41,32),(206,86),(302,72),(181,98),(128,46),(123,97),(74,65),(33,65),(302,122),(33,138),(236,69),(173,133),(180,30),(302,52),
87:(240,162),(302,41),(31,66),(93,17),(180,98),(270,18),(41,31),(206,86),(302,72),(181,98),(129,46),(124,97),(74,65),(33,65),(302,122),(33,138),(236,69),(174,133),(180,30),(302,52),
88:(239,162),(302,41),(31,66),(94,17),(180,98),(270,18),(41,30),(206,86),(302,72),(181,98),(130,46),(125,97),(74,65),(33,65),(302,122),(33,138),(236,69),(175,133),(180,30),(302,52),
89:(238,162),(302,41),(31,66),(95,17),(180,98),(270,18),(41,29),(206,86),(302,72),(181,98),(131,46),(126,97),(74,65),(33,65),(302,122),(33,138),(236,69),(176,133),(180,30),(302,52),
90:(237,162),(302,41),(31,66),(96,17),(180,98),(270,18),(41,28),(206,86),(302,72),(181,98),(132,46),(127,97),(74,65),(33,65),(302,122),(33,138),(236,69),(177,133),(180,30),(302,52),
91:(236,162),(302,41),(31,66),(97,17),(180,98),(270,18),(41,27),(206,86),(302,72),(181,98),(133,46),(128,97),(74,65),(33,65),(302,122),(33,138),(236,69),(178,133),(180,30),(302,52),
92:(235,162),(302,41),(31,66),(98,17),(180,98),(270,18),(41,26),(206,86),(302,72),(181,98),(134,46),(129,97),(74,65),(33,65),(302,122),(33,138),(236,69),(179,133),(180,30),(302,52),
93:(234,162),(302,41),(31,66),(99,17),(180,98),(270,18),(41,25),(206,86),(302,72),(181,98),(135,46),(130,97),(74,65),(33,65),(302,122),(33,138),(236,69),(180,133),(180,30),(302,52),
94:(233,162),(302,41),(31,66),(100,17),(180,98),(270,18),(41,24),(206,86),(302,72),(181,98),(136,46),(131,97),(74,65),(33,65),(302,122),(33,138),(236,69),(181,133),(180,30),(302,52),
95:(232,162),(302,41),(31,66),(101,17),(180,98),(270,18),(41,23),(206,86),(302,72),(181,98),(137,46),(132,97),(74,65),(33,65),(302,122),(33,138),(236,69),(182,133),(180,30),(302,52),
96:(231,162),(302,41),(31,66),(102,17),(180,98),(270,18),(41,22),(206,86),(302,72),(181,98),(138,46),(133,97),(74,65),(33,65),(302,122),(33,138),(236,69),(183,133),(180,30),(302,52),
97:(230,162),(302,41),(31,66),(103,17),(180,98),(270,18),(41,21),(206,86),(302,72),(181,98),(139,46),(134,97),(74,65),(33,65),(302,122),(33,138),(236,69),(184,133),(180,30),(302,52),
98:(229,162),(302,41),(31,66),(104,17),(180,98),(270,18),(41,20),(206,86),(302,72),(181,98),(140,46),(135,97),(74,65),(33,65),(302,122),(33,138),(236,69),(185,133),(180,30),(302,52),
99:(228,162),(302,41),(31,66),(105,17),(180,98),(270,18),(41,19),(206,86),(302,72),(181,98),(141,46),(136,97),(74,65),(33,65),(302,122),(33,138),(236,69),(186,133),(180,30),(302,52),
100:(227,162),(302,41),(31,66),(106,17),(180,98),(270,18),(41,18),(206,86),(302,72),(181,98),(142,46),(137,97),(74,65),(33,65),(302,122),(33,138),(236,69),(187,133),(180,30),(302,52),
101:(226,162),(302,41),(31,66),(107,17),(180,98),(270,18),(41,17),(206,86),(302,72),(181,98),(143,46),(138,97),(74,65),(33,65),(302,122),(33,138),(236,69),(188,133),(180,30),(302,52),
102:(225,162),(302,41),(31,66),(108,17),(180,98),(270,18),(41,16),(206,86),(302,72),(181,98),(144,46),(139,97),(74,65),(33,65),(302,122),(33,138),(236,69),(189,133),(180,30),(302,52),
103:(224,162),(302,41),(31,66),(109,17),(180,98),(270,18),(41,15),(206,86),(302,72),(181,98),(145,46),(140,97),(74,65),(33,65),(302,122),(33,138),(236,69),(190,133),(180,30),(302,52),
104:(223,162),(302,41),(31,66),(110,17),(180,98),(270,18),(41,14),(206,86),(302,72),(181,98),(146,46),(141,97),(74,65),(33,65),(302,122),(33,138),(236,69),(191,133),(180,30),(302,52),
105:(222,162),(302,41),(31,66),(111,17),(180,98),(270,18),(41,13),(206,86),(302,72),(181,98),(147,46),(142,97),(74,65),(33,65),(302,122),(33,138),(236,69),(192,133),(180,30),(302,52),
106:(221,162),(302,41),(31,66),(112,17),(180,98),(270,18),(41,12),(206,86),(302,72),(181,98),(148,46),(143,97),(74,65),(33,65),(302,122),(33,138),(236,69),(193,133),(180,30),(302,52),
107:(220,162),(302,41),(31,66),(113,17),(180,98),(270,18),(41,11),(206,86),(302,72),(181,98),(149,46),(144,97),(74,65),(33,65),(302,122),(33,138),(236,69),(194,133),(180,30),(302,52),
108:(219,162),(302,41),(31,66),(114,17),(180,98),(270,18),(41,10),(206,86),(302,72),(181,98),(150,46),(145,97),(74,65),(33,65),(302,122),(33,138),(236,69),(195,133),(180,30),(302,52),
109:(218,162),(302,41),(31,66),(115,17),(180,98),(270,18),(41,9),(206,86),(302,72),(181,98),(151,46),(146,97),(74,65),(33,65),(302,122),(33,138),(236,69),(196,133),(180,30),(302,52),
110:(217,162),(302,41),(31,66),(116,17),(180,98),(270,18),(41,9),(206,86),(302,72),(181,98),(152,46),(147,97),(74,65),(33,65),(302,122),(33,138),(236,69),(197,133),(180,30),(302,52),
111:(216,162),(302,41),(31,66),(117,17),(180,98),(270,18),(41,9),(206,86),(302,72),(181,98),(153,46),(148,97),(74,65),(33,65),(302,122),(33,138),(236,69),(198,133),(180,30),(302,52),
112:(215,162),(302,41),(31,66),(118,17),(180,98),(270,18),(41,9),(206,86),(302,72),(181,98),(154,46),(149,97),(74,65),(33,65),(302,122),(33,138),(236,69),(199,133),(180,30),(302,52),
113:(214,162),(302,41),(31,66),(119,17),(180,98),(270,18),(41,9),(206,86),(302,72),(181,98),(155,46),(150,97),(74,65),(33,65),(302,122),(33,138),(236,69),(200,133),(180,30),(302,52),
114:(213,162),(302,41),(31,66),(120,17),(180,98),(270,18),(41,9),(206,86),(302,72),(181,98),(156,46),(151,97),(74,65),(33,65),(302,122),(33,138),(236,69),(201,133),(180,30),(302,52),
115:(212,162),(302,41),(31,66),(121,17),(180,98),(270,18),(41,9),(206,86),(302,72),(181,98),(157,46),(152,97),(74,65),(33,65),(302,122),(33,138),(236,69),(202,133),(180,30),(302,52),
116:(211,162),(302,41),(31,66),(122,17),(180,98),(270,18),(41,9),(206,86),(302,72),(181,98),(158,46),(153,97),(74,65),(33,65),(302,122),(33,138),(236,69),(203,133),(180,30),(302,52),
117:(210,162),(302,41),(31,66),(123,17),(180,98),(270,18),(41,9),(206,86),(302,72),(181,98),(159,46),(154,97),(74,65),(33,65),(302,122),(33,138),(236,69),(204,133),(180,30),(302,52),
118:(209,162),(302,41),(31,66),(124,17),(180,98),(270,18),(41,9),(206,86),(302,72),(181,98),(160,46),(155,97),(74,65),(33,65),(302,122),(33,138),(236,69),(205,133),(180,30),(302,52),
119:(208,162),(302,41),(31,66),(125,17),(180,98),(270,18),(41,9),(206,86),(302,72),(181,98),(161,46),(156,97),(74,65),(33,65),(302,122),(33,138),(236,69),(206,133),(180,30),(302,52),
120:(207,162),(302,41),(31,66),(126,17),(180,98),(270,18),(41,9),(206,86),(302,72),(181,98),(162,46),(157,97),(74,65),(33,65),(302,122),(33,138),(236,69),(207,133),(180,30),(302,52),
121:(206,162),(302,41),(31,66),(127,17),(180,98),(270,18),(41,9),(206,86),(302,72),(181,98),(163,46),(158,97),(74,65),(33,65),(302,122),(33,138),(236,69),(208,133),(180,30),(302,52),
122:(205,162),(302,41),(31,66),(128,17),(180,98),(270,18),(41,9),(206,86),(302,72),(181,98),(164,46),(159,97),(74,65),(33,65),(302,122),(33,138),(236,69),(209,133),(180,30),(302,52),
123:(204,162),(302,41),(31,66),(129,17),(180,98),(270,18),(41,9),(206,86),(302,72),(181,98),(165,46),(160,97),(74,65),(33,65),(302,122),(33,138),(236,69),(210,133),(180,30),(302,52),
124:(203,162),(302,41),(31,66),(130,17),(180,98),(270,18),(41,9),(206,86),(302,72),(181,98),(166,46),(161,97),(74,65),(33,65),(302,122),(33,138),(236,69),(211,133),(180,30),(302,52),
125:(202,162),(302,41),(31,66),(131,17),(180,98),(270,18),(41,9),(206,86),(302,72),(181,98),(167,46),(162,97),(74,65),(33,65),(302,122),(33,138),(236,69),(212,133),(180,30),(302,52),
126:(201,162),(302,41),(31,66),(132,17),(180,98),(270,18),(41,9),(206,86),(302,72),(181,98),(168,46),(163,97),(74,65),(33,65),(302,122),(33,138),(236,69),(213,133),(180,30),(302,52),
127:(200,162),(302,41),(31,66),(133,17),(180,98),(270,18),(41,9),(206,86),(302,72),(181,98),(168,46),(164,97),(74,65),(33,65),(302,122),(33,138),(236,69),(214,133),(180,30),(302,52),
128:(199,162),(302,41),(31,66),(134,17),(180,98),(270,18),(41,9),(206,86),(302,72),(181,98),(168,46),(165,97),(74,65),(33,65),(302,122),(33,138),(236,69),(215,133),(180,30),(302,52),
129:(198,162),(302,41),(31,66),(135,17),(180,98),(270,18),(41,9),(206,86),(302,72),(181,98),(168,46),(166,97),(74,65),(33,65),(302,122),(33,138),(236,69),(216,133),(180,30),(302,52),
130:(197,162),(302,41),(31,66),(136,17),(180,98),(270,18),(41,9),(206,86),(302,72),(181,98),(168,46),(167,97),(74,65),(33,65),(302,122),(33,138),(236,69),(217,133),(180,30),(302,52),
131:(196,162),(302,41),(31,66),(137,17),(180,98),(270,18),(41,9),(206,86),(302,72),(181,98),(168,46),(168,97),(74,65),(33,65),(302,122),(33,138),(236,69),(218,133),(180,30),(302,52),
132:(195,162),(302,41),(31,66),(138,17),(180,98),(270,18),(41,9),(206,86),(302,72),(181,98),(168,46),(169,97),(74,65),(33,65),(302,122),(33,138),(236,69),(219,133),(180,30),(302,52),
133:(194,162),(302,41),(31,66),(139,17),(180,98),(270,18),(41,9),(206,86),(302,72),(181,98),(168,46),(170,97),(74,65),(33,65),(302,122),(33,138),(236,69),(220,133),(180,30),(302,52),
134:(193,162),(302,41),(31,66),(140,17),(180,98),(270,18),(41,9),(206,86),(302,72),(181,98),(168,46),(171,97),(74,65),(33,65),(302,122),(33,138),(236,69),(221,133),(180,30),(302,52),
135:(192,162),(302,41),(31,66),(141,17),(180,98),(270,18),(41,9),(206,86),(302,72),(181,98),(168,46),(172,97),(74,65),(33,65),(302,122),(33,138),(236,69),(222,133),(180,30),(302,52),
136:(191,162),(302,41),(31,66),(142,17),(180,98),(270,18),(41,9),(206,86),(302,72),(181,98),(168,46),(173,97),(74,65),(33,65),(302,122),(33,138),(236,69),(223,133),(180,30),(302,52),
137:(190,162),(302,41),(31,66),(143,17),(180,98),(270,18),(41,9),(206,86),(302,72),(181,98),(168,46),(174,97),(74,65),(33,65),(302,122),(33,138),(236,69),(224,133),(180,30),(302,52),
138:(189,162),(302,41),(31,66),(144,17),(180,98),(270,18),(41,9),(206,86),(302,72),(181,98),(168,46),(175,97),(74,65),(33,65),(302,122),(33,138),(236,69),(225,133),(180,30),(302,52),
139:(188,162),(302,41),(31,66),(145,17),(180,98),(270,18),(41,9),(206,86),(302,72),(181,98),(168,46),(176,97),(74,65),(33,65),(302,122),(33,138),(236,69),(226,133),(180,30),(302,52),
140:(187,162),(302,41),(31,66),(146,17),(180,98),(270,18),(41,9),(206,86),(302,72),(181,98),(168,46),(177,97),(74,65),(33,65),(302,122),(33,138),(236,69),(227,133),(180,30),(302,52),
141:(186,162),(302,41),(31,66),(147,17),(180,98),(270,18),(41,9),(206,86),(302,72),(181,98),(168,46),(178,97),(74,65),(33,65),(302,122),(33,138),(236,69),(228,133),(180,30),(302,52),
142:(185,162),(302,41),(31,66),(148,17),(180,98),(270,18),(41,9),(206,86),(302,72),(181,98),(168,46),(179,97),(74,65),(33,65),(302,122),(33,138),(236,69),(229,133),(180,30),(302,52),
143:(184,162),(302,41),(31,66),(149,17),(180,98),(270,18),(41,9),(206,86),(302,72),(181,98),(168,46),(180,97),(74,65),(33,65),(302,122),(33,138),(236,69),(229,133),(180,30),(302,52),
144:(183,162),(302,41),(31,66),(150,17),(180,98),(270,18),(41,9),(206,86),(302,72),(181,98),(168,46),(181,97),(74,65),(33,65),(302,122),(33,138),(236,69),(229,133),(180,30),(302,52),
145:(182,162),(302,41),(31,66),(151,17),(180,98),(270,18),(41,9),(206,86),(302,72),(181,98),(168,46),(182,97),(74,65),(33,65),(302,122),(33,138),(236,69),(229,133),(180,30),(302,52),
146:(181,162),(302,41),(31,66),(152,17),(180,98),(270,18),(41,9),(206,86),(302,72),(181,97),(168,46),(183,97),(74,65),(33,65),(302,122),(33,138),(236,69),(229,133),(180,30),(302,52),
147:(180,162),(302,41),(31,66),(153,17),(181,98),(270,18),(41,9),(206,86),(302,72),(181,96),(168,46),(184,97),(74,65),(33,65),(302,122),(33,138),(236,69),(229,133),(180,30),(302,52),
148:(179,162),(302,41),(31,66),(154,17),(181,97),(270,18),(41,9),(206,86),(302,72),(181,95),(168,46),(185,97),(74,65),(33,65),(302,122),(33,138),(236,69),(229,133),(180,30),(302,52),
149:(178,162),(302,41),(31,66),(155,17),(181,96),(270,18),(41,9),(206,86),(302,72),(181,94),(168,46),(186,97),(74,65),(33,65),(302,122),(33,138),(236,69),(229,133),(180,30),(302,52),
150:(177,162),(302,41),(31,66),(156,17),(181,95),(270,18),(41,9),(206,86),(302,72),(181,93),(168,46),(187,97),(74,65),(33,65),(302,122),(33,138),(236,69),(229,133),(180,30),(302,52),
151:(176,162),(302,41),(31,66),(157,17),(181,94),(270,18),(41,9),(206,86),(302,72),(181,92),(168,46),(188,97),(74,65),(33,65),(302,122),(33,138),(236,69),(229,133),(180,30),(302,52),
152:(175,162),(302,41),(31,66),(158,17),(181,93),(270,18),(41,9),(206,86),(302,72),(181,91),(168,46),(189,97),(74,65),(33,65),(302,122),(33,138),(236,69),(229,133),(180,30),(302,52),
153:(174,162),(302,41),(31,66),(159,17),(181,92),(270,18),(41,9),(206,86),(302,72),(181,90),(168,46),(190,97),(74,65),(33,65),(302,122),(33,138),(236,69),(229,133),(180,30),(302,52),
154:(173,162),(302,41),(31,66),(160,17),(181,91),(270,18),(41,9),(206,86),(302,72),(181,89),(168,46),(191,97),(74,65),(33,65),(302,122),(33,138),(236,69),(229,133),(180,30),(302,52),
155:(172,162),(302,41),(31,66),(161,17),(181,90),(270,18),(41,9),(206,86),(302,72),(181,88),(168,46),(192,97),(74,65),(33,65),(302,122),(33,138),(236,69),(229,133),(180,30),(302,52),
156:(171,162),(302,41),(31,66),(162,17),(181,89),(270,18),(41,9),(206,86),(302,72),(181,87),(168,46),(193,97),(74,65),(33,65),(302,122),(33,138),(236,69),(229,133),(180,30),(302,52),
157:(170,162),(302,41),(31,66),(163,17),(181,88),(270,18),(41,9),(206,86),(302,72),(181,87),(168,46),(194,97),(74,65),(33,65),(302,122),(33,138),(236,69),(229,133),(180,30),(302,52),
158:(169,162),(302,41),(31,66),(164,17),(181,88),(270,18),(41,9),(206,86),(302,72),(181,87),(168,46),(195,97),(74,65),(33,65),(302,122),(33,138),(236,69),(229,133),(180,30),(302,52),
159:(168,162),(302,41),(31,66),(165,17),(181,88),(270,18),(41,9),(206,86),(302,72),(181,87),(168,46),(196,97),(74,65),(33,65),(302,122),(33,138),(236,69),(229,133),(180,30),(302,52),
160:(167,162),(302,41),(31,66),(166,17),(181,88),(270,18),(41,9),(206,86),(302,72),(181,87),(168,46),(197,97),(74,65),(33,65),(302,122),(33,138),(236,69),(229,133),(180,30),(302,52),
161:(166,162),(302,41),(31,66),(167,17),(181,88),(270,18),(41,9),(206,86),(302,72),(181,87),(168,46),(198,97),(74,65),(33,65),(302,122),(33,138),(236,69),(229,133),(180,30),(302,52),
162:(165,162),(302,41),(31,66),(168,17),(181,88),(270,18),(41,9),(206,86),(302,72),(181,87),(168,46),(199,97),(74,65),(33,65),(302,122),(33,138),(236,69),(229,133),(180,30),(302,52),
163:(164,162),(302,41),(31,66),(169,17),(181,88),(270,18),(41,9),(206,86),(302,72),(181,87),(168,46),(200,97),(74,65),(33,65),(302,122),(33,138),(236,69),(229,133),(180,30),(302,52),
164:(163,162),(302,41),(31,66),(170,17),(181,88),(270,18),(41,9),(206,86),(302,72),(181,87),(168,46),(201,97),(74,65),(33,65),(302,122),(33,138),(236,69),(229,133),(180,30),(302,52),
165:(162,162),(302,41),(31,66),(171,17),(181,88),(270,18),(41,9),(206,86),(302,72),(181,87),(168,46),(202,97),(74,65),(33,65),(302,122),(33,138),(236,69),(229,133),(180,30),(302,52),
166:(161,162),(302,41),(31,66),(172,17),(181,88),(270,18),(41,9),(206,86),(302,72),(181,87),(168,46),(203,97),(74,65),(33,65),(302,122),(33,138),(236,69),(229,133),(180,30),(302,52),
167:(160,162),(302,41),(31,66),(173,17),(181,88),(270,18),(41,9),(206,86),(302,72),(181,87),(168,46),(204,97),(74,65),(33,65),(302,122),(33,138),(236,69),(229,133),(180,30),(302,52),
168:(159,162),(302,41),(31,66),(174,17),(181,88),(270,18),(41,9),(206,86),(302,72),(181,87),(168,46),(205,97),(74,65),(33,65),(302,122),(33,138),(236,69),(229,133),(180,30),(302,52),
169:(158,162),(302,41),(31,66),(175,17),(181,88),(270,18),(41,9),(206,86),(302,72),(181,87),(168,46),(206,97),(74,65),(33,65),(302,122),(33,138),(236,69),(229,133),(180,30),(302,52),
170:(157,162),(302,41),(31,66),(176,17),(181,88),(270,18),(41,9),(206,86),(302,72),(181,87),(168,46),(207,97),(74,65),(33,65),(302,122),(33,138),(236,69),(229,133),(180,30),(302,52),
171:(156,162),(302,41),(31,66),(177,17),(181,88),(270,18),(41,9),(206,86),(302,72),(181,87),(168,46),(208,97),(74,65),(33,65),(302,122),(33,138),(236,69),(229,133),(180,30),(302,52),
172:(155,162),(302,41),(31,66),(178,17),(181,88),(270,18),(41,9),(206,86),(302,72),(181,87),(168,46),(209,97),(74,65),(33,65),(302,122),(33,138),(236,69),(229,133),(180,30),(302,52),
173:(154,162),(302,41),(31,66),(179,17),(181,88),(270,18),(41,9),(206,86),(302,72),(181,87),(168,46),(210,97),(74,65),(33,65),(302,122),(33,138),(236,69),(229,133),(180,30),(302,52),
174:(153,162),(302,41),(31,66),(180,17),(181,88),(270,18),(41,9),(206,86),(302,72),(181,87),(168,46),(211,97),(74,65),(33,65),(302,122),(33,138),(236,69),(229,133),(180,30),(302,52),
175:(152,162),(302,41),(31,66),(181,17),(181,88),(270,18),(41,9),(206,86),(302,72),(181,87),(168,46),(212,97),(74,65),(33,65),(302,122),(33,138),(236,69),(229,133),(180,30),(302,52),
176:(151,162),(302,41),(31,66),(182,17),(181,88),(270,18),(41,9),(206,86),(302,72),(181,87),(168,46),(213,97),(74,65),(33,65),(302,122),(33,138),(236,69),(229,133),(180,30),(302,52),
177:(150,162),(302,41),(31,66),(183,17),(181,88),(270,18),(41,9),(206,86),(302,72),(181,87),(168,46),(214,97),(74,65),(33,65),(302,122),(33,138),(236,69),(229,133),(180,30),(302,52),
178:(149,162),(302,41),(31,66),(184,17),(181,88),(270,18),(41,9),(206,86),(302,72),(181,87),(168,46),(215,97),(74,65),(33,65),(302,122),(33,138),(236,69),(229,133),(180,30),(302,52),
179:(148,162),(302,41),(31,66),(185,17),(181,88),(270,18),(41,9),(206,86),(302,72),(181,87),(168,46),(216,97),(74,65),(33,65),(302,122),(33,138),(236,69),(229,133),(180,30),(302,52),
180:(147,162),(302,41),(31,66),(186,17),(181,88),(270,18),(41,9),(206,86),(302,72),(181,87),(168,46),(217,97),(74,65),(33,65),(302,122),(33,138),(236,69),(229,133),(180,30),(302,52),
181:(146,162),(302,41),(31,66),(187,17),(181,88),(270,18),(41,9),(206,86),(302,72),(181,87),(168,46),(218,97),(74,65),(33,65),(302,122),(33,138),(236,69),(229,133),(180,30),(302,52),
182:(145,162),(302,41),(31,66),(188,17),(181,88),(270,18),(41,9),(206,86),(302,72),(181,87),(168,46),(219,97),(74,65),(33,65),(302,122),(33,138),(236,69),(229,133),(180,30),(302,52),
183:(144,162),(302,41),(31,66),(189,17),(181,88),(270,18),(41,9),(206,86),(302,72),(181,87),(168,46),(220,97),(74,65),(33,65),(302,122),(33,138),(236,69),(229,133),(180,30),(302,52),
184:(143,162),(302,41),(31,66),(190,17),(181,88),(270,18),(41,9),(206,86),(302,72),(181,87),(168,46),(221,97),(74,65),(33,65),(302,122),(33,138),(236,69),(229,133),(180,30),(302,52),
185:(142,162),(302,41),(31,66),(191,17),(181,88),(270,18),(41,9),(206,86),(302,72),(181,87),(168,46),(222,97),(74,65),(33,65),(302,122),(33,138),(236,69),(229,133),(180,30),(302,52),
186:(141,162),(302,41),(31,66),(192,17),(181,88),(270,18),(41,9),(206,86),(302,72),(181,87),(168,46),(223,97),(74,65),(33,65),(302,122),(33,138),(236,69),(229,133),(180,30),(302,52),
187:(140,162),(302,41),(31,66),(193,17),(181,88),(270,18),(41,9),(206,86),(302,72),(181,87),(168,46),(224,97),(74,65),(33,65),(302,122),(33,138),(236,69),(229,133),(180,30),(302,52),
188:(139,162),(302,41),(31,66),(194,17),(181,88),(270,18),(41,9),(206,86),(302,72),(181,87),(168,46),(225,97),(74,65),(33,65),(302,122),(33,138),(236,69),(229,133),(180,30),(302,52),
189:(138,162),(302,41),(31,66),(195,17),(181,88),(270,18),(41,9),(206,86),(302,72),(181,87),(168,46),(226,97),(74,65),(33,65),(302,122),(33,138),(236,69),(229,133),(180,30),(302,52),
190:(137,162),(302,41),(31,66),(196,17),(181,88),(270,18),(41,9),(206,86),(302,72),(181,87),(168,46),(227,97),(74,65),(33,65),(302,122),(33,138),(236,69),(229,133),(180,30),(302,52),
191:(136,162),(302,41),(31,66),(197,17),(181,88),(270,18),(41,9),(206,86),(302,72),(181,87),(168,46),(228,97),(74,65),(33,65),(302,122),(33,138),(236,69),(229,133),(180,30),(302,52),
192:(135,162),(302,41),(31,66),(198,17),(181,88),(270,18),(41,9),(206,86),(302,72),(181,87),(168,46),(229,97),(74,65),(33,65),(302,122),(33,138),(236,69),(229,133),(180,30),(302,52),
193:(134,162),(302,41),(31,66),(199,17),(181,88),(270,18),(41,9),(206,86),(302,72),(181,87),(168,46),(229,97),(74,65),(33,65),(302,122),(33,138),(236,69),(229,133),(180,30),(302,52),
194:(133,162),(302,41),(31,66),(200,17),(181,88),(270,18),(41,9),(206,86),(302,72),(181,87),(168,46),(229,97),(74,65),(33,65),(302,122),(33,138),(236,69),(229,133),(180,30),(302,52),
195:(132,162),(302,41),(31,66),(201,17),(181,88),(270,18),(41,9),(206,86),(302,72),(181,87),(168,46),(229,97),(74,65),(33,65),(302,122),(33,138),(236,69),(229,133),(180,30),(302,52),
196:(131,162),(302,41),(31,66),(202,17),(181,88),(270,18),(41,9),(206,86),(302,72),(181,87),(168,46),(229,97),(74,65),(33,65),(302,122),(33,138),(236,69),(229,133),(180,30),(302,52),
197:(130,162),(302,41),(31,66),(203,17),(181,88),(270,18),(41,9),(206,86),(302,72),(181,87),(168,46),(229,97),(74,65),(33,65),(302,122),(33,138),(236,69),(229,133),(180,30),(302,52),
198:(129,162),(302,41),(31,66),(204,17),(181,88),(270,18),(41,9),(206,86),(302,72),(181,87),(168,46),(229,97),(74,65),(33,65),(302,122),(33,138),(236,69),(229,133),(180,30),(302,52),
199:(128,162),(302,41),(31,66),(205,17),(181,88),(270,18),(41,9),(206,86),(302,72),(181,87),(168,46),(229,97),(74,65),(33,65),(302,122),(33,138),(236,69),(229,133),(180,30),(302,52),
200:(127,162),(302,41),(31,66),(206,17),(181,88),(270,18),(41,9),(206,86),(302,72),(181,87),(168,46),(229,97),(74,65),(33,65),(302,122),(33,138),(236,69),(229,133),(180,30),(302,52),
201:(126,162),(302,41),(31,66),(207,17),(181,88),(270,18),(41,9),(206,86),(302,72),(181,87),(168,46),(229,97),(74,65),(33,65),(302,122),(33,138),(236,69),(229,133),(180,30),(302,52),
202:(125,162),(302,41),(31,66),(208,17),(181,88),(270,18),(41,9),(206,86),(302,72),(181,87),(168,46),(229,97),(74,65),(33,65),(302,122),(33,138),(236,69),(229,133),(180,30),(302,52),
203:(124,162),(302,41),(31,66),(209,17),(181,88),(270,18),(41,9),(206,86),(302,72),(181,87),(168,46),(229,97),(74,65),(33,65),(302,122),(33,138),(236,69),(229,133),(180,30),(302,52),
204:(123,162),(302,41),(31,66),(210,17),(181,88),(270,18),(41,9),(206,86),(302,72),(181,87),(168,46),(229,97),(74,65),(33,65),(302,122),(33,138),(236,69),(229,133),(180,30),(302,52),
205:(122,162),(302,41),(31,66),(211,17),(181,88),(270,18),(41,9),(206,86),(302,72),(181,87),(168,46),(229,97),(74,65),(33,65),(302,122),(33,138),(236,69),(229,133),(180,30),(302,52),
206:(121,162),(302,41),(31,66),(212,17),(181,88),(270,18),(41,9),(206,86),(302,72),(181,87),(168,46),(229,97),(74,65),(33,65),(302,122),(33,138),(236,69),(229,133),(180,30),(302,52),
207:(120,162),(302,41),(31,66),(213,17),(181,88),(270,18),(41,9),(206,86),(302,72),(181,87),(168,46),(229,97),(74,65),(33,65),(302,122),(33,138),(236,69),(229,133),(180,30),(302,52),
208:(119,162),(302,41),(31,66),(214,17),(181,88),(270,18),(41,9),(206,86),(302,72),(181,87),(168,46),(229,97),(74,65),(33,65),(302,122),(33,138),(236,69),(229,133),(180,30),(302,52),
209:(118,162),(302,41),(31,66),(215,17),(181,88),(270,18),(41,9),(206,86),(302,72),(181,87),(168,46),(229,97),(74,65),(33,65),(302,122),(33,138),(236,69),(229,133),(180,30),(302,52),
210:(117,162),(302,41),(31,66),(216,17),(181,88),(270,18),(41,9),(206,86),(302,72),(181,87),(168,46),(229,97),(74,65),(33,65),(302,122),(33,138),(236,69),(229,133),(180,30),(302,52),
211:(116,162),(302,41),(31,66),(217,17),(181,88),(270,18),(41,9),(206,86),(302,72),(181,87),(168,46),(229,97),(74,65),(33,65),(302,122),(33,138),(236,69),(229,133),(180,30),(302,52),
212:(115,162),(302,41),(31,66),(218,17),(181,88),(270,18),(41,9),(206,86),(302,72),(181,87),(168,46),(229,97),(74,65),(33,65),(302,122),(33,138),(236,69),(229,133),(180,30),(302,52),
213:(114,162),(302,41),(31,66),(219,17),(181,88),(270,18),(41,9),(206,86),(302,72),(181,87),(168,46),(229,97),(74,65),(33,65),(302,122),(33,138),(236,69),(229,133),(180,30),(302,52),
214:(113,162),(302,41),(31,66),(220,17),(181,88),(270,18),(41,9),(206,86),(302,72),(181,87),(168,46),(229,97),(74,65),(33,65),(302,122),(33,138),(236,69),(229,133),(180,30),(302,52),
215:(112,162),(302,41),(31,66),(221,17),(181,88),(270,18),(41,9),(206,86),(302,72),(181,87),(168,46),(229,97),(74,65),(33,65),(302,122),(33,138),(236,69),(229,133),(180,30),(302,52),
216:(111,162),(302,41),(31,66),(222,17),(181,88),(270,18),(41,9),(206,86),(302,72),(181,87),(168,46),(229,97),(74,65),(33,65),(302,122),(33,138),(236,69),(229,133),(180,30),(302,52),
217:(110,162),(302,41),(31,66),(223,17),(181,88),(270,18),(41,9),(206,86),(302,72),(181,87),(168,46),(229,97),(74,65),(33,65),(302,122),(33,138),(236,69),(229,133),(180,30),(302,52),
218:(109,162),(302,41),(31,66),(224,17),(181,88),(270,18),(41,9),(206,86),(302,72),(181,87),(168,46),(229,97),(74,65),(33,65),(302,122),(33,138),(236,69),(229,133),(180,30),(302,52),
219:(108,162),(302,41),(31,66),(225,17),(181,88),(270,18),(41,9),(206,86),(302,72),(181,87),(168,46),(229,97),(74,65),(33,65),(302,122),(33,138),(236,69),(229,133),(180,30),(302,52),
220:(107,162),(302,41),(31,66),(226,17),(181,88),(270,18),(41,9),(206,86),(302,72),(181,87),(168,46),(229,97),(74,65),(33,65),(302,122),(33,138),(236,69),(229,133),(180,30),(302,52),
221:(106,162),(302,41),(31,66),(227,17),(181,88),(270,18),(41,9),(206,86),(302,72),(181,87),(168,46),(229,97),(74,65),(33,65),(302,122),(33,138),(236,69),(229,133),(180,30),(302,52),
222:(105,162),(302,41),(31,66),(228,17),(181,88),(270,18),(41,9),(206,86),(302,72),(181,87),(168,46),(229,97),(74,65),(33,65),(302,122),(33,138),(236,69),(229,133),(180,30),(302,52),
223:(104,162),(302,41),(31,66),(229,17),(181,88),(270,18),(41,9),(206,86),(302,72),(181,87),(168,46),(229,97),(74,65),(33,65),(302,122),(33,138),(236,69),(229,133),(180,30),(302,52),
224:(103,162),(302,41),(31,66),(230,17),(181,88),(270,18),(41,9),(206,86),(302,72),(181,87),(168,46),(229,97),(74,65),(33,65),(302,122),(33,138),(236,69),(229,133),(180,30),(302,52),
225:(102,162),(302,41),(31,66),(230,18),(181,88),(270,18),(41,9),(206,86),(302,72),(181,87),(168,46),(229,97),(74,65),(33,65),(302,122),(33,138),(236,69),(229,133),(180,30),(302,52),
226:(101,162),(302,41),(31,66),(230,19),(181,88),(270,18),(41,9),(206,86),(302,72),(181,87),(168,46),(229,97),(74,65),(33,65),(302,122),(33,138),(236,69),(229,133),(180,30),(302,52),
227:(100,162),(302,41),(31,66),(230,20),(181,88),(270,18),(41,9),(206,86),(302,72),(181,87),(168,46),(229,97),(74,65),(33,65),(302,122),(33,138),(236,69),(229,133),(180,30),(302,52),
228:(99,162),(302,41),(31,66),(230,21),(181,88),(270,18),(41,9),(206,86),(302,72),(181,87),(168,46),(229,97),(74,65),(33,65),(302,122),(33,138),(236,69),(229,133),(180,30),(302,52),
229:(98,162),(302,41),(31,66),(230,22),(181,88),(270,18),(41,9),(206,86),(302,72),(181,87),(168,46),(229,97),(74,65),(33,65),(302,122),(33,138),(236,69),(229,133),(180,30),(302,52),
230:(97,162),(302,41),(31,66),(230,23),(181,88),(270,18),(41,9),(206,86),(302,72),(181,87),(168,46),(229,97),(74,65),(33,65),(302,122),(33,138),(236,69),(229,133),(180,30),(302,52),
231:(96,162),(302,41),(31,66),(230,24),(181,88),(270,18),(41,9),(206,86),(302,72),(181,87),(168,46),(229,97),(74,65),(33,65),(302,122),(33,138),(236,69),(229,133),(180,30),(302,52),
232:(95,162),(302,41),(31,66),(230,25),(181,88),(270,18),(41,9),(206,86),(302,72),(181,87),(168,46),(229,97),(74,65),(33,65),(302,122),(33,138),(236,69),(229,133),(180,30),(302,52),
233:(94,162),(302,41),(31,66),(230,26),(181,88),(270,18),(41,9),(206,86),(302,72),(181,87),(168,46),(229,97),(74,65),(33,65),(302,122),(33,138),(236,69),(229,133),(180,30),(302,52),
234:(93,162),(302,41),(31,66),(230,27),(181,88),(270,18),(41,9),(206,86),(302,72),(181,87),(168,46),(229,97),(74,65),(33,65),(302,122),(33,138),(236,69),(229,133),(180,30),(302,52),
235:(92,162),(302,41),(31,66),(230,28),(181,88),(270,18),(41,9),(206,86),(302,72),(181,87),(168,46),(229,97),(74,65),(33,65),(302,122),(33,138),(236,69),(229,133),(180,30),(302,52),
236:(91,162),(302,41),(31,66),(230,29),(181,88),(270,18),(41,9),(206,86),(302,72),(181,87),(168,46),(229,97),(74,65),(33,65),(302,122),(33,138),(236,69),(229,133),(180,30),(302,52),
237:(90,162),(302,41),(31,66),(230,30),(181,88),(270,18),(41,9),(206,86),(302,72),(181,87),(168,46),(229,97),(74,65),(33,65),(302,122),(33,138),(236,69),(229,133),(180,30),(302,52),
238:(89,162),(302,41),(31,66),(230,31),(181,88),(270,18),(41,9),(206,86),(302,72),(181,87),(168,46),(229,97),(74,65),(33,65),(302,122),(33,138),(236,69),(229,133),(180,30),(302,52),
239:(88,162),(302,41),(31,66),(230,32),(181,88),(270,18),(41,9),(206,86),(302,72),(181,87),(168,46),(229,97),(74,65),(33,65),(302,122),(33,138),(236,69),(229,133),(180,30),(302,52),
240:(87,162),(302,41),(31,66),(230,33),(181,88),(270,18),(41,9),(206,86),(302,72),(181,87),(168,46),(229,97),(74,65),(33,65),(302,122),(33,138),(236,69),(229,133),(180,30),(302,52),
241:(86,162),(302,41),(31,66),(230,34),(181,88),(270,18),(41,9),(206,86),(302,72),(181,87),(168,46),(229,97),(74,65),(33,65),(302,122),(33,138),(236,69),(229,133),(180,30),(302,52),
242:(85,162),(302,41),(31,66),(230,35),(181,88),(270,18),(41,9),(206,86),(302,72),(181,87),(168,46),(229,97),(74,65),(33,65),(302,122),(33,138),(236,69),(229,133),(180,30),(302,52),
243:(84,162),(302,41),(31,66),(230,36),(181,88),(270,18),(41,9),(206,86),(302,72),(181,87),(168,46),(229,97),(74,65),(33,65),(302,122),(33,138),(236,69),(229,133),(180,30),(302,52),
244:(83,162),(302,41),(31,66),(230,37),(181,88),(270,18),(41,9),(206,86),(302,72),(181,87),(168,46),(229,97),(74,65),(33,65),(302,122),(33,138),(236,69),(229,133),(180,30),(302,52),
245:(82,162),(302,41),(31,66),(230,38),(181,88),(270,18),(41,9),(206,86),(302,72),(181,87),(168,46),(229,97),(74,65),(33,65),(302,122),(33,138),(236,69),(229,133),(180,30),(302,52),
246:(81,162),(302,41),(31,66),(230,39),(181,88),(270,18),(41,9),(206,86),(302,72),(181,87),(168,46),(229,97),(74,65),(33,65),(302,122),(33,138),(236,69),(229,133),(180,30),(302,52),
247:(80,162),(302,41),(31,66),(230,40),(181,88),(270,18),(41,9),(206,86),(302,72),(181,87),(168,46),(229,97),(74,65),(33,65),(302,122),(33,138),(236,69),(229,133),(180,30),(302,52),
248:(79,162),(302,41),(31,66),(230,41),(181,88),(270,18),(41,9),(206,86),(302,72),(181,87),(168,46),(229,97),(74,65),(33,65),(302,122),(33,138),(236,69),(229,133),(180,30),(302,52),
249:(78,162),(302,41),(31,66),(230,42),(181,88),(270,18),(41,9),(206,86),(302,72),(181,87),(168,46),(229,97),(74,65),(33,65),(302,122),(33,138),(236,69),(229,133),(180,30),(302,52),
250:(77,162),(302,41),(31,66),(230,43),(181,88),(270,18),(41,9),(206,86),(302,72),(181,87),(168,46),(229,97),(74,65),(33,65),(302,122),(33,138),(236,69),(229,133),(180,30),(302,52),
251:(76,162),(302,41),(31,66),(230,44),(181,88),(270,18),(41,9),(206,86),(302,72),(181,87),(168,46),(229,97),(74,65),(33,65),(302,122),(33,138),(236,69),(229,133),(180,30),(302,52),
252:(75,162),(302,41),(31,66),(230,45),(181,88),(270,18),(41,9),(206,86),(302,72),(181,87),(168,46),(229,97),(74,65),(33,65),(302,122),(33,138),(236,69),(229,133),(180,30),(302,52),
253:(74,162),(302,41),(31,66),(230,46),(181,88),(270,18),(41,9),(206,86),(302,72),(181,87),(168,46),(229,97),(74,65),(33,65),(302,122),(33,138),(236,69),(229,133),(180,30),(302,52),
254:(73,162),(302,41),(31,66),(230,47),(181,88),(270,18),(41,9),(206,86),(302,72),(181,87),(168,46),(229,97),(74,65),(33,65),(302,122),(33,138),(236,69),(229,133),(180,30),(302,52),
255:(72,162),(302,41),(31,66),(230,48),(181,88),(270,18),(41,9),(206,86),(302,72),(181,87),(168,46),(229,97),(74,65),(33,65),(302,122),(33,138),(236,69),(229,133),(180,30),(302,52),
256:(71,162),(302,41),(31,66),(230,49),(181,88),(270,18),(41,9),(206,86),(302,72),(181,87),(168,46),(229,97),(74,65),(33,65),(302,122),(33,138),(236,69),(229,133),(180,30),(302,52),
257:(70,162),(302,41),(31,66),(230,50),(181,88),(270,18),(41,9),(206,86),(302,72),(181,87),(168,46),(229,97),(74,65),(33,65),(302,122),(33,138),(236,69),(229,133),(180,30),(302,52),
258:(69,162),(302,41),(31,66),(230,51),(181,88),(270,18),(41,9),(206,86),(302,72),(181,87),(168,46),(229,97),(74,65),(33,65),(302,122),(33,138),(236,69),(229,133),(180,30),(302,52),
259:(68,162),(302,41),(31,66),(230,52),(181,88),(270,18),(41,9),(206,86),(302,72),(181,87),(168,46),(229,97),(74,65),(33,65),(302,122),(33,138),(236,69),(229,133),(180,30),(302,52),
260:(67,162),(302,41),(31,66),(230,53),(181,88),(270,18),(41,9),(206,86),(302,72),(181,87),(168,46),(229,97),(74,65),(33,65),(302,122),(33,138),(236,69),(229,133),(180,30),(302,52),
261:(66,162),(302,41),(31,66),(230,54),(181,88),(270,18),(41,9),(206,86),(302,72),(181,87),(168,46),(229,97),(74,65),(33,65),(302,122),(33,138),(236,69),(229,133),(180,30),(302,52),
262:(65,162),(302,41),(31,66),(230,55),(181,88),(270,18),(41,9),(206,86),(302,72),(181,87),(168,46),(229,97),(74,65),(33,65),(302,122),(33,138),(236,69),(229,133),(180,30),(302,52),
263:(64,162),(302,41),(31,66),(230,56),(181,88),(270,18),(41,9),(206,86),(302,72),(181,87),(168,46),(229,97),(74,65),(33,65),(302,122),(33,138),(236,69),(229,133),(180,30),(302,52),
264:(63,162),(302,41),(31,66),(230,57),(181,88),(270,18),(41,9),(206,86),(302,72),(181,87),(168,46),(229,97),(74,65),(33,65),(302,122),(33,138),(236,69),(229,133),(180,30),(302,52),
265:(62,162),(302,41),(31,66),(230,58),(181,88),(270,18),(41,9),(206,86),(302,72),(181,87),(168,46),(229,97),(74,65),(33,65),(302,122),(33,138),(236,69),(229,133),(180,30),(302,52),
266:(61,162),(302,41),(31,66),(230,59),(181,88),(270,18),(41,9),(206,86),(302,72),(181,87),(168,46),(229,97),(74,65),(33,65),(302,122),(33,138),(236,69),(229,133),(180,30),(302,52),
267:(60,162),(302,41),(31,66),(230,60),(181,88),(270,18),(41,9),(206,86),(302,72),(181,87),(168,46),(229,97),(74,65),(33,65),(302,122),(33,138),(236,69),(229,133),(180,30),(302,52),
268:(59,162),(302,41),(31,66),(230,61),(181,88),(270,18),(41,9),(206,86),(302,72),(181,87),(168,46),(229,97),(74,65),(33,65),(302,122),(33,138),(236,69),(229,133),(180,30),(302,52),
269:(58,162),(302,41),(31,66),(230,62),(181,88),(270,18),(41,9),(206,86),(302,72),(181,87),(168,46),(229,97),(74,65),(33,65),(302,122),(33,138),(236,69),(229,133),(180,30),(302,52),
270:(57,162),(302,41),(31,66),(230,63),(181,88),(270,18),(41,9),(206,86),(302,72),(181,87),(168,46),(229,97),(74,65),(33,65),(302,122),(33,138),(236,69),(229,133),(180,30),(302,52),
271:(56,162),(302,41),(31,66),(230,64),(181,88),(270,18),(41,9),(206,86),(302,72),(181,87),(168,46),(229,97),(74,65),(33,65),(302,122),(33,138),(236,69),(229,133),(180,30),(302,52),
272:(55,162),(302,41),(31,66),(230,65),(181,88),(270,18),(41,9),(206,86),(302,72),(181,87),(168,46),(229,97),(74,65),(33,65),(302,122),(33,138),(236,69),(229,133),(180,30),(302,52),
273:(54,162),(302,41),(31,66),(230,66),(181,88),(270,18),(41,9),(206,86),(302,72),(181,87),(168,46),(229,97),(74,65),(33,65),(302,122),(33,138),(236,69),(229,133),(180,30),(302,52),
274:(53,162),(302,41),(31,66),(230,67),(181,88),(270,18),(41,9),(206,86),(302,72),(181,87),(168,46),(229,97),(74,65),(33,65),(302,122),(33,138),(236,69),(229,133),(180,30),(302,52),
275:(52,162),(302,41),(31,66),(230,68),(181,88),(270,18),(41,9),(206,86),(302,72),(181,87),(168,46),(229,97),(74,65),(33,65),(302,122),(33,138),(236,69),(229,133),(180,30),(302,52),
276:(51,162),(302,41),(31,66),(230,69),(181,88),(270,18),(41,9),(206,86),(302,72),(181,87),(168,46),(229,97),(74,65),(33,65),(302,122),(33,138),(236,69),(229,133),(180,30),(302,52),
277:(50,162),(302,41),(31,66),(230,70),(181,88),(270,18),(41,9),(206,86),(302,72),(181,87),(168,46),(229,97),(74,65),(33,65),(302,122),(33,138),(236,69),(229,133),(180,30),(302,52),
278:(49,162),(302,41),(31,66),(230,71),(181,88),(270,18),(41,9),(206,86),(302,72),(181,87),(168,46),(229,97),(74,65),(33,65),(302,122),(33,138),(236,69),(229,133),(180,30),(302,52),
279:(48,162),(302,41),(31,66),(230,72),(181,88),(270,18),(41,9),(206,86),(302,72),(181,87),(168,46),(229,97),(74,65),(33,65),(302,122),(33,138),(236,69),(229,133),(180,30),(302,52),
280:(47,162),(302,41),(31,66),(230,73),(181,88),(270,18),(41,9),(206,86),(302,72),(181,87),(168,46),(229,97),(74,65),(33,65),(302,122),(33,138),(236,69),(229,133),(180,30),(302,52),
281:(46,162),(302,41),(31,66),(230,74),(181,88),(270,18),(41,9),(206,86),(302,72),(181,87),(168,46),(229,97),(74,65),(33,65),(302,122),(33,138),(236,69),(229,133),(180,30),(302,52),
282:(45,162),(302,41),(31,66),(230,75),(181,88),(270,18),(41,9),(206,86),(302,72),(181,87),(168,46),(229,97),(74,65),(33,65),(302,122),(33,138),(236,69),(229,133),(180,30),(302,52),
283:(44,162),(302,41),(31,66),(230,76),(181,88),(270,18),(41,9),(206,86),(302,72),(181,87),(168,46),(229,97),(74,65),(33,65),(302,122),(33,138),(236,69),(229,133),(180,30),(302,52),
284:(43,162),(302,41),(31,66),(230,77),(181,88),(270,18),(41,9),(206,86),(302,72),(181,87),(168,46),(229,97),(74,65),(33,65),(302,122),(33,138),(236,69),(229,133),(180,30),(302,52),
285:(42,162),(302,41),(31,66),(230,78),(181,88),(270,18),(41,9),(206,86),(302,72),(181,87),(168,46),(229,97),(74,65),(33,65),(302,122),(33,138),(236,69),(229,133),(180,30),(302,52),
286:(41,162),(302,41),(31,66),(230,79),(181,88),(270,18),(41,9),(206,86),(302,72),(181,87),(168,46),(229,97),(74,65),(33,65),(302,122),(33,138),(236,69),(229,133),(180,30),(302,52),
287:(40,162),(302,41),(31,66),(230,80),(181,88),(270,18),(41,9),(206,86),(302,72),(181,87),(168,46),(229,97),(74,65),(33,65),(302,122),(33,138),(236,69),(229,133),(180,30),(302,52),
288:(39,162),(302,41),(31,66),(230,81),(181,88),(270,18),(41,9),(206,86),(302,72),(181,87),(168,46),(229,97),(74,65),(33,65),(302,122),(33,138),(236,69),(229,133),(180,30),(302,52),
289:(38,162),(302,41),(31,66),(230,82),(181,88),(270,18),(41,9),(206,86),(302,72),(181,87),(168,46),(229,97),(74,65),(33,65),(302,122),(33,138),(236,69),(229,133),(180,30),(302,52),
290:(37,162),(302,41),(31,66),(230,83),(181,88),(270,18),(41,9),(206,86),(302,72),(181,87),(168,46),(229,97),(74,65),(33,65),(302,122),(33,138),(236,69),(229,133),(180,30),(302,52),
291:(36,162),(302,41),(31,66),(230,84),(181,88),(270,18),(41,9),(206,86),(302,72),(181,87),(168,46),(229,97),(74,65),(33,65),(302,122),(33,138),(236,69),(229,133),(180,30),(302,52),
292:(35,162),(302,41),(31,66),(230,85),(181,88),(270,18),(41,9),(206,86),(302,72),(181,87),(168,46),(229,97),(74,65),(33,65),(302,122),(33,138),(236,69),(229,133),(180,30),(302,52),
293:(34,162),(302,41),(31,66),(230,86),(181,88),(270,18),(41,9),(206,86),(302,72),(181,87),(168,46),(229,97),(74,65),(33,65),(302,122),(33,138),(236,69),(229,133),(180,30),(302,52),
294:(33,162),(302,41),(31,66),(230,87),(181,88),(270,18),(41,9),(206,86),(302,72),(181,87),(168,46),(229,97),(74,65),(33,65),(302,122),(33,138),(236,69),(229,133),(180,30),(302,52),
295:(32,162),(302,41),(31,66),(230,88),(181,88),(270,18),(41,9),(206,86),(302,72),(181,87),(168,46),(229,97),(74,65),(33,65),(302,122),(33,138),(236,69),(229,133),(180,30),(302,52),
296:(32,161),(302,41),(31,66),(230,89),(181,88),(270,18),(41,9),(206,86),(302,72),(181,87),(168,46),(229,97),(74,65),(33,65),(302,122),(33,138),(236,69),(229,133),(180,30),(302,52),
297:(32,160),(302,41),(31,66),(230,90),(181,88),(270,18),(41,9),(206,86),(302,72),(181,87),(168,46),(229,97),(74,65),(33,65),(302,122),(33,138),(236,69),(229,133),(180,30),(302,52),
298:(32,159),(302,41),(31,66),(230,91),(181,88),(270,18),(41,9),(206,86),(302,72),(181,87),(168,46),(229,97),(74,65),(33,65),(302,122),(33,138),(236,69),(229,133),(180,30),(302,52),
299:(32,158),(302,41),(31,66),(230,92),(181,88),(270,18),(41,9),(206,86),(302,72),(181,87),(168,46),(229,97),(74,65),(33,65),(302,122),(33,138),(236,69),(229,133),(180,30),(302,52),
300:(32,157),(302,41),(31,66),(230,93),(181,88),(270,18),(41,9),(206,86),(302,72),(181,87),(168,46),(229,97),(74,65),(33,65),(302,122),(33,138),(236,69),(229,133),(180,30),(302,52),
301:(32,156),(302,41),(31,66),(230,94),(181,88),(270,18),(41,9),(206,86),(302,72),(181,87),(168,46),(229,97),(74,65),(33,65),(302,122),(33,138),(236,69),(229,133),(180,30),(302,52),
302:(32,155),(302,41),(31,66),(230,95),(181,88),(270,18),(41,9),(206,86),(302,72),(181,87),(168,46),(229,97),(74,65),(33,65),(302,122),(33,138),(236,69),(229,133),(180,30),(302,52),
303:(32,154),(302,41),(31,66),(230,96),(181,88),(270,18),(41,9),(206,86),(302,72),(181,87),(168,46),(229,97),(74,65),(33,65),(302,122),(33,138),(236,69),(229,133),(180,30),(302,52),
304:(32,153),(302,41),(31,66),(230,97),(181,88),(270,18),(41,9),(206,86),(302,72),(181,87),(168,46),(229,97),(74,65),(33,65),(302,122),(33,138),(236,69),(229,133),(180,30),(302,52),
305:(32,152),(302,41),(31,66),(230,98),(181,88),(270,18),(41,9),(206,86),(302,72),(181,87),(168,46),(230,97),(74,65),(33,65),(302,122),(33,138),(236,69),(229,133),(180,30),(302,52),
306:(32,151),(302,41),(31,66),(230,99),(181,88),(270,18),(41,9),(206,86),(302,72),(181,87),(168,46),(231,97),(74,65),(33,65),(302,122),(33,138),(236,69),(229,133),(180,30),(302,52),
307:(32,150),(302,41),(31,66),(230,100),(181,88),(270,18),(41,9),(206,86),(302,72),(181,87),(168,46),(232,97),(74,65),(33,65),(302,122),(33,138),(236,69),(229,133),(180,30),(302,52),
308:(32,149),(302,41),(31,66),(230,101),(181,88),(270,18),(41,9),(206,86),(302,72),(181,87),(168,46),(233,97),(74,65),(33,65),(302,122),(33,138),(236,69),(229,133),(180,30),(302,52),
309:(32,148),(302,41),(31,66),(230,102),(181,88),(270,18),(41,9),(206,86),(302,72),(181,87),(168,46),(234,97),(74,65),(33,65),(302,122),(33,138),(236,69),(229,133),(180,30),(302,52),
310:(32,147),(302,41),(31,66),(230,103),(181,88),(270,18),(41,9),(206,86),(302,72),(181,87),(168,46),(235,97),(74,65),(33,65),(302,122),(33,138),(236,69),(229,133),(180,30),(302,52),
311:(32,146),(302,41),(31,66),(230,104),(181,88),(270,18),(41,9),(206,86),(302,72),(181,87),(168,46),(236,97),(74,65),(33,65),(302,122),(33,138),(236,69),(229,133),(180,30),(302,52),
312:(32,145),(302,41),(31,66),(230,105),(181,88),(270,18),(41,9),(206,86),(302,72),(181,87),(168,46),(237,97),(74,65),(33,65),(302,122),(33,138),(236,69),(229,133),(180,30),(302,52),
313:(32,144),(302,41),(31,66),(230,106),(181,88),(270,18),(41,9),(206,86),(302,72),(181,87),(168,46),(238,97),(74,65),(33,65),(302,122),(33,138),(236,69),(229,133),(180,30),(302,52),
314:(32,143),(302,41),(31,66),(230,107),(181,88),(270,18),(41,9),(206,86),(302,72),(181,87),(168,46),(239,97),(74,65),(33,65),(302,122),(33,138),(236,69),(229,133),(180,30),(302,52),
315:(32,142),(302,41),(31,66),(230,108),(181,88),(270,18),(41,9),(206,86),(302,72),(181,87),(168,46),(240,97),(74,65),(33,65),(302,122),(33,138),(236,69),(229,133),(180,30),(302,52),
316:(32,141),(302,41),(31,66),(230,109),(181,88),(270,18),(41,9),(206,86),(302,72),(181,87),(168,46),(241,97),(74,65),(33,65),(302,122),(33,138),(236,69),(229,133),(180,30),(302,52),
317:(32,140),(302,41),(31,66),(230,110),(181,88),(270,18),(41,9),(206,86),(302,72),(181,87),(168,46),(242,97),(74,65),(33,65),(302,122),(33,138),(236,69),(229,133),(180,30),(302,52),
318:(32,139),(302,41),(31,66),(230,111),(181,88),(270,18),(41,9),(206,86),(302,72),(181,87),(168,46),(243,97),(74,65),(33,65),(302,122),(33,138),(236,69),(229,133),(180,30),(302,52),
319:(32,138),(302,41),(31,66),(230,112),(181,88),(270,18),(41,9),(206,86),(302,72),(181,87),(168,46),(244,97),(74,65),(33,65),(302,122),(33,138),(236,69),(229,133),(180,30),(302,52),
320:(32,137),(302,41),(31,66),(230,113),(181,88),(270,18),(41,9),(206,86),(302,72),(181,87),(168,46),(245,97),(74,65),(33,65),(302,122),(32,138),(236,69),(229,133),(180,30),(302,52),
321:(32,136),(302,41),(31,66),(230,114),(181,88),(270,18),(41,9),(206,86),(302,72),(181,87),(168,46),(246,97),(74,65),(33,65),(302,122),(31,138),(236,69),(229,133),(180,30),(302,52),
322:(32,135),(302,41),(31,66),(230,115),(181,88),(270,18),(41,9),(206,86),(302,72),(181,87),(168,46),(247,97),(74,65),(33,65),(302,122),(30,138),(236,69),(229,133),(180,30),(302,52),
323:(32,134),(302,41),(31,66),(230,116),(181,88),(270,18),(41,9),(206,86),(302,72),(181,87),(168,46),(248,97),(74,65),(33,65),(302,122),(29,138),(236,69),(229,133),(180,30),(302,52),
324:(32,133),(302,41),(31,66),(230,117),(181,88),(270,18),(41,9),(206,86),(302,72),(181,87),(168,46),(249,97),(74,65),(33,65),(302,122),(28,138),(236,69),(229,133),(180,30),(302,52),
325:(32,132),(302,41),(31,66),(230,118),(181,88),(270,18),(41,9),(206,86),(302,72),(181,87),(168,46),(250,97),(74,65),(33,65),(302,122),(27,138),(236,69),(229,133),(180,30),(302,52),
326:(32,131),(302,41),(31,66),(230,119),(181,88),(270,18),(41,9),(206,86),(302,72),(181,87),(168,46),(251,97),(74,65),(33,65),(302,122),(26,138),(236,69),(229,133),(180,30),(302,52),
327:(32,130),(302,41),(31,66),(230,120),(181,88),(270,18),(41,9),(206,86),(302,72),(181,87),(168,46),(252,97),(74,65),(33,65),(302,122),(25,138),(236,69),(229,133),(180,30),(302,52),
328:(32,129),(302,41),(31,66),(230,121),(181,88),(270,18),(41,9),(206,86),(302,72),(181,87),(168,46),(253,97),(74,65),(33,65),(302,122),(24,138),(236,69),(229,133),(180,30),(302,52),
329:(32,128),(302,41),(31,66),(230,122),(181,88),(270,18),(41,9),(206,86),(302,72),(181,87),(168,46),(254,97),(74,65),(33,65),(302,122),(23,138),(236,69),(229,133),(180,30),(302,52),
330:(32,127),(302,41),(31,66),(230,123),(181,88),(270,18),(41,9),(206,86),(302,72),(181,87),(168,46),(255,97),(74,65),(33,65),(302,122),(22,138),(236,69),(229,133),(180,30),(302,52),
331:(32,126),(302,41),(31,66),(230,124),(181,88),(270,18),(41,9),(206,86),(302,72),(181,87),(168,46),(256,97),(74,65),(33,65),(302,122),(21,138),(236,69),(229,133),(180,30),(302,52),
332:(32,125),(302,41),(31,66),(230,125),(181,88),(270,18),(41,9),(206,86),(302,72),(181,87),(168,46),(257,97),(74,65),(33,65),(302,122),(20,138),(236,69),(229,133),(180,30),(302,52),
333:(32,124),(302,41),(31,66),(230,126),(181,88),(270,18),(41,9),(206,86),(302,72),(181,87),(168,46),(258,97),(74,65),(33,65),(302,122),(19,138),(236,69),(229,133),(180,30),(302,52),
334:(32,123),(302,41),(31,66),(230,127),(181,88),(270,18),(41,9),(206,86),(302,72),(181,87),(168,46),(259,97),(74,65),(33,65),(302,122),(18,138),(236,69),(229,133),(180,30),(302,52),
335:(32,122),(302,41),(31,66),(230,128),(181,88),(270,18),(41,9),(206,86),(302,72),(181,87),(168,46),(260,97),(74,65),(33,65),(302,122),(17,138),(236,69),(229,133),(180,30),(302,52),
336:(32,121),(302,41),(31,66),(230,129),(181,88),(270,18),(41,9),(206,86),(302,72),(181,87),(168,46),(261,97),(74,65),(33,65),(302,122),(17,139),(236,69),(229,133),(180,30),(302,52),
337:(32,120),(302,41),(31,66),(230,130),(181,88),(270,18),(41,9),(206,86),(302,72),(181,87),(168,46),(262,97),(74,65),(33,65),(302,122),(17,140),(236,69),(229,133),(180,30),(302,52),
338:(32,119),(302,41),(31,66),(230,131),(181,88),(270,18),(41,9),(206,86),(302,72),(181,87),(168,46),(263,97),(74,65),(33,65),(302,122),(17,141),(236,69),(229,133),(180,30),(302,52),
339:(32,118),(302,41),(31,66),(230,132),(181,88),(270,18),(41,9),(206,86),(302,72),(181,87),(168,46),(264,97),(74,65),(33,65),(302,122),(17,142),(236,69),(229,133),(180,30),(302,52),
340:(32,117),(302,41),(31,66),(230,133),(181,88),(270,18),(41,9),(206,86),(302,72),(181,87),(168,46),(265,97),(74,65),(33,65),(302,122),(17,143),(236,69),(229,133),(180,30),(302,52),
341:(32,116),(302,41),(31,66),(230,134),(181,88),(270,18),(41,9),(206,86),(302,72),(181,87),(168,46),(266,97),(74,65),(33,65),(302,122),(17,144),(236,69),(230,133),(180,30),(302,52),
342:(32,115),(302,41),(31,66),(230,135),(181,88),(270,18),(41,9),(206,86),(302,72),(181,87),(168,46),(267,97),(74,65),(33,65),(302,122),(17,145),(236,69),(231,133),(180,30),(302,52),
343:(32,114),(302,41),(31,66),(230,136),(181,88),(270,18),(41,9),(206,86),(302,72),(181,87),(168,46),(268,97),(74,65),(33,65),(302,122),(17,146),(236,69),(232,133),(180,30),(302,52),
344:(32,113),(302,41),(31,66),(230,137),(181,88),(270,18),(41,9),(206,86),(302,72),(181,87),(168,46),(269,97),(74,65),(33,65),(302,122),(17,147),(236,69),(233,133),(180,30),(302,52),
345:(32,112),(302,41),(31,66),(230,138),(181,88),(270,18),(41,9),(206,86),(302,72),(181,87),(168,46),(270,97),(74,65),(33,65),(302,122),(17,148),(236,69),(234,133),(180,30),(302,52),
346:(32,111),(302,41),(31,66),(230,139),(181,88),(270,18),(41,9),(206,86),(302,72),(181,87),(168,46),(271,97),(74,65),(33,65),(302,122),(17,149),(236,69),(235,133),(180,30),(302,52),
347:(32,110),(302,41),(31,66),(230,140),(181,88),(270,18),(41,9),(206,86),(302,72),(181,87),(168,46),(272,97),(74,65),(33,65),(302,122),(17,150),(236,69),(236,133),(180,30),(302,52),
348:(32,109),(302,41),(31,66),(230,141),(181,88),(270,18),(41,9),(206,86),(302,72),(181,87),(168,46),(273,97),(74,65),(33,65),(302,122),(17,151),(236,69),(237,133),(180,30),(302,52),
349:(32,108),(302,41),(31,66),(230,142),(181,88),(270,18),(41,9),(206,86),(302,72),(181,87),(168,46),(274,97),(74,65),(33,65),(302,122),(17,152),(236,69),(238,133),(180,30),(302,52),
350:(32,107),(302,41),(31,66),(230,143),(181,88),(270,18),(41,9),(206,86),(302,72),(181,87),(168,46),(275,97),(74,65),(33,65),(302,122),(17,153),(236,69),(239,133),(180,30),(302,52),
351:(32,106),(302,41),(31,66),(230,144),(181,88),(270,18),(41,9),(206,86),(302,72),(181,87),(168,46),(276,97),(74,65),(33,65),(302,122),(17,153),(236,69),(240,133),(180,30),(302,52),
352:(32,105),(302,41),(31,66),(230,145),(181,88),(270,18),(41,9),(206,86),(302,72),(181,87),(168,46),(277,97),(74,65),(33,65),(302,122),(17,153),(236,69),(241,133),(180,30),(302,52),
353:(32,104),(302,41),(31,66),(230,146),(181,88),(270,18),(41,9),(206,86),(302,72),(181,87),(168,46),(278,97),(74,65),(33,65),(302,122),(17,153),(236,69),(242,133),(180,30),(302,52),
354:(32,103),(302,41),(31,66),(230,147),(181,88),(270,18),(41,9),(206,86),(302,72),(181,87),(168,46),(279,97),(74,65),(33,65),(302,122),(17,153),(236,69),(243,133),(180,30),(302,52),
355:(32,102),(302,41),(31,66),(230,148),(181,88),(270,18),(41,9),(206,86),(302,72),(181,87),(168,46),(280,97),(74,65),(33,65),(302,122),(17,153),(236,69),(244,133),(180,30),(302,52),
356:(32,101),(302,41),(31,66),(230,149),(181,88),(270,18),(41,9),(206,86),(302,72),(181,87),(168,46),(281,97),(74,65),(33,65),(302,122),(17,153),(236,69),(245,133),(180,30),(302,52),
357:(32,100),(302,41),(31,66),(231,149),(181,88),(270,18),(41,9),(206,86),(302,72),(181,87),(168,46),(282,97),(74,65),(33,65),(302,122),(17,153),(236,69),(246,133),(180,30),(302,52),
358:(32,99),(302,41),(31,66),(232,149),(181,88),(270,18),(41,9),(206,86),(302,72),(181,87),(168,46),(283,97),(74,65),(33,65),(302,122),(17,153),(236,69),(247,133),(180,30),(302,52),
359:(32,98),(302,41),(31,66),(233,149),(181,88),(270,18),(41,9),(206,86),(302,72),(181,87),(168,46),(284,97),(74,65),(33,65),(302,122),(17,153),(236,69),(248,133),(180,30),(302,52),
360:(32,97),(302,41),(31,66),(234,149),(181,88),(270,18),(41,9),(206,86),(302,72),(181,87),(168,46),(285,97),(74,65),(33,65),(302,122),(17,153),(236,69),(249,133),(180,30),(302,52),
361:(32,96),(302,41),(31,66),(235,149),(181,88),(270,18),(41,9),(206,86),(302,72),(181,87),(168,46),(286,97),(74,65),(33,65),(302,122),(17,153),(236,69),(250,133),(180,30),(302,52),
362:(32,95),(302,41),(31,66),(236,149),(181,88),(270,18),(41,9),(206,86),(302,72),(181,87),(168,46),(287,97),(74,65),(33,65),(302,122),(17,153),(236,69),(251,133),(180,30),(302,52),
363:(32,94),(302,41),(31,66),(237,149),(181,88),(270,18),(41,9),(206,86),(302,72),(181,87),(168,46),(288,97),(74,65),(33,65),(302,122),(17,153),(236,69),(252,133),(180,30),(302,52),
364:(32,93),(302,41),(31,66),(238,149),(181,88),(270,18),(41,9),(206,86),(302,72),(181,87),(168,46),(289,97),(74,65),(33,65),(302,122),(17,153),(236,69),(253,133),(180,30),(302,52),
365:(32,92),(302,41),(31,66),(238,150),(181,88),(270,18),(41,9),(206,86),(302,72),(181,87),(168,46),(290,97),(74,65),(33,65),(302,122),(17,153),(236,69),(254,133),(180,30),(302,52),
366:(32,91),(302,41),(31,66),(238,150),(181,88),(270,18),(41,9),(206,86),(302,72),(181,87),(168,46),(291,97),(74,65),(33,65),(302,122),(17,153),(236,69),(255,133),(180,30),(302,52),
367:(32,90),(302,41),(31,66),(238,150),(181,88),(270,18),(41,9),(206,86),(302,72),(181,87),(168,46),(292,97),(74,65),(33,65),(302,122),(17,153),(236,69),(256,133),(180,30),(302,52),
368:(32,89),(302,41),(31,66),(238,150),(181,88),(270,18),(41,9),(206,86),(302,72),(181,87),(168,46),(293,97),(74,65),(33,65),(302,122),(17,153),(236,69),(257,133),(180,30),(302,52),
369:(32,88),(302,41),(31,66),(238,150),(181,88),(270,18),(41,9),(206,86),(302,72),(181,87),(168,46),(294,97),(74,65),(33,65),(302,122),(17,153),(236,69),(258,133),(180,30),(302,52),
370:(32,87),(302,41),(31,66),(238,150),(181,88),(270,18),(41,9),(206,86),(302,72),(181,87),(168,46),(295,97),(74,65),(33,65),(302,122),(17,153),(236,69),(259,133),(180,30),(302,52),
371:(32,86),(302,41),(31,66),(238,150),(181,88),(270,18),(41,9),(206,86),(302,72),(181,87),(168,46),(296,97),(74,65),(33,65),(302,122),(17,153),(236,69),(260,133),(180,30),(302,52),
372:(32,85),(302,41),(31,66),(238,150),(181,88),(270,18),(41,9),(206,86),(302,72),(181,87),(168,46),(297,97),(74,65),(33,65),(302,122),(17,153),(236,69),(261,133),(180,30),(302,52),
373:(32,84),(302,41),(31,66),(238,150),(181,88),(270,18),(41,9),(206,86),(302,72),(181,87),(168,46),(298,97),(74,65),(33,65),(302,122),(17,153),(236,69),(262,133),(180,30),(302,52),
374:(32,83),(302,41),(31,66),(238,150),(181,88),(270,18),(41,9),(206,86),(302,72),(181,87),(168,46),(299,97),(74,65),(33,65),(302,122),(17,153),(236,69),(263,133),(180,30),(302,52),
375:(32,82),(302,41),(31,66),(238,150),(181,88),(270,18),(41,9),(206,86),(302,72),(181,87),(168,46),(300,97),(74,65),(33,65),(302,122),(17,153),(236,69),(264,133),(180,30),(302,52),
376:(32,81),(302,41),(31,66),(238,150),(181,88),(270,18),(41,9),(206,86),(302,72),(181,87),(168,46),(300,97),(74,65),(33,65),(302,122),(17,153),(236,69),(265,133),(180,30),(302,52),
377:(32,80),(302,41),(31,66),(238,150),(181,88),(270,18),(41,9),(206,86),(302,72),(181,87),(168,46),(300,97),(74,65),(33,65),(302,122),(17,153),(236,69),(266,133),(180,30),(302,52),
378:(32,79),(302,41),(31,66),(238,150),(181,88),(270,18),(41,9),(206,86),(302,72),(181,87),(168,46),(300,97),(74,65),(33,65),(302,122),(17,153),(236,69),(267,133),(180,30),(302,52),
379:(32,78),(302,41),(31,66),(238,150),(181,88),(270,18),(41,9),(206,86),(302,72),(181,87),(168,46),(300,97),(74,65),(33,65),(302,122),(17,153),(236,69),(268,133),(180,30),(302,52),
380:(32,77),(302,41),(31,66),(238,150),(181,88),(270,18),(41,9),(206,86),(302,72),(181,87),(168,46),(300,97),(74,65),(33,65),(302,122),(17,153),(236,69),(269,133),(180,30),(302,52),
381:(32,76),(302,41),(31,66),(238,150),(181,88),(270,18),(41,9),(206,86),(302,72),(181,87),(168,46),(300,97),(74,65),(33,65),(302,122),(17,153),(236,69),(270,133),(180,30),(302,52),
382:(32,75),(302,41),(31,66),(238,150),(181,88),(270,18),(41,9),(206,86),(302,72),(181,87),(168,46),(300,97),(74,65),(33,65),(302,122),(17,153),(236,69),(271,133),(180,30),(302,52),
383:(32,74),(302,41),(31,66),(238,150),(181,88),(270,18),(41,9),(206,86),(302,72),(181,87),(168,46),(300,97),(74,65),(33,65),(302,122),(17,153),(236,69),(272,133),(180,30),(302,52),
384:(32,73),(302,41),(31,66),(238,150),(181,88),(270,18),(41,9),(206,86),(302,72),(181,87),(168,46),(300,97),(74,65),(33,65),(302,122),(17,153),(236,69),(273,133),(180,30),(302,52),
385:(32,72),(302,41),(31,66),(238,150),(181,88),(270,18),(41,9),(206,86),(302,72),(181,87),(168,46),(300,97),(74,65),(33,65),(302,122),(17,153),(236,69),(274,133),(180,30),(302,52),
386:(32,71),(302,41),(31,66),(238,150),(181,88),(270,18),(41,9),(206,86),(302,72),(181,87),(168,46),(300,97),(74,65),(33,65),(302,122),(17,153),(236,69),(275,133),(180,30),(302,52),
387:(32,70),(302,41),(31,66),(238,150),(181,88),(270,18),(41,9),(206,86),(302,72),(181,87),(168,46),(300,97),(74,65),(33,65),(302,122),(17,153),(236,69),(276,133),(180,30),(302,52),
388:(32,69),(302,41),(31,66),(238,150),(181,88),(270,18),(41,9),(206,86),(302,72),(181,87),(168,46),(300,97),(74,65),(33,65),(302,122),(17,153),(236,69),(277,133),(180,30),(302,52),
389:(32,68),(302,41),(31,66),(238,150),(181,88),(270,18),(41,9),(206,86),(302,72),(181,87),(168,46),(300,97),(74,65),(33,65),(302,122),(17,153),(236,69),(278,133),(180,30),(302,52),
390:(32,67),(302,41),(31,66),(238,150),(181,88),(270,18),(41,9),(206,86),(302,72),(181,87),(168,46),(300,97),(74,65),(33,65),(302,122),(17,153),(236,69),(279,133),(180,30),(302,52),
391:(32,66),(302,41),(31,66),(238,150),(181,88),(270,18),(41,9),(206,86),(302,72),(181,87),(168,46),(300,97),(74,65),(33,65),(302,122),(17,153),(236,69),(280,133),(180,30),(302,52),
392:(32,65),(302,41),(32,66),(238,150),(181,88),(270,18),(41,9),(206,86),(302,72),(181,87),(168,46),(300,97),(74,65),(33,65),(302,122),(17,153),(236,69),(281,133),(180,30),(302,52),
393:(32,64),(302,41),(33,66),(238,150),(181,88),(270,18),(41,9),(206,86),(302,72),(181,87),(168,46),(300,97),(74,65),(32,65),(302,122),(17,153),(236,69),(282,133),(180,30),(302,52),
394:(32,63),(302,41),(34,66),(238,150),(181,88),(270,18),(41,9),(206,86),(302,72),(181,87),(168,46),(300,97),(74,65),(31,65),(302,122),(17,153),(236,69),(283,133),(180,30),(302,52),
395:(32,62),(302,41),(35,66),(238,150),(181,88),(270,18),(41,9),(206,86),(302,72),(181,87),(168,46),(300,97),(74,65),(30,65),(302,122),(17,153),(236,69),(284,133),(180,30),(302,52),
396:(32,61),(302,41),(36,66),(238,150),(181,88),(270,18),(41,9),(206,86),(302,72),(181,87),(168,46),(300,97),(74,65),(29,65),(302,122),(17,153),(236,69),(285,133),(180,30),(302,52),
397:(32,60),(302,41),(37,66),(238,150),(181,88),(270,18),(41,9),(206,86),(302,72),(181,87),(168,46),(300,97),(74,65),(29,64),(302,122),(17,153),(236,69),(286,133),(180,30),(302,52),
398:(32,59),(302,41),(38,66),(238,150),(181,88),(270,18),(41,9),(206,86),(302,72),(181,87),(168,46),(300,97),(74,65),(29,63),(302,122),(17,153),(236,69),(287,133),(180,30),(302,52),
399:(32,58),(302,41),(39,66),(238,150),(181,88),(270,18),(41,9),(206,86),(302,72),(181,87),(168,46),(300,97),(74,65),(29,62),(302,122),(17,153),(236,69),(288,133),(180,30),(302,52),
400:(32,57),(302,41),(40,66),(238,150),(181,88),(270,18),(41,9),(206,86),(302,72),(181,87),(168,46),(300,97),(74,65),(29,61),(302,122),(17,153),(236,69),(289,133),(180,30),(302,52),
401:(32,56),(302,41),(41,66),(238,150),(181,88),(270,18),(41,9),(206,86),(302,72),(181,87),(168,46),(300,97),(74,65),(29,60),(302,122),(17,153),(236,69),(290,133),(180,30),(302,52),
402:(32,55),(302,41),(42,66),(238,150),(181,88),(270,18),(41,9),(206,86),(302,72),(181,87),(168,46),(300,97),(74,65),(29,59),(302,122),(17,153),(236,69),(291,133),(180,30),(302,52),
403:(32,54),(302,41),(43,66),(238,150),(181,88),(270,18),(41,9),(206,86),(302,72),(181,87),(168,46),(300,97),(74,65),(29,58),(302,122),(17,153),(236,69),(292,133),(180,30),(302,52),
404:(32,53),(302,41),(44,66),(238,150),(181,88),(270,18),(41,9),(206,86),(302,72),(181,87),(168,46),(300,97),(74,65),(29,57),(302,122),(17,153),(236,69),(293,133),(180,30),(302,52),
405:(32,52),(302,41),(45,66),(238,150),(181,88),(270,18),(41,9),(206,86),(302,72),(181,87),(168,46),(300,97),(74,65),(29,56),(302,122),(17,153),(236,69),(294,133),(180,30),(302,52),
406:(32,51),(302,41),(46,66),(238,150),(181,88),(270,18),(41,9),(206,86),(302,72),(181,87),(168,46),(300,97),(74,65),(29,56),(302,122),(17,153),(236,69),(295,133),(180,30),(302,52),
407:(32,50),(302,41),(47,66),(238,150),(181,88),(270,18),(41,9),(206,86),(302,72),(181,87),(168,46),(300,97),(74,65),(29,56),(302,122),(17,153),(236,69),(296,133),(180,30),(302,52),
408:(32,49),(302,41),(48,66),(238,150),(181,88),(270,18),(41,9),(206,86),(302,72),(181,87),(168,46),(300,97),(74,65),(29,56),(302,122),(17,153),(236,69),(297,133),(180,30),(302,52),
409:(32,48),(302,41),(49,66),(238,150),(181,88),(270,18),(41,9),(206,86),(302,72),(181,87),(168,46),(300,97),(74,65),(29,56),(302,122),(17,153),(236,69),(298,133),(180,30),(302,52),
410:(32,47),(302,41),(50,66),(238,150),(181,88),(270,18),(41,9),(206,86),(302,72),(181,87),(168,46),(300,97),(74,65),(29,56),(302,122),(17,153),(236,69),(299,133),(180,30),(302,52),
411:(32,46),(302,41),(51,66),(238,150),(181,88),(270,18),(41,9),(206,86),(302,72),(181,87),(168,46),(300,97),(74,65),(29,56),(302,122),(17,153),(236,69),(300,133),(180,30),(302,52),
412:(32,45),(302,41),(52,66),(238,150),(181,88),(270,18),(41,9),(206,86),(302,72),(181,87),(168,46),(300,97),(74,65),(29,56),(302,122),(17,153),(236,69),(301,133),(180,30),(302,52),
413:(32,44),(302,41),(53,66),(238,150),(181,88),(270,18),(41,9),(206,86),(302,72),(181,87),(168,46),(300,97),(74,65),(29,56),(302,122),(17,153),(236,69),(301,132),(180,30),(302,52),
414:(32,43),(302,41),(54,66),(238,150),(181,88),(270,18),(41,9),(206,86),(302,72),(181,87),(168,46),(300,97),(74,65),(29,56),(302,122),(17,153),(236,69),(301,131),(180,30),(302,52),
415:(32,42),(302,41),(55,66),(238,150),(181,88),(270,18),(41,9),(206,86),(302,72),(181,87),(168,46),(300,97),(74,65),(29,56),(302,122),(17,153),(236,69),(301,130),(180,30),(302,52),
416:(32,41),(302,41),(56,66),(238,150),(181,88),(270,18),(41,9),(206,86),(302,72),(181,87),(168,46),(300,97),(74,65),(29,56),(302,122),(17,153),(236,69),(301,129),(180,30),(302,52),
417:(32,40),(302,41),(57,66),(238,150),(181,88),(270,18),(41,9),(206,86),(302,72),(181,87),(168,46),(300,97),(74,65),(29,56),(302,122),(17,153),(236,69),(301,128),(180,30),(302,52),
418:(32,39),(302,41),(58,66),(238,150),(181,88),(270,18),(41,9),(206,86),(302,72),(181,87),(168,46),(300,97),(74,65),(29,56),(302,122),(17,153),(236,69),(301,127),(180,30),(302,52),
419:(32,38),(302,41),(59,66),(238,150),(181,88),(270,18),(41,9),(206,86),(302,72),(181,87),(168,46),(300,97),(74,65),(29,56),(302,122),(17,153),(236,69),(301,126),(180,30),(302,52),
420:(32,37),(302,41),(60,66),(238,150),(181,88),(270,18),(41,9),(206,86),(302,72),(181,87),(168,46),(300,97),(74,65),(29,56),(302,122),(17,153),(236,69),(301,125),(180,30),(302,52),
421:(32,36),(302,41),(61,66),(238,150),(181,88),(270,18),(41,9),(206,86),(302,72),(181,87),(168,46),(300,97),(74,65),(29,56),(302,122),(17,153),(236,69),(301,124),(180,30),(302,52),
422:(32,36),(302,41),(62,66),(238,150),(181,88),(270,18),(41,9),(206,86),(302,72),(181,87),(168,46),(300,97),(74,65),(29,56),(302,122),(17,153),(236,69),(301,123),(180,30),(302,52),
423:(32,36),(302,41),(63,66),(238,150),(181,88),(270,18),(41,9),(206,86),(302,72),(181,87),(168,46),(300,97),(74,65),(29,56),(302,122),(17,153),(236,69),(301,122),(180,30),(302,52),
424:(32,36),(302,41),(64,66),(238,150),(181,88),(270,18),(41,9),(206,86),(302,72),(181,87),(168,46),(300,97),(74,65),(29,56),(302,122),(17,153),(236,69),(301,121),(180,30),(302,52),
425:(32,36),(302,41),(65,66),(238,150),(181,88),(270,18),(41,9),(206,86),(302,72),(181,87),(168,46),(300,97),(74,65),(29,56),(301,122),(17,153),(236,69),(301,120),(180,30),(302,52),
426:(32,36),(302,41),(66,66),(238,150),(181,88),(270,18),(41,9),(206,86),(302,72),(181,87),(168,46),(300,97),(74,65),(29,56),(300,122),(17,153),(236,69),(301,119),(180,30),(302,52),
427:(32,36),(302,41),(67,66),(238,150),(181,88),(270,18),(41,9),(206,86),(302,72),(181,87),(168,46),(300,97),(74,65),(29,56),(299,122),(17,153),(236,69),(301,118),(180,30),(302,52),
428:(32,36),(302,41),(68,66),(238,150),(181,88),(270,18),(41,9),(206,86),(302,72),(181,87),(168,46),(300,97),(74,65),(29,56),(298,122),(17,153),(236,69),(301,117),(180,30),(302,52),
429:(32,36),(302,41),(69,66),(238,150),(181,88),(270,18),(41,9),(206,86),(302,72),(181,87),(168,46),(300,97),(74,65),(29,56),(297,122),(17,153),(236,69),(301,116),(180,30),(302,52),
430:(32,36),(302,41),(70,66),(238,150),(181,88),(270,18),(41,9),(206,86),(302,72),(181,87),(168,46),(300,97),(74,65),(29,56),(296,122),(17,153),(236,69),(301,115),(180,30),(302,52),
431:(32,36),(302,41),(71,66),(238,150),(181,88),(270,18),(41,9),(206,86),(302,72),(181,87),(168,46),(300,97),(74,65),(29,56),(295,122),(17,153),(236,69),(301,114),(180,30),(302,52),
432:(32,36),(302,41),(72,66),(238,150),(181,88),(270,18),(41,9),(206,86),(302,72),(181,87),(168,46),(300,97),(74,65),(29,56),(294,122),(17,153),(236,69),(301,113),(180,30),(302,52),
433:(32,36),(302,41),(73,66),(238,150),(181,88),(270,18),(41,9),(206,86),(302,72),(181,87),(168,46),(300,97),(74,65),(29,56),(293,122),(17,153),(236,69),(301,112),(180,30),(302,52),
434:(32,36),(302,41),(74,66),(238,150),(181,88),(270,18),(41,9),(206,86),(302,72),(181,87),(168,46),(300,97),(74,65),(29,56),(292,122),(17,153),(236,69),(301,111),(180,30),(302,52),
435:(32,36),(302,41),(75,66),(238,150),(181,88),(270,18),(41,9),(206,86),(302,72),(181,87),(168,46),(300,97),(74,66),(29,56),(291,122),(17,153),(236,69),(301,110),(180,30),(302,52),
436:(32,36),(302,41),(76,66),(238,150),(181,88),(270,18),(41,9),(206,86),(302,72),(181,87),(168,46),(300,97),(74,67),(29,56),(290,122),(17,153),(236,69),(301,109),(180,30),(302,52),
437:(32,36),(302,41),(77,66),(238,150),(181,88),(270,18),(41,9),(206,86),(302,72),(181,87),(168,46),(300,97),(74,68),(29,56),(289,122),(17,153),(236,69),(301,108),(180,30),(302,52),
438:(32,36),(302,41),(78,66),(238,150),(181,88),(270,18),(41,9),(206,86),(302,72),(181,87),(168,46),(300,97),(74,69),(29,56),(288,122),(17,153),(236,69),(301,107),(180,30),(302,52),
439:(32,36),(302,41),(79,66),(238,150),(181,88),(270,18),(41,9),(206,86),(302,72),(181,87),(168,46),(300,97),(74,70),(29,56),(287,122),(17,153),(236,69),(301,106),(180,30),(302,52),
440:(32,36),(302,41),(80,66),(238,150),(181,88),(270,18),(41,9),(206,86),(302,72),(181,87),(168,46),(300,97),(74,71),(29,56),(286,122),(17,153),(236,69),(301,105),(180,30),(302,52),
441:(32,36),(302,41),(81,66),(238,150),(181,88),(270,18),(41,9),(206,86),(302,72),(181,87),(168,46),(300,97),(74,72),(29,56),(285,122),(17,153),(236,69),(301,104),(180,30),(302,52),
442:(32,36),(302,41),(82,66),(238,150),(181,88),(270,18),(41,9),(206,86),(302,72),(181,87),(168,46),(300,97),(74,73),(29,56),(284,122),(17,153),(236,69),(301,103),(180,30),(302,52),
443:(32,36),(302,41),(83,66),(238,150),(181,88),(270,18),(41,9),(206,86),(302,72),(181,87),(168,46),(300,97),(74,74),(29,56),(283,122),(17,153),(236,69),(301,102),(180,30),(302,52),
444:(32,36),(302,41),(84,66),(238,150),(181,88),(270,18),(41,9),(206,86),(302,72),(181,87),(168,46),(300,97),(74,75),(29,56),(282,122),(17,153),(236,69),(301,101),(180,30),(302,52),
445:(32,36),(302,41),(85,66),(238,150),(181,88),(270,18),(41,9),(206,86),(302,72),(181,87),(168,46),(300,97),(74,76),(29,56),(281,122),(17,153),(236,69),(301,100),(180,30),(302,52),
446:(32,36),(302,41),(86,66),(238,150),(181,88),(270,18),(41,9),(206,86),(302,72),(181,87),(168,46),(300,97),(74,77),(29,56),(280,122),(17,153),(236,69),(301,99),(180,30),(302,52),
447:(32,36),(302,41),(86,67),(238,150),(181,88),(270,18),(41,9),(206,86),(302,72),(181,87),(168,46),(300,97),(74,78),(29,56),(279,122),(17,153),(236,69),(301,98),(180,30),(302,52),
448:(32,36),(302,41),(86,68),(238,150),(181,88),(270,18),(41,9),(206,86),(302,72),(181,87),(168,46),(300,97),(74,79),(29,56),(278,122),(17,153),(236,69),(301,97),(180,30),(302,52),
449:(32,36),(302,41),(86,69),(238,150),(181,88),(270,18),(41,9),(206,86),(302,72),(181,87),(168,46),(300,97),(74,80),(29,56),(277,122),(17,153),(236,69),(301,96),(180,30),(302,52),
450:(32,36),(302,41),(86,70),(238,150),(181,88),(270,18),(41,9),(206,86),(302,72),(181,87),(168,46),(301,97),(74,81),(29,56),(276,122),(17,153),(236,69),(301,95),(180,30),(302,52),
451:(32,36),(302,41),(86,71),(238,150),(181,88),(270,18),(41,9),(206,86),(302,72),(181,87),(168,46),(302,97),(74,82),(29,56),(275,122),(17,153),(236,69),(301,94),(180,30),(302,52),
452:(32,36),(302,41),(86,72),(238,150),(181,88),(270,18),(41,9),(206,86),(302,72),(181,87),(168,46),(303,97),(74,83),(29,56),(274,122),(17,153),(236,69),(301,93),(180,30),(302,52),
453:(32,36),(302,41),(86,73),(238,150),(181,88),(270,18),(41,9),(206,86),(302,72),(181,87),(168,46),(304,97),(74,84),(29,56),(273,122),(17,153),(236,69),(301,92),(180,30),(302,52),
454:(32,36),(302,41),(86,74),(238,150),(181,88),(270,18),(41,9),(206,86),(302,72),(181,87),(168,46),(305,97),(74,85),(29,56),(272,122),(17,153),(236,69),(301,91),(180,30),(302,52),
455:(32,36),(302,41),(86,75),(238,150),(181,88),(270,18),(41,9),(206,86),(302,72),(181,87),(168,46),(306,97),(75,85),(29,56),(271,122),(17,153),(236,69),(301,90),(180,30),(302,52),
456:(32,36),(302,41),(86,76),(238,150),(181,88),(270,18),(41,9),(206,86),(302,72),(181,87),(168,46),(307,97),(76,85),(29,56),(270,122),(17,153),(236,69),(301,89),(180,30),(302,52),
457:(32,36),(302,41),(86,77),(238,150),(181,88),(270,18),(41,9),(206,86),(302,72),(181,87),(168,46),(308,97),(77,85),(29,56),(269,122),(17,153),(236,69),(301,88),(180,30),(302,52),
458:(32,36),(302,41),(86,78),(238,150),(181,88),(270,18),(41,9),(206,86),(302,72),(181,87),(168,46),(309,97),(77,86),(29,56),(268,122),(17,153),(236,69),(301,87),(180,30),(302,52),
459:(32,36),(302,41),(86,79),(238,150),(181,88),(270,18),(41,9),(206,86),(302,72),(181,87),(168,46),(310,97),(77,86),(29,56),(267,122),(17,153),(236,69),(301,86),(180,30),(302,52),
460:(32,36),(302,41),(86,80),(238,150),(181,88),(270,18),(41,9),(206,86),(302,72),(181,87),(168,46),(311,97),(77,86),(29,56),(266,122),(17,153),(236,69),(301,85),(180,30),(302,52),
461:(32,36),(302,41),(86,81),(238,150),(181,88),(270,18),(41,9),(206,86),(302,72),(181,87),(168,46),(312,97),(77,86),(29,56),(265,122),(17,153),(236,69),(301,84),(180,30),(302,52),
462:(32,36),(302,41),(86,82),(238,150),(181,88),(270,18),(41,9),(206,86),(302,72),(181,87),(168,46),(313,97),(77,86),(29,56),(264,122),(17,153),(236,69),(301,83),(180,30),(302,52),
463:(32,36),(302,41),(86,83),(238,150),(181,88),(270,18),(41,9),(206,86),(302,72),(181,87),(168,46),(314,97),(77,86),(29,56),(263,122),(17,153),(236,69),(301,82),(180,30),(302,52),
464:(32,36),(302,41),(86,84),(238,150),(181,88),(270,18),(41,9),(206,86),(302,72),(181,87),(168,46),(315,97),(77,86),(29,56),(262,122),(17,153),(236,69),(301,81),(180,30),(302,52),
465:(32,36),(302,41),(86,85),(238,150),(181,88),(270,18),(41,9),(206,86),(302,72),(181,87),(168,46),(315,98),(77,86),(29,56),(261,122),(17,153),(236,69),(301,80),(180,30),(302,52),
466:(32,36),(302,41),(86,86),(238,150),(181,88),(270,18),(41,9),(206,86),(302,72),(181,87),(168,46),(315,99),(77,86),(29,56),(260,122),(17,153),(236,69),(301,79),(180,30),(302,52),
467:(32,36),(302,41),(86,87),(238,150),(181,88),(270,18),(41,9),(206,86),(302,72),(181,87),(168,46),(315,100),(77,86),(29,56),(259,122),(17,153),(236,69),(301,78),(180,30),(302,52),
468:(32,36),(302,41),(86,88),(238,150),(181,88),(270,18),(41,9),(206,86),(302,72),(181,87),(168,46),(315,101),(77,86),(29,56),(258,122),(17,153),(236,69),(301,77),(180,30),(302,52),
469:(32,36),(302,41),(86,89),(238,150),(181,88),(270,18),(41,9),(206,86),(302,72),(181,87),(168,46),(315,102),(77,86),(29,56),(257,122),(17,153),(236,69),(301,76),(180,30),(302,52),
470:(32,36),(302,41),(86,90),(238,150),(181,88),(270,18),(41,9),(206,86),(302,72),(181,87),(168,46),(315,103),(77,86),(29,56),(256,122),(17,153),(236,69),(301,75),(180,30),(302,52),
471:(32,36),(302,41),(86,91),(238,150),(181,88),(270,18),(41,9),(206,86),(302,72),(181,87),(168,46),(315,104),(77,86),(29,56),(255,122),(17,153),(236,69),(301,74),(180,30),(302,52),
472:(32,36),(302,41),(86,92),(238,150),(181,88),(270,18),(41,9),(206,86),(302,72),(181,87),(168,46),(315,105),(77,86),(29,56),(254,122),(17,153),(236,69),(301,73),(180,30),(302,52),
473:(32,36),(302,41),(86,93),(238,150),(181,88),(270,18),(41,9),(206,86),(302,72),(181,87),(168,46),(315,106),(77,86),(29,56),(253,122),(17,153),(236,69),(301,72),(180,30),(302,52),
474:(32,36),(302,41),(86,94),(238,150),(181,88),(270,18),(41,9),(206,86),(302,72),(181,87),(168,46),(315,107),(77,86),(29,56),(252,122),(17,153),(236,69),(301,71),(180,30),(302,52),
475:(32,36),(302,41),(86,95),(238,150),(181,88),(270,18),(41,9),(206,86),(301,72),(181,87),(168,46),(315,108),(77,86),(29,56),(251,122),(17,153),(236,69),(301,70),(180,30),(302,52),
476:(32,36),(302,41),(86,96),(238,150),(181,88),(270,18),(41,9),(206,86),(300,72),(181,87),(168,46),(315,109),(77,86),(29,56),(250,122),(17,153),(236,69),(301,69),(180,30),(302,52),
477:(32,36),(302,41),(86,97),(238,150),(181,88),(270,18),(41,9),(206,86),(299,72),(181,87),(168,46),(315,110),(77,86),(29,56),(249,122),(17,153),(236,69),(301,68),(180,30),(302,52),
478:(32,36),(302,41),(86,98),(238,150),(181,88),(270,18),(41,9),(206,86),(298,72),(181,87),(168,46),(315,111),(77,86),(29,56),(248,122),(17,153),(236,69),(301,67),(180,30),(302,52),
479:(32,36),(302,41),(86,99),(238,150),(181,88),(270,18),(41,9),(206,86),(297,72),(181,87),(168,46),(315,112),(77,86),(29,56),(247,122),(17,153),(236,69),(301,66),(180,30),(302,52),
480:(32,36),(302,41),(86,100),(238,150),(181,88),(270,18),(41,9),(206,86),(296,72),(181,87),(168,46),(315,113),(77,86),(29,56),(246,122),(17,153),(236,69),(301,65),(180,30),(302,52),
481:(32,36),(302,41),(86,101),(238,150),(181,88),(270,18),(41,9),(206,86),(295,72),(181,87),(168,46),(315,114),(77,86),(29,56),(245,122),(17,153),(236,69),(301,64),(180,30),(302,52),
482:(32,36),(302,41),(86,102),(238,150),(181,88),(270,18),(41,9),(206,86),(294,72),(181,87),(168,46),(315,115),(77,86),(29,56),(244,122),(17,153),(236,69),(301,63),(180,30),(302,52),
483:(32,36),(302,41),(86,103),(238,150),(181,88),(270,18),(41,9),(206,86),(293,72),(181,87),(168,46),(315,116),(77,86),(29,56),(243,122),(17,153),(236,69),(301,62),(180,30),(302,52),
484:(32,36),(302,41),(86,104),(238,150),(181,88),(270,18),(41,9),(206,86),(292,72),(181,87),(168,46),(315,117),(77,86),(29,56),(242,122),(17,153),(236,69),(301,61),(180,30),(302,52),
485:(32,36),(302,41),(86,105),(238,150),(181,88),(270,18),(41,9),(206,86),(291,72),(181,87),(168,46),(315,118),(77,86),(29,56),(241,122),(17,153),(236,69),(301,60),(180,30),(302,52),
486:(32,36),(302,41),(86,106),(238,150),(181,88),(270,18),(41,9),(206,86),(290,72),(181,87),(168,46),(315,119),(77,86),(29,56),(240,122),(17,153),(236,69),(301,59),(180,30),(302,52),
487:(32,36),(302,41),(86,107),(238,150),(181,88),(270,18),(41,9),(206,86),(289,72),(181,87),(168,46),(315,120),(77,86),(29,56),(239,122),(17,153),(236,69),(301,58),(180,30),(302,52),
488:(32,36),(302,41),(86,108),(238,150),(181,88),(270,18),(41,9),(206,86),(289,71),(181,87),(168,46),(315,121),(77,86),(29,56),(238,122),(17,153),(236,69),(301,57),(180,30),(302,52),
489:(32,36),(302,41),(86,109),(238,150),(181,88),(270,18),(41,9),(206,86),(289,70),(181,87),(168,46),(315,122),(77,86),(29,56),(237,122),(17,153),(236,69),(301,56),(180,30),(302,52),
490:(32,36),(302,41),(86,110),(238,150),(181,88),(270,18),(41,9),(206,86),(288,70),(181,87),(168,46),(315,123),(77,86),(29,56),(236,122),(17,153),(236,69),(301,55),(180,30),(302,52),
491:(32,36),(302,41),(86,111),(238,150),(181,88),(270,18),(41,9),(206,86),(287,70),(181,87),(168,46),(315,124),(77,86),(29,56),(235,122),(17,153),(236,69),(301,54),(180,30),(302,52),
492:(32,36),(302,41),(86,112),(238,150),(181,88),(270,18),(41,9),(206,86),(286,70),(181,87),(168,46),(315,125),(77,86),(29,56),(234,122),(17,153),(236,69),(301,53),(180,30),(302,52),
493:(32,36),(302,41),(86,113),(238,150),(181,88),(270,18),(41,9),(206,86),(285,70),(181,87),(168,46),(315,126),(77,86),(29,56),(233,122),(17,153),(236,69),(301,52),(180,30),(302,52),
494:(32,36),(302,41),(86,114),(238,150),(181,88),(270,18),(41,9),(206,86),(284,70),(181,87),(168,46),(315,127),(77,86),(29,56),(232,122),(17,153),(236,69),(301,51),(180,30),(301,52),
495:(32,36),(302,41),(86,115),(238,150),(181,88),(270,18),(41,9),(206,86),(283,70),(181,87),(168,46),(315,128),(77,86),(29,56),(231,122),(17,153),(236,69),(301,50),(180,30),(300,52),
496:(32,36),(302,41),(86,116),(238,150),(181,88),(270,18),(41,9),(206,86),(282,70),(181,87),(168,46),(315,129),(77,86),(29,56),(230,122),(17,153),(236,69),(301,49),(180,30),(299,52),
497:(32,36),(302,41),(86,117),(238,150),(181,88),(270,18),(41,9),(206,86),(281,70),(181,87),(168,46),(315,130),(77,86),(29,56),(229,122),(17,153),(236,69),(301,48),(180,30),(298,52),
498:(32,36),(302,41),(86,118),(238,150),(181,88),(270,18),(41,9),(206,86),(280,70),(181,87),(168,46),(315,131),(77,86),(29,56),(228,122),(17,153),(236,69),(301,47),(180,30),(297,52),
499:(32,36),(302,41),(86,119),(238,150),(181,88),(270,18),(41,9),(206,86),(279,70),(181,87),(168,46),(315,132),(77,86),(29,56),(227,122),(17,153),(236,69),(301,46),(180,30),(296,52),
500:(32,36),(302,41),(86,120),(238,150),(181,88),(270,18),(41,9),(206,86),(278,70),(181,87),(168,46),(315,133),(77,86),(29,56),(226,122),(17,153),(236,69),(301,45),(180,30),(295,52),
501:(32,36),(302,41),(86,121),(238,150),(181,88),(270,18),(41,9),(206,86),(277,70),(181,87),(168,46),(315,134),(77,86),(29,56),(225,122),(17,153),(236,69),(301,44),(180,30),(294,52),
