instance=temp_instance.txt
agents=30
map_file=den520d.map
solver=PIBT
solved=1
soc=5325
lb_soc=4900
makespan=341
lb_makespan=341
comp_time=29
preprocessing_comp_time=17
starts=(13,154),(155,209),(187,81),(12,151),(87,97),(17,202),(126,51),(234,57),(61,167),(223,92),(209,76),(58,78),(182,155),(106,99),(67,36),(78,189),(58,53),(63,94),(209,177),(75,136),(250,23),(190,178),(61,177),(114,34),(235,68),(218,218),(55,72),(37,158),(136,1),(77,48),
goals=(188,170),(180,159),(14,195),(49,156),(134,42),(33,189),(182,80),(239,61),(186,68),(178,143),(133,230),(160,153),(126,175),(87,162),(156,99),(121,221),(159,30),(170,64),(16,193),(150,154),(171,127),(78,145),(203,192),(18,156),(162,19),(241,99),(79,86),(117,114),(102,210),(247,61),
solution=
0:(13,154),(155,209),(187,81),(12,151),(87,97),(17,202),(126,51),(234,57),(61,167),(223,92),(209,76),(58,78),(182,155),(106,99),(67,36),(78,189),(58,53),(63,94),(209,177),(75,136),(250,23),(190,178),(61,177),(114,34),(235,68),(218,218),(55,72),(37,158),(136,1),(77,48),
1:(14,154),(155,210),(186,81),(13,151),(86,97),(18,202),(125,51),(234,58),(61,166),(223,91),(208,76),(58,79),(181,155),(106,100),(68,36),(79,189),(59,53),(64,94),(208,177),(75,137),(250,24),(189,178),(61,176),(114,35),(235,67),(217,218),(56,72),(38,158),(136,2),(77,47),
2:(14,155),(154,210),(186,82),(13,152),(85,97),(18,201),(125,50),(234,59),(61,165),(222,91),(208,77),(58,80),(180,155),(106,101),(68,37),(80,189),(60,53),(65,94),(208,176),(75,138),(249,24),(189,177),(62,176),(114,36),(234,67),(217,217),(56,73),(38,157),(136,3),(78,47),
3:(15,155),(154,211),(186,83),(13,153),(84,97),(18,200),(124,50),(234,60),(61,164),(221,91),(207,77),(58,81),(179,155),(106,102),(68,38),(81,189),(61,53),(65,93),(207,176),(75,139),(249,25),(188,177),(62,175),(115,36),(234,66),(216,217),(56,74),(39,157),(137,3),(79,47),
4:(15,156),(154,212),(186,84),(13,154),(83,97),(18,199),(124,49),(234,61),(62,164),(220,91),(207,78),(59,81),(178,155),(106,103),(69,38),(81,190),(62,53),(66,93),(206,176),(75,140),(248,25),(188,176),(63,175),(116,36),(234,65),(215,217),(56,75),(39,156),(137,4),(80,47),
5:(16,156),(154,213),(186,85),(13,155),(82,97),(18,198),(124,48),(235,61),(63,164),(219,91),(206,78),(59,82),(177,155),(107,103),(70,38),(82,190),(62,52),(67,93),(205,176),(75,141),(247,25),(187,176),(64,175),(117,36),(234,64),(215,216),(56,76),(40,156),(137,5),(81,47),
6:(17,156),(154,214),(185,85),(13,156),(82,96),(18,197),(125,48),(236,61),(64,164),(219,90),(205,78),(60,82),(176,155),(107,104),(70,39),(82,191),(63,52),(68,93),(204,176),(76,141),(246,25),(186,176),(65,175),(117,37),(233,64),(215,215),(56,77),(40,155),(138,5),(82,47),
7:(18,156),(153,214),(184,85),(14,156),(81,96),(18,196),(125,47),(237,61),(64,163),(219,89),(204,78),(60,83),(175,155),(107,105),(70,40),(82,192),(63,51),(69,93),(203,176),(77,141),(245,25),(186,175),(66,175),(118,37),(232,64),(214,215),(57,77),(41,155),(138,6),(83,47),
8:(19,156),(152,214),(184,86),(15,156),(81,95),(18,195),(126,47),(238,61),(65,163),(218,89),(204,79),(61,83),(174,155),(107,106),(70,41),(82,193),(64,51),(70,93),(203,175),(78,141),(245,26),(185,175),(67,175),(119,37),(231,64),(213,215),(58,77),(42,155),(138,7),(84,47),
9:(19,157),(151,214),(184,87),(16,156),(80,95),(18,194),(127,47),(239,61),(65,162),(217,89),(204,80),(62,83),(174,156),(107,107),(70,42),(83,193),(65,51),(71,93),(203,174),(79,141),(244,26),(184,175),(67,174),(119,38),(230,64),(212,215),(58,78),(42,154),(138,8),(85,47),
10:(20,157),(150,214),(184,88),(17,156),(80,94),(18,193),(128,47),(239,61),(65,161),(217,88),(203,80),(62,84),(173,156),(107,108),(71,42),(84,193),(66,51),(72,93),(203,173),(79,142),(244,27),(184,174),(68,174),(119,39),(229,64),(212,214),(59,78),(42,153),(138,9),(86,47),
11:(21,157),(149,214),(184,89),(18,156),(79,94),(18,192),(129,47),(239,61),(65,160),(217,87),(203,81),(62,85),(172,156),(108,108),(71,43),(85,193),(67,51),(73,93),(202,173),(80,142),(243,27),(184,173),(69,174),(119,40),(228,64),(211,214),(59,79),(43,153),(138,10),(87,47),
12:(21,158),(148,214),(184,90),(19,156),(78,94),(18,191),(130,47),(239,61),(65,159),(216,87),(203,82),(63,85),(171,156),(109,108),(71,44),(85,194),(68,51),(74,93),(201,173),(80,143),(242,27),(183,173),(70,174),(120,40),(227,64),(210,214),(60,79),(44,153),(138,11),(88,47),
13:(22,158),(147,214),(183,90),(20,156),(78,93),(18,190),(131,47),(239,61),(66,159),(215,87),(202,82),(63,86),(170,156),(110,108),(71,45),(85,195),(68,50),(75,93),(200,173),(81,143),(241,27),(183,172),(71,174),(121,40),(227,63),(210,213),(61,79),(45,153),(138,12),(89,47),
14:(23,158),(146,214),(182,90),(21,156),(77,93),(18,189),(132,47),(239,61),(66,158),(215,86),(202,83),(63,87),(170,157),(111,108),(71,46),(85,196),(69,50),(76,93),(199,173),(82,143),(240,27),(182,172),(71,173),(122,40),(227,62),(210,212),(61,80),(46,153),(138,13),(90,47),
15:(24,158),(145,214),(182,91),(22,156),(77,92),(18,188),(133,47),(239,61),(66,157),(214,86),(201,83),(63,88),(169,157),(112,108),(71,47),(86,196),(70,50),(77,93),(198,173),(82,144),(239,27),(182,171),(72,173),(122,41),(226,62),(209,212),(62,80),(47,153),(138,14),(91,47),
16:(24,159),(144,214),(181,91),(23,156),(77,91),(18,187),(134,47),(239,61),(67,157),(213,86),(200,83),(63,89),(168,157),(113,108),(71,48),(86,197),(71,50),(78,93),(197,173),(83,144),(238,27),(181,171),(73,173),(122,42),(226,61),(208,212),(62,81),(48,153),(138,15),(92,47),
17:(25,159),(143,214),(181,92),(24,156),(77,90),(18,186),(135,47),(239,61),(68,157),(212,86),(199,83),(63,90),(168,158),(114,108),(71,49),(86,198),(72,50),(79,93),(196,173),(83,145),(238,28),(181,170),(74,173),(123,42),(225,61),(207,212),(63,81),(49,153),(139,15),(93,47),
18:(26,159),(142,214),(180,92),(25,156),(76,90),(18,185),(136,47),(239,61),(68,156),(211,86),(198,83),(64,90),(167,158),(115,108),(71,50),(86,199),(72,49),(80,93),(195,173),(84,145),(238,29),(180,170),(75,173),(124,42),(224,61),(207,211),(64,81),(50,153),(139,16),(94,47),
19:(27,159),(141,214),(180,93),(26,156),(76,89),(18,184),(137,47),(239,61),(68,155),(210,86),(197,83),(64,91),(167,159),(116,108),(71,51),(87,199),(72,48),(81,93),(194,173),(85,145),(237,29),(179,170),(76,173),(124,43),(223,61),(207,210),(65,81),(51,153),(139,17),(95,47),
20:(27,160),(140,214),(180,94),(27,156),(76,88),(19,184),(138,47),(239,61),(69,155),(209,86),(196,83),(64,92),(167,160),(117,108),(71,52),(87,200),(73,48),(82,93),(193,173),(85,146),(236,29),(178,170),(77,173),(125,43),(223,60),(207,209),(65,82),(52,153),(139,18),(96,47),
21:(27,161),(139,214),(180,95),(28,156),(76,87),(20,184),(139,47),(239,61),(69,154),(208,86),(195,83),(64,93),(166,160),(118,108),(71,53),(87,201),(74,48),(83,93),(192,173),(86,146),(235,29),(177,170),(78,173),(126,43),(223,59),(207,208),(66,82),(53,153),(140,18),(97,47),
22:(28,161),(138,214),(179,95),(29,156),(76,86),(20,183),(140,47),(239,61),(69,153),(207,86),(195,84),(64,94),(166,161),(119,108),(71,54),(88,201),(75,48),(84,93),(191,173),(86,147),(235,30),(176,170),(79,173),(127,43),(223,58),(206,208),(67,82),(54,153),(140,19),(98,47),
23:(29,161),(137,214),(178,95),(30,156),(75,86),(21,183),(141,47),(239,61),(70,153),(206,86),(194,84),(64,95),(166,162),(120,108),(71,55),(89,201),(76,48),(85,93),(190,173),(86,148),(234,30),(175,170),(80,173),(127,44),(223,57),(205,208),(67,83),(55,153),(140,20),(99,47),
24:(29,162),(136,214),(178,96),(31,156),(74,86),(22,183),(142,47),(239,61),(71,153),(205,86),(194,85),(64,96),(165,162),(121,108),(71,56),(90,201),(77,48),(86,93),(189,173),(87,148),(234,31),(174,170),(81,173),(128,44),(223,56),(205,207),(67,84),(56,153),(141,20),(100,47),
25:(30,162),(135,214),(177,96),(32,156),(73,86),(23,183),(143,47),(239,61),(72,153),(204,86),(193,85),(65,96),(164,162),(122,108),(71,57),(91,201),(78,48),(87,93),(188,173),(88,148),(234,32),(174,169),(82,173),(128,45),(222,56),(205,206),(67,85),(57,153),(142,20),(101,47),
26:(31,162),(134,214),(176,96),(33,156),(73,85),(24,183),(143,48),(239,61),(73,153),(203,86),(192,85),(66,96),(163,162),(123,108),(71,58),(92,201),(78,47),(88,93),(187,173),(88,149),(234,33),(173,169),(83,173),(128,46),(221,56),(205,205),(67,86),(58,153),(143,20),(102,47),
27:(32,162),(133,214),(176,97),(34,156),(73,84),(25,183),(144,48),(239,61),(74,153),(202,86),(191,85),(67,96),(163,163),(124,108),(71,59),(92,202),(79,47),(89,93),(186,173),(89,149),(234,34),(173,168),(84,173),(128,47),(221,55),(204,205),(68,86),(59,153),(144,20),(103,47),
28:(33,162),(132,214),(175,97),(35,156),(72,84),(26,183),(145,48),(239,61),(75,153),(201,86),(190,85),(68,96),(163,164),(125,108),(71,60),(93,202),(80,47),(90,93),(185,173),(89,150),(234,35),(172,168),(85,173),(129,47),(221,54),(203,205),(69,86),(60,153),(144,21),(104,47),
29:(33,163),(131,214),(174,97),(36,156),(71,84),(27,183),(146,48),(239,61),(76,153),(200,86),(190,86),(69,96),(163,165),(126,108),(71,61),(94,202),(81,47),(91,93),(184,173),(90,150),(234,36),(171,168),(86,173),(130,47),(221,53),(203,204),(70,86),(61,153),(144,22),(105,47),
30:(33,164),(131,213),(173,97),(37,156),(71,83),(28,183),(147,48),(239,61),(77,153),(199,86),(189,86),(70,96),(163,166),(127,108),(71,62),(94,203),(82,47),(92,93),(183,173),(91,150),(234,37),(171,167),(87,173),(131,47),(220,53),(202,204),(71,86),(62,153),(145,22),(106,47),
31:(33,165),(130,213),(173,98),(38,156),(71,82),(29,183),(148,48),(239,61),(78,153),(198,86),(189,87),(71,96),(162,166),(128,108),(71,63),(95,203),(83,47),(93,93),(182,173),(92,150),(234,38),(170,167),(88,173),(132,47),(219,53),(201,204),(72,86),(63,153),(146,22),(107,47),
32:(33,166),(129,213),(173,99),(39,156),(71,81),(29,184),(149,48),(239,61),(79,153),(197,86),(189,88),(72,96),(161,166),(129,108),(71,64),(95,204),(84,47),(94,93),(181,173),(92,151),(233,38),(170,166),(89,173),(133,47),(218,53),(200,204),(73,86),(64,153),(147,22),(108,47),
33:(34,166),(128,213),(172,99),(40,156),(71,80),(30,184),(150,48),(239,61),(80,153),(196,86),(188,88),(73,96),(160,166),(130,108),(71,65),(95,205),(85,47),(95,93),(180,173),(93,151),(233,39),(169,166),(90,173),(134,47),(217,53),(200,203),(74,86),(65,153),(147,23),(109,47),
34:(34,167),(127,213),(172,100),(41,156),(71,79),(31,184),(150,49),(239,61),(81,153),(195,86),(188,89),(74,96),(160,167),(131,108),(71,66),(95,206),(86,47),(96,93),(179,173),(94,151),(233,40),(169,165),(91,173),(135,47),(216,53),(200,202),(75,86),(66,153),(148,23),(110,47),
35:(35,167),(126,213),(171,100),(42,156),(71,78),(31,185),(150,50),(239,61),(82,153),(194,86),(188,90),(75,96),(160,168),(132,108),(71,67),(96,206),(87,47),(97,93),(178,173),(95,151),(233,41),(169,164),(92,173),(136,47),(215,53),(200,201),(76,86),(67,153),(149,23),(111,47),
36:(36,167),(125,213),(171,101),(43,156),(71,77),(32,185),(151,50),(239,61),(83,153),(193,86),(188,91),(76,96),(160,169),(133,108),(71,68),(96,207),(88,47),(98,93),(177,173),(95,152),(233,42),(169,163),(93,173),(137,47),(214,53),(200,200),(77,86),(68,153),(150,23),(112,47),
37:(36,168),(124,213),(171,102),(44,156),(71,76),(33,185),(152,50),(239,61),(84,153),(192,86),(187,91),(76,97),(159,169),(134,108),(71,69),(97,207),(89,47),(99,93),(176,173),(95,153),(233,43),(169,162),(94,173),(138,47),(213,53),(200,199),(78,86),(69,153),(151,23),(113,47),
38:(37,168),(123,213),(170,102),(45,156),(71,75),(33,186),(153,50),(239,61),(85,153),(191,86),(187,92),(77,97),(159,170),(135,108),(71,70),(98,207),(90,47),(100,93),(175,173),(95,154),(233,44),(168,162),(95,173),(139,47),(212,53),(199,199),(79,86),(70,153),(151,24),(114,47),
39:(37,169),(122,213),(169,102),(46,156),(71,74),(33,187),(154,50),(239,61),(86,153),(190,86),(187,93),(77,98),(158,170),(136,108),(71,71),(98,208),(91,47),(101,93),(174,173),(96,154),(233,45),(168,161),(96,173),(140,47),(211,53),(199,198),(79,86),(71,153),(151,25),(115,47),
40:(38,169),(121,213),(168,102),(47,156),(71,73),(33,188),(155,50),(239,61),(87,153),(189,86),(186,93),(77,99),(158,171),(137,108),(71,72),(99,208),(92,47),(102,93),(173,173),(97,154),(233,46),(168,160),(97,173),(141,47),(210,53),(199,197),(79,86),(72,153),(152,25),(116,47),
41:(39,169),(120,213),(168,103),(48,156),(71,74),(33,189),(155,51),(239,61),(88,153),(188,86),(186,94),(77,100),(158,172),(138,108),(71,73),(99,209),(93,47),(103,93),(172,173),(98,154),(233,47),(167,160),(98,173),(142,47),(209,53),(199,196),(79,86),(73,153),(152,26),(117,47),
42:(40,169),(119,213),(167,103),(49,156),(71,73),(33,189),(156,51),(239,61),(89,153),(188,87),(185,94),(78,100),(157,172),(139,108),(72,73),(99,210),(94,47),(104,93),(171,173),(99,154),(233,48),(166,160),(99,173),(143,47),(208,53),(199,195),(79,86),(74,153),(152,27),(118,47),
43:(41,169),(118,213),(166,103),(49,156),(71,72),(33,189),(157,51),(239,61),(90,153),(187,87),(185,95),(78,101),(156,172),(139,109),(73,73),(100,210),(95,47),(105,93),(170,173),(100,154),(233,49),(165,160),(100,173),(143,48),(207,53),(199,194),(79,86),(75,153),(153,27),(119,47),
44:(42,169),(117,213),(165,103),(49,156),(71,71),(33,189),(157,52),(239,61),(91,153),(187,88),(184,95),(79,101),(156,173),(140,109),(73,74),(100,211),(96,47),(106,93),(169,173),(101,154),(233,50),(164,160),(101,173),(144,48),(206,53),(199,193),(79,86),(76,153),(154,27),(120,47),
45:(43,169),(116,213),(165,104),(49,156),(71,70),(33,189),(157,53),(239,61),(92,153),(186,88),(184,96),(80,101),(155,173),(140,110),(74,74),(101,211),(97,47),(107,93),(168,173),(102,154),(233,51),(164,159),(102,173),(145,48),(205,53),(199,192),(79,86),(77,153),(154,28),(121,47),
46:(44,169),(115,213),(165,105),(49,156),(71,69),(33,189),(158,53),(239,61),(93,153),(186,89),(184,97),(80,102),(155,174),(140,111),(75,74),(101,212),(98,47),(108,93),(167,173),(103,154),(233,52),(163,159),(103,173),(146,48),(204,53),(199,191),(79,86),(78,153),(155,28),(122,47),
47:(45,169),(114,213),(164,105),(49,156),(71,68),(33,189),(158,54),(239,61),(94,153),(186,90),(184,98),(80,103),(154,174),(140,112),(75,75),(101,213),(99,47),(109,93),(166,173),(104,154),(233,53),(162,159),(103,174),(147,48),(203,53),(199,190),(79,86),(79,153),(156,28),(123,47),
48:(46,169),(113,213),(163,105),(49,156),(71,67),(33,189),(158,55),(239,61),(95,153),(186,91),(183,98),(81,103),(153,174),(141,112),(75,76),(102,213),(100,47),(110,93),(165,173),(105,154),(233,54),(161,159),(104,174),(148,48),(202,53),(199,189),(79,86),(80,153),(156,29),(124,47),
49:(47,169),(112,213),(163,106),(49,156),(72,67),(33,189),(158,56),(239,61),(96,153),(186,92),(183,99),(82,103),(152,174),(141,113),(76,76),(103,213),(101,47),(111,93),(164,173),(106,154),(233,55),(161,158),(105,174),(149,48),(201,53),(199,188),(79,86),(81,153),(156,30),(125,47),
50:(48,169),(111,213),(162,106),(49,156),(72,66),(33,189),(158,57),(239,61),(97,153),(185,92),(182,99),(83,103),(151,174),(142,113),(76,77),(104,213),(102,47),(112,93),(163,173),(107,154),(232,55),(160,158),(105,175),(150,48),(200,53),(199,187),(79,86),(82,153),(156,31),(126,47),
51:(49,169),(110,213),(161,106),(49,156),(72,65),(33,189),(159,57),(239,61),(98,153),(185,93),(182,100),(84,103),(151,175),(143,113),(77,77),(105,213),(103,47),(113,93),(162,173),(108,154),(231,55),(159,158),(106,175),(150,49),(199,53),(198,187),(79,86),(83,153),(156,32),(127,47),
52:(50,169),(109,213),(161,107),(49,156),(72,64),(33,189),(160,57),(239,61),(99,153),(185,94),(181,100),(84,104),(150,175),(144,113),(78,77),(105,214),(104,47),(114,93),(161,173),(109,154),(231,56),(159,157),(107,175),(151,49),(198,53),(198,186),(79,86),(84,153),(156,33),(128,47),
53:(51,169),(108,213),(161,108),(49,156),(73,64),(33,189),(161,57),(239,61),(100,153),(185,95),(180,100),(84,105),(149,175),(145,113),(79,77),(105,215),(105,47),(115,93),(160,173),(110,154),(230,56),(158,157),(108,175),(151,50),(197,53),(198,185),(79,86),(85,153),(157,33),(129,47),
54:(52,169),(107,213),(161,109),(49,156),(73,63),(33,189),(161,58),(239,61),(101,153),(184,95),(180,101),(84,106),(148,175),(146,113),(79,78),(105,216),(106,47),(116,93),(159,173),(111,154),(229,56),(158,156),(109,175),(152,50),(196,53),(198,184),(79,86),(86,153),(158,33),(130,47),
55:(53,169),(106,213),(161,110),(49,156),(73,62),(33,189),(162,58),(239,61),(102,153),(184,96),(180,102),(85,106),(147,175),(147,113),(79,79),(105,217),(107,47),(117,93),(158,173),(112,154),(229,57),(158,155),(110,175),(153,50),(195,53),(197,184),(79,86),(87,153),(159,33),(131,47),
56:(54,169),(105,213),(160,110),(49,156),(74,62),(33,189),(163,58),(239,61),(103,153),(184,97),(179,102),(85,107),(146,175),(148,113),(80,79),(106,217),(108,47),(118,93),(157,173),(113,154),(229,58),(158,154),(111,175),(154,50),(194,53),(197,183),(79,86),(88,153),(159,34),(132,47),
57:(55,169),(104,213),(159,110),(49,156),(74,61),(33,189),(164,58),(239,61),(104,153),(183,97),(179,103),(86,107),(145,175),(148,114),(81,79),(106,218),(109,47),(119,93),(156,173),(114,154),(229,59),(158,153),(112,175),(155,50),(193,53),(197,182),(79,86),(89,153),(159,35),(133,47),
58:(56,169),(104,212),(159,111),(49,156),(75,61),(33,189),(165,58),(239,61),(105,153),(183,98),(179,104),(87,107),(144,175),(149,114),(81,80),(107,218),(110,47),(120,93),(155,173),(115,154),(229,60),(157,153),(113,175),(156,50),(192,53),(197,181),(79,86),(90,153),(160,35),(134,47),
59:(57,169),(103,212),(159,112),(49,156),(75,60),(33,189),(166,58),(239,61),(106,153),(182,98),(179,105),(87,108),(143,175),(150,114),(81,81),(108,218),(111,47),(121,93),(154,173),(116,154),(229,61),(156,153),(114,175),(156,51),(191,53),(196,181),(79,86),(91,153),(161,35),(135,47),
60:(58,169),(102,212),(159,113),(49,156),(75,59),(33,189),(166,59),(239,61),(107,153),(182,99),(179,106),(88,108),(142,175),(150,115),(81,82),(109,218),(112,47),(122,93),(153,173),(117,154),(228,61),(155,153),(115,175),(157,51),(190,53),(195,181),(79,86),(92,153),(162,35),(136,47),
61:(59,169),(102,211),(159,114),(49,156),(75,58),(33,189),(167,59),(239,61),(108,153),(181,99),(178,106),(89,108),(141,175),(150,116),(81,83),(110,218),(113,47),(123,93),(152,173),(118,154),(228,62),(154,153),(116,175),(158,51),(189,53),(194,181),(79,86),(93,153),(162,36),(137,47),
62:(60,169),(101,211),(159,115),(49,156),(75,57),(33,189),(168,59),(239,61),(109,153),(181,100),(178,107),(90,108),(140,175),(151,116),(81,84),(111,218),(114,47),(124,93),(151,173),(119,154),(227,62),(153,153),(117,175),(159,51),(189,52),(194,180),(79,86),(94,153),(162,37),(138,47),
63:(61,169),(100,211),(159,116),(49,156),(75,56),(33,189),(169,59),(239,61),(110,153),(180,100),(177,107),(91,108),(139,175),(152,116),(81,85),(111,219),(115,47),(125,93),(150,173),(120,154),(227,63),(152,153),(118,175),(159,52),(188,52),(193,180),(79,86),(95,153),(163,37),(139,47),
64:(62,169),(100,210),(159,117),(49,156),(75,55),(33,189),(169,60),(239,61),(111,153),(180,101),(176,107),(92,108),(138,175),(152,117),(81,86),(112,219),(116,47),(126,93),(149,173),(121,154),(226,63),(151,153),(119,175),(159,53),(188,51),(192,180),(79,86),(96,153),(163,38),(140,47),
65:(63,169),(100,209),(159,118),(49,156),(76,55),(33,189),(169,61),(239,61),(112,153),(179,101),(176,108),(93,108),(137,175),(153,117),(81,87),(112,220),(117,47),(127,93),(148,173),(122,154),(226,64),(150,153),(120,175),(160,53),(188,50),(192,179),(79,86),(97,153),(164,38),(141,47),
66:(64,169),(100,208),(159,119),(49,156),(76,54),(33,189),(169,62),(239,61),(113,153),(179,102),(175,108),(94,108),(136,175),(153,118),(82,87),(112,221),(118,47),(128,93),(147,173),(123,154),(225,64),(149,153),(121,175),(161,53),(187,50),(192,178),(79,86),(98,153),(164,39),(142,47),
67:(65,169),(99,208),(159,120),(49,156),(77,54),(33,189),(170,62),(239,61),(114,153),(178,102),(174,108),(95,108),(135,175),(153,119),(82,88),(113,221),(119,47),(129,93),(146,173),(124,154),(224,64),(148,153),(122,175),(161,54),(186,50),(192,177),(79,86),(99,153),(165,39),(143,47),
68:(66,169),(98,208),(159,121),(49,156),(77,53),(33,189),(170,63),(239,61),(115,153),(178,103),(173,108),(96,108),(134,175),(154,119),(83,88),(114,221),(120,47),(130,93),(145,173),(125,154),(223,64),(147,153),(123,175),(161,55),(185,50),(192,176),(79,86),(100,153),(166,39),(143,48),
69:(67,169),(97,208),(159,122),(49,156),(77,52),(33,189),(171,63),(239,61),(116,153),(178,104),(173,109),(97,108),(133,175),(155,119),(84,88),(115,221),(121,47),(131,93),(144,173),(126,154),(223,65),(146,153),(124,175),(161,56),(185,49),(191,176),(79,86),(101,153),(167,39),(144,48),
70:(68,169),(97,207),(159,123),(49,156),(77,51),(33,189),(172,63),(239,61),(116,152),(178,105),(172,109),(98,108),(132,175),(155,120),(84,89),(116,221),(122,47),(132,93),(143,173),(127,154),(222,65),(145,153),(125,175),(161,57),(184,49),(191,175),(79,86),(102,153),(167,40),(145,48),
71:(69,169),(97,206),(159,124),(49,156),(77,50),(33,189),(172,64),(239,61),(117,152),(178,106),(171,109),(99,108),(131,175),(155,121),(84,90),(117,221),(123,47),(133,93),(142,173),(128,154),(222,66),(144,153),(126,175),(161,58),(184,48),(191,174),(79,86),(103,153),(167,41),(146,48),
72:(70,169),(97,205),(159,125),(49,156),(77,49),(33,189),(172,65),(239,61),(118,152),(178,107),(171,110),(100,108),(130,175),(155,122),(84,91),(118,221),(124,47),(134,93),(141,173),(129,154),(222,67),(143,153),(127,175),(162,58),(184,47),(191,173),(79,86),(104,153),(168,41),(147,48),
73:(71,169),(97,204),(159,126),(49,156),(77,48),(33,189),(172,66),(239,61),(119,152),(178,108),(171,111),(101,108),(129,175),(156,122),(85,91),(119,221),(125,47),(135,93),(140,173),(130,154),(222,68),(142,153),(128,175),(163,58),(184,46),(191,172),(79,86),(105,153),(169,41),(148,48),
74:(72,169),(97,203),(159,127),(49,156),(78,48),(33,189),(172,67),(239,61),(120,152),(178,109),(171,112),(102,108),(129,174),(156,123),(86,91),(120,221),(126,47),(136,93),(139,173),(131,154),(222,69),(141,153),(129,175),(164,58),(184,45),(190,172),(79,86),(106,153),(169,42),(149,48),
75:(73,169),(97,202),(159,128),(49,156),(78,47),(33,189),(172,68),(239,61),(121,152),(178,110),(171,113),(103,108),(128,174),(157,123),(87,91),(121,221),(127,47),(137,93),(138,173),(132,154),(222,70),(140,153),(130,175),(165,58),(183,45),(190,171),(79,86),(107,153),(169,43),(150,48),
76:(74,169),(97,201),(159,129),(49,156),(79,47),(33,189),(173,68),(239,61),(122,152),(178,111),(170,113),(104,108),(127,174),(158,123),(87,92),(121,221),(128,47),(138,93),(137,173),(133,154),(221,70),(139,153),(131,175),(165,59),(182,45),(190,170),(79,86),(108,153),(170,43),(150,49),
77:(75,169),(97,200),(159,130),(49,156),(80,47),(33,189),(174,68),(239,61),(123,152),(178,112),(170,114),(105,108),(127,175),(158,124),(88,92),(121,221),(129,47),(139,93),(136,173),(134,154),(221,71),(138,153),(132,175),(165,60),(182,44),(190,169),(79,86),(109,153),(171,43),(151,49),
78:(76,169),(97,199),(159,131),(49,156),(81,47),(33,189),(175,68),(239,61),(124,152),(178,113),(170,115),(106,108),(126,175),(158,125),(89,92),(121,221),(130,47),(140,93),(135,173),(135,154),(221,72),(137,153),(132,176),(165,61),(181,44),(189,169),(79,86),(110,153),(172,43),(151,50),
79:(77,169),(97,198),(159,132),(49,156),(82,47),(33,189),(175,69),(239,61),(125,152),(178,114),(169,115),(107,108),(126,175),(158,126),(89,93),(121,221),(131,47),(141,93),(134,173),(136,154),(220,72),(136,153),(132,177),(165,62),(180,44),(188,169),(79,86),(111,153),(173,43),(152,50),
80:(78,169),(97,197),(159,133),(49,156),(83,47),(33,189),(175,70),(239,61),(126,152),(178,115),(168,115),(108,108),(126,175),(159,126),(89,94),(121,221),(132,47),(142,93),(133,173),(137,154),(220,73),(135,153),(133,177),(165,63),(179,44),(188,168),(79,86),(112,153),(174,43),(153,50),
81:(79,169),(97,196),(159,134),(49,156),(84,47),(33,189),(175,71),(239,61),(127,152),(178,116),(167,115),(109,108),(126,175),(159,127),(89,95),(121,221),(133,47),(143,93),(132,173),(138,154),(220,74),(134,153),(134,177),(165,64),(178,44),(188,167),(79,86),(113,153),(175,43),(154,50),
82:(80,169),(97,195),(159,135),(49,156),(84,46),(33,189),(175,72),(239,61),(128,152),(178,117),(167,116),(110,108),(126,175),(159,128),(90,95),(121,221),(134,47),(144,93),(131,173),(139,154),(220,75),(133,153),(135,177),(165,65),(177,44),(188,166),(79,86),(114,153),(175,44),(155,50),
83:(81,169),(97,194),(159,136),(49,156),(84,45),(33,189),(175,73),(239,61),(128,151),(178,118),(167,117),(111,108),(126,175),(159,129),(91,95),(121,221),(135,47),(145,93),(130,173),(140,154),(220,76),(132,153),(136,177),(165,66),(177,43),(187,166),(79,86),(115,153),(176,44),(155,51),
84:(82,169),(97,193),(159,137),(49,156),(84,44),(33,189),(176,73),(239,61),(128,150),(178,119),(166,117),(112,108),(126,175),(159,130),(92,95),(121,221),(136,47),(145,92),(129,173),(141,154),(220,77),(131,153),(137,177),(165,67),(176,43),(186,166),(79,86),(116,153),(177,44),(155,52),
85:(83,169),(97,192),(159,138),(49,156),(84,43),(33,189),(177,73),(239,61),(129,150),(178,120),(165,117),(113,108),(126,175),(159,131),(92,96),(121,221),(137,47),(146,92),(128,173),(142,154),(220,78),(130,153),(138,177),(165,68),(176,42),(185,166),(79,86),(117,153),(178,44),(156,52),
86:(84,169),(97,191),(158,138),(49,156),(85,43),(33,189),(177,74),(239,61),(129,149),(178,121),(165,118),(114,108),(126,175),(159,132),(92,97),(121,221),(138,47),(147,92),(127,173),(143,154),(220,79),(129,153),(139,177),(165,69),(176,41),(185,165),(79,86),(117,152),(178,45),(157,52),
87:(85,169),(97,190),(158,139),(49,156),(86,43),(33,189),(177,75),(239,61),(130,149),(178,122),(165,119),(115,108),(126,175),(159,133),(93,97),(121,221),(139,47),(148,92),(126,173),(144,154),(219,79),(128,153),(140,177),(164,69),(176,40),(184,165),(79,86),(118,152),(179,45),(157,53),
88:(86,169),(97,189),(158,140),(49,156),(87,43),(33,189),(178,75),(239,61),(131,149),(178,123),(165,120),(116,108),(126,175),(159,134),(93,98),(121,221),(140,47),(149,92),(125,173),(145,154),(219,80),(127,153),(141,177),(163,69),(175,40),(183,165),(79,86),(119,152),(180,45),(158,53),
89:(87,169),(97,188),(158,141),(49,156),(88,43),(33,189),(179,75),(239,61),(132,149),(178,124),(164,120),(117,108),(126,175),(159,135),(94,98),(121,221),(141,47),(150,92),(124,173),(146,154),(219,81),(126,153),(142,177),(163,70),(175,39),(182,165),(79,86),(120,152),(180,46),(159,53),
90:(88,169),(97,187),(158,142),(49,156),(88,42),(33,189),(179,76),(239,61),(133,149),(178,125),(163,120),(118,108),(126,175),(159,136),(95,98),(121,221),(142,47),(151,92),(123,173),(147,154),(219,82),(125,153),(143,177),(162,70),(175,38),(181,165),(79,86),(121,152),(180,47),(160,53),
91:(89,169),(97,186),(158,143),(49,156),(89,42),(33,189),(180,76),(239,61),(134,149),(178,126),(162,120),(119,108),(126,175),(159,137),(95,99),(121,221),(143,47),(152,92),(122,173),(148,154),(219,83),(124,153),(144,177),(162,71),(175,37),(180,165),(79,86),(122,152),(180,48),(161,53),
92:(90,169),(97,185),(158,144),(49,156),(90,42),(33,189),(180,77),(239,61),(135,149),(178,127),(161,120),(120,108),(126,175),(158,137),(96,99),(121,221),(143,48),(153,92),(121,173),(149,154),(219,84),(123,153),(145,177),(161,71),(175,36),(179,165),(79,86),(123,152),(180,49),(161,54),
93:(91,169),(97,184),(158,145),(49,156),(91,42),(33,189),(181,77),(239,61),(136,149),(178,128),(161,121),(121,108),(126,175),(158,138),(97,99),(121,221),(144,48),(153,91),(120,173),(150,154),(219,85),(122,153),(146,177),(161,72),(174,36),(179,164),(79,86),(124,152),(180,50),(161,55),
94:(92,169),(97,183),(158,146),(49,156),(92,42),(33,189),(181,78),(239,61),(137,149),(178,129),(160,121),(122,108),(126,175),(157,138),(98,99),(121,221),(145,48),(154,91),(119,173),(150,154),(218,85),(121,153),(147,177),(161,73),(173,36),(179,163),(79,86),(125,152),(179,50),(162,55),
95:(93,169),(97,182),(157,146),(49,156),(93,42),(33,189),(182,78),(239,61),(138,149),(178,130),(160,122),(123,108),(126,175),(157,139),(99,99),(121,221),(146,48),(154,90),(118,173),(150,154),(217,85),(120,153),(148,177),(161,74),(172,36),(179,162),(79,86),(126,152),(179,51),(163,55),
96:(94,169),(97,181),(157,147),(49,156),(94,42),(33,189),(182,79),(239,61),(139,149),(178,131),(159,122),(124,108),(126,175),(156,139),(100,99),(121,221),(147,48),(155,90),(117,173),(150,154),(216,85),(119,153),(149,177),(161,75),(172,35),(179,161),(79,86),(127,152),(178,51),(164,55),
97:(95,169),(97,180),(157,148),(49,156),(95,42),(33,189),(182,80),(239,61),(140,149),(178,132),(159,123),(125,108),(126,175),(155,139),(101,99),(121,221),(148,48),(156,90),(116,173),(150,154),(216,86),(118,153),(150,177),(161,76),(171,35),(179,160),(79,86),(128,152),(178,52),(165,55),
98:(96,169),(97,179),(156,148),(49,156),(96,42),(33,189),(182,80),(239,61),(141,149),(178,133),(159,124),(126,108),(126,175),(155,140),(102,99),(121,221),(149,48),(157,90),(115,173),(150,154),(215,86),(117,153),(151,177),(161,77),(171,34),(179,159),(79,86),(128,151),(178,53),(166,55),
99:(97,169),(97,178),(155,148),(49,156),(97,42),(33,189),(182,80),(239,61),(142,149),(178,134),(159,125),(127,108),(126,175),(155,141),(103,99),(121,221),(150,48),(158,90),(114,173),(150,154),(214,86),(116,153),(152,177),(161,78),(170,34),(179,158),(79,86),(129,151),(178,54),(166,56),
100:(98,169),(97,177),(154,148),(49,156),(98,42),(33,189),(182,80),(239,61),(143,149),(178,135),(159,126),(128,108),(126,175),(154,141),(104,99),(121,221),(150,49),(158,89),(113,173),(150,154),(213,86),(115,153),(153,177),(161,79),(169,34),(179,157),(79,86),(129,150),(178,55),(166,57),
101:(99,169),(97,176),(154,149),(49,156),(99,42),(33,189),(182,80),(239,61),(143,148),(178,136),(159,127),(129,108),(126,175),(153,141),(105,99),(121,221),(151,49),(158,88),(112,173),(150,154),(212,86),(114,153),(154,177),(161,80),(168,34),(179,156),(79,86),(129,149),(177,55),(167,57),
102:(100,169),(97,175),(154,150),(49,156),(100,42),(33,189),(182,80),(239,61),(144,148),(178,137),(159,128),(130,108),(126,175),(152,141),(106,99),(121,221),(151,50),(158,87),(111,173),(150,154),(211,86),(113,153),(155,177),(161,81),(168,33),(179,155),(79,86),(130,149),(177,56),(167,58),
103:(101,169),(97,174),(154,151),(49,156),(101,42),(33,189),(182,80),(239,61),(145,148),(178,138),(159,129),(131,108),(126,175),(152,142),(107,99),(121,221),(152,50),(158,86),(110,173),(150,154),(210,86),(112,153),(156,177),(161,82),(168,32),(179,154),(79,86),(131,149),(176,56),(167,59),
104:(102,169),(97,173),(154,152),(49,156),(102,42),(33,189),(182,80),(239,61),(146,148),(178,139),(159,130),(132,108),(126,175),(151,142),(108,99),(121,221),(153,50),(158,85),(109,173),(150,154),(209,86),(111,153),(157,177),(160,82),(167,32),(179,153),(79,86),(132,149),(176,57),(167,60),
105:(103,169),(97,172),(154,153),(49,156),(103,42),(33,189),(182,80),(239,61),(147,148),(178,140),(159,131),(133,108),(126,175),(150,142),(109,99),(121,221),(154,50),(158,84),(108,173),(150,154),(208,86),(110,153),(158,177),(159,82),(167,31),(179,152),(79,86),(133,149),(175,57),(167,61),
106:(104,169),(98,172),(153,153),(49,156),(104,42),(33,189),(182,80),(239,61),(147,147),(178,141),(159,132),(134,108),(126,175),(149,142),(110,99),(121,221),(155,50),(158,83),(107,173),(150,154),(207,86),(109,153),(159,177),(159,83),(167,30),(179,151),(79,86),(134,149),(174,57),(168,61),
107:(105,169),(99,172),(152,153),(49,156),(105,42),(33,189),(182,80),(239,61),(148,147),(178,142),(159,133),(135,108),(126,175),(149,143),(111,99),(121,221),(155,51),(158,82),(106,173),(150,154),(206,86),(109,152),(160,177),(159,84),(167,29),(179,150),(79,86),(135,149),(174,58),(169,61),
108:(106,169),(100,172),(151,153),(49,156),(106,42),(33,189),(182,80),(239,61),(149,147),(178,143),(159,134),(136,108),(126,175),(149,144),(112,99),(121,221),(155,52),(159,82),(105,173),(150,154),(205,86),(108,152),(160,178),(159,85),(166,29),(179,149),(79,86),(136,149),(173,58),(170,61),
109:(107,169),(101,172),(151,154),(49,156),(107,42),(33,189),(182,80),(239,61),(149,146),(178,143),(159,135),(137,108),(126,175),(149,145),(113,99),(121,221),(156,52),(160,82),(104,173),(150,154),(204,86),(108,151),(161,178),(159,86),(166,28),(179,148),(79,86),(137,149),(173,59),(171,61),
110:(108,169),(102,172),(151,155),(49,156),(108,42),(33,189),(182,80),(239,61),(150,146),(178,143),(159,136),(138,108),(126,175),(148,145),(114,99),(121,221),(157,52),(161,82),(103,173),(150,154),(203,86),(107,151),(162,178),(159,87),(166,27),(179,147),(79,86),(138,149),(172,59),(172,61),
111:(109,169),(102,171),(150,155),(49,156),(109,42),(33,189),(182,80),(239,61),(150,145),(178,143),(159,137),(139,108),(126,175),(147,145),(115,99),(121,221),(157,53),(161,81),(102,173),(150,154),(202,86),(106,151),(163,178),(159,88),(166,26),(179,146),(79,86),(138,148),(172,60),(173,61),
112:(110,169),(103,171),(149,155),(49,156),(110,42),(33,189),(182,80),(239,61),(150,144),(178,143),(159,138),(140,108),(126,175),(147,146),(116,99),(121,221),(158,53),(162,81),(101,173),(150,154),(201,86),(106,150),(164,178),(159,89),(165,26),(179,145),(79,86),(139,148),(172,61),(174,61),
113:(111,169),(103,170),(149,156),(49,156),(111,42),(33,189),(182,80),(239,61),(150,143),(178,143),(158,138),(140,109),(126,175),(147,147),(117,99),(121,221),(158,54),(162,80),(100,173),(150,154),(200,86),(106,149),(165,178),(159,90),(165,25),(179,144),(79,86),(140,148),(172,62),(175,61),
114:(112,169),(104,170),(148,156),(49,156),(112,42),(33,189),(182,80),(239,61),(151,143),(178,143),(157,138),(140,110),(126,175),(147,148),(118,99),(121,221),(158,55),(162,79),(99,173),(150,154),(199,86),(105,149),(166,178),(159,91),(164,25),(179,143),(79,86),(141,148),(171,62),(176,61),
115:(113,169),(104,169),(148,157),(49,156),(113,42),(33,189),(182,80),(239,61),(151,142),(178,143),(156,138),(140,111),(126,175),(147,149),(119,99),(121,221),(158,56),(163,79),(98,173),(150,154),(198,86),(105,148),(167,178),(159,92),(164,24),(179,142),(79,86),(142,148),(171,63),(177,61),
116:(114,169),(104,168),(148,158),(49,156),(114,42),(33,189),(182,80),(239,61),(152,142),(178,143),(156,139),(140,112),(126,175),(147,150),(120,99),(121,221),(159,56),(164,79),(97,173),(150,154),(197,86),(105,147),(168,178),(159,93),(164,23),(179,141),(79,86),(143,148),(170,63),(178,61),
117:(115,169),(104,167),(148,159),(49,156),(115,42),(33,189),(182,80),(239,61),(152,141),(178,143),(155,139),(141,112),(126,175),(147,151),(121,99),(121,221),(160,56),(165,79),(96,173),(150,154),(196,86),(105,146),(169,178),(159,94),(164,22),(179,140),(79,86),(144,148),(170,64),(179,61),
118:(116,169),(105,167),(148,160),(49,156),(116,42),(33,189),(182,80),(239,61),(153,141),(178,143),(155,140),(141,113),(126,175),(147,152),(122,99),(121,221),(161,56),(166,79),(95,173),(150,154),(195,86),(104,146),(170,178),(159,95),(164,21),(179,139),(79,86),(145,148),(170,65),(180,61),
119:(117,169),(106,167),(148,161),(49,156),(117,42),(33,189),(182,80),(239,61),(154,141),(178,143),(154,140),(142,113),(126,175),(147,153),(123,99),(121,221),(162,56),(167,79),(94,173),(150,154),(194,86),(104,145),(171,178),(159,96),(164,20),(179,138),(79,86),(146,148),(169,65),(181,61),
120:(118,169),(107,167),(147,161),(49,156),(118,42),(33,189),(182,80),(239,61),(155,141),(178,143),(153,140),(143,113),(126,175),(146,153),(124,99),(121,221),(163,56),(168,79),(93,173),(150,154),(193,86),(103,145),(172,178),(159,97),(163,20),(179,137),(79,86),(147,148),(168,65),(182,61),
121:(119,169),(108,167),(146,161),(49,156),(119,42),(33,189),(182,80),(239,61),(156,141),(178,143),(153,141),(144,113),(126,175),(145,153),(125,99),(121,221),(164,56),(169,79),(92,173),(150,154),(192,86),(102,145),(173,178),(159,98),(162,20),(179,136),(79,86),(147,147),(167,65),(183,61),
122:(120,169),(109,167),(146,162),(49,156),(120,42),(33,189),(182,80),(239,61),(157,141),(178,143),(152,141),(145,113),(126,175),(145,154),(126,99),(121,221),(165,56),(169,78),(91,173),(150,154),(191,86),(101,145),(174,178),(159,99),(162,19),(179,135),(79,86),(148,147),(167,66),(184,61),
123:(121,169),(109,166),(146,163),(49,156),(121,42),(33,189),(182,80),(239,61),(157,140),(178,143),(152,142),(146,113),(126,175),(145,155),(127,99),(121,221),(166,56),(170,78),(90,173),(150,154),(190,86),(100,145),(175,178),(159,100),(162,19),(179,134),(79,86),(149,147),(166,66),(185,61),
124:(122,169),(109,165),(146,164),(49,156),(122,42),(33,189),(182,80),(239,61),(158,140),(178,143),(152,143),(147,113),(126,175),(144,155),(128,99),(121,221),(167,56),(170,77),(89,173),(150,154),(190,87),(99,145),(176,178),(159,101),(162,19),(179,133),(79,86),(150,147),(166,67),(186,61),
125:(123,169),(109,164),(145,164),(49,156),(123,42),(33,189),(182,80),(239,61),(159,140),(178,143),(151,143),(148,113),(126,175),(143,155),(129,99),(121,221),(168,56),(170,76),(88,173),(150,154),(190,88),(98,145),(177,178),(159,102),(162,19),(179,132),(79,86),(150,146),(166,68),(187,61),
126:(124,169),(109,163),(145,165),(49,156),(124,42),(33,189),(182,80),(239,61),(159,139),(178,143),(150,143),(148,114),(126,175),(143,156),(130,99),(121,221),(169,56),(170,75),(87,173),(150,154),(189,88),(97,145),(178,178),(159,103),(162,19),(179,131),(79,86),(151,146),(165,68),(188,61),
127:(125,169),(110,163),(144,165),(49,156),(125,42),(33,189),(182,80),(239,61),(160,139),(178,143),(150,144),(149,114),(126,175),(143,157),(131,99),(121,221),(170,56),(170,74),(86,173),(150,154),(188,88),(96,145),(179,178),(159,104),(162,19),(179,130),(79,86),(151,145),(165,69),(189,61),
128:(126,169),(110,162),(144,166),(49,156),(126,42),(33,189),(182,80),(239,61),(160,138),(178,143),(150,145),(149,115),(126,175),(142,157),(132,99),(121,221),(171,56),(170,73),(85,173),(150,154),(188,89),(95,145),(180,178),(159,105),(162,19),(179,129),(79,86),(151,144),(165,70),(190,61),
129:(127,169),(111,162),(144,167),(49,156),(127,42),(33,189),(182,80),(239,61),(161,138),(178,143),(150,146),(149,116),(126,175),(142,158),(133,99),(121,221),(172,56),(170,72),(84,173),(150,154),(188,90),(94,145),(181,178),(159,106),(162,19),(179,128),(79,86),(152,144),(165,71),(191,61),
130:(128,169),(112,162),(143,167),(49,156),(128,42),(33,189),(182,80),(239,61),(161,137),(178,143),(150,147),(150,116),(126,175),(142,159),(134,99),(121,221),(173,56),(170,71),(83,173),(150,154),(188,91),(93,145),(182,178),(159,107),(162,19),(179,127),(79,86),(152,143),(165,72),(192,61),
131:(129,169),(112,161),(143,168),(49,156),(129,42),(33,189),(182,80),(239,61),(161,136),(178,143),(150,148),(150,117),(126,175),(141,159),(135,99),(121,221),(174,56),(170,70),(82,173),(150,154),(187,91),(92,145),(183,178),(159,108),(162,19),(179,126),(79,86),(152,142),(165,73),(193,61),
132:(130,169),(113,161),(143,169),(49,156),(130,42),(33,189),(182,80),(239,61),(161,135),(178,143),(149,148),(151,117),(126,175),(141,160),(136,99),(121,221),(175,56),(170,69),(81,173),(150,154),(187,92),(91,145),(184,178),(159,109),(162,19),(179,125),(79,86),(152,141),(165,74),(194,61),
133:(131,169),(113,160),(143,170),(49,156),(131,42),(33,189),(182,80),(239,61),(162,135),(178,143),(148,148),(151,118),(126,175),(140,160),(137,99),(121,221),(175,55),(170,68),(80,173),(150,154),(186,92),(90,145),(185,178),(159,110),(162,19),(179,124),(79,86),(153,141),(165,75),(195,61),
134:(132,169),(114,160),(142,170),(49,156),(132,42),(33,189),(182,80),(239,61),(162,134),(178,143),(148,149),(152,118),(126,175),(140,161),(138,99),(121,221),(176,55),(170,67),(79,173),(150,154),(186,93),(89,145),(186,178),(159,111),(162,19),(179,123),(79,86),(153,140),(165,76),(196,61),
135:(133,169),(114,159),(142,171),(49,156),(133,42),(33,189),(182,80),(239,61),(162,133),(178,143),(148,150),(152,119),(126,175),(140,162),(139,99),(121,221),(177,55),(170,66),(78,173),(150,154),(186,94),(88,145),(187,178),(159,112),(162,19),(179,122),(79,86),(154,140),(165,77),(197,61),
136:(134,169),(115,159),(141,171),(49,156),(134,42),(33,189),(182,80),(239,61),(162,132),(178,143),(147,150),(153,119),(126,175),(139,162),(140,99),(121,221),(177,54),(170,65),(77,173),(150,154),(185,94),(87,145),(188,178),(159,113),(162,19),(179,121),(79,86),(155,140),(165,78),(198,61),
137:(135,169),(116,159),(140,171),(49,156),(134,42),(33,189),(182,80),(239,61),(162,131),(178,143),(146,150),(154,119),(126,175),(138,162),(141,99),(121,221),(178,54),(170,64),(76,173),(150,154),(184,94),(86,145),(189,178),(159,114),(162,19),(179,120),(79,86),(156,140),(165,79),(199,61),
138:(136,169),(117,159),(140,172),(49,156),(134,42),(33,189),(182,80),(239,61),(163,131),(178,143),(145,150),(154,120),(126,175),(137,162),(142,99),(121,221),(179,54),(170,64),(75,173),(150,154),(184,95),(85,145),(190,178),(159,115),(162,19),(179,119),(79,86),(156,139),(165,80),(200,61),
139:(137,169),(118,159),(140,173),(49,156),(134,42),(33,189),(182,80),(239,61),(163,130),(178,143),(145,151),(155,120),(126,175),(136,162),(143,99),(121,221),(180,54),(170,64),(74,173),(150,154),(184,96),(84,145),(191,178),(159,116),(162,19),(179,118),(79,86),(157,139),(165,81),(201,61),
140:(138,169),(119,159),(139,173),(49,156),(134,42),(33,189),(182,80),(239,61),(164,130),(178,143),(144,151),(155,121),(126,175),(135,162),(144,99),(121,221),(180,53),(170,64),(73,173),(150,154),(184,97),(83,145),(191,179),(159,117),(162,19),(179,117),(79,86),(158,139),(165,82),(202,61),
141:(139,169),(120,159),(138,173),(49,156),(134,42),(33,189),(182,80),(239,61),(164,129),(178,143),(143,151),(155,122),(126,175),(134,162),(145,99),(121,221),(180,52),(170,64),(72,173),(150,154),(183,97),(82,145),(192,179),(159,118),(162,19),(179,116),(79,86),(159,139),(165,83),(203,61),
142:(140,169),(121,159),(137,173),(49,156),(134,42),(33,189),(182,80),(239,61),(164,128),(178,143),(143,152),(156,122),(126,175),(133,162),(146,99),(121,221),(180,51),(170,64),(71,173),(150,154),(182,97),(81,145),(192,180),(159,119),(162,19),(179,115),(79,86),(159,138),(164,83),(204,61),
143:(141,169),(122,159),(136,173),(49,156),(134,42),(33,189),(182,80),(239,61),(165,128),(178,143),(142,152),(156,123),(126,175),(132,162),(147,99),(121,221),(180,50),(170,64),(70,173),(150,154),(181,97),(80,145),(193,180),(159,120),(162,19),(179,114),(79,86),(159,137),(163,83),(205,61),
144:(142,169),(123,159),(135,173),(49,156),(134,42),(33,189),(182,80),(239,61),(165,127),(178,143),(141,152),(157,123),(126,175),(131,162),(148,99),(121,221),(180,49),(170,64),(69,173),(150,154),(181,98),(79,145),(194,180),(159,121),(162,19),(179,113),(79,86),(159,136),(163,84),(206,61),
145:(143,169),(124,159),(134,173),(49,156),(134,42),(33,189),(182,80),(239,61),(166,127),(178,143),(140,152),(158,123),(126,175),(130,162),(149,99),(121,221),(180,48),(170,64),(68,173),(150,154),(180,98),(78,145),(194,181),(159,122),(162,19),(179,112),(79,86),(159,135),(162,84),(207,61),
146:(144,169),(125,159),(133,173),(49,156),(134,42),(33,189),(182,80),(239,61),(166,126),(178,143),(140,153),(158,124),(126,175),(129,162),(150,99),(121,221),(180,47),(170,64),(67,173),(150,154),(180,99),(78,145),(195,181),(159,123),(162,19),(179,111),(79,86),(159,134),(161,84),(208,61),
147:(145,169),(126,159),(132,173),(49,156),(134,42),(33,189),(182,80),(239,61),(167,126),(178,143),(139,153),(158,125),(126,175),(128,162),(151,99),(121,221),(180,46),(170,64),(66,173),(150,154),(179,99),(78,145),(196,181),(159,124),(162,19),(179,110),(79,86),(159,133),(160,84),(209,61),
148:(146,169),(127,159),(131,173),(49,156),(134,42),(33,189),(182,80),(239,61),(168,126),(178,143),(138,153),(158,126),(126,175),(127,162),(152,99),(121,221),(180,45),(170,64),(65,173),(150,154),(179,100),(78,145),(196,182),(159,125),(162,19),(179,109),(79,86),(159,132),(160,85),(210,61),
149:(147,169),(128,159),(130,173),(49,156),(134,42),(33,189),(182,80),(239,61),(169,126),(178,143),(137,153),(158,127),(126,175),(126,162),(153,99),(121,221),(179,45),(170,64),(64,173),(150,154),(179,101),(78,145),(196,183),(159,126),(162,19),(179,108),(79,86),(158,132),(160,86),(211,61),
150:(148,169),(129,159),(129,173),(49,156),(134,42),(33,189),(182,80),(239,61),(170,126),(178,143),(137,154),(158,128),(126,175),(125,162),(154,99),(121,221),(178,45),(170,64),(63,173),(150,154),(178,101),(78,145),(197,183),(159,127),(162,19),(179,107),(79,86),(158,131),(160,87),(212,61),
151:(149,169),(130,159),(128,173),(49,156),(134,42),(33,189),(182,80),(239,61),(171,126),(178,143),(137,155),(158,129),(126,175),(124,162),(155,99),(121,221),(178,44),(170,64),(62,173),(150,154),(178,102),(78,145),(197,184),(159,128),(162,19),(179,106),(79,86),(158,130),(160,88),(213,61),
152:(150,169),(131,159),(127,173),(49,156),(134,42),(33,189),(182,80),(239,61),(172,126),(178,143),(137,156),(159,129),(126,175),(123,162),(156,99),(121,221),(178,43),(170,64),(61,173),(150,154),(177,102),(78,145),(198,184),(159,128),(162,19),(179,105),(79,86),(158,129),(160,89),(214,61),
153:(151,169),(132,159),(126,173),(49,156),(134,42),(33,189),(182,80),(239,61),(173,126),(178,143),(137,157),(160,129),(126,175),(122,162),(156,99),(121,221),(178,42),(170,64),(60,173),(150,154),(176,102),(78,145),(199,184),(159,129),(162,19),(180,105),(79,86),(158,128),(160,90),(215,61),
154:(152,169),(133,159),(125,173),(49,156),(134,42),(33,189),(182,80),(239,61),(174,126),(178,143),(137,158),(160,130),(126,175),(121,162),(156,99),(121,221),(177,42),(170,64),(59,173),(150,154),(175,102),(78,145),(200,184),(159,130),(162,19),(180,104),(79,86),(158,127),(160,91),(216,61),
155:(153,169),(134,159),(124,173),(49,156),(134,42),(33,189),(182,80),(239,61),(174,125),(178,143),(137,159),(160,131),(126,175),(120,162),(156,99),(121,221),(176,42),(170,64),(58,173),(150,154),(175,103),(78,145),(201,184),(159,131),(162,19),(181,104),(79,86),(158,126),(159,91),(217,61),
156:(154,169),(135,159),(123,173),(49,156),(134,42),(33,189),(182,80),(239,61),(174,124),(178,143),(136,159),(160,132),(126,175),(119,162),(156,99),(121,221),(175,42),(170,64),(57,173),(150,154),(174,103),(78,145),(201,185),(159,132),(162,19),(181,103),(79,86),(158,125),(159,92),(218,61),
157:(155,169),(136,159),(122,173),(49,156),(134,42),(33,189),(182,80),(239,61),(174,123),(178,143),(136,160),(160,133),(126,175),(118,162),(156,99),(121,221),(174,42),(170,64),(56,173),(150,154),(173,103),(78,145),(202,185),(159,133),(162,19),(182,103),(79,86),(158,124),(159,93),(219,61),
158:(156,169),(137,159),(121,173),(49,156),(134,42),(33,189),(182,80),(239,61),(174,122),(178,143),(136,161),(160,134),(126,175),(117,162),(156,99),(121,221),(173,42),(170,64),(55,173),(150,154),(173,104),(78,145),(203,185),(159,134),(162,19),(182,102),(79,86),(157,124),(159,94),(220,61),
159:(157,169),(138,159),(120,173),(49,156),(134,42),(33,189),(182,80),(239,61),(174,121),(178,143),(135,161),(160,135),(126,175),(116,162),(156,99),(121,221),(173,41),(170,64),(55,174),(150,154),(173,105),(78,145),(203,186),(159,135),(162,19),(183,102),(79,86),(157,123),(159,95),(221,61),
160:(157,170),(139,159),(119,173),(49,156),(134,42),(33,189),(182,80),(239,61),(175,121),(178,143),(135,162),(160,136),(126,175),(115,162),(156,99),(121,221),(172,41),(170,64),(54,174),(150,154),(173,106),(78,145),(203,187),(159,136),(162,19),(184,102),(79,86),(157,122),(159,96),(222,61),
161:(158,170),(140,159),(118,173),(49,156),(134,42),(33,189),(182,80),(239,61),(175,120),(178,143),(134,162),(160,137),(126,175),(114,162),(156,99),(121,221),(172,40),(170,64),(54,175),(150,154),(172,106),(78,145),(203,188),(159,137),(162,19),(184,101),(79,86),(156,122),(159,97),(223,61),
162:(159,170),(141,159),(117,173),(49,156),(134,42),(33,189),(182,80),(239,61),(175,119),(178,143),(134,163),(160,138),(126,175),(113,162),(156,99),(121,221),(172,39),(170,64),(54,176),(150,154),(172,107),(78,145),(203,189),(159,138),(162,19),(184,100),(79,86),(156,121),(159,98),(224,61),
163:(160,170),(142,159),(116,173),(49,156),(134,42),(33,189),(182,80),(239,61),(176,119),(178,143),(134,164),(160,139),(126,175),(112,162),(156,99),(121,221),(171,39),(170,64),(54,177),(150,154),(172,108),(78,145),(203,190),(158,138),(162,19),(184,99),(79,86),(155,121),(159,99),(225,61),
164:(161,170),(143,159),(115,173),(49,156),(134,42),(33,189),(182,80),(239,61),(176,118),(178,143),(134,165),(160,140),(126,175),(111,162),(156,99),(121,221),(170,39),(170,64),(54,178),(150,154),(171,108),(78,145),(203,191),(157,138),(162,19),(184,98),(79,86),(155,120),(159,100),(226,61),
165:(162,170),(144,159),(114,173),(49,156),(134,42),(33,189),(182,80),(239,61),(177,118),(178,143),(134,166),(160,141),(126,175),(110,162),(156,99),(121,221),(170,38),(170,64),(53,178),(150,154),(171,109),(78,145),(203,192),(156,138),(162,19),(185,98),(79,86),(154,120),(159,101),(227,61),
166:(163,170),(145,159),(113,173),(49,156),(134,42),(33,189),(182,80),(239,61),(177,117),(178,143),(134,167),(160,142),(126,175),(109,162),(156,99),(121,221),(170,37),(170,64),(52,178),(150,154),(171,110),(78,145),(203,192),(156,139),(162,19),(185,97),(79,86),(154,119),(159,102),(228,61),
167:(164,170),(146,159),(112,173),(49,156),(134,42),(33,189),(182,80),(239,61),(178,117),(178,143),(133,167),(160,143),(126,175),(108,162),(156,99),(121,221),(169,37),(170,64),(51,178),(150,154),(171,111),(78,145),(203,192),(155,139),(162,19),(185,96),(79,86),(153,119),(159,103),(229,61),
168:(165,170),(147,159),(111,173),(49,156),(134,42),(33,189),(182,80),(239,61),(179,117),(178,143),(132,167),(160,144),(126,175),(107,162),(156,99),(121,221),(168,37),(170,64),(50,178),(150,154),(171,112),(78,145),(203,192),(154,139),(162,19),(185,95),(79,86),(153,118),(159,104),(230,61),
169:(166,170),(148,159),(110,173),(49,156),(134,42),(33,189),(182,80),(239,61),(179,116),(178,143),(131,167),(160,145),(126,175),(106,162),(156,99),(121,221),(167,37),(170,64),(49,178),(150,154),(171,113),(78,145),(203,192),(154,140),(162,19),(185,94),(79,86),(152,118),(159,105),(231,61),
170:(167,170),(149,159),(109,173),(49,156),(134,42),(33,189),(182,80),(239,61),(179,115),(178,143),(131,168),(160,146),(126,175),(105,162),(156,99),(121,221),(167,36),(170,64),(48,178),(150,154),(171,114),(78,145),(203,192),(154,141),(162,19),(185,93),(79,86),(151,118),(159,106),(232,61),
171:(168,170),(150,159),(108,173),(49,156),(134,42),(33,189),(182,80),(239,61),(179,114),(178,143),(130,168),(160,147),(126,175),(104,162),(156,99),(121,221),(166,36),(170,64),(47,178),(150,154),(171,115),(78,145),(203,192),(153,141),(162,19),(185,92),(79,86),(151,117),(159,107),(233,61),
172:(169,170),(151,159),(107,173),(49,156),(134,42),(33,189),(182,80),(239,61),(179,113),(178,143),(130,169),(160,148),(126,175),(103,162),(156,99),(121,221),(165,36),(170,64),(46,178),(150,154),(171,116),(78,145),(203,192),(153,142),(162,19),(186,92),(79,86),(151,116),(159,108),(234,61),
173:(170,170),(152,159),(106,173),(49,156),(134,42),(33,189),(182,80),(239,61),(179,112),(178,143),(130,170),(160,149),(126,175),(102,162),(156,99),(121,221),(164,36),(170,64),(45,178),(150,154),(171,117),(78,145),(203,192),(153,143),(162,19),(186,91),(79,86),(151,115),(159,109),(235,61),
174:(171,170),(153,159),(105,173),(49,156),(134,42),(33,189),(182,80),(239,61),(179,111),(178,143),(129,170),(160,150),(126,175),(101,162),(156,99),(121,221),(164,35),(170,64),(44,178),(150,154),(171,118),(78,145),(203,192),(152,143),(162,19),(187,91),(79,86),(151,114),(159,110),(236,61),
175:(172,170),(154,159),(104,173),(49,156),(134,42),(33,189),(182,80),(239,61),(179,110),(178,143),(128,170),(160,151),(126,175),(100,162),(156,99),(121,221),(163,35),(170,64),(43,178),(150,154),(171,119),(78,145),(203,192),(151,143),(162,19),(188,91),(79,86),(151,113),(159,111),(237,61),
176:(173,170),(155,159),(103,173),(49,156),(134,42),(33,189),(182,80),(239,61),(179,109),(178,143),(127,170),(160,152),(126,175),(99,162),(156,99),(121,221),(163,34),(170,64),(42,178),(150,154),(171,120),(78,145),(203,192),(151,144),(162,19),(189,91),(79,86),(150,113),(159,112),(238,61),
177:(174,170),(156,159),(102,173),(49,156),(134,42),(33,189),(182,80),(239,62),(179,108),(178,143),(126,170),(160,153),(126,175),(98,162),(156,99),(121,221),(162,34),(170,64),(42,179),(150,154),(171,121),(78,145),(203,192),(150,144),(162,19),(189,90),(79,86),(150,112),(159,113),(239,61),
178:(175,170),(157,159),(101,173),(49,156),(134,42),(33,189),(182,80),(239,61),(179,107),(178,143),(125,170),(160,153),(126,175),(97,162),(156,99),(121,221),(162,33),(170,64),(42,180),(150,154),(171,122),(78,145),(203,192),(150,145),(162,19),(190,90),(79,86),(150,111),(159,114),(240,61),
179:(176,170),(158,159),(100,173),(49,156),(134,42),(33,189),(182,80),(239,61),(179,106),(178,143),(125,171),(160,153),(126,175),(96,162),(156,99),(121,221),(162,32),(170,64),(41,180),(150,154),(171,123),(78,145),(203,192),(149,145),(162,19),(190,89),(79,86),(150,110),(159,115),(241,61),
180:(177,170),(159,159),(99,173),(49,156),(134,42),(33,189),(182,80),(239,61),(179,105),(178,143),(124,171),(160,153),(126,175),(95,162),(156,99),(121,221),(161,32),(170,64),(40,180),(150,154),(171,124),(78,145),(203,192),(149,146),(162,19),(191,89),(79,86),(149,110),(159,116),(242,61),
181:(178,170),(160,159),(98,173),(49,156),(134,42),(33,189),(182,80),(239,61),(179,104),(178,143),(124,172),(160,153),(126,175),(94,162),(156,99),(121,221),(161,31),(170,64),(39,180),(150,154),(171,125),(78,145),(203,192),(148,146),(162,19),(191,88),(79,86),(148,110),(159,117),(243,61),
182:(179,170),(161,159),(97,173),(49,156),(134,42),(33,189),(182,80),(239,61),(180,104),(178,143),(124,173),(160,153),(126,175),(93,162),(156,99),(121,221),(160,31),(170,64),(39,181),(150,154),(171,126),(78,145),(203,192),(147,146),(162,19),(191,87),(79,86),(147,110),(159,118),(244,61),
183:(180,170),(162,159),(96,173),(49,156),(134,42),(33,189),(182,80),(239,61),(180,103),(178,143),(123,173),(160,153),(126,175),(92,162),(156,99),(121,221),(159,31),(170,64),(39,182),(150,154),(171,127),(78,145),(203,192),(147,147),(162,19),(191,86),(79,86),(147,109),(159,119),(245,61),
184:(181,170),(163,159),(95,173),(49,156),(134,42),(33,189),(182,80),(239,61),(181,103),(178,143),(122,173),(160,153),(126,175),(91,162),(156,99),(121,221),(159,30),(170,64),(39,183),(150,154),(171,127),(78,145),(203,192),(147,148),(162,19),(192,86),(79,86),(146,109),(159,120),(246,61),
185:(182,170),(164,159),(94,173),(49,156),(134,42),(33,189),(182,80),(239,61),(182,103),(178,143),(121,173),(160,153),(126,175),(90,162),(156,99),(121,221),(159,30),(170,64),(38,183),(150,154),(171,127),(78,145),(203,192),(146,148),(162,19),(193,86),(79,86),(146,108),(159,121),(247,61),
186:(183,170),(165,159),(93,173),(49,156),(134,42),(33,189),(182,80),(239,61),(182,102),(178,143),(120,173),(160,153),(126,175),(89,162),(156,99),(121,221),(159,30),(170,64),(37,183),(150,154),(171,127),(78,145),(203,192),(146,149),(162,19),(194,86),(79,86),(145,108),(159,122),(247,61),
187:(184,170),(166,159),(92,173),(49,156),(134,42),(33,189),(182,80),(239,61),(182,101),(178,143),(119,173),(160,153),(126,175),(88,162),(156,99),(121,221),(159,30),(170,64),(36,183),(150,154),(171,127),(78,145),(203,192),(145,149),(162,19),(195,86),(79,86),(144,108),(159,123),(247,61),
188:(185,170),(167,159),(91,173),(49,156),(134,42),(33,189),(182,80),(239,61),(182,100),(178,143),(118,173),(160,153),(126,175),(87,162),(156,99),(121,221),(159,30),(170,64),(35,183),(150,154),(171,127),(78,145),(203,192),(144,149),(162,19),(196,86),(79,86),(143,108),(159,124),(247,61),
189:(186,170),(168,159),(90,173),(49,156),(134,42),(33,189),(182,80),(239,61),(182,99),(178,143),(117,173),(160,153),(126,175),(87,162),(156,99),(121,221),(159,30),(170,64),(34,183),(150,154),(171,127),(78,145),(203,192),(143,149),(162,19),(197,86),(79,86),(142,108),(159,125),(247,61),
190:(187,170),(169,159),(89,173),(49,156),(134,42),(33,189),(182,80),(239,61),(183,99),(178,143),(116,173),(160,153),(126,175),(87,162),(156,99),(121,221),(159,30),(170,64),(33,183),(150,154),(171,127),(78,145),(203,192),(143,150),(162,19),(198,86),(79,86),(141,108),(159,126),(247,61),
191:(188,170),(170,159),(88,173),(49,156),(134,42),(33,189),(182,80),(239,61),(184,99),(178,143),(115,173),(160,153),(126,175),(87,162),(156,99),(121,221),(159,30),(170,64),(32,183),(150,154),(171,127),(78,145),(203,192),(142,150),(162,19),(199,86),(79,86),(140,108),(159,127),(247,61),
192:(188,170),(171,159),(87,173),(49,156),(134,42),(33,189),(182,80),(239,61),(185,99),(178,143),(114,173),(160,153),(126,175),(87,162),(156,99),(121,221),(159,30),(170,64),(31,183),(150,154),(171,127),(78,145),(203,192),(142,151),(162,19),(200,86),(79,86),(139,108),(159,128),(247,61),
193:(188,170),(172,159),(86,173),(49,156),(134,42),(33,189),(182,80),(239,61),(185,98),(178,143),(113,173),(160,153),(126,175),(87,162),(156,99),(121,221),(159,30),(170,64),(30,183),(150,154),(171,127),(78,145),(203,192),(142,152),(162,19),(201,86),(79,86),(138,108),(159,129),(247,61),
194:(188,170),(173,159),(85,173),(49,156),(134,42),(33,189),(182,80),(239,61),(185,97),(178,143),(112,173),(160,153),(126,175),(87,162),(156,99),(121,221),(159,30),(170,64),(29,183),(150,154),(171,127),(78,145),(203,192),(141,152),(162,19),(201,87),(79,86),(137,108),(159,130),(247,61),
195:(188,170),(174,159),(84,173),(49,156),(134,42),(33,189),(182,80),(239,61),(185,96),(178,143),(111,173),(160,153),(126,175),(87,162),(156,99),(121,221),(159,30),(170,64),(28,183),(150,154),(171,127),(78,145),(203,192),(140,152),(162,19),(201,88),(79,86),(136,108),(159,131),(247,61),
196:(188,170),(175,159),(83,173),(49,156),(134,42),(33,189),(182,80),(239,61),(185,95),(178,143),(110,173),(160,153),(126,175),(87,162),(156,99),(121,221),(159,30),(170,64),(27,183),(150,154),(171,127),(78,145),(203,192),(139,152),(162,19),(201,89),(79,86),(135,108),(159,132),(247,61),
197:(188,170),(176,159),(82,173),(49,156),(134,42),(33,189),(182,80),(239,61),(185,94),(178,143),(109,173),(160,153),(126,175),(87,162),(156,99),(121,221),(159,30),(170,64),(26,183),(150,154),(171,127),(78,145),(203,192),(139,153),(162,19),(201,90),(79,86),(135,109),(159,133),(247,61),
198:(188,170),(177,159),(81,173),(49,156),(134,42),(33,189),(182,80),(239,61),(186,94),(178,143),(108,173),(160,153),(126,175),(87,162),(156,99),(121,221),(159,30),(170,64),(25,183),(150,154),(171,127),(78,145),(203,192),(138,153),(162,19),(202,90),(79,86),(134,109),(159,134),(247,61),
199:(188,170),(178,159),(80,173),(49,156),(134,42),(33,189),(182,80),(239,61),(186,93),(178,143),(107,173),(160,153),(126,175),(87,162),(156,99),(121,221),(159,30),(170,64),(24,183),(150,154),(171,127),(78,145),(203,192),(138,154),(162,19),(202,91),(79,86),(134,110),(159,135),(247,61),
200:(188,170),(179,159),(79,173),(49,156),(134,42),(33,189),(182,80),(239,61),(186,92),(178,143),(106,173),(160,153),(126,175),(87,162),(156,99),(121,221),(159,30),(170,64),(23,183),(150,154),(171,127),(78,145),(203,192),(138,155),(162,19),(203,91),(79,86),(133,110),(159,136),(247,61),
201:(188,170),(180,159),(78,173),(49,156),(134,42),(33,189),(182,80),(239,61),(186,91),(178,143),(105,173),(160,153),(126,175),(87,162),(156,99),(121,221),(159,30),(170,64),(22,183),(150,154),(171,127),(78,145),(203,192),(138,156),(162,19),(204,91),(79,86),(132,110),(159,137),(247,61),
202:(188,170),(180,159),(77,173),(49,156),(134,42),(33,189),(182,80),(239,61),(186,90),(178,143),(104,173),(160,153),(126,175),(87,162),(156,99),(121,221),(159,30),(170,64),(21,183),(150,154),(171,127),(78,145),(203,192),(137,156),(162,19),(205,91),(79,86),(131,110),(159,138),(247,61),
203:(188,170),(180,159),(76,173),(49,156),(134,42),(33,189),(182,80),(239,61),(186,89),(178,143),(103,173),(160,153),(126,175),(87,162),(156,99),(121,221),(159,30),(170,64),(20,183),(150,154),(171,127),(78,145),(203,192),(136,156),(162,19),(206,91),(79,86),(131,111),(159,139),(247,61),
204:(188,170),(180,159),(75,173),(49,156),(134,42),(33,189),(182,80),(239,61),(186,88),(178,143),(102,173),(160,153),(126,175),(87,162),(156,99),(121,221),(159,30),(170,64),(20,184),(150,154),(171,127),(78,145),(203,192),(135,156),(162,19),(207,91),(79,86),(130,111),(158,139),(247,61),
205:(188,170),(180,159),(74,173),(49,156),(134,42),(33,189),(182,80),(239,61),(186,87),(178,143),(101,173),(160,153),(126,175),(87,162),(156,99),(121,221),(159,30),(170,64),(19,184),(150,154),(171,127),(78,145),(203,192),(134,156),(162,19),(208,91),(79,86),(129,111),(157,139),(247,61),
206:(188,170),(180,159),(73,173),(49,156),(134,42),(33,189),(182,80),(239,61),(186,86),(178,143),(100,173),(160,153),(126,175),(87,162),(156,99),(121,221),(159,30),(170,64),(19,185),(150,154),(171,127),(78,145),(203,192),(133,156),(162,19),(209,91),(79,86),(128,111),(157,140),(247,61),
207:(188,170),(180,159),(72,173),(49,156),(134,42),(33,189),(182,80),(239,61),(186,85),(178,143),(100,174),(160,153),(126,175),(87,162),(156,99),(121,221),(159,30),(170,64),(19,186),(150,154),(171,127),(78,145),(203,192),(132,156),(162,19),(210,91),(79,86),(128,112),(157,141),(247,61),
208:(188,170),(180,159),(71,173),(49,156),(134,42),(33,189),(182,80),(239,61),(186,84),(178,143),(99,174),(160,153),(126,175),(87,162),(156,99),(121,221),(159,30),(170,64),(18,186),(150,154),(171,127),(78,145),(203,192),(131,156),(162,19),(211,91),(79,86),(127,112),(157,142),(247,61),
209:(188,170),(180,159),(70,173),(49,156),(134,42),(33,189),(182,80),(239,61),(186,83),(178,143),(99,175),(160,153),(126,175),(87,162),(156,99),(121,221),(159,30),(170,64),(18,187),(150,154),(171,127),(78,145),(203,192),(130,156),(162,19),(212,91),(79,86),(126,112),(156,142),(247,61),
210:(188,170),(180,159),(69,173),(49,156),(134,42),(33,189),(182,80),(239,61),(186,82),(178,143),(98,175),(160,153),(126,175),(87,162),(156,99),(121,221),(159,30),(170,64),(17,187),(150,154),(171,127),(78,145),(203,192),(129,156),(162,19),(213,91),(79,86),(125,112),(156,143),(247,61),
211:(188,170),(180,159),(68,173),(49,156),(134,42),(33,189),(182,80),(239,61),(186,81),(178,143),(97,175),(160,153),(126,175),(87,162),(156,99),(121,221),(159,30),(170,64),(17,188),(150,154),(171,127),(78,145),(203,192),(128,156),(162,19),(213,92),(79,86),(125,113),(156,144),(247,61),
212:(188,170),(180,159),(67,173),(49,156),(134,42),(33,189),(182,80),(239,61),(186,80),(178,143),(97,176),(160,153),(126,175),(87,162),(156,99),(121,221),(159,30),(170,64),(16,188),(150,154),(171,127),(78,145),(203,192),(127,156),(162,19),(214,92),(79,86),(124,113),(156,145),(247,61),
213:(188,170),(180,159),(66,173),(49,156),(134,42),(33,189),(182,80),(239,61),(186,79),(178,143),(97,177),(160,153),(126,175),(87,162),(156,99),(121,221),(159,30),(170,64),(16,189),(150,154),(171,127),(78,145),(203,192),(126,156),(162,19),(214,93),(79,86),(123,113),(156,146),(247,61),
214:(188,170),(180,159),(65,173),(49,156),(134,42),(33,189),(182,80),(239,61),(186,78),(178,143),(97,178),(160,153),(126,175),(87,162),(156,99),(121,221),(159,30),(170,64),(16,190),(150,154),(171,127),(78,145),(203,192),(125,156),(162,19),(215,93),(79,86),(122,113),(155,146),(247,61),
215:(188,170),(180,159),(64,173),(49,156),(134,42),(33,189),(182,80),(239,61),(186,77),(178,143),(97,179),(160,153),(126,175),(87,162),(156,99),(121,221),(159,30),(170,64),(16,191),(150,154),(171,127),(78,145),(203,192),(124,156),(162,19),(215,94),(79,86),(121,113),(154,146),(247,61),
216:(188,170),(180,159),(63,173),(49,156),(134,42),(33,189),(182,80),(239,61),(186,76),(178,143),(97,180),(160,153),(126,175),(87,162),(156,99),(121,221),(159,30),(170,64),(16,192),(150,154),(171,127),(78,145),(203,192),(123,156),(162,19),(216,94),(79,86),(121,114),(153,146),(247,61),
217:(188,170),(180,159),(62,173),(49,156),(134,42),(33,189),(182,80),(239,61),(186,75),(178,143),(97,181),(160,153),(126,175),(87,162),(156,99),(121,221),(159,30),(170,64),(16,193),(150,154),(171,127),(78,145),(203,192),(122,156),(162,19),(217,94),(79,86),(120,114),(153,147),(247,61),
218:(188,170),(180,159),(61,173),(49,156),(134,42),(33,189),(182,80),(239,61),(186,74),(178,143),(97,182),(160,153),(126,175),(87,162),(156,99),(121,221),(159,30),(170,64),(16,193),(150,154),(171,127),(78,145),(203,192),(121,156),(162,19),(218,94),(79,86),(119,114),(153,148),(247,61),
219:(188,170),(180,159),(60,173),(49,156),(134,42),(33,189),(182,80),(239,61),(186,73),(178,143),(97,183),(160,153),(126,175),(87,162),(156,99),(121,221),(159,30),(170,64),(16,193),(150,154),(171,127),(78,145),(203,192),(120,156),(162,19),(218,95),(79,86),(118,114),(153,149),(247,61),
220:(188,170),(180,159),(59,173),(49,156),(134,42),(33,189),(182,80),(239,61),(186,72),(178,143),(97,184),(160,153),(126,175),(87,162),(156,99),(121,221),(159,30),(170,64),(16,193),(150,154),(171,127),(78,145),(203,192),(119,156),(162,19),(218,96),(79,86),(117,114),(153,150),(247,61),
221:(188,170),(180,159),(58,173),(49,156),(134,42),(33,189),(182,80),(239,61),(186,71),(178,143),(97,185),(160,153),(126,175),(87,162),(156,99),(121,221),(159,30),(170,64),(16,193),(150,154),(171,127),(78,145),(203,192),(118,156),(162,19),(219,96),(79,86),(117,114),(152,150),(247,61),
222:(188,170),(180,159),(57,173),(49,156),(134,42),(33,189),(182,80),(239,61),(186,70),(178,143),(97,186),(160,153),(126,175),(87,162),(156,99),(121,221),(159,30),(170,64),(16,193),(150,154),(171,127),(78,145),(203,192),(117,156),(162,19),(220,96),(79,86),(117,114),(152,151),(247,61),
223:(188,170),(180,159),(56,173),(49,156),(134,42),(33,189),(182,80),(239,61),(186,69),(178,143),(97,187),(160,153),(126,175),(87,162),(156,99),(121,221),(159,30),(170,64),(16,193),(150,154),(171,127),(78,145),(203,192),(116,156),(162,19),(220,97),(79,86),(117,114),(152,152),(247,61),
224:(188,170),(180,159),(55,173),(49,156),(134,42),(33,189),(182,80),(239,61),(186,68),(178,143),(97,188),(160,153),(126,175),(87,162),(156,99),(121,221),(159,30),(170,64),(16,193),(150,154),(171,127),(78,145),(203,192),(115,156),(162,19),(220,98),(79,86),(117,114),(151,152),(247,61),
225:(188,170),(180,159),(54,173),(49,156),(134,42),(33,189),(182,80),(239,61),(186,68),(178,143),(97,189),(160,153),(126,175),(87,162),(156,99),(121,221),(159,30),(170,64),(16,193),(150,154),(171,127),(78,145),(203,192),(114,156),(162,19),(220,99),(79,86),(117,114),(151,153),(247,61),
226:(188,170),(180,159),(53,173),(49,156),(134,42),(33,189),(182,80),(239,61),(186,68),(178,143),(97,190),(160,153),(126,175),(87,162),(156,99),(121,221),(159,30),(170,64),(16,193),(150,154),(171,127),(78,145),(203,192),(113,156),(162,19),(221,99),(79,86),(117,114),(150,153),(247,61),
227:(188,170),(180,159),(52,173),(49,156),(134,42),(33,189),(182,80),(239,61),(186,68),(178,143),(97,191),(160,153),(126,175),(87,162),(156,99),(121,221),(159,30),(170,64),(16,193),(150,154),(171,127),(78,145),(203,192),(112,156),(162,19),(222,99),(79,86),(117,114),(149,153),(247,61),
228:(188,170),(180,159),(52,174),(49,156),(134,42),(33,189),(182,80),(239,61),(186,68),(178,143),(97,192),(160,153),(126,175),(87,162),(156,99),(121,221),(159,30),(170,64),(16,193),(150,154),(171,127),(78,145),(203,192),(111,156),(162,19),(223,99),(79,86),(117,114),(149,154),(247,61),
229:(188,170),(180,159),(52,175),(49,156),(134,42),(33,189),(182,80),(239,61),(186,68),(178,143),(97,193),(160,153),(126,175),(87,162),(156,99),(121,221),(159,30),(170,64),(16,193),(150,154),(171,127),(78,145),(203,192),(110,156),(162,19),(224,99),(79,86),(117,114),(149,155),(247,61),
230:(188,170),(180,159),(51,175),(49,156),(134,42),(33,189),(182,80),(239,61),(186,68),(178,143),(97,194),(160,153),(126,175),(87,162),(156,99),(121,221),(159,30),(170,64),(16,193),(150,154),(171,127),(78,145),(203,192),(109,156),(162,19),(225,99),(79,86),(117,114),(148,155),(247,61),
231:(188,170),(180,159),(50,175),(49,156),(134,42),(33,189),(182,80),(239,61),(186,68),(178,143),(97,195),(160,153),(126,175),(87,162),(156,99),(121,221),(159,30),(170,64),(16,193),(150,154),(171,127),(78,145),(203,192),(108,156),(162,19),(226,99),(79,86),(117,114),(148,156),(247,61),
232:(188,170),(180,159),(50,176),(49,156),(134,42),(33,189),(182,80),(239,61),(186,68),(178,143),(97,196),(160,153),(126,175),(87,162),(156,99),(121,221),(159,30),(170,64),(16,193),(150,154),(171,127),(78,145),(203,192),(107,156),(162,19),(227,99),(79,86),(117,114),(148,157),(247,61),
233:(188,170),(180,159),(49,176),(49,156),(134,42),(33,189),(182,80),(239,61),(186,68),(178,143),(97,197),(160,153),(126,175),(87,162),(156,99),(121,221),(159,30),(170,64),(16,193),(150,154),(171,127),(78,145),(203,192),(106,156),(162,19),(228,99),(79,86),(117,114),(148,158),(247,61),
234:(188,170),(180,159),(49,177),(49,156),(134,42),(33,189),(182,80),(239,61),(186,68),(178,143),(97,198),(160,153),(126,175),(87,162),(156,99),(121,221),(159,30),(170,64),(16,193),(150,154),(171,127),(78,145),(203,192),(105,156),(162,19),(229,99),(79,86),(117,114),(147,158),(247,61),
235:(188,170),(180,159),(49,178),(49,156),(134,42),(33,189),(182,80),(239,61),(186,68),(178,143),(97,199),(160,153),(126,175),(87,162),(156,99),(121,221),(159,30),(170,64),(16,193),(150,154),(171,127),(78,145),(203,192),(104,156),(162,19),(230,99),(79,86),(117,114),(146,158),(247,61),
236:(188,170),(180,159),(48,178),(49,156),(134,42),(33,189),(182,80),(239,61),(186,68),(178,143),(97,200),(160,153),(126,175),(87,162),(156,99),(121,221),(159,30),(170,64),(16,193),(150,154),(171,127),(78,145),(203,192),(103,156),(162,19),(231,99),(79,86),(117,114),(145,158),(247,61),
237:(188,170),(180,159),(47,178),(49,156),(134,42),(33,189),(182,80),(239,61),(186,68),(178,143),(98,200),(160,153),(126,175),(87,162),(156,99),(121,221),(159,30),(170,64),(16,193),(150,154),(171,127),(78,145),(203,192),(102,156),(162,19),(232,99),(79,86),(117,114),(145,159),(247,61),
238:(188,170),(180,159),(46,178),(49,156),(134,42),(33,189),(182,80),(239,61),(186,68),(178,143),(98,201),(160,153),(126,175),(87,162),(156,99),(121,221),(159,30),(170,64),(16,193),(150,154),(171,127),(78,145),(203,192),(101,156),(162,19),(233,99),(79,86),(117,114),(144,159),(247,61),
239:(188,170),(180,159),(45,178),(49,156),(134,42),(33,189),(182,80),(239,61),(186,68),(178,143),(98,202),(160,153),(126,175),(87,162),(156,99),(121,221),(159,30),(170,64),(16,193),(150,154),(171,127),(78,145),(203,192),(100,156),(162,19),(234,99),(79,86),(117,114),(144,160),(247,61),
240:(188,170),(180,159),(44,178),(49,156),(134,42),(33,189),(182,80),(239,61),(186,68),(178,143),(99,202),(160,153),(126,175),(87,162),(156,99),(121,221),(159,30),(170,64),(16,193),(150,154),(171,127),(78,145),(203,192),(99,156),(162,19),(235,99),(79,86),(117,114),(143,160),(247,61),
241:(188,170),(180,159),(43,178),(49,156),(134,42),(33,189),(182,80),(239,61),(186,68),(178,143),(99,203),(160,153),(126,175),(87,162),(156,99),(121,221),(159,30),(170,64),(16,193),(150,154),(171,127),(78,145),(203,192),(98,156),(162,19),(236,99),(79,86),(117,114),(143,161),(247,61),
242:(188,170),(180,159),(42,178),(49,156),(134,42),(33,189),(182,80),(239,61),(186,68),(178,143),(99,204),(160,153),(126,175),(87,162),(156,99),(121,221),(159,30),(170,64),(16,193),(150,154),(171,127),(78,145),(203,192),(97,156),(162,19),(237,99),(79,86),(117,114),(142,161),(247,61),
243:(188,170),(180,159),(42,179),(49,156),(134,42),(33,189),(182,80),(239,61),(186,68),(178,143),(99,205),(160,153),(126,175),(87,162),(156,99),(121,221),(159,30),(170,64),(16,193),(150,154),(171,127),(78,145),(203,192),(96,156),(162,19),(238,99),(79,86),(117,114),(142,162),(247,61),
244:(188,170),(180,159),(42,180),(49,156),(134,42),(33,189),(182,80),(239,61),(186,68),(178,143),(99,206),(160,153),(126,175),(87,162),(156,99),(121,221),(159,30),(170,64),(16,193),(150,154),(171,127),(78,145),(203,192),(95,156),(162,19),(239,99),(79,86),(117,114),(142,163),(247,61),
245:(188,170),(180,159),(42,181),(49,156),(134,42),(33,189),(182,80),(239,61),(186,68),(178,143),(99,207),(160,153),(126,175),(87,162),(156,99),(121,221),(159,30),(170,64),(16,193),(150,154),(171,127),(78,145),(203,192),(94,156),(162,19),(240,99),(79,86),(117,114),(142,164),(247,61),
246:(188,170),(180,159),(41,181),(49,156),(134,42),(33,189),(182,80),(239,61),(186,68),(178,143),(99,208),(160,153),(126,175),(87,162),(156,99),(121,221),(159,30),(170,64),(16,193),(150,154),(171,127),(78,145),(203,192),(93,156),(162,19),(241,99),(79,86),(117,114),(141,164),(247,61),
247:(188,170),(180,159),(41,182),(49,156),(134,42),(33,189),(182,80),(239,61),(186,68),(178,143),(100,208),(160,153),(126,175),(87,162),(156,99),(121,221),(159,30),(170,64),(16,193),(150,154),(171,127),(78,145),(203,192),(92,156),(162,19),(241,99),(79,86),(117,114),(140,164),(247,61),
248:(188,170),(180,159),(40,182),(49,156),(134,42),(33,189),(182,80),(239,61),(186,68),(178,143),(100,209),(160,153),(126,175),(87,162),(156,99),(121,221),(159,30),(170,64),(16,193),(150,154),(171,127),(78,145),(203,192),(91,156),(162,19),(241,99),(79,86),(117,114),(139,164),(247,61),
249:(188,170),(180,159),(40,183),(49,156),(134,42),(33,189),(182,80),(239,61),(186,68),(178,143),(101,209),(160,153),(126,175),(87,162),(156,99),(121,221),(159,30),(170,64),(16,193),(150,154),(171,127),(78,145),(203,192),(90,156),(162,19),(241,99),(79,86),(117,114),(138,164),(247,61),
250:(188,170),(180,159),(39,183),(49,156),(134,42),(33,189),(182,80),(239,61),(186,68),(178,143),(101,210),(160,153),(126,175),(87,162),(156,99),(121,221),(159,30),(170,64),(16,193),(150,154),(171,127),(78,145),(203,192),(89,156),(162,19),(241,99),(79,86),(117,114),(138,165),(247,61),
251:(188,170),(180,159),(38,183),(49,156),(134,42),(33,189),(182,80),(239,61),(186,68),(178,143),(102,210),(160,153),(126,175),(87,162),(156,99),(121,221),(159,30),(170,64),(16,193),(150,154),(171,127),(78,145),(203,192),(88,156),(162,19),(241,99),(79,86),(117,114),(138,166),(247,61),
252:(188,170),(180,159),(37,183),(49,156),(134,42),(33,189),(182,80),(239,61),(186,68),(178,143),(102,211),(160,153),(126,175),(87,162),(156,99),(121,221),(159,30),(170,64),(16,193),(150,154),(171,127),(78,145),(203,192),(87,156),(162,19),(241,99),(79,86),(117,114),(138,167),(247,61),
253:(188,170),(180,159),(36,183),(49,156),(134,42),(33,189),(182,80),(239,61),(186,68),(178,143),(103,211),(160,153),(126,175),(87,162),(156,99),(121,221),(159,30),(170,64),(16,193),(150,154),(171,127),(78,145),(203,192),(86,156),(162,19),(241,99),(79,86),(117,114),(137,167),(247,61),
254:(188,170),(180,159),(35,183),(49,156),(134,42),(33,189),(182,80),(239,61),(186,68),(178,143),(103,212),(160,153),(126,175),(87,162),(156,99),(121,221),(159,30),(170,64),(16,193),(150,154),(171,127),(78,145),(203,192),(85,156),(162,19),(241,99),(79,86),(117,114),(136,167),(247,61),
255:(188,170),(180,159),(34,183),(49,156),(134,42),(33,189),(182,80),(239,61),(186,68),(178,143),(103,213),(160,153),(126,175),(87,162),(156,99),(121,221),(159,30),(170,64),(16,193),(150,154),(171,127),(78,145),(203,192),(84,156),(162,19),(241,99),(79,86),(117,114),(135,167),(247,61),
256:(188,170),(180,159),(33,183),(49,156),(134,42),(33,189),(182,80),(239,61),(186,68),(178,143),(103,214),(160,153),(126,175),(87,162),(156,99),(121,221),(159,30),(170,64),(16,193),(150,154),(171,127),(78,145),(203,192),(83,156),(162,19),(241,99),(79,86),(117,114),(135,168),(247,61),
257:(188,170),(180,159),(32,183),(49,156),(134,42),(33,189),(182,80),(239,61),(186,68),(178,143),(104,214),(160,153),(126,175),(87,162),(156,99),(121,221),(159,30),(170,64),(16,193),(150,154),(171,127),(78,145),(203,192),(82,156),(162,19),(241,99),(79,86),(117,114),(134,168),(247,61),
258:(188,170),(180,159),(31,183),(49,156),(134,42),(33,189),(182,80),(239,61),(186,68),(178,143),(105,214),(160,153),(126,175),(87,162),(156,99),(121,221),(159,30),(170,64),(16,193),(150,154),(171,127),(78,145),(203,192),(81,156),(162,19),(241,99),(79,86),(117,114),(133,168),(247,61),
259:(188,170),(180,159),(30,183),(49,156),(134,42),(33,189),(182,80),(239,61),(186,68),(178,143),(105,215),(160,153),(126,175),(87,162),(156,99),(121,221),(159,30),(170,64),(16,193),(150,154),(171,127),(78,145),(203,192),(80,156),(162,19),(241,99),(79,86),(117,114),(133,169),(247,61),
260:(188,170),(180,159),(29,183),(49,156),(134,42),(33,189),(182,80),(239,61),(186,68),(178,143),(105,216),(160,153),(126,175),(87,162),(156,99),(121,221),(159,30),(170,64),(16,193),(150,154),(171,127),(78,145),(203,192),(79,156),(162,19),(241,99),(79,86),(117,114),(133,170),(247,61),
261:(188,170),(180,159),(28,183),(49,156),(134,42),(33,189),(182,80),(239,61),(186,68),(178,143),(105,217),(160,153),(126,175),(87,162),(156,99),(121,221),(159,30),(170,64),(16,193),(150,154),(171,127),(78,145),(203,192),(78,156),(162,19),(241,99),(79,86),(117,114),(133,171),(247,61),
262:(188,170),(180,159),(27,183),(49,156),(134,42),(33,189),(182,80),(239,61),(186,68),(178,143),(105,218),(160,153),(126,175),(87,162),(156,99),(121,221),(159,30),(170,64),(16,193),(150,154),(171,127),(78,145),(203,192),(77,156),(162,19),(241,99),(79,86),(117,114),(133,172),(247,61),
263:(188,170),(180,159),(26,183),(49,156),(134,42),(33,189),(182,80),(239,61),(186,68),(178,143),(106,218),(160,153),(126,175),(87,162),(156,99),(121,221),(159,30),(170,64),(16,193),(150,154),(171,127),(78,145),(203,192),(76,156),(162,19),(241,99),(79,86),(117,114),(133,173),(247,61),
264:(188,170),(180,159),(25,183),(49,156),(134,42),(33,189),(182,80),(239,61),(186,68),(178,143),(107,218),(160,153),(126,175),(87,162),(156,99),(121,221),(159,30),(170,64),(16,193),(150,154),(171,127),(78,145),(203,192),(75,156),(162,19),(241,99),(79,86),(117,114),(132,173),(247,61),
265:(188,170),(180,159),(24,183),(49,156),(134,42),(33,189),(182,80),(239,61),(186,68),(178,143),(108,218),(160,153),(126,175),(87,162),(156,99),(121,221),(159,30),(170,64),(16,193),(150,154),(171,127),(78,145),(203,192),(74,156),(162,19),(241,99),(79,86),(117,114),(131,173),(247,61),
266:(188,170),(180,159),(23,183),(49,156),(134,42),(33,189),(182,80),(239,61),(186,68),(178,143),(109,218),(160,153),(126,175),(87,162),(156,99),(121,221),(159,30),(170,64),(16,193),(150,154),(171,127),(78,145),(203,192),(73,156),(162,19),(241,99),(79,86),(117,114),(130,173),(247,61),
267:(188,170),(180,159),(22,183),(49,156),(134,42),(33,189),(182,80),(239,61),(186,68),(178,143),(109,219),(160,153),(126,175),(87,162),(156,99),(121,221),(159,30),(170,64),(16,193),(150,154),(171,127),(78,145),(203,192),(72,156),(162,19),(241,99),(79,86),(117,114),(129,173),(247,61),
268:(188,170),(180,159),(21,183),(49,156),(134,42),(33,189),(182,80),(239,61),(186,68),(178,143),(110,219),(160,153),(126,175),(87,162),(156,99),(121,221),(159,30),(170,64),(16,193),(150,154),(171,127),(78,145),(203,192),(71,156),(162,19),(241,99),(79,86),(117,114),(128,173),(247,61),
269:(188,170),(180,159),(20,183),(49,156),(134,42),(33,189),(182,80),(239,61),(186,68),(178,143),(111,219),(160,153),(126,175),(87,162),(156,99),(121,221),(159,30),(170,64),(16,193),(150,154),(171,127),(78,145),(203,192),(70,156),(162,19),(241,99),(79,86),(117,114),(127,173),(247,61),
270:(188,170),(180,159),(19,183),(49,156),(134,42),(33,189),(182,80),(239,61),(186,68),(178,143),(112,219),(160,153),(126,175),(87,162),(156,99),(121,221),(159,30),(170,64),(16,193),(150,154),(171,127),(78,145),(203,192),(69,156),(162,19),(241,99),(79,86),(117,114),(126,173),(247,61),
271:(188,170),(180,159),(18,183),(49,156),(134,42),(33,189),(182,80),(239,61),(186,68),(178,143),(113,219),(160,153),(126,175),(87,162),(156,99),(121,221),(159,30),(170,64),(16,193),(150,154),(171,127),(78,145),(203,192),(68,156),(162,19),(241,99),(79,86),(117,114),(125,173),(247,61),
272:(188,170),(180,159),(18,184),(49,156),(134,42),(33,189),(182,80),(239,61),(186,68),(178,143),(114,219),(160,153),(126,175),(87,162),(156,99),(121,221),(159,30),(170,64),(16,193),(150,154),(171,127),(78,145),(203,192),(67,156),(162,19),(241,99),(79,86),(117,114),(124,173),(247,61),
273:(188,170),(180,159),(17,184),(49,156),(134,42),(33,189),(182,80),(239,61),(186,68),(178,143),(114,220),(160,153),(126,175),(87,162),(156,99),(121,221),(159,30),(170,64),(16,193),(150,154),(171,127),(78,145),(203,192),(66,156),(162,19),(241,99),(79,86),(117,114),(123,173),(247,61),
274:(188,170),(180,159),(17,185),(49,156),(134,42),(33,189),(182,80),(239,61),(186,68),(178,143),(114,221),(160,153),(126,175),(87,162),(156,99),(121,221),(159,30),(170,64),(16,193),(150,154),(171,127),(78,145),(203,192),(65,156),(162,19),(241,99),(79,86),(117,114),(122,173),(247,61),
275:(188,170),(180,159),(17,186),(49,156),(134,42),(33,189),(182,80),(239,61),(186,68),(178,143),(115,221),(160,153),(126,175),(87,162),(156,99),(121,221),(159,30),(170,64),(16,193),(150,154),(171,127),(78,145),(203,192),(64,156),(162,19),(241,99),(79,86),(117,114),(121,173),(247,61),
276:(188,170),(180,159),(16,186),(49,156),(134,42),(33,189),(182,80),(239,61),(186,68),(178,143),(116,221),(160,153),(126,175),(87,162),(156,99),(121,221),(159,30),(170,64),(16,193),(150,154),(171,127),(78,145),(203,192),(63,156),(162,19),(241,99),(79,86),(117,114),(120,173),(247,61),
277:(188,170),(180,159),(16,187),(49,156),(134,42),(33,189),(182,80),(239,61),(186,68),(178,143),(117,221),(160,153),(126,175),(87,162),(156,99),(121,221),(159,30),(170,64),(16,193),(150,154),(171,127),(78,145),(203,192),(62,156),(162,19),(241,99),(79,86),(117,114),(119,173),(247,61),
278:(188,170),(180,159),(16,188),(49,156),(134,42),(33,189),(182,80),(239,61),(186,68),(178,143),(117,222),(160,153),(126,175),(87,162),(156,99),(121,221),(159,30),(170,64),(16,193),(150,154),(171,127),(78,145),(203,192),(61,156),(162,19),(241,99),(79,86),(117,114),(118,173),(247,61),
279:(188,170),(180,159),(16,189),(49,156),(134,42),(33,189),(182,80),(239,61),(186,68),(178,143),(118,222),(160,153),(126,175),(87,162),(156,99),(121,221),(159,30),(170,64),(16,193),(150,154),(171,127),(78,145),(203,192),(60,156),(162,19),(241,99),(79,86),(117,114),(117,173),(247,61),
280:(188,170),(180,159),(16,190),(49,156),(134,42),(33,189),(182,80),(239,61),(186,68),(178,143),(119,222),(160,153),(126,175),(87,162),(156,99),(121,221),(159,30),(170,64),(16,193),(150,154),(171,127),(78,145),(203,192),(59,156),(162,19),(241,99),(79,86),(117,114),(116,173),(247,61),
281:(188,170),(180,159),(16,191),(49,156),(134,42),(33,189),(182,80),(239,61),(186,68),(178,143),(120,222),(160,153),(126,175),(87,162),(156,99),(121,221),(159,30),(170,64),(16,193),(150,154),(171,127),(78,145),(203,192),(58,156),(162,19),(241,99),(79,86),(117,114),(115,173),(247,61),
282:(188,170),(180,159),(15,191),(49,156),(134,42),(33,189),(182,80),(239,61),(186,68),(178,143),(121,222),(160,153),(126,175),(87,162),(156,99),(121,221),(159,30),(170,64),(16,193),(150,154),(171,127),(78,145),(203,192),(57,156),(162,19),(241,99),(79,86),(117,114),(114,173),(247,61),
283:(188,170),(180,159),(14,191),(49,156),(134,42),(33,189),(182,80),(239,61),(186,68),(178,143),(121,223),(160,153),(126,175),(87,162),(156,99),(121,221),(159,30),(170,64),(16,193),(150,154),(171,127),(78,145),(203,192),(56,156),(162,19),(241,99),(79,86),(117,114),(113,173),(247,61),
284:(188,170),(180,159),(14,192),(49,156),(134,42),(33,189),(182,80),(239,61),(186,68),(178,143),(121,224),(160,153),(126,175),(87,162),(156,99),(121,221),(159,30),(170,64),(16,193),(150,154),(171,127),(78,145),(203,192),(55,156),(162,19),(241,99),(79,86),(117,114),(112,173),(247,61),
285:(188,170),(180,159),(14,193),(49,156),(134,42),(33,189),(182,80),(239,61),(186,68),(178,143),(121,225),(160,153),(126,175),(87,162),(156,99),(121,221),(159,30),(170,64),(16,193),(150,154),(171,127),(78,145),(203,192),(54,156),(162,19),(241,99),(79,86),(117,114),(111,173),(247,61),
286:(188,170),(180,159),(14,194),(49,156),(134,42),(33,189),(182,80),(239,61),(186,68),(178,143),(121,226),(160,153),(126,175),(87,162),(156,99),(121,221),(159,30),(170,64),(16,193),(150,154),(171,127),(78,145),(203,192),(53,156),(162,19),(241,99),(79,86),(117,114),(110,173),(247,61),
287:(188,170),(180,159),(14,195),(49,156),(134,42),(33,189),(182,80),(239,61),(186,68),(178,143),(122,226),(160,153),(126,175),(87,162),(156,99),(121,221),(159,30),(170,64),(16,193),(150,154),(171,127),(78,145),(203,192),(52,156),(162,19),(241,99),(79,86),(117,114),(109,173),(247,61),
288:(188,170),(180,159),(14,195),(49,156),(134,42),(33,189),(182,80),(239,61),(186,68),(178,143),(122,227),(160,153),(126,175),(87,162),(156,99),(121,221),(159,30),(170,64),(16,193),(150,154),(171,127),(78,145),(203,192),(51,156),(162,19),(241,99),(79,86),(117,114),(108,173),(247,61),
289:(188,170),(180,159),(14,195),(49,156),(134,42),(33,189),(182,80),(239,61),(186,68),(178,143),(123,227),(160,153),(126,175),(87,162),(156,99),(121,221),(159,30),(170,64),(16,193),(150,154),(171,127),(78,145),(203,192),(50,156),(162,19),(241,99),(79,86),(117,114),(107,173),(247,61),
290:(188,170),(180,159),(14,195),(48,156),(134,42),(33,189),(182,80),(239,61),(186,68),(178,143),(124,227),(160,153),(126,175),(87,162),(156,99),(121,221),(159,30),(170,64),(16,193),(150,154),(171,127),(78,145),(203,192),(49,156),(162,19),(241,99),(79,86),(117,114),(106,173),(247,61),
291:(188,170),(180,159),(14,195),(48,155),(134,42),(33,189),(182,80),(239,61),(186,68),(178,143),(124,228),(160,153),(126,175),(87,162),(156,99),(121,221),(159,30),(170,64),(16,193),(150,154),(171,127),(78,145),(203,192),(48,156),(162,19),(241,99),(79,86),(117,114),(105,173),(247,61),
292:(188,170),(180,159),(14,195),(49,155),(134,42),(33,189),(182,80),(239,61),(186,68),(178,143),(124,229),(160,153),(126,175),(87,162),(156,99),(121,221),(159,30),(170,64),(16,193),(150,154),(171,127),(78,145),(203,192),(47,156),(162,19),(241,99),(79,86),(117,114),(104,173),(247,61),
293:(188,170),(180,159),(14,195),(49,156),(134,42),(33,189),(182,80),(239,61),(186,68),(178,143),(125,229),(160,153),(126,175),(87,162),(156,99),(121,221),(159,30),(170,64),(16,193),(150,154),(171,127),(78,145),(203,192),(46,156),(162,19),(241,99),(79,86),(117,114),(103,173),(247,61),
294:(188,170),(180,159),(14,195),(49,156),(134,42),(33,189),(182,80),(239,61),(186,68),(178,143),(126,229),(160,153),(126,175),(87,162),(156,99),(121,221),(159,30),(170,64),(16,193),(150,154),(171,127),(78,145),(203,192),(45,156),(162,19),(241,99),(79,86),(117,114),(102,173),(247,61),
295:(188,170),(180,159),(14,195),(49,156),(134,42),(33,189),(182,80),(239,61),(186,68),(178,143),(127,229),(160,153),(126,175),(87,162),(156,99),(121,221),(159,30),(170,64),(16,193),(150,154),(171,127),(78,145),(203,192),(44,156),(162,19),(241,99),(79,86),(117,114),(101,173),(247,61),
296:(188,170),(180,159),(14,195),(49,156),(134,42),(33,189),(182,80),(239,61),(186,68),(178,143),(128,229),(160,153),(126,175),(87,162),(156,99),(121,221),(159,30),(170,64),(16,193),(150,154),(171,127),(78,145),(203,192),(43,156),(162,19),(241,99),(79,86),(117,114),(100,173),(247,61),
297:(188,170),(180,159),(14,195),(49,156),(134,42),(33,189),(182,80),(239,61),(186,68),(178,143),(129,229),(160,153),(126,175),(87,162),(156,99),(121,221),(159,30),(170,64),(16,193),(150,154),(171,127),(78,145),(203,192),(42,156),(162,19),(241,99),(79,86),(117,114),(100,174),(247,61),
298:(188,170),(180,159),(14,195),(49,156),(134,42),(33,189),(182,80),(239,61),(186,68),(178,143),(130,229),(160,153),(126,175),(87,162),(156,99),(121,221),(159,30),(170,64),(16,193),(150,154),(171,127),(78,145),(203,192),(41,156),(162,19),(241,99),(79,86),(117,114),(99,174),(247,61),
299:(188,170),(180,159),(14,195),(49,156),(134,42),(33,189),(182,80),(239,61),(186,68),(178,143),(130,230),(160,153),(126,175),(87,162),(156,99),(121,221),(159,30),(170,64),(16,193),(150,154),(171,127),(78,145),(203,192),(40,156),(162,19),(241,99),(79,86),(117,114),(99,175),(247,61),
300:(188,170),(180,159),(14,195),(49,156),(134,42),(33,189),(182,80),(239,61),(186,68),(178,143),(131,230),(160,153),(126,175),(87,162),(156,99),(121,221),(159,30),(170,64),(16,193),(150,154),(171,127),(78,145),(203,192),(39,156),(162,19),(241,99),(79,86),(117,114),(98,175),(247,61),
301:(188,170),(180,159),(14,195),(49,156),(134,42),(33,189),(182,80),(239,61),(186,68),(178,143),(132,230),(160,153),(126,175),(87,162),(156,99),(121,221),(159,30),(170,64),(16,193),(150,154),(171,127),(78,145),(203,192),(38,156),(162,19),(241,99),(79,86),(117,114),(97,175),(247,61),
302:(188,170),(180,159),(14,195),(49,156),(134,42),(33,189),(182,80),(239,61),(186,68),(178,143),(133,230),(160,153),(126,175),(87,162),(156,99),(121,221),(159,30),(170,64),(16,193),(150,154),(171,127),(78,145),(203,192),(37,156),(162,19),(241,99),(79,86),(117,114),(97,176),(247,61),
303:(188,170),(180,159),(14,195),(49,156),(134,42),(33,189),(182,80),(239,61),(186,68),(178,143),(133,230),(160,153),(126,175),(87,162),(156,99),(121,221),(159,30),(170,64),(16,193),(150,154),(171,127),(78,145),(203,192),(36,156),(162,19),(241,99),(79,86),(117,114),(97,177),(247,61),
304:(188,170),(180,159),(14,195),(49,156),(134,42),(33,189),(182,80),(239,61),(186,68),(178,143),(133,230),(160,153),(126,175),(87,162),(156,99),(121,221),(159,30),(170,64),(16,193),(150,154),(171,127),(78,145),(203,192),(35,156),(162,19),(241,99),(79,86),(117,114),(97,178),(247,61),
305:(188,170),(180,159),(14,195),(49,156),(134,42),(33,189),(182,80),(239,61),(186,68),(178,143),(133,230),(160,153),(126,175),(87,162),(156,99),(121,221),(159,30),(170,64),(16,193),(150,154),(171,127),(78,145),(203,192),(34,156),(162,19),(241,99),(79,86),(117,114),(97,179),(247,61),
306:(188,170),(180,159),(14,195),(49,156),(134,42),(33,189),(182,80),(239,61),(186,68),(178,143),(133,230),(160,153),(126,175),(87,162),(156,99),(121,221),(159,30),(170,64),(16,193),(150,154),(171,127),(78,145),(203,192),(33,156),(162,19),(241,99),(79,86),(117,114),(97,180),(247,61),
307:(188,170),(180,159),(14,195),(49,156),(134,42),(33,189),(182,80),(239,61),(186,68),(178,143),(133,230),(160,153),(126,175),(87,162),(156,99),(121,221),(159,30),(170,64),(16,193),(150,154),(171,127),(78,145),(203,192),(32,156),(162,19),(241,99),(79,86),(117,114),(97,181),(247,61),
308:(188,170),(180,159),(14,195),(49,156),(134,42),(33,189),(182,80),(239,61),(186,68),(178,143),(133,230),(160,153),(126,175),(87,162),(156,99),(121,221),(159,30),(170,64),(16,193),(150,154),(171,127),(78,145),(203,192),(31,156),(162,19),(241,99),(79,86),(117,114),(97,182),(247,61),
309:(188,170),(180,159),(14,195),(49,156),(134,42),(33,189),(182,80),(239,61),(186,68),(178,143),(133,230),(160,153),(126,175),(87,162),(156,99),(121,221),(159,30),(170,64),(16,193),(150,154),(171,127),(78,145),(203,192),(30,156),(162,19),(241,99),(79,86),(117,114),(97,183),(247,61),
310:(188,170),(180,159),(14,195),(49,156),(134,42),(33,189),(182,80),(239,61),(186,68),(178,143),(133,230),(160,153),(126,175),(87,162),(156,99),(121,221),(159,30),(170,64),(16,193),(150,154),(171,127),(78,145),(203,192),(29,156),(162,19),(241,99),(79,86),(117,114),(97,184),(247,61),
311:(188,170),(180,159),(14,195),(49,156),(134,42),(33,189),(182,80),(239,61),(186,68),(178,143),(133,230),(160,153),(126,175),(87,162),(156,99),(121,221),(159,30),(170,64),(16,193),(150,154),(171,127),(78,145),(203,192),(28,156),(162,19),(241,99),(79,86),(117,114),(97,185),(247,61),
312:(188,170),(180,159),(14,195),(49,156),(134,42),(33,189),(182,80),(239,61),(186,68),(178,143),(133,230),(160,153),(126,175),(87,162),(156,99),(121,221),(159,30),(170,64),(16,193),(150,154),(171,127),(78,145),(203,192),(27,156),(162,19),(241,99),(79,86),(117,114),(97,186),(247,61),
313:(188,170),(180,159),(14,195),(49,156),(134,42),(33,189),(182,80),(239,61),(186,68),(178,143),(133,230),(160,153),(126,175),(87,162),(156,99),(121,221),(159,30),(170,64),(16,193),(150,154),(171,127),(78,145),(203,192),(26,156),(162,19),(241,99),(79,86),(117,114),(97,187),(247,61),
314:(188,170),(180,159),(14,195),(49,156),(134,42),(33,189),(182,80),(239,61),(186,68),(178,143),(133,230),(160,153),(126,175),(87,162),(156,99),(121,221),(159,30),(170,64),(16,193),(150,154),(171,127),(78,145),(203,192),(25,156),(162,19),(241,99),(79,86),(117,114),(97,188),(247,61),
315:(188,170),(180,159),(14,195),(49,156),(134,42),(33,189),(182,80),(239,61),(186,68),(178,143),(133,230),(160,153),(126,175),(87,162),(156,99),(121,221),(159,30),(170,64),(16,193),(150,154),(171,127),(78,145),(203,192),(24,156),(162,19),(241,99),(79,86),(117,114),(97,189),(247,61),
316:(188,170),(180,159),(14,195),(49,156),(134,42),(33,189),(182,80),(239,61),(186,68),(178,143),(133,230),(160,153),(126,175),(87,162),(156,99),(121,221),(159,30),(170,64),(16,193),(150,154),(171,127),(78,145),(203,192),(23,156),(162,19),(241,99),(79,86),(117,114),(97,190),(247,61),
317:(188,170),(180,159),(14,195),(49,156),(134,42),(33,189),(182,80),(239,61),(186,68),(178,143),(133,230),(160,153),(126,175),(87,162),(156,99),(121,221),(159,30),(170,64),(16,193),(150,154),(171,127),(78,145),(203,192),(22,156),(162,19),(241,99),(79,86),(117,114),(97,191),(247,61),
318:(188,170),(180,159),(14,195),(49,156),(134,42),(33,189),(182,80),(239,61),(186,68),(178,143),(133,230),(160,153),(126,175),(87,162),(156,99),(121,221),(159,30),(170,64),(16,193),(150,154),(171,127),(78,145),(203,192),(21,156),(162,19),(241,99),(79,86),(117,114),(97,192),(247,61),
319:(188,170),(180,159),(14,195),(49,156),(134,42),(33,189),(182,80),(239,61),(186,68),(178,143),(133,230),(160,153),(126,175),(87,162),(156,99),(121,221),(159,30),(170,64),(16,193),(150,154),(171,127),(78,145),(203,192),(20,156),(162,19),(241,99),(79,86),(117,114),(97,193),(247,61),
320:(188,170),(180,159),(14,195),(49,156),(134,42),(33,189),(182,80),(239,61),(186,68),(178,143),(133,230),(160,153),(126,175),(87,162),(156,99),(121,221),(159,30),(170,64),(16,193),(150,154),(171,127),(78,145),(203,192),(19,156),(162,19),(241,99),(79,86),(117,114),(97,194),(247,61),
321:(188,170),(180,159),(14,195),(49,156),(134,42),(33,189),(182,80),(239,61),(186,68),(178,143),(133,230),(160,153),(126,175),(87,162),(156,99),(121,221),(159,30),(170,64),(16,193),(150,154),(171,127),(78,145),(203,192),(18,156),(162,19),(241,99),(79,86),(117,114),(97,195),(247,61),
322:(188,170),(180,159),(14,195),(49,156),(134,42),(33,189),(182,80),(239,61),(186,68),(178,143),(133,230),(160,153),(126,175),(87,162),(156,99),(121,221),(159,30),(170,64),(16,193),(150,154),(171,127),(78,145),(203,192),(18,156),(162,19),(241,99),(79,86),(117,114),(97,196),(247,61),
323:(188,170),(180,159),(14,195),(49,156),(134,42),(33,189),(182,80),(239,61),(186,68),(178,143),(133,230),(160,153),(126,175),(87,162),(156,99),(121,221),(159,30),(170,64),(16,193),(150,154),(171,127),(78,145),(203,192),(18,156),(162,19),(241,99),(79,86),(117,114),(97,197),(247,61),
324:(188,170),(180,159),(14,195),(49,156),(134,42),(33,189),(182,80),(239,61),(186,68),(178,143),(133,230),(160,153),(126,175),(87,162),(156,99),(121,221),(159,30),(170,64),(16,193),(150,154),(171,127),(78,145),(203,192),(18,156),(162,19),(241,99),(79,86),(117,114),(97,198),(247,61),
325:(188,170),(180,159),(14,195),(49,156),(134,42),(33,189),(182,80),(239,61),(186,68),(178,143),(133,230),(160,153),(126,175),(87,162),(156,99),(121,221),(159,30),(170,64),(16,193),(150,154),(171,127),(78,145),(203,192),(18,156),(162,19),(241,99),(79,86),(117,114),(97,199),(247,61),
326:(188,170),(180,159),(14,195),(49,156),(134,42),(33,189),(182,80),(239,61),(186,68),(178,143),(133,230),(160,153),(126,175),(87,162),(156,99),(121,221),(159,30),(170,64),(16,193),(150,154),(171,127),(78,145),(203,192),(18,156),(162,19),(241,99),(79,86),(117,114),(97,200),(247,61),
327:(188,170),(180,159),(14,195),(49,156),(134,42),(33,189),(182,80),(239,61),(186,68),(178,143),(133,230),(160,153),(126,175),(87,162),(156,99),(121,221),(159,30),(170,64),(16,193),(150,154),(171,127),(78,145),(203,192),(18,156),(162,19),(241,99),(79,86),(117,114),(98,200),(247,61),
328:(188,170),(180,159),(14,195),(49,156),(134,42),(33,189),(182,80),(239,61),(186,68),(178,143),(133,230),(160,153),(126,175),(87,162),(156,99),(121,221),(159,30),(170,64),(16,193),(150,154),(171,127),(78,145),(203,192),(18,156),(162,19),(241,99),(79,86),(117,114),(99,200),(247,61),
329:(188,170),(180,159),(14,195),(49,156),(134,42),(33,189),(182,80),(239,61),(186,68),(178,143),(133,230),(160,153),(126,175),(87,162),(156,99),(121,221),(159,30),(170,64),(16,193),(150,154),(171,127),(78,145),(203,192),(18,156),(162,19),(241,99),(79,86),(117,114),(99,201),(247,61),
330:(188,170),(180,159),(14,195),(49,156),(134,42),(33,189),(182,80),(239,61),(186,68),(178,143),(133,230),(160,153),(126,175),(87,162),(156,99),(121,221),(159,30),(170,64),(16,193),(150,154),(171,127),(78,145),(203,192),(18,156),(162,19),(241,99),(79,86),(117,114),(99,202),(247,61),
331:(188,170),(180,159),(14,195),(49,156),(134,42),(33,189),(182,80),(239,61),(186,68),(178,143),(133,230),(160,153),(126,175),(87,162),(156,99),(121,221),(159,30),(170,64),(16,193),(150,154),(171,127),(78,145),(203,192),(18,156),(162,19),(241,99),(79,86),(117,114),(99,203),(247,61),
332:(188,170),(180,159),(14,195),(49,156),(134,42),(33,189),(182,80),(239,61),(186,68),(178,143),(133,230),(160,153),(126,175),(87,162),(156,99),(121,221),(159,30),(170,64),(16,193),(150,154),(171,127),(78,145),(203,192),(18,156),(162,19),(241,99),(79,86),(117,114),(99,204),(247,61),
333:(188,170),(180,159),(14,195),(49,156),(134,42),(33,189),(182,80),(239,61),(186,68),(178,143),(133,230),(160,153),(126,175),(87,162),(156,99),(121,221),(159,30),(170,64),(16,193),(150,154),(171,127),(78,145),(203,192),(18,156),(162,19),(241,99),(79,86),(117,114),(99,205),(247,61),
334:(188,170),(180,159),(14,195),(49,156),(134,42),(33,189),(182,80),(239,61),(186,68),(178,143),(133,230),(160,153),(126,175),(87,162),(156,99),(121,221),(159,30),(170,64),(16,193),(150,154),(171,127),(78,145),(203,192),(18,156),(162,19),(241,99),(79,86),(117,114),(99,206),(247,61),
335:(188,170),(180,159),(14,195),(49,156),(134,42),(33,189),(182,80),(239,61),(186,68),(178,143),(133,230),(160,153),(126,175),(87,162),(156,99),(121,221),(159,30),(170,64),(16,193),(150,154),(171,127),(78,145),(203,192),(18,156),(162,19),(241,99),(79,86),(117,114),(99,207),(247,61),
336:(188,170),(180,159),(14,195),(49,156),(134,42),(33,189),(182,80),(239,61),(186,68),(178,143),(133,230),(160,153),(126,175),(87,162),(156,99),(121,221),(159,30),(170,64),(16,193),(150,154),(171,127),(78,145),(203,192),(18,156),(162,19),(241,99),(79,86),(117,114),(99,208),(247,61),
337:(188,170),(180,159),(14,195),(49,156),(134,42),(33,189),(182,80),(239,61),(186,68),(178,143),(133,230),(160,153),(126,175),(87,162),(156,99),(121,221),(159,30),(170,64),(16,193),(150,154),(171,127),(78,145),(203,192),(18,156),(162,19),(241,99),(79,86),(117,114),(100,208),(247,61),
338:(188,170),(180,159),(14,195),(49,156),(134,42),(33,189),(182,80),(239,61),(186,68),(178,143),(133,230),(160,153),(126,175),(87,162),(156,99),(121,221),(159,30),(170,64),(16,193),(150,154),(171,127),(78,145),(203,192),(18,156),(162,19),(241,99),(79,86),(117,114),(100,209),(247,61),
339:(188,170),(180,159),(14,195),(49,156),(134,42),(33,189),(182,80),(239,61),(186,68),(178,143),(133,230),(160,153),(126,175),(87,162),(156,99),(121,221),(159,30),(170,64),(16,193),(150,154),(171,127),(78,145),(203,192),(18,156),(162,19),(241,99),(79,86),(117,114),(100,210),(247,61),
340:(188,170),(180,159),(14,195),(49,156),(134,42),(33,189),(182,80),(239,61),(186,68),(178,143),(133,230),(160,153),(126,175),(87,162),(156,99),(121,221),(159,30),(170,64),(16,193),(150,154),(171,127),(78,145),(203,192),(18,156),(162,19),(241,99),(79,86),(117,114),(101,210),(247,61),
341:(188,170),(180,159),(14,195),(49,156),(134,42),(33,189),(182,80),(239,61),(186,68),(178,143),(133,230),(160,153),(126,175),(87,162),(156,99),(121,221),(159,30),(170,64),(16,193),(150,154),(171,127),(78,145),(203,192),(18,156),(162,19),(241,99),(79,86),(117,114),(102,210),(247,61),
