instance=temp_instance.txt
agents=20
map_file=warehouse-20-40-10-2-2.map
solver=PushAndSwap
solved=1
soc=5740
lb_soc=3573
makespan=477
lb_makespan=355
comp_time=39
preprocessing_comp_time=12
starts=(256,85),(313,48),(61,30),(319,54),(118,89),(100,46),(35,81),(156,134),(67,38),(96,129),(152,157),(4,89),(229,127),(270,82),(61,153),(213,74),(118,57),(289,56),(77,45),(162,146),
goals=(212,6),(43,60),(29,105),(325,145),(2,141),(53,125),(331,121),(230,28),(6,90),(219,89),(331,120),(97,16),(337,67),(205,51),(334,71),(98,64),(320,136),(327,3),(169,121),(28,68),
solution=
0:(256,85),(313,48),(61,30),(319,54),(118,89),(100,46),(35,81),(156,134),(67,38),(96,129),(152,157),(4,89),(229,127),(270,82),(61,153),(213,74),(118,57),(289,56),(77,45),(162,146),
1:(255,85),(312,48),(60,30),(320,54),(117,89),(99,46),(36,81),(157,134),(66,38),(97,129),(153,157),(4,89),(229,127),(269,82),(62,153),(212,74),(119,57),(290,56),(78,45),(161,146),
2:(254,85),(311,48),(59,30),(321,54),(116,89),(98,46),(37,81),(158,134),(65,38),(98,129),(154,157),(4,89),(229,127),(268,82),(63,153),(211,74),(120,57),(291,56),(79,45),(160,146),
3:(253,85),(310,48),(58,30),(322,54),(115,89),(98,46),(38,81),(159,134),(64,38),(99,129),(155,157),(4,89),(229,127),(267,82),(64,153),(210,74),(121,57),(292,56),(80,45),(159,146),
4:(252,85),(309,48),(57,30),(323,54),(114,89),(98,46),(39,81),(160,134),(63,38),(100,129),(156,157),(4,89),(229,127),(266,82),(65,153),(209,74),(122,57),(293,56),(81,45),(158,146),
5:(251,85),(308,48),(56,30),(324,54),(113,89),(98,46),(40,81),(161,134),(62,38),(101,129),(157,157),(4,89),(229,127),(265,82),(66,153),(208,74),(123,57),(294,56),(82,45),(157,146),
6:(250,85),(307,48),(55,30),(325,54),(112,89),(98,46),(41,81),(162,134),(61,38),(102,129),(158,157),(4,89),(229,127),(264,82),(67,153),(207,74),(124,57),(295,56),(83,45),(156,146),
7:(249,85),(306,48),(54,30),(325,55),(111,89),(98,46),(42,81),(163,134),(60,38),(103,129),(159,157),(4,89),(229,127),(263,82),(68,153),(206,74),(125,57),(296,56),(84,45),(155,146),
8:(248,85),(305,48),(53,30),(325,56),(110,89),(98,46),(43,81),(164,134),(59,38),(104,129),(160,157),(4,89),(229,127),(262,82),(69,153),(205,74),(126,57),(297,56),(85,45),(154,146),
9:(247,85),(304,48),(52,30),(325,57),(109,89),(98,46),(44,81),(165,134),(58,38),(105,129),(161,157),(4,89),(229,127),(261,82),(70,153),(204,74),(127,57),(298,56),(86,45),(153,146),
10:(246,85),(303,48),(51,30),(325,58),(108,89),(98,46),(45,81),(166,134),(57,38),(106,129),(162,157),(4,89),(229,127),(260,82),(71,153),(203,74),(128,57),(299,56),(87,45),(152,146),
11:(245,85),(302,48),(50,30),(325,59),(107,89),(98,46),(46,81),(167,134),(56,38),(107,129),(163,157),(4,89),(229,127),(259,82),(72,153),(202,74),(129,57),(300,56),(88,45),(151,146),
12:(244,85),(301,48),(49,30),(325,60),(106,89),(98,46),(47,81),(168,134),(55,38),(108,129),(164,157),(4,89),(229,127),(258,82),(73,153),(201,74),(130,57),(301,56),(89,45),(150,146),
13:(243,85),(300,48),(48,30),(325,61),(105,89),(98,46),(48,81),(169,134),(54,38),(109,129),(165,157),(4,89),(229,127),(257,82),(74,153),(200,74),(131,57),(302,56),(90,45),(149,146),
14:(242,85),(299,48),(47,30),(325,62),(104,89),(98,46),(49,81),(170,134),(53,38),(110,129),(166,157),(4,89),(229,127),(256,82),(75,153),(199,74),(132,57),(303,56),(91,45),(148,146),
15:(241,85),(298,48),(46,30),(325,63),(103,89),(98,46),(50,81),(171,134),(52,38),(111,129),(167,157),(4,89),(229,127),(255,82),(76,153),(198,74),(133,57),(304,56),(92,45),(147,146),
16:(240,85),(297,48),(45,30),(325,64),(102,89),(98,46),(51,81),(172,134),(51,38),(112,129),(168,157),(4,89),(229,127),(254,82),(77,153),(197,74),(134,57),(305,56),(93,45),(146,146),
17:(239,85),(296,48),(44,30),(325,65),(101,89),(98,46),(52,81),(173,134),(50,38),(113,129),(169,157),(4,89),(229,127),(253,82),(78,153),(196,74),(135,57),(306,56),(94,45),(145,146),
18:(238,85),(295,48),(43,30),(325,66),(100,89),(98,46),(53,81),(174,134),(49,38),(114,129),(170,157),(4,89),(229,127),(252,82),(79,153),(195,74),(136,57),(307,56),(95,45),(144,146),
19:(237,85),(294,48),(42,30),(325,67),(99,89),(98,46),(54,81),(175,134),(48,38),(115,129),(171,157),(4,89),(229,127),(251,82),(80,153),(194,74),(137,57),(308,56),(96,45),(143,146),
20:(236,85),(293,48),(41,30),(325,68),(98,89),(98,46),(55,81),(176,134),(47,38),(116,129),(172,157),(4,89),(229,127),(250,82),(81,153),(193,74),(138,57),(309,56),(97,45),(142,146),
21:(235,85),(292,48),(40,30),(325,69),(97,89),(98,46),(56,81),(177,134),(46,38),(117,129),(173,157),(4,89),(229,127),(249,82),(82,153),(192,74),(139,57),(310,56),(98,45),(141,146),
22:(234,85),(291,48),(39,30),(325,70),(96,89),(98,46),(57,81),(178,134),(45,38),(118,129),(174,157),(4,89),(229,127),(248,82),(83,153),(191,74),(140,57),(311,56),(99,45),(140,146),
23:(233,85),(290,48),(38,30),(325,71),(95,89),(98,46),(58,81),(179,134),(44,38),(119,129),(175,157),(4,89),(229,127),(247,82),(84,153),(190,74),(141,57),(312,56),(100,45),(139,146),
24:(232,85),(289,48),(37,30),(325,72),(94,89),(98,46),(59,81),(180,134),(43,38),(120,129),(176,157),(4,89),(229,127),(246,82),(85,153),(189,74),(142,57),(313,56),(101,45),(138,146),
25:(231,85),(289,49),(36,30),(325,73),(93,89),(98,46),(60,81),(181,134),(42,38),(121,129),(177,157),(4,89),(229,127),(245,82),(86,153),(188,74),(143,57),(314,56),(102,45),(137,146),
26:(231,85),(288,49),(35,30),(325,74),(92,89),(98,46),(61,81),(182,134),(41,38),(122,129),(178,157),(4,89),(229,127),(244,82),(87,153),(187,74),(144,57),(315,56),(103,45),(136,146),
27:(231,85),(287,49),(34,30),(325,75),(91,89),(98,46),(62,81),(183,134),(40,38),(123,129),(179,157),(4,89),(229,127),(243,82),(88,153),(186,74),(145,57),(316,56),(104,45),(135,146),
28:(231,85),(286,49),(33,30),(325,76),(90,89),(98,46),(63,81),(184,134),(39,38),(124,129),(180,157),(4,89),(229,127),(242,82),(89,153),(185,74),(146,57),(317,56),(105,45),(134,146),
29:(231,85),(285,49),(32,30),(325,77),(89,89),(98,46),(64,81),(185,134),(38,38),(125,129),(181,157),(4,89),(229,127),(241,82),(90,153),(184,74),(147,57),(318,56),(106,45),(133,146),
30:(231,85),(284,49),(31,30),(325,78),(88,89),(98,46),(65,81),(186,134),(37,38),(126,129),(182,157),(4,89),(229,127),(240,82),(91,153),(183,74),(148,57),(319,56),(107,45),(132,146),
31:(231,85),(283,49),(30,30),(325,79),(87,89),(98,46),(66,81),(187,134),(36,38),(127,129),(183,157),(4,89),(229,127),(239,82),(92,153),(182,74),(149,57),(320,56),(108,45),(131,146),
32:(231,85),(282,49),(29,30),(325,80),(86,89),(98,46),(67,81),(188,134),(35,38),(128,129),(184,157),(4,89),(229,127),(238,82),(93,153),(181,74),(150,57),(321,56),(109,45),(130,146),
33:(231,85),(281,49),(29,31),(325,80),(85,89),(98,46),(68,81),(189,134),(34,38),(129,129),(185,157),(4,89),(229,127),(237,82),(94,153),(180,74),(151,57),(322,56),(110,45),(129,146),
34:(231,85),(280,49),(29,32),(325,80),(84,89),(98,46),(69,81),(190,134),(33,38),(130,129),(186,157),(4,89),(229,127),(236,82),(95,153),(179,74),(152,57),(323,56),(111,45),(128,146),
35:(231,85),(279,49),(29,33),(325,80),(83,89),(98,46),(70,81),(191,134),(32,38),(131,129),(187,157),(4,89),(229,127),(235,82),(96,153),(178,74),(153,57),(324,56),(112,45),(127,146),
36:(231,85),(278,49),(29,34),(325,80),(82,89),(98,46),(71,81),(192,134),(31,38),(132,129),(188,157),(4,89),(229,127),(234,82),(97,153),(177,74),(154,57),(325,56),(113,45),(126,146),
37:(231,85),(277,49),(29,35),(325,80),(81,89),(98,46),(72,81),(193,134),(30,38),(133,129),(189,157),(4,89),(229,127),(233,82),(98,153),(176,74),(155,57),(326,56),(114,45),(125,146),
38:(231,85),(276,49),(29,36),(325,80),(80,89),(98,46),(73,81),(194,134),(29,38),(134,129),(190,157),(4,89),(229,127),(232,82),(99,153),(175,74),(156,57),(327,56),(115,45),(124,146),
39:(231,85),(275,49),(29,37),(325,80),(79,89),(98,46),(74,81),(195,134),(28,38),(135,129),(191,157),(4,89),(229,127),(231,82),(100,153),(174,74),(157,57),(327,55),(116,45),(123,146),
40:(231,85),(274,49),(29,38),(325,80),(78,89),(98,46),(75,81),(196,134),(27,38),(136,129),(192,157),(4,89),(229,127),(231,82),(101,153),(173,74),(158,57),(327,54),(117,45),(122,146),
41:(231,85),(273,49),(29,39),(325,80),(77,89),(98,46),(76,81),(197,134),(26,38),(137,129),(193,157),(4,89),(229,127),(231,82),(102,153),(172,74),(159,57),(327,53),(118,45),(121,146),
42:(231,85),(272,49),(29,40),(325,80),(76,89),(98,46),(77,81),(198,134),(25,38),(138,129),(194,157),(4,89),(229,127),(231,82),(103,153),(171,74),(160,57),(327,52),(119,45),(120,146),
43:(231,85),(271,49),(29,41),(325,80),(75,89),(98,46),(78,81),(199,134),(24,38),(139,129),(195,157),(4,89),(229,127),(231,82),(104,153),(170,74),(161,57),(327,51),(120,45),(119,146),
44:(231,85),(270,49),(29,42),(325,80),(74,89),(98,46),(79,81),(200,134),(23,38),(140,129),(196,157),(4,89),(229,127),(231,82),(105,153),(170,74),(162,57),(327,50),(121,45),(118,146),
45:(231,85),(269,49),(29,43),(325,80),(73,89),(98,46),(80,81),(201,134),(22,38),(141,129),(197,157),(4,89),(229,127),(231,82),(106,153),(170,74),(163,57),(327,49),(122,45),(117,146),
46:(231,85),(268,49),(29,44),(325,80),(72,89),(98,46),(81,81),(202,134),(21,38),(142,129),(198,157),(4,89),(229,127),(231,82),(107,153),(170,74),(164,57),(327,48),(123,45),(116,146),
47:(231,85),(267,49),(29,45),(325,80),(71,89),(98,46),(82,81),(203,134),(20,38),(143,129),(199,157),(4,89),(229,127),(231,82),(108,153),(170,74),(165,57),(327,47),(124,45),(115,146),
48:(231,85),(266,49),(29,46),(325,80),(70,89),(98,46),(83,81),(204,134),(19,38),(144,129),(200,157),(4,89),(229,127),(231,82),(109,153),(170,74),(166,57),(327,46),(125,45),(114,146),
49:(231,85),(265,49),(29,47),(325,80),(69,89),(98,46),(84,81),(205,134),(18,38),(145,129),(201,157),(4,89),(229,127),(231,82),(110,153),(170,74),(167,57),(327,45),(126,45),(113,146),
50:(231,85),(264,49),(29,48),(325,80),(68,89),(98,46),(85,81),(206,134),(17,38),(146,129),(202,157),(4,89),(229,127),(231,82),(111,153),(170,74),(168,57),(327,44),(127,45),(112,146),
51:(231,85),(263,49),(29,49),(325,80),(67,89),(98,46),(86,81),(207,134),(16,38),(147,129),(203,157),(4,89),(229,127),(231,82),(112,153),(170,74),(169,57),(327,43),(128,45),(111,146),
52:(231,85),(262,49),(29,50),(325,80),(66,89),(98,46),(87,81),(208,134),(15,38),(148,129),(204,157),(4,89),(229,127),(231,82),(113,153),(170,74),(170,57),(327,42),(129,45),(110,146),
53:(231,85),(261,49),(29,51),(325,80),(65,89),(98,46),(88,81),(209,134),(14,38),(149,129),(205,157),(4,89),(229,127),(231,82),(114,153),(170,74),(171,57),(327,41),(130,45),(109,146),
54:(231,85),(260,49),(29,52),(325,80),(64,89),(98,46),(89,81),(210,134),(13,38),(150,129),(206,157),(4,89),(229,127),(231,82),(115,153),(170,74),(172,57),(327,40),(131,45),(108,146),
55:(231,85),(259,49),(29,53),(325,80),(63,89),(98,46),(90,81),(211,134),(12,38),(151,129),(207,157),(4,89),(229,127),(231,82),(116,153),(170,74),(173,57),(327,39),(132,45),(107,146),
56:(231,85),(258,49),(29,54),(325,80),(62,89),(98,46),(91,81),(212,134),(11,38),(152,129),(208,157),(4,89),(229,127),(231,82),(117,153),(170,74),(174,57),(327,38),(133,45),(106,146),
57:(231,85),(257,49),(29,55),(325,80),(61,89),(98,46),(92,81),(213,134),(10,38),(153,129),(209,157),(4,89),(229,127),(231,82),(118,153),(170,74),(175,57),(327,37),(134,45),(105,146),
58:(231,85),(256,49),(29,56),(325,80),(60,89),(98,46),(93,81),(214,134),(9,38),(154,129),(210,157),(4,89),(229,127),(231,82),(119,153),(170,74),(176,57),(327,36),(135,45),(104,146),
59:(231,85),(255,49),(29,57),(325,80),(59,89),(98,46),(94,81),(215,134),(8,38),(155,129),(211,157),(4,89),(229,127),(231,82),(120,153),(170,74),(177,57),(327,35),(136,45),(103,146),
60:(231,85),(254,49),(29,58),(325,80),(58,89),(98,46),(95,81),(216,134),(7,38),(156,129),(212,157),(4,89),(229,127),(231,82),(121,153),(170,74),(178,57),(327,34),(137,45),(102,146),
61:(231,85),(253,49),(29,59),(325,80),(57,89),(98,46),(96,81),(217,134),(6,38),(157,129),(213,157),(4,89),(229,127),(231,82),(122,153),(170,74),(179,57),(327,33),(138,45),(101,146),
62:(231,85),(252,49),(29,60),(325,80),(56,89),(98,46),(97,81),(218,134),(6,39),(158,129),(214,157),(4,89),(229,127),(231,82),(123,153),(170,74),(180,57),(327,32),(139,45),(100,146),
63:(231,85),(251,49),(29,61),(325,80),(55,89),(98,46),(98,81),(219,134),(6,40),(159,129),(215,157),(4,89),(229,127),(231,82),(124,153),(170,74),(181,57),(327,31),(140,45),(99,146),
64:(231,85),(250,49),(29,62),(325,80),(54,89),(98,46),(99,81),(220,134),(6,41),(160,129),(216,157),(4,89),(229,127),(231,82),(125,153),(170,74),(182,57),(327,30),(141,45),(98,146),
65:(231,85),(249,49),(29,63),(325,80),(53,89),(98,46),(100,81),(221,134),(6,42),(161,129),(217,157),(4,89),(229,127),(231,82),(126,153),(170,74),(183,57),(327,29),(142,45),(97,146),
66:(231,85),(248,49),(29,64),(325,80),(52,89),(98,46),(101,81),(222,134),(6,43),(162,129),(218,157),(4,89),(229,127),(231,82),(127,153),(170,74),(184,57),(327,28),(143,45),(96,146),
67:(231,85),(247,49),(29,65),(325,80),(51,89),(98,46),(102,81),(223,134),(6,44),(163,129),(219,157),(4,89),(229,127),(231,82),(128,153),(170,74),(185,57),(327,27),(144,45),(95,146),
68:(231,85),(246,49),(29,66),(325,80),(50,89),(98,46),(103,81),(224,134),(6,45),(164,129),(220,157),(4,89),(229,127),(231,82),(129,153),(170,74),(186,57),(327,26),(145,45),(94,146),
69:(231,85),(245,49),(29,67),(325,80),(49,89),(98,46),(104,81),(225,134),(6,46),(165,129),(221,157),(4,89),(229,127),(231,82),(130,153),(170,74),(187,57),(327,25),(146,45),(93,146),
70:(231,85),(244,49),(29,68),(325,80),(48,89),(98,46),(105,81),(226,134),(6,47),(166,129),(222,157),(4,89),(229,127),(231,82),(131,153),(170,74),(188,57),(327,24),(147,45),(92,146),
71:(231,85),(243,49),(29,69),(325,80),(47,89),(98,46),(106,81),(227,134),(6,48),(167,129),(223,157),(4,89),(229,127),(231,82),(132,153),(170,74),(189,57),(327,23),(148,45),(91,146),
72:(231,85),(242,49),(29,70),(325,80),(46,89),(98,46),(107,81),(228,134),(6,49),(168,129),(224,157),(4,89),(229,127),(231,82),(133,153),(170,74),(190,57),(327,22),(149,45),(90,146),
73:(231,85),(241,49),(29,71),(325,80),(45,89),(98,46),(108,81),(229,134),(6,50),(169,129),(225,157),(4,89),(229,127),(231,82),(134,153),(170,74),(191,57),(327,21),(150,45),(89,146),
74:(231,85),(240,49),(29,72),(325,80),(44,89),(98,46),(109,81),(230,134),(6,51),(170,129),(226,157),(4,89),(229,127),(231,82),(135,153),(170,74),(192,57),(327,20),(151,45),(88,146),
75:(231,85),(239,49),(29,73),(325,80),(43,89),(98,46),(110,81),(230,133),(6,52),(171,129),(227,157),(4,89),(229,127),(231,82),(136,153),(170,74),(193,57),(327,19),(152,45),(87,146),
76:(231,85),(238,49),(29,74),(325,80),(42,89),(98,46),(111,81),(230,132),(6,53),(172,129),(228,157),(4,89),(229,127),(231,82),(137,153),(170,74),(194,57),(327,18),(153,45),(86,146),
77:(231,85),(237,49),(29,75),(325,80),(41,89),(98,46),(112,81),(230,131),(6,54),(173,129),(229,157),(4,89),(229,127),(231,82),(138,153),(170,74),(195,57),(327,17),(154,45),(85,146),
78:(231,85),(236,49),(29,76),(325,80),(40,89),(98,46),(113,81),(230,130),(6,55),(174,129),(230,157),(4,89),(229,127),(231,82),(139,153),(170,74),(196,57),(327,16),(155,45),(84,146),
79:(231,85),(235,49),(29,77),(325,80),(39,89),(98,46),(114,81),(230,129),(6,56),(175,129),(231,157),(4,89),(229,127),(231,82),(140,153),(170,74),(197,57),(327,15),(156,45),(83,146),
80:(231,85),(234,49),(29,78),(325,80),(38,89),(98,46),(115,81),(230,128),(6,57),(176,129),(232,157),(4,89),(229,127),(231,82),(141,153),(170,74),(198,57),(327,14),(157,45),(82,146),
81:(231,85),(233,49),(29,79),(325,80),(37,89),(98,46),(116,81),(230,127),(6,58),(177,129),(233,157),(4,89),(229,127),(231,82),(142,153),(170,74),(199,57),(327,13),(158,45),(81,146),
82:(231,85),(232,49),(29,80),(325,80),(36,89),(98,46),(117,81),(230,126),(6,59),(178,129),(234,157),(4,89),(230,127),(231,82),(143,153),(170,74),(200,57),(327,12),(159,45),(80,146),
83:(231,85),(231,49),(29,81),(325,80),(35,89),(98,46),(118,81),(230,125),(6,60),(179,129),(235,157),(4,89),(230,126),(231,82),(144,153),(170,74),(201,57),(327,11),(160,45),(79,146),
84:(231,85),(230,49),(29,82),(325,80),(34,89),(98,46),(119,81),(230,124),(6,61),(180,129),(236,157),(4,89),(231,126),(231,82),(145,153),(170,74),(202,57),(327,10),(161,45),(78,146),
85:(231,85),(229,49),(29,83),(325,80),(33,89),(98,46),(120,81),(230,123),(6,62),(181,129),(237,157),(4,89),(232,126),(231,82),(146,153),(170,74),(203,57),(327,9),(162,45),(77,146),
86:(231,85),(228,49),(29,84),(325,80),(32,89),(98,46),(121,81),(230,122),(6,63),(182,129),(238,157),(4,89),(233,126),(231,82),(147,153),(170,74),(204,57),(327,8),(163,45),(76,146),
87:(231,85),(227,49),(29,85),(325,80),(31,89),(98,46),(122,81),(230,121),(6,64),(183,129),(239,157),(4,89),(234,126),(231,82),(148,153),(170,74),(205,57),(327,7),(164,45),(75,146),
88:(231,85),(226,49),(29,86),(325,80),(30,89),(98,46),(123,81),(230,120),(6,65),(184,129),(240,157),(4,89),(235,126),(231,82),(149,153),(170,74),(206,57),(327,6),(165,45),(74,146),
89:(231,85),(225,49),(29,87),(325,80),(29,89),(98,46),(124,81),(230,119),(6,66),(185,129),(241,157),(4,89),(236,126),(231,82),(150,153),(170,74),(207,57),(327,5),(166,45),(73,146),
90:(231,85),(224,49),(29,88),(325,80),(29,89),(98,46),(125,81),(230,118),(6,67),(186,129),(242,157),(4,89),(237,126),(231,82),(151,153),(170,74),(208,57),(327,4),(167,45),(72,146),
91:(231,85),(223,49),(29,88),(325,80),(29,89),(98,46),(126,81),(230,117),(6,68),(187,129),(243,157),(4,89),(238,126),(231,82),(152,153),(170,74),(209,57),(327,3),(168,45),(71,146),
92:(231,85),(222,49),(29,88),(325,80),(29,89),(98,46),(127,81),(230,116),(6,69),(188,129),(244,157),(4,89),(239,126),(231,82),(153,153),(170,74),(210,57),(327,3),(169,45),(70,146),
93:(231,85),(221,49),(29,88),(325,80),(29,89),(98,46),(128,81),(230,115),(6,70),(189,129),(245,157),(4,89),(240,126),(231,82),(154,153),(170,74),(211,57),(327,3),(169,46),(69,146),
94:(231,85),(220,49),(29,88),(325,80),(29,89),(98,46),(129,81),(230,114),(6,71),(190,129),(246,157),(4,89),(241,126),(231,82),(155,153),(170,74),(212,57),(327,3),(169,47),(68,146),
95:(231,85),(219,49),(29,88),(325,80),(29,89),(98,46),(130,81),(230,113),(6,72),(191,129),(247,157),(4,89),(242,126),(231,82),(156,153),(170,74),(213,57),(327,3),(169,48),(67,146),
96:(231,85),(218,49),(29,88),(325,80),(29,89),(98,46),(131,81),(230,112),(6,73),(192,129),(248,157),(4,89),(243,126),(231,82),(157,153),(170,74),(214,57),(327,3),(169,48),(66,146),
97:(231,85),(217,49),(29,88),(325,80),(29,89),(98,46),(132,81),(230,111),(6,74),(193,129),(249,157),(4,89),(244,126),(231,82),(158,153),(170,74),(215,57),(327,3),(169,48),(65,146),
98:(231,85),(216,49),(29,88),(325,80),(29,89),(98,46),(133,81),(230,110),(6,75),(194,129),(250,157),(4,89),(245,126),(231,82),(159,153),(170,74),(216,57),(327,3),(169,48),(64,146),
99:(231,85),(215,49),(29,88),(325,80),(29,89),(98,46),(134,81),(230,109),(6,76),(195,129),(251,157),(4,89),(246,126),(231,82),(160,153),(170,74),(217,57),(327,3),(169,48),(63,146),
100:(231,85),(214,49),(29,88),(325,80),(29,89),(98,46),(135,81),(230,108),(6,77),(196,129),(252,157),(4,89),(247,126),(231,82),(161,153),(170,74),(218,57),(327,3),(169,48),(62,146),
101:(231,85),(213,49),(29,88),(325,80),(29,89),(98,46),(136,81),(230,107),(6,78),(197,129),(253,157),(4,89),(248,126),(231,82),(162,153),(170,74),(219,57),(327,3),(169,48),(61,146),
102:(231,85),(212,49),(29,88),(325,80),(29,89),(98,46),(137,81),(230,106),(6,79),(198,129),(254,157),(4,89),(249,126),(231,82),(163,153),(170,74),(220,57),(327,3),(169,48),(60,146),
103:(231,85),(211,49),(29,88),(325,80),(29,89),(98,46),(138,81),(230,105),(6,80),(199,129),(255,157),(4,89),(250,126),(231,82),(164,153),(170,74),(221,57),(327,3),(169,48),(59,146),
104:(231,85),(210,49),(29,88),(325,80),(29,89),(98,46),(139,81),(230,104),(6,81),(200,129),(256,157),(4,89),(251,126),(231,82),(165,153),(170,74),(222,57),(327,3),(169,48),(58,146),
105:(231,85),(209,49),(29,88),(325,80),(29,89),(98,46),(140,81),(230,103),(6,82),(201,129),(257,157),(4,89),(252,126),(231,82),(166,153),(170,74),(223,57),(327,3),(169,48),(57,146),
106:(231,85),(208,49),(29,88),(325,80),(29,89),(98,46),(141,81),(230,102),(6,83),(202,129),(258,157),(4,89),(253,126),(231,82),(167,153),(170,74),(224,57),(327,3),(169,48),(56,146),
107:(231,85),(207,49),(29,88),(325,80),(29,89),(98,46),(142,81),(230,101),(6,84),(203,129),(259,157),(4,89),(254,126),(231,82),(168,153),(170,74),(225,57),(327,3),(169,48),(55,146),
108:(231,85),(206,49),(29,88),(325,80),(29,89),(98,46),(143,81),(230,100),(6,85),(204,129),(260,157),(4,89),(255,126),(231,82),(169,153),(170,74),(226,57),(327,3),(169,48),(54,146),
109:(231,85),(205,49),(29,88),(325,80),(29,89),(98,46),(144,81),(230,99),(6,86),(205,129),(261,157),(4,89),(256,126),(231,82),(170,153),(170,74),(227,57),(327,3),(169,48),(53,146),
110:(231,85),(204,49),(29,88),(325,80),(29,89),(98,46),(145,81),(230,98),(6,87),(206,129),(262,157),(4,89),(257,126),(231,82),(171,153),(170,74),(228,57),(327,3),(169,48),(52,146),
111:(231,85),(203,49),(29,88),(325,80),(29,89),(98,46),(146,81),(230,97),(6,88),(207,129),(263,157),(4,89),(258,126),(231,82),(172,153),(170,74),(229,57),(327,3),(169,48),(51,146),
112:(231,85),(202,49),(29,88),(325,80),(29,89),(98,46),(147,81),(230,96),(6,88),(208,129),(264,157),(4,89),(259,126),(231,82),(173,153),(170,74),(230,57),(327,3),(169,48),(50,146),
113:(231,85),(201,49),(29,88),(325,80),(29,89),(98,46),(148,81),(230,95),(6,88),(209,129),(265,157),(4,89),(260,126),(231,82),(174,153),(170,74),(231,57),(327,3),(169,48),(49,146),
114:(231,85),(200,49),(29,88),(325,80),(29,89),(98,46),(149,81),(230,94),(6,88),(210,129),(266,157),(4,89),(261,126),(231,82),(175,153),(170,74),(232,57),(327,3),(169,48),(48,146),
115:(231,85),(199,49),(29,88),(325,80),(29,89),(98,46),(150,81),(230,93),(6,88),(211,129),(267,157),(4,89),(262,126),(231,82),(176,153),(170,74),(233,57),(327,3),(169,48),(47,146),
116:(231,85),(198,49),(29,88),(325,80),(29,89),(98,46),(151,81),(230,92),(6,88),(212,129),(268,157),(4,89),(263,126),(231,82),(177,153),(170,74),(234,57),(327,3),(169,48),(46,146),
117:(231,85),(197,49),(29,88),(325,80),(29,89),(98,46),(152,81),(230,91),(6,88),(213,129),(269,157),(4,89),(264,126),(231,82),(178,153),(170,74),(235,57),(327,3),(169,48),(45,146),
118:(231,85),(196,49),(29,88),(325,80),(29,89),(98,46),(153,81),(230,90),(6,88),(214,129),(270,157),(4,89),(265,126),(231,82),(179,153),(170,74),(236,57),(327,3),(169,48),(44,146),
119:(231,85),(195,49),(29,88),(325,80),(29,89),(98,46),(154,81),(230,89),(6,88),(215,129),(271,157),(4,89),(266,126),(231,82),(180,153),(170,74),(237,57),(327,3),(169,48),(43,146),
120:(231,85),(194,49),(29,88),(325,80),(29,89),(98,46),(155,81),(230,88),(6,88),(216,129),(272,157),(4,89),(267,126),(231,82),(181,153),(170,74),(238,57),(327,3),(169,48),(42,146),
121:(231,85),(193,49),(29,88),(325,80),(29,89),(98,46),(156,81),(230,87),(6,88),(217,129),(273,157),(4,89),(268,126),(231,82),(182,153),(170,74),(239,57),(327,3),(169,48),(41,146),
122:(231,85),(192,49),(29,88),(325,80),(29,89),(98,46),(157,81),(230,86),(6,88),(218,129),(274,157),(4,89),(269,126),(231,82),(183,153),(170,74),(240,57),(327,3),(169,48),(40,146),
123:(231,85),(191,49),(29,88),(325,80),(29,89),(98,46),(158,81),(230,85),(6,88),(218,128),(275,157),(4,89),(270,126),(231,82),(184,153),(170,74),(241,57),(327,3),(169,48),(39,146),
124:(231,85),(190,49),(29,88),(325,80),(29,89),(98,46),(159,81),(230,84),(6,88),(218,127),(276,157),(4,89),(271,126),(231,82),(185,153),(170,74),(242,57),(327,3),(169,48),(38,146),
125:(230,85),(189,49),(29,88),(325,80),(29,89),(98,46),(160,81),(230,83),(6,88),(218,126),(277,157),(4,89),(272,126),(231,82),(186,153),(170,74),(243,57),(327,3),(169,48),(37,146),
126:(229,85),(188,49),(29,88),(325,80),(29,89),(98,46),(161,81),(230,82),(6,88),(218,125),(278,157),(4,89),(273,126),(231,82),(187,153),(170,74),(244,57),(327,3),(169,48),(36,146),
127:(228,85),(187,49),(29,88),(325,80),(29,89),(98,46),(162,81),(230,82),(6,88),(218,124),(279,157),(4,89),(274,126),(231,82),(188,153),(170,74),(245,57),(327,3),(169,48),(35,146),
128:(227,85),(186,49),(29,88),(325,80),(29,89),(98,46),(163,81),(230,82),(6,88),(218,123),(280,157),(4,89),(275,126),(231,82),(189,153),(170,74),(246,57),(327,3),(169,48),(34,146),
129:(226,85),(185,49),(29,88),(325,80),(29,89),(98,46),(164,81),(230,82),(6,88),(218,122),(281,157),(4,89),(276,126),(231,82),(190,153),(170,74),(247,57),(327,3),(169,48),(33,146),
130:(225,85),(184,49),(29,88),(325,80),(29,89),(98,46),(165,81),(230,82),(6,88),(218,121),(282,157),(4,89),(277,126),(231,82),(191,153),(170,74),(248,57),(327,3),(169,48),(32,146),
131:(224,85),(183,49),(29,88),(325,80),(29,89),(98,46),(166,81),(230,82),(6,88),(218,120),(283,157),(4,89),(278,126),(231,82),(192,153),(170,74),(249,57),(327,3),(169,48),(31,146),
132:(223,85),(182,49),(29,88),(325,80),(29,89),(98,46),(167,81),(230,82),(6,88),(218,119),(284,157),(4,89),(279,126),(231,82),(193,153),(170,74),(250,57),(327,3),(169,48),(30,146),
133:(222,85),(181,49),(29,88),(325,80),(29,89),(98,46),(168,81),(230,82),(6,88),(218,118),(285,157),(4,89),(280,126),(231,82),(194,153),(170,74),(251,57),(327,3),(169,48),(29,146),
134:(221,85),(180,49),(29,88),(325,80),(29,89),(98,46),(169,81),(230,82),(6,88),(218,117),(286,157),(4,89),(281,126),(231,82),(195,153),(170,74),(252,57),(327,3),(169,48),(28,146),
135:(220,85),(179,49),(29,88),(325,80),(29,89),(98,46),(170,81),(230,82),(6,88),(218,116),(287,157),(4,89),(282,126),(231,82),(196,153),(170,74),(253,57),(327,3),(169,48),(28,145),
136:(219,85),(178,49),(29,88),(325,80),(29,89),(98,46),(171,81),(230,82),(6,88),(218,115),(288,157),(4,89),(283,126),(231,82),(197,153),(170,74),(254,57),(327,3),(169,48),(28,144),
137:(218,85),(177,49),(29,88),(325,80),(29,89),(98,46),(172,81),(230,82),(6,88),(218,114),(289,157),(4,89),(284,126),(231,82),(198,153),(170,74),(255,57),(327,3),(169,48),(28,143),
138:(217,85),(176,49),(29,88),(325,80),(29,89),(98,46),(173,81),(230,82),(6,88),(218,113),(290,157),(4,89),(285,126),(231,82),(199,153),(170,74),(256,57),(327,3),(169,48),(28,142),
139:(217,84),(175,49),(29,88),(325,80),(29,89),(98,46),(174,81),(230,82),(6,88),(218,112),(291,157),(4,89),(286,126),(231,82),(200,153),(170,74),(257,57),(327,3),(169,48),(28,141),
140:(217,83),(174,49),(29,88),(325,80),(29,89),(98,46),(175,81),(230,82),(6,88),(218,111),(292,157),(4,89),(287,126),(231,82),(201,153),(170,74),(258,57),(327,3),(169,48),(28,140),
141:(217,82),(173,49),(29,88),(325,80),(29,89),(98,46),(176,81),(230,82),(6,88),(218,110),(293,157),(4,89),(288,126),(231,82),(202,153),(170,74),(259,57),(327,3),(169,48),(28,139),
142:(217,82),(172,49),(29,88),(325,80),(29,89),(98,46),(177,81),(230,82),(6,88),(218,109),(294,157),(4,89),(289,126),(231,82),(203,153),(170,74),(260,57),(327,3),(169,48),(28,138),
143:(217,82),(171,49),(29,88),(325,80),(29,89),(98,46),(178,81),(230,82),(6,88),(218,108),(295,157),(4,89),(290,126),(231,82),(204,153),(170,74),(261,57),(327,3),(169,48),(28,137),
144:(217,82),(170,49),(29,88),(325,80),(29,89),(98,46),(179,81),(230,82),(6,88),(218,107),(296,157),(4,89),(291,126),(231,82),(205,153),(170,74),(262,57),(327,3),(169,48),(28,136),
145:(217,82),(169,49),(29,88),(325,80),(29,89),(98,46),(180,81),(230,82),(6,88),(218,106),(297,157),(4,89),(292,126),(231,82),(206,153),(170,74),(263,57),(327,3),(169,48),(28,135),
146:(217,82),(168,49),(29,88),(325,80),(29,89),(98,46),(181,81),(230,82),(6,88),(218,105),(298,157),(4,89),(293,126),(231,82),(207,153),(170,74),(264,57),(327,3),(169,49),(28,134),
147:(217,82),(167,49),(29,88),(325,80),(29,89),(98,46),(182,81),(230,82),(6,88),(218,104),(299,157),(4,89),(294,126),(231,82),(208,153),(170,74),(265,57),(327,3),(169,50),(28,133),
148:(217,82),(166,49),(29,88),(325,80),(29,89),(98,46),(183,81),(230,82),(6,88),(218,103),(300,157),(4,89),(295,126),(231,82),(209,153),(170,74),(266,57),(327,3),(169,51),(28,132),
149:(217,82),(165,49),(29,88),(325,80),(29,89),(98,46),(184,81),(230,82),(6,88),(218,102),(301,157),(4,89),(296,126),(231,82),(210,153),(170,74),(267,57),(327,3),(169,52),(28,131),
150:(217,82),(164,49),(29,88),(325,80),(29,89),(98,46),(185,81),(230,82),(6,88),(218,101),(302,157),(4,89),(297,126),(231,82),(211,153),(170,74),(268,57),(327,3),(169,53),(28,130),
151:(217,82),(163,49),(29,88),(325,80),(29,89),(98,46),(186,81),(230,82),(6,88),(218,100),(303,157),(4,89),(298,126),(231,82),(212,153),(170,74),(269,57),(327,3),(169,54),(28,129),
152:(217,82),(162,49),(29,88),(325,80),(29,89),(98,46),(187,81),(230,82),(6,88),(218,99),(304,157),(4,89),(299,126),(231,82),(213,153),(170,74),(270,57),(327,3),(169,55),(28,128),
153:(217,82),(161,49),(29,88),(325,80),(29,89),(98,46),(188,81),(230,82),(6,88),(218,98),(305,157),(4,89),(300,126),(231,82),(214,153),(170,74),(271,57),(327,3),(169,56),(28,127),
154:(217,82),(160,49),(29,88),(325,80),(29,89),(98,46),(189,81),(230,82),(6,88),(218,97),(306,157),(4,89),(301,126),(231,82),(215,153),(170,74),(272,57),(327,3),(169,57),(28,126),
155:(217,82),(159,49),(29,88),(325,80),(29,89),(98,46),(190,81),(230,82),(6,88),(218,96),(307,157),(4,89),(302,126),(231,82),(216,153),(170,74),(273,57),(327,3),(169,58),(28,125),
156:(217,82),(158,49),(29,88),(325,80),(29,89),(98,46),(191,81),(230,82),(6,88),(218,95),(308,157),(4,89),(303,126),(231,82),(217,153),(170,74),(274,57),(327,3),(169,59),(28,124),
157:(217,82),(157,49),(29,88),(325,80),(29,89),(98,46),(192,81),(230,82),(6,88),(218,94),(309,157),(4,89),(304,126),(231,82),(218,153),(170,74),(275,57),(327,3),(169,60),(28,123),
158:(217,82),(156,49),(29,88),(325,80),(29,89),(98,46),(193,81),(230,82),(6,88),(218,93),(310,157),(4,89),(305,126),(231,82),(219,153),(170,74),(276,57),(327,3),(169,61),(28,122),
159:(217,82),(155,49),(29,88),(325,80),(29,89),(98,46),(194,81),(230,82),(6,88),(218,92),(311,157),(4,89),(306,126),(231,82),(220,153),(170,74),(277,57),(327,3),(169,62),(28,121),
160:(217,82),(154,49),(29,88),(325,80),(29,89),(98,46),(195,81),(230,82),(6,88),(218,91),(312,157),(4,89),(307,126),(231,82),(221,153),(170,74),(278,57),(327,3),(169,63),(28,120),
161:(217,82),(153,49),(29,88),(325,80),(29,89),(98,46),(196,81),(230,82),(6,88),(218,90),(313,157),(4,89),(308,126),(231,82),(222,153),(170,74),(279,57),(327,3),(169,64),(28,119),
162:(217,82),(152,49),(29,88),(325,80),(29,89),(98,46),(197,81),(230,82),(6,88),(219,90),(314,157),(4,89),(309,126),(231,82),(223,153),(170,74),(280,57),(327,3),(169,65),(28,118),
163:(217,82),(151,49),(29,88),(325,80),(29,89),(98,46),(198,81),(230,82),(6,88),(219,89),(315,157),(4,89),(310,126),(231,82),(224,153),(170,74),(281,57),(327,3),(169,66),(28,117),
164:(217,82),(150,49),(29,88),(325,80),(29,89),(98,46),(199,81),(230,82),(6,88),(219,89),(316,157),(4,89),(311,126),(231,82),(225,153),(170,74),(282,57),(327,3),(169,67),(28,116),
165:(217,82),(149,49),(29,88),(325,80),(29,89),(98,46),(200,81),(230,82),(6,88),(219,89),(317,157),(4,89),(312,126),(231,82),(226,153),(170,74),(283,57),(327,3),(169,68),(28,115),
166:(217,82),(148,49),(29,88),(325,80),(29,89),(98,46),(201,81),(230,82),(6,88),(219,89),(318,157),(4,89),(313,126),(231,82),(227,153),(170,74),(284,57),(327,3),(169,69),(28,114),
167:(217,82),(147,49),(29,88),(325,80),(29,89),(98,46),(202,81),(230,82),(6,88),(219,89),(319,157),(4,89),(314,126),(231,82),(228,153),(170,74),(285,57),(327,3),(169,70),(28,113),
168:(217,82),(146,49),(29,88),(325,80),(29,89),(98,46),(203,81),(230,82),(6,88),(219,89),(320,157),(4,89),(315,126),(231,82),(229,153),(170,74),(286,57),(327,3),(169,71),(28,112),
169:(217,82),(145,49),(29,88),(325,80),(29,89),(98,46),(204,81),(230,82),(6,88),(219,89),(321,157),(4,89),(316,126),(231,82),(230,153),(170,74),(287,57),(327,3),(169,72),(28,111),
170:(217,82),(144,49),(29,88),(325,80),(29,89),(98,46),(205,81),(230,82),(6,88),(219,89),(322,157),(4,89),(317,126),(231,82),(231,153),(170,74),(288,57),(327,3),(169,73),(28,110),
171:(217,82),(143,49),(29,88),(325,80),(29,89),(98,46),(206,81),(230,82),(6,88),(219,89),(323,157),(4,89),(318,126),(231,82),(232,153),(170,74),(289,57),(327,3),(169,74),(28,109),
172:(217,82),(142,49),(29,88),(325,80),(29,89),(98,46),(207,81),(230,82),(6,88),(219,89),(324,157),(4,89),(319,126),(231,82),(233,153),(170,74),(290,57),(327,3),(169,75),(28,108),
173:(217,82),(141,49),(29,88),(325,80),(29,89),(98,46),(208,81),(230,82),(6,88),(219,89),(325,157),(4,89),(319,126),(231,82),(234,153),(169,74),(291,57),(327,3),(169,76),(28,107),
174:(217,82),(140,49),(29,88),(325,80),(29,89),(98,46),(209,81),(230,82),(6,88),(219,89),(326,157),(4,89),(319,126),(231,82),(235,153),(168,74),(292,57),(327,3),(169,77),(28,106),
175:(217,82),(139,49),(29,88),(325,80),(29,89),(98,46),(210,81),(230,82),(6,88),(219,89),(327,157),(4,89),(319,126),(231,82),(236,153),(167,74),(293,57),(327,3),(169,78),(28,105),
176:(217,82),(138,49),(29,88),(325,80),(29,89),(98,46),(211,81),(230,82),(6,88),(219,89),(328,157),(4,89),(319,126),(231,82),(237,153),(166,74),(294,57),(327,3),(169,79),(28,104),
177:(217,82),(137,49),(29,88),(325,80),(29,89),(98,46),(212,81),(230,82),(6,88),(219,89),(329,157),(4,89),(319,126),(231,82),(238,153),(165,74),(295,57),(327,3),(169,80),(28,103),
178:(217,82),(136,49),(29,88),(325,80),(29,89),(98,46),(213,81),(230,82),(6,88),(219,89),(330,157),(4,89),(319,126),(231,82),(239,153),(164,74),(296,57),(327,3),(169,81),(28,102),
179:(217,82),(135,49),(29,88),(325,80),(29,89),(98,46),(214,81),(230,82),(6,88),(219,89),(331,157),(4,89),(319,126),(231,82),(240,153),(163,74),(297,57),(327,3),(169,82),(28,101),
180:(217,82),(134,49),(29,88),(325,80),(29,89),(98,46),(215,81),(230,82),(6,88),(219,89),(331,156),(4,89),(319,126),(231,82),(241,153),(162,74),(298,57),(327,3),(169,83),(28,100),
181:(217,82),(133,49),(29,88),(325,80),(29,89),(98,46),(216,81),(230,82),(6,88),(219,89),(331,155),(4,89),(319,126),(231,82),(242,153),(161,74),(299,57),(327,3),(169,84),(28,99),
182:(217,82),(132,49),(29,88),(325,80),(29,89),(98,46),(217,81),(230,82),(6,88),(219,89),(331,154),(4,89),(319,126),(231,82),(243,153),(160,74),(300,57),(327,3),(169,85),(28,98),
183:(217,82),(131,49),(29,88),(325,80),(29,89),(98,46),(218,81),(230,82),(6,88),(219,89),(331,154),(4,89),(319,126),(231,82),(244,153),(159,74),(301,57),(327,3),(169,86),(28,97),
184:(217,81),(130,49),(29,88),(325,80),(29,89),(98,46),(219,81),(230,82),(6,88),(219,89),(331,154),(4,89),(319,126),(231,82),(245,153),(158,74),(302,57),(327,3),(169,87),(28,96),
185:(217,80),(129,49),(29,88),(325,80),(29,89),(98,46),(220,81),(230,82),(6,88),(219,89),(331,154),(4,89),(319,126),(231,82),(246,153),(157,74),(303,57),(327,3),(169,88),(28,95),
186:(217,79),(128,49),(29,88),(325,80),(29,89),(98,46),(221,81),(230,82),(6,88),(219,89),(331,154),(4,89),(319,126),(231,82),(247,153),(156,74),(304,57),(327,3),(169,89),(28,94),
187:(217,78),(127,49),(29,88),(325,80),(29,89),(98,46),(222,81),(230,82),(6,88),(219,89),(331,154),(4,89),(319,126),(231,82),(248,153),(155,74),(305,57),(327,3),(169,90),(28,93),
188:(217,77),(126,49),(29,88),(325,80),(29,89),(98,46),(223,81),(230,82),(6,88),(219,89),(331,154),(4,89),(319,126),(231,82),(249,153),(154,74),(306,57),(327,3),(169,91),(28,92),
189:(217,76),(125,49),(29,88),(325,80),(29,89),(98,46),(224,81),(230,82),(6,88),(219,89),(331,154),(4,89),(319,126),(231,82),(250,153),(153,74),(307,57),(327,3),(169,92),(28,91),
190:(217,75),(124,49),(29,88),(325,80),(29,89),(98,46),(225,81),(230,82),(6,88),(219,89),(331,154),(4,89),(319,126),(231,82),(251,153),(152,74),(308,57),(327,3),(169,93),(28,90),
191:(217,74),(123,49),(29,88),(325,80),(29,89),(98,46),(226,81),(230,82),(6,88),(219,89),(331,154),(4,89),(319,126),(231,82),(252,153),(151,74),(309,57),(327,3),(169,94),(28,89),
192:(217,73),(122,49),(29,88),(325,80),(29,89),(98,46),(227,81),(230,82),(6,88),(219,89),(331,154),(4,89),(319,126),(231,82),(253,153),(150,74),(310,57),(327,3),(169,95),(28,88),
193:(217,72),(121,49),(29,88),(325,80),(28,89),(98,46),(228,81),(230,82),(6,88),(219,89),(331,154),(4,89),(319,126),(231,82),(254,153),(149,74),(311,57),(327,3),(169,96),(28,87),
194:(217,71),(120,49),(29,88),(325,80),(27,89),(98,46),(229,81),(230,82),(6,88),(219,89),(331,154),(4,89),(319,126),(231,82),(255,153),(148,74),(312,57),(327,3),(169,97),(28,86),
195:(217,70),(119,49),(29,88),(325,80),(26,89),(98,46),(230,81),(230,82),(6,88),(219,89),(331,154),(4,89),(319,126),(231,82),(256,153),(147,74),(313,57),(327,3),(169,98),(28,85),
196:(217,69),(118,49),(29,88),(325,80),(25,89),(98,46),(231,81),(230,81),(6,88),(219,89),(331,154),(4,89),(319,126),(230,82),(257,153),(146,74),(314,57),(327,3),(169,99),(28,84),
197:(217,68),(117,49),(29,88),(325,80),(24,89),(98,46),(232,81),(230,80),(6,88),(219,89),(331,154),(4,89),(319,126),(229,82),(258,153),(145,74),(315,57),(327,3),(169,100),(28,83),
198:(217,67),(116,49),(29,88),(325,80),(23,89),(98,46),(233,81),(230,79),(6,88),(219,89),(331,154),(4,89),(319,126),(228,82),(259,153),(144,74),(316,57),(327,3),(169,101),(28,82),
199:(217,66),(115,49),(29,88),(325,80),(22,89),(98,46),(234,81),(230,78),(6,88),(219,89),(331,154),(4,89),(319,126),(227,82),(260,153),(143,74),(317,57),(327,3),(169,102),(28,81),
200:(217,65),(114,49),(29,88),(325,80),(21,89),(98,46),(235,81),(230,77),(6,88),(219,89),(331,154),(4,89),(319,126),(226,82),(261,153),(142,74),(318,57),(327,3),(169,103),(28,80),
201:(217,64),(113,49),(29,88),(325,80),(20,89),(98,46),(236,81),(230,76),(6,88),(219,89),(331,154),(4,89),(319,126),(225,82),(262,153),(141,74),(319,57),(327,3),(169,104),(28,79),
202:(217,63),(112,49),(29,88),(325,80),(19,89),(98,46),(237,81),(230,75),(6,88),(219,89),(331,154),(4,89),(319,126),(224,82),(263,153),(140,74),(320,57),(327,3),(169,105),(28,78),
203:(217,62),(111,49),(29,88),(325,80),(18,89),(98,46),(238,81),(230,74),(6,88),(219,89),(331,154),(4,89),(319,126),(223,82),(264,153),(139,74),(320,58),(327,3),(169,106),(28,77),
204:(217,61),(110,49),(29,88),(325,80),(17,89),(98,46),(239,81),(230,73),(6,88),(219,89),(331,154),(4,89),(319,126),(222,82),(265,153),(138,74),(320,59),(327,3),(169,107),(28,76),
205:(217,60),(109,49),(29,88),(325,80),(16,89),(98,46),(240,81),(230,72),(6,88),(219,89),(331,154),(4,89),(319,126),(221,82),(266,153),(137,74),(320,60),(327,3),(169,108),(28,75),
206:(217,59),(108,49),(29,88),(325,80),(15,89),(98,46),(241,81),(230,71),(6,88),(219,89),(331,154),(4,89),(319,126),(220,82),(267,153),(136,74),(320,61),(327,3),(169,109),(28,74),
207:(217,58),(107,49),(29,88),(325,80),(14,89),(98,46),(242,81),(230,70),(6,88),(219,89),(331,154),(4,89),(319,126),(219,82),(268,153),(135,74),(320,62),(327,3),(169,110),(28,73),
208:(217,57),(106,49),(29,88),(325,80),(13,89),(98,46),(243,81),(230,69),(6,88),(219,89),(331,154),(4,89),(319,126),(218,82),(269,153),(134,74),(320,63),(327,3),(169,111),(28,72),
209:(217,56),(105,49),(29,88),(325,80),(12,89),(98,46),(244,81),(230,68),(6,88),(219,89),(331,154),(4,89),(319,126),(217,82),(270,153),(133,74),(320,64),(327,3),(169,112),(28,71),
210:(217,55),(104,49),(29,88),(325,80),(11,89),(98,46),(245,81),(230,67),(6,88),(219,89),(331,154),(4,89),(319,126),(216,82),(271,153),(132,74),(320,65),(327,3),(169,113),(28,70),
211:(217,54),(103,49),(29,88),(325,80),(10,89),(98,46),(246,81),(230,66),(6,88),(219,89),(331,154),(4,89),(319,126),(215,82),(272,153),(131,74),(320,66),(327,3),(169,114),(28,69),
212:(217,53),(102,49),(29,88),(325,80),(9,89),(98,46),(247,81),(230,65),(6,88),(219,89),(331,154),(4,89),(319,126),(214,82),(273,153),(130,74),(320,67),(327,3),(169,115),(28,68),
213:(217,52),(101,49),(29,88),(325,80),(8,89),(98,46),(248,81),(230,64),(6,88),(219,89),(331,154),(4,89),(319,126),(213,82),(274,153),(129,74),(320,68),(327,3),(169,116),(28,68),
214:(217,51),(100,49),(29,88),(325,80),(7,89),(98,46),(249,81),(230,63),(6,88),(219,89),(331,154),(4,89),(319,126),(212,82),(275,153),(128,74),(320,69),(327,3),(169,117),(28,68),
215:(217,50),(99,49),(29,88),(325,80),(6,89),(98,46),(250,81),(230,62),(6,88),(219,89),(331,154),(4,89),(319,126),(211,82),(276,153),(127,74),(320,70),(327,3),(169,118),(28,68),
216:(217,49),(98,49),(29,88),(325,80),(5,89),(98,46),(251,81),(230,61),(6,88),(219,89),(331,154),(4,89),(319,126),(210,82),(277,153),(126,74),(320,71),(327,3),(169,119),(28,68),
217:(217,48),(97,49),(29,88),(325,80),(5,90),(98,46),(252,81),(230,60),(6,88),(219,89),(331,154),(5,89),(319,126),(209,82),(278,153),(125,74),(320,72),(327,3),(169,120),(28,68),
218:(217,47),(96,49),(29,88),(325,80),(4,90),(98,46),(253,81),(230,59),(6,88),(219,89),(331,154),(6,89),(319,126),(208,82),(279,153),(124,74),(320,73),(327,3),(169,121),(28,68),
219:(217,46),(95,49),(29,88),(325,80),(3,90),(98,46),(254,81),(230,58),(6,88),(219,89),(331,154),(7,89),(319,126),(207,82),(280,153),(123,74),(320,74),(327,3),(169,121),(28,68),
220:(217,45),(94,49),(29,88),(325,80),(2,90),(98,46),(255,81),(230,57),(6,89),(219,89),(331,154),(8,89),(319,126),(206,82),(281,153),(122,74),(320,75),(327,3),(169,121),(28,68),
221:(217,44),(93,49),(29,88),(325,80),(2,91),(98,46),(256,81),(230,56),(6,90),(219,89),(331,154),(9,89),(319,126),(205,82),(282,153),(121,74),(320,76),(327,3),(169,121),(28,68),
222:(217,43),(92,49),(29,88),(325,80),(2,92),(98,46),(257,81),(230,55),(6,90),(219,89),(331,154),(10,89),(319,126),(205,81),(283,153),(120,74),(320,77),(327,3),(169,121),(28,68),
223:(217,42),(91,49),(29,88),(325,80),(2,93),(98,46),(258,81),(230,54),(6,90),(219,89),(331,154),(11,89),(319,126),(205,80),(284,153),(119,74),(320,78),(327,3),(169,121),(28,68),
224:(217,41),(90,49),(29,88),(325,80),(2,94),(98,46),(259,81),(230,53),(6,90),(219,89),(331,154),(12,89),(319,126),(205,79),(285,153),(118,74),(320,79),(327,3),(169,121),(28,68),
225:(217,40),(89,49),(29,88),(325,80),(2,95),(98,46),(260,81),(230,52),(6,90),(219,89),(331,154),(13,89),(319,126),(205,78),(286,153),(117,74),(320,80),(327,3),(169,121),(28,68),
226:(217,39),(88,49),(29,88),(325,80),(2,96),(98,46),(261,81),(230,51),(6,90),(219,89),(331,154),(14,89),(319,126),(205,77),(287,153),(116,74),(320,80),(327,3),(169,121),(28,68),
227:(217,38),(87,49),(29,88),(325,80),(2,97),(98,46),(262,81),(230,50),(6,90),(219,89),(331,154),(15,89),(319,126),(205,76),(288,153),(115,74),(320,80),(327,3),(169,121),(28,68),
228:(217,37),(86,49),(29,88),(325,80),(2,98),(98,46),(263,81),(230,49),(6,90),(219,89),(331,154),(16,89),(319,126),(205,75),(289,153),(114,74),(320,80),(327,3),(169,121),(28,68),
229:(217,36),(85,49),(29,88),(325,80),(2,99),(98,46),(264,81),(230,48),(6,90),(219,89),(331,154),(17,89),(319,126),(205,74),(290,153),(113,74),(320,80),(327,3),(169,121),(28,68),
230:(217,35),(84,49),(29,88),(325,80),(2,100),(98,46),(265,81),(230,47),(6,90),(219,89),(331,154),(18,89),(319,126),(205,73),(291,153),(112,74),(320,80),(327,3),(169,121),(28,68),
231:(217,34),(83,49),(29,88),(325,80),(2,101),(98,46),(266,81),(230,46),(6,90),(219,89),(331,154),(19,89),(319,126),(205,72),(292,153),(111,74),(320,80),(327,3),(169,121),(28,68),
232:(217,33),(82,49),(29,88),(325,80),(2,102),(98,46),(267,81),(230,45),(6,90),(219,89),(331,154),(20,89),(319,126),(205,71),(293,153),(110,74),(320,80),(327,3),(169,121),(28,68),
233:(217,32),(81,49),(29,88),(325,80),(2,103),(98,46),(268,81),(230,44),(6,90),(219,89),(331,154),(21,89),(319,126),(205,70),(294,153),(109,74),(320,80),(327,3),(169,121),(28,68),
234:(217,31),(80,49),(29,88),(325,80),(2,104),(98,46),(269,81),(230,43),(6,90),(219,89),(331,154),(22,89),(319,126),(205,69),(295,153),(108,74),(320,80),(327,3),(169,121),(28,68),
235:(217,30),(79,49),(29,88),(325,80),(2,105),(98,46),(270,81),(230,42),(6,90),(219,89),(331,154),(23,89),(319,126),(205,68),(296,153),(107,74),(320,80),(327,3),(169,121),(28,68),
236:(217,29),(78,49),(29,88),(325,80),(2,106),(98,46),(271,81),(230,41),(6,90),(219,89),(331,154),(24,89),(319,126),(205,67),(297,153),(106,74),(320,80),(327,3),(169,121),(28,68),
237:(217,28),(77,49),(29,88),(325,80),(2,107),(98,46),(272,81),(230,40),(6,90),(219,89),(331,154),(25,89),(319,126),(205,66),(298,153),(105,74),(320,80),(327,3),(169,121),(28,68),
238:(217,27),(76,49),(29,88),(325,80),(2,108),(98,46),(273,81),(230,39),(6,90),(219,89),(331,154),(26,89),(319,126),(205,65),(299,153),(104,74),(320,80),(327,3),(169,121),(28,68),
239:(217,26),(75,49),(29,88),(325,80),(2,109),(98,46),(274,81),(230,38),(6,90),(219,89),(331,154),(27,89),(319,126),(205,64),(300,153),(103,74),(320,80),(327,3),(169,121),(28,68),
240:(217,25),(74,49),(29,88),(325,80),(2,110),(98,46),(275,81),(230,37),(6,90),(219,89),(331,154),(28,89),(319,126),(205,63),(301,153),(102,74),(320,80),(327,3),(169,121),(28,68),
241:(217,24),(73,49),(29,88),(325,80),(2,111),(98,46),(276,81),(230,36),(6,90),(219,89),(331,154),(29,89),(319,126),(205,62),(302,153),(101,74),(320,80),(327,3),(169,121),(28,68),
242:(217,23),(72,49),(29,88),(325,80),(2,112),(98,46),(277,81),(230,35),(6,90),(219,89),(331,154),(30,89),(319,126),(205,61),(303,153),(100,74),(320,80),(327,3),(169,121),(28,68),
243:(217,22),(71,49),(29,89),(325,80),(2,113),(98,46),(278,81),(230,34),(6,90),(219,89),(331,154),(31,89),(319,126),(205,60),(304,153),(99,74),(320,80),(327,3),(169,121),(28,68),
244:(217,21),(70,49),(29,90),(325,80),(2,114),(98,46),(279,81),(230,33),(6,90),(219,89),(331,154),(32,89),(319,126),(205,59),(305,153),(98,74),(320,80),(327,3),(169,121),(28,68),
245:(217,20),(69,49),(29,91),(325,80),(2,115),(98,46),(280,81),(230,32),(6,90),(219,89),(331,154),(33,89),(319,126),(205,58),(306,153),(98,73),(320,80),(327,3),(169,121),(28,68),
246:(217,19),(68,49),(29,92),(325,80),(2,116),(98,46),(281,81),(230,31),(6,90),(219,89),(331,154),(34,89),(319,126),(205,57),(307,153),(98,72),(320,80),(327,3),(169,121),(28,68),
247:(217,18),(67,49),(29,93),(325,80),(2,117),(98,46),(282,81),(230,30),(6,90),(219,89),(331,154),(35,89),(319,126),(205,56),(308,153),(98,71),(320,80),(327,3),(169,121),(28,68),
248:(217,17),(66,49),(29,94),(325,80),(2,118),(98,46),(283,81),(230,29),(6,90),(219,89),(331,154),(36,89),(319,126),(205,55),(309,153),(98,70),(320,80),(327,3),(169,121),(28,68),
249:(217,16),(65,49),(29,95),(325,80),(2,119),(98,46),(284,81),(230,28),(6,90),(219,89),(331,154),(37,89),(319,126),(205,54),(310,153),(98,69),(320,80),(327,3),(169,121),(28,68),
250:(217,15),(64,49),(29,96),(325,80),(2,120),(98,46),(285,81),(230,28),(6,90),(219,89),(331,154),(38,89),(319,126),(205,53),(311,153),(98,68),(320,80),(327,3),(169,121),(28,68),
251:(217,14),(63,49),(29,97),(325,80),(2,121),(98,46),(286,81),(230,28),(6,90),(219,89),(331,154),(39,89),(319,126),(205,52),(312,153),(98,67),(320,80),(327,3),(169,121),(28,68),
252:(217,13),(62,49),(29,98),(325,80),(2,122),(98,46),(287,81),(230,28),(6,90),(219,89),(331,154),(40,89),(319,126),(205,51),(313,153),(98,66),(320,80),(327,3),(169,121),(28,68),
253:(217,12),(61,49),(29,99),(325,80),(2,123),(98,46),(288,81),(230,28),(6,90),(219,89),(331,154),(41,89),(319,126),(205,51),(314,153),(98,65),(320,80),(327,3),(169,121),(28,68),
254:(217,11),(60,49),(29,100),(325,80),(2,124),(98,46),(289,81),(230,28),(6,90),(219,89),(331,154),(42,89),(319,126),(205,51),(315,153),(98,64),(320,80),(327,3),(169,121),(28,68),
255:(217,10),(59,49),(29,101),(325,80),(2,125),(98,46),(290,81),(230,28),(6,90),(219,89),(331,154),(43,89),(319,126),(205,51),(316,153),(98,64),(320,80),(327,3),(169,121),(28,68),
256:(217,9),(58,49),(29,102),(325,80),(2,126),(98,46),(291,81),(230,28),(6,90),(219,89),(331,154),(44,89),(319,126),(205,51),(317,153),(98,64),(320,80),(327,3),(169,121),(28,68),
257:(217,8),(57,49),(29,103),(325,80),(2,127),(98,46),(292,81),(230,28),(6,90),(219,89),(331,154),(45,89),(319,126),(205,51),(318,153),(98,64),(320,80),(327,3),(169,121),(28,68),
258:(217,7),(56,49),(29,104),(325,80),(2,128),(98,46),(293,81),(230,28),(6,90),(219,89),(331,154),(46,89),(319,126),(205,51),(319,153),(98,64),(320,80),(327,3),(169,121),(28,68),
259:(217,6),(55,49),(29,105),(325,80),(2,129),(98,46),(294,81),(230,28),(6,90),(219,89),(331,154),(47,89),(319,126),(205,51),(320,153),(98,64),(320,80),(327,3),(169,121),(28,68),
260:(216,6),(54,49),(29,105),(325,80),(2,130),(98,46),(295,81),(230,28),(6,90),(219,89),(331,154),(48,89),(319,126),(205,51),(321,153),(98,64),(320,80),(327,3),(169,121),(28,68),
261:(215,6),(53,49),(29,105),(325,80),(2,131),(98,46),(296,81),(230,28),(6,90),(219,89),(331,154),(49,89),(319,126),(205,51),(322,153),(98,64),(320,80),(327,3),(169,121),(28,68),
262:(214,6),(52,49),(29,105),(325,80),(2,132),(98,46),(297,81),(230,28),(6,90),(219,89),(331,154),(50,89),(319,126),(205,51),(323,153),(98,64),(320,80),(327,3),(169,121),(28,68),
263:(213,6),(51,49),(29,105),(325,80),(2,133),(98,46),(298,81),(230,28),(6,90),(219,89),(331,154),(51,89),(319,126),(205,51),(324,153),(98,64),(320,80),(327,3),(169,121),(28,68),
264:(212,6),(50,49),(29,105),(325,80),(2,134),(98,46),(299,81),(230,28),(6,90),(219,89),(331,154),(52,89),(319,126),(205,51),(325,153),(98,64),(320,80),(327,3),(169,121),(28,68),
265:(212,6),(49,49),(29,105),(325,80),(2,135),(98,46),(300,81),(230,28),(6,90),(219,89),(331,154),(53,89),(319,126),(205,51),(326,153),(98,64),(320,80),(327,3),(169,121),(28,68),
266:(212,6),(48,49),(29,105),(325,80),(2,136),(98,46),(301,81),(230,28),(6,90),(219,89),(331,154),(54,89),(319,126),(205,51),(327,153),(98,64),(320,80),(327,3),(169,121),(28,68),
267:(212,6),(47,49),(29,105),(325,80),(2,137),(98,46),(302,81),(230,28),(6,90),(219,89),(331,154),(55,89),(319,126),(205,51),(328,153),(98,64),(320,80),(327,3),(169,121),(28,68),
268:(212,6),(46,49),(29,105),(325,80),(2,138),(98,46),(303,81),(230,28),(6,90),(219,89),(331,154),(56,89),(319,126),(205,51),(329,153),(98,64),(320,80),(327,3),(169,121),(28,68),
269:(212,6),(45,49),(29,105),(325,80),(2,139),(98,46),(304,81),(230,28),(6,90),(219,89),(331,154),(57,89),(319,126),(205,51),(330,153),(98,64),(320,80),(327,3),(169,121),(28,68),
270:(212,6),(44,49),(29,105),(325,80),(2,140),(98,46),(305,81),(230,28),(6,90),(219,89),(331,154),(58,89),(319,126),(205,51),(331,153),(98,64),(320,80),(327,3),(169,121),(28,68),
271:(212,6),(43,49),(29,105),(325,80),(2,141),(98,46),(306,81),(230,28),(6,90),(219,89),(331,154),(59,89),(319,126),(205,51),(332,153),(98,64),(320,80),(327,3),(169,121),(28,68),
272:(212,6),(43,50),(29,105),(325,80),(2,141),(98,46),(307,81),(230,28),(6,90),(219,89),(331,153),(60,89),(319,126),(205,51),(333,153),(98,64),(320,80),(327,3),(169,121),(28,68),
273:(212,6),(43,51),(29,105),(325,80),(2,141),(98,46),(308,81),(230,28),(6,90),(219,89),(331,152),(61,89),(319,126),(205,51),(334,153),(98,64),(320,80),(327,3),(169,121),(28,68),
274:(212,6),(43,52),(29,105),(325,80),(2,141),(98,46),(309,81),(230,28),(6,90),(219,89),(331,151),(62,89),(319,126),(205,51),(334,152),(98,64),(320,80),(327,3),(169,121),(28,68),
275:(212,6),(43,53),(29,105),(325,80),(2,141),(98,46),(310,81),(230,28),(6,90),(219,89),(331,150),(63,89),(319,126),(205,51),(334,151),(98,64),(320,80),(327,3),(169,121),(28,68),
276:(212,6),(43,54),(29,105),(325,80),(2,141),(98,46),(311,81),(230,28),(6,90),(219,89),(331,149),(64,89),(319,126),(205,51),(334,150),(98,64),(320,80),(327,3),(169,121),(28,68),
277:(212,6),(43,55),(29,105),(325,80),(2,141),(98,46),(312,81),(230,28),(6,90),(219,89),(331,148),(65,89),(319,126),(205,51),(334,149),(98,64),(320,80),(327,3),(169,121),(28,68),
278:(212,6),(43,56),(29,105),(325,80),(2,141),(98,46),(313,81),(230,28),(6,90),(219,89),(331,147),(66,89),(319,126),(205,51),(334,148),(98,64),(320,80),(327,3),(169,121),(28,68),
279:(212,6),(43,57),(29,105),(325,80),(2,141),(98,46),(314,81),(230,28),(6,90),(219,89),(331,146),(67,89),(319,126),(205,51),(334,147),(98,64),(320,80),(327,3),(169,121),(28,68),
280:(212,6),(43,58),(29,105),(325,80),(2,141),(98,46),(315,81),(230,28),(6,90),(219,89),(331,145),(68,89),(319,126),(205,51),(334,146),(98,64),(320,80),(327,3),(169,121),(28,68),
281:(212,6),(43,59),(29,105),(325,80),(2,141),(98,46),(316,81),(230,28),(6,90),(219,89),(331,144),(69,89),(319,126),(205,51),(334,145),(98,64),(320,80),(327,3),(169,121),(28,68),
282:(212,6),(43,60),(29,105),(325,80),(2,141),(98,46),(317,81),(230,28),(6,90),(219,89),(331,143),(70,89),(319,126),(205,51),(334,144),(98,64),(320,80),(327,3),(169,121),(28,68),
283:(212,6),(43,60),(29,105),(325,80),(2,141),(98,46),(318,81),(230,28),(6,90),(219,89),(331,142),(71,89),(319,126),(205,51),(334,143),(98,64),(320,80),(327,3),(169,121),(28,68),
284:(212,6),(43,60),(29,105),(325,80),(2,141),(98,46),(319,81),(230,28),(6,90),(219,89),(331,141),(72,89),(319,126),(205,51),(334,142),(98,64),(320,80),(327,3),(169,121),(28,68),
285:(212,6),(43,60),(29,105),(325,80),(2,141),(98,46),(320,81),(230,28),(6,90),(219,89),(331,140),(73,89),(319,126),(205,51),(334,141),(98,64),(320,80),(327,3),(169,121),(28,68),
286:(212,6),(43,60),(29,105),(325,80),(2,141),(98,46),(321,81),(230,28),(6,90),(219,89),(331,139),(74,89),(319,126),(205,51),(334,140),(98,64),(320,81),(327,3),(169,121),(28,68),
287:(212,6),(43,60),(29,105),(325,80),(2,141),(98,46),(322,81),(230,28),(6,90),(219,89),(331,138),(75,89),(319,126),(205,51),(334,139),(98,64),(320,82),(327,3),(169,121),(28,68),
288:(212,6),(43,60),(29,105),(325,80),(2,141),(98,46),(323,81),(230,28),(6,90),(219,89),(331,137),(76,89),(319,126),(205,51),(334,138),(98,64),(320,83),(327,3),(169,121),(28,68),
289:(212,6),(43,60),(29,105),(325,80),(2,141),(98,46),(324,81),(230,28),(6,90),(219,89),(331,136),(77,89),(319,126),(205,51),(334,137),(98,64),(320,84),(327,3),(169,121),(28,68),
290:(212,6),(43,60),(29,105),(325,80),(2,141),(98,46),(325,81),(230,28),(6,90),(219,89),(331,135),(78,89),(319,126),(205,51),(334,136),(98,64),(320,85),(327,3),(169,121),(28,68),
291:(212,6),(43,60),(29,105),(325,80),(2,141),(98,46),(326,81),(230,28),(6,90),(219,89),(331,134),(79,89),(319,126),(205,51),(334,135),(98,64),(320,86),(327,3),(169,121),(28,68),
292:(212,6),(43,60),(29,105),(325,81),(2,141),(98,46),(327,81),(230,28),(6,90),(219,89),(331,133),(80,89),(319,126),(205,51),(334,134),(98,64),(320,87),(327,3),(169,121),(28,68),
293:(212,6),(43,60),(29,105),(325,82),(2,141),(98,46),(328,81),(230,28),(6,90),(219,89),(331,132),(81,89),(319,126),(205,51),(334,133),(98,64),(320,88),(327,3),(169,121),(28,68),
294:(212,6),(43,60),(29,105),(325,83),(2,141),(98,46),(329,81),(230,28),(6,90),(219,89),(331,131),(82,89),(319,126),(205,51),(334,132),(98,64),(320,89),(327,3),(169,121),(28,68),
295:(212,6),(43,60),(29,105),(325,84),(2,141),(98,46),(330,81),(230,28),(6,90),(219,89),(331,130),(83,89),(319,126),(205,51),(334,131),(98,64),(320,90),(327,3),(169,121),(28,68),
296:(212,6),(43,60),(29,105),(325,85),(2,141),(98,46),(331,81),(230,28),(6,90),(219,89),(331,129),(84,89),(319,126),(205,51),(334,130),(98,64),(320,91),(327,3),(169,121),(28,68),
297:(212,6),(43,60),(29,105),(325,86),(2,141),(98,46),(331,82),(230,28),(6,90),(219,89),(331,128),(85,89),(319,126),(205,51),(334,129),(98,64),(320,92),(327,3),(169,121),(28,68),
298:(212,6),(43,60),(29,105),(325,87),(2,141),(98,46),(331,83),(230,28),(6,90),(219,89),(331,127),(86,89),(319,126),(205,51),(334,128),(98,64),(320,93),(327,3),(169,121),(28,68),
299:(212,6),(43,60),(29,105),(325,88),(2,141),(98,46),(331,84),(230,28),(6,90),(219,89),(331,126),(87,89),(319,126),(205,51),(334,127),(98,64),(320,94),(327,3),(169,121),(28,68),
300:(212,6),(43,60),(29,105),(325,89),(2,141),(98,46),(331,85),(230,28),(6,90),(219,89),(331,125),(88,89),(319,126),(205,51),(334,126),(98,64),(320,95),(327,3),(169,121),(28,68),
301:(212,6),(43,60),(29,105),(325,90),(2,141),(98,46),(331,86),(230,28),(6,90),(219,89),(331,124),(89,89),(319,126),(205,51),(334,125),(98,64),(320,96),(327,3),(169,121),(28,68),
302:(212,6),(43,60),(29,105),(325,91),(2,141),(98,46),(331,87),(230,28),(6,90),(219,89),(331,123),(90,89),(319,126),(205,51),(334,124),(98,64),(320,97),(327,3),(169,121),(28,68),
303:(212,6),(43,60),(29,105),(325,92),(2,141),(98,46),(331,88),(230,28),(6,90),(219,89),(331,122),(91,89),(319,126),(205,51),(334,123),(98,64),(320,98),(327,3),(169,121),(28,68),
304:(212,6),(43,60),(29,105),(325,93),(2,141),(98,46),(331,89),(230,28),(6,90),(219,89),(330,122),(92,89),(319,126),(205,51),(334,122),(98,64),(320,99),(327,3),(169,121),(28,68),
305:(212,6),(43,60),(29,105),(325,94),(2,141),(98,46),(331,90),(230,28),(6,90),(219,89),(330,122),(93,89),(319,126),(205,51),(334,121),(98,64),(320,100),(327,3),(169,121),(28,68),
306:(212,6),(43,60),(29,105),(325,95),(2,141),(98,46),(331,91),(230,28),(6,90),(219,89),(330,122),(94,89),(319,126),(205,51),(334,120),(98,64),(320,101),(327,3),(169,121),(28,68),
307:(212,6),(43,60),(29,105),(325,96),(2,141),(98,46),(331,92),(230,28),(6,90),(219,89),(330,122),(95,89),(319,126),(205,51),(334,119),(98,64),(320,102),(327,3),(169,121),(28,68),
308:(212,6),(43,60),(29,105),(325,97),(2,141),(98,46),(331,93),(230,28),(6,90),(219,89),(330,122),(96,89),(319,126),(205,51),(334,118),(98,64),(320,103),(327,3),(169,121),(28,68),
309:(212,6),(43,60),(29,105),(325,98),(2,141),(98,46),(331,94),(230,28),(6,90),(219,89),(330,122),(97,89),(319,126),(205,51),(334,117),(98,64),(320,104),(327,3),(169,121),(28,68),
310:(212,6),(43,60),(29,105),(325,99),(2,141),(98,46),(331,95),(230,28),(6,90),(219,89),(330,122),(97,88),(319,126),(205,51),(334,116),(98,64),(320,105),(327,3),(169,121),(28,68),
311:(212,6),(43,60),(29,105),(325,100),(2,141),(98,46),(331,96),(230,28),(6,90),(219,89),(330,122),(97,87),(319,126),(205,51),(334,115),(98,64),(320,106),(327,3),(169,121),(28,68),
312:(212,6),(43,60),(29,105),(325,101),(2,141),(98,46),(331,97),(230,28),(6,90),(219,89),(330,122),(97,86),(319,126),(205,51),(334,114),(98,64),(320,107),(327,3),(169,121),(28,68),
313:(212,6),(43,60),(29,105),(325,102),(2,141),(98,46),(331,98),(230,28),(6,90),(219,89),(330,122),(97,85),(319,126),(205,51),(334,113),(98,64),(320,108),(327,3),(169,121),(28,68),
314:(212,6),(43,60),(29,105),(325,103),(2,141),(98,46),(331,99),(230,28),(6,90),(219,89),(330,122),(97,84),(319,126),(205,51),(334,112),(98,64),(320,109),(327,3),(169,121),(28,68),
315:(212,6),(43,60),(29,105),(325,104),(2,141),(98,46),(331,100),(230,28),(6,90),(219,89),(330,122),(97,83),(319,126),(205,51),(334,111),(98,64),(320,110),(327,3),(169,121),(28,68),
316:(212,6),(43,60),(29,105),(325,105),(2,141),(98,46),(331,101),(230,28),(6,90),(219,89),(330,122),(97,82),(319,126),(205,51),(334,110),(98,64),(320,111),(327,3),(169,121),(28,68),
317:(212,6),(43,60),(29,105),(325,106),(2,141),(98,46),(331,102),(230,28),(6,90),(219,89),(330,122),(97,81),(319,126),(205,51),(334,109),(98,64),(320,112),(327,3),(169,121),(28,68),
318:(212,6),(43,60),(29,105),(325,107),(2,141),(98,46),(331,103),(230,28),(6,90),(219,89),(330,122),(97,80),(319,126),(205,51),(334,108),(98,64),(320,113),(327,3),(169,121),(28,68),
319:(212,6),(43,60),(29,105),(325,108),(2,141),(98,46),(331,104),(230,28),(6,90),(219,89),(330,122),(97,79),(319,126),(205,51),(334,107),(98,64),(320,114),(327,3),(169,121),(28,68),
320:(212,6),(43,60),(29,105),(325,109),(2,141),(98,46),(331,105),(230,28),(6,90),(219,89),(330,122),(97,78),(319,126),(205,51),(334,106),(98,64),(320,115),(327,3),(169,121),(28,68),
321:(212,6),(43,60),(29,105),(325,110),(2,141),(98,46),(331,106),(230,28),(6,90),(219,89),(330,122),(97,77),(319,126),(205,51),(334,105),(98,64),(320,116),(327,3),(169,121),(28,68),
322:(212,6),(43,60),(29,105),(325,111),(2,141),(98,46),(331,107),(230,28),(6,90),(219,89),(330,122),(97,76),(319,126),(205,51),(334,104),(98,64),(320,117),(327,3),(169,121),(28,68),
323:(212,6),(43,60),(29,105),(325,112),(2,141),(98,46),(331,108),(230,28),(6,90),(219,89),(330,122),(97,75),(319,126),(205,51),(334,103),(98,64),(320,118),(327,3),(169,121),(28,68),
324:(212,6),(43,60),(29,105),(325,113),(2,141),(98,46),(331,109),(230,28),(6,90),(219,89),(330,122),(97,74),(319,126),(205,51),(334,102),(98,64),(320,119),(327,3),(169,121),(28,68),
325:(212,6),(43,60),(29,105),(325,114),(2,141),(98,46),(331,110),(230,28),(6,90),(219,89),(330,122),(97,73),(319,126),(205,51),(334,101),(98,64),(320,120),(327,3),(169,121),(28,68),
326:(212,6),(43,60),(29,105),(325,115),(2,141),(98,46),(331,111),(230,28),(6,90),(219,89),(330,122),(97,72),(319,126),(205,51),(334,100),(98,64),(320,121),(327,3),(169,121),(28,68),
327:(212,6),(43,60),(29,105),(325,116),(2,141),(98,46),(331,112),(230,28),(6,90),(219,89),(330,122),(97,71),(319,126),(205,51),(334,99),(98,64),(320,122),(327,3),(169,121),(28,68),
328:(212,6),(43,60),(29,105),(325,117),(2,141),(98,46),(331,113),(230,28),(6,90),(219,89),(330,122),(97,70),(319,126),(205,51),(334,98),(98,64),(320,123),(327,3),(169,121),(28,68),
329:(212,6),(43,60),(29,105),(325,118),(2,141),(98,46),(331,114),(230,28),(6,90),(219,89),(330,122),(97,69),(319,126),(205,51),(334,97),(98,64),(320,124),(327,3),(169,121),(28,68),
330:(212,6),(43,60),(29,105),(325,119),(2,141),(98,46),(331,115),(230,28),(6,90),(219,89),(330,122),(97,68),(319,126),(205,51),(334,96),(98,64),(320,125),(327,3),(169,121),(28,68),
331:(212,6),(43,60),(29,105),(325,120),(2,141),(98,46),(331,116),(230,28),(6,90),(219,89),(330,122),(97,67),(319,126),(205,51),(334,95),(98,64),(320,126),(327,3),(169,121),(28,68),
332:(212,6),(43,60),(29,105),(325,121),(2,141),(98,46),(331,117),(230,28),(6,90),(219,89),(330,122),(97,66),(319,126),(205,51),(334,94),(98,64),(320,127),(327,3),(169,121),(28,68),
333:(212,6),(43,60),(29,105),(325,122),(2,141),(98,46),(331,118),(230,28),(6,90),(219,89),(330,122),(97,65),(320,126),(205,51),(334,93),(98,64),(320,128),(327,3),(169,121),(28,68),
334:(212,6),(43,60),(29,105),(325,123),(2,141),(98,46),(331,119),(230,28),(6,90),(219,89),(330,122),(97,64),(321,126),(205,51),(334,92),(98,64),(320,129),(327,3),(169,121),(28,68),
335:(212,6),(43,60),(29,105),(325,124),(2,141),(98,46),(331,120),(230,28),(6,90),(219,89),(330,122),(97,63),(322,126),(205,51),(334,91),(98,64),(320,130),(327,3),(169,121),(28,68),
336:(212,6),(43,60),(29,105),(325,125),(2,141),(98,46),(331,121),(230,28),(6,90),(219,89),(330,122),(97,62),(323,126),(205,51),(334,90),(98,64),(320,131),(327,3),(169,121),(28,68),
337:(212,6),(43,60),(29,105),(325,125),(2,141),(98,46),(331,122),(230,28),(6,90),(219,89),(330,122),(97,61),(324,126),(205,51),(334,89),(98,64),(320,132),(327,3),(169,121),(28,68),
338:(212,6),(43,60),(29,105),(325,125),(2,141),(98,46),(332,122),(230,28),(6,90),(219,89),(331,122),(97,60),(325,126),(205,51),(334,88),(98,64),(320,133),(327,3),(169,121),(28,68),
339:(212,6),(43,60),(29,105),(325,125),(2,141),(98,46),(332,122),(230,28),(6,90),(219,89),(331,121),(97,59),(326,126),(205,51),(334,87),(98,64),(320,134),(327,3),(169,121),(28,68),
340:(212,6),(43,60),(29,105),(325,126),(2,141),(98,46),(331,122),(230,28),(6,90),(219,89),(331,120),(97,58),(327,126),(205,51),(334,86),(98,64),(320,135),(327,3),(169,121),(28,68),
341:(212,6),(43,60),(29,105),(325,127),(2,141),(98,46),(331,121),(230,28),(6,90),(219,89),(331,120),(97,57),(328,126),(205,51),(334,85),(98,64),(320,136),(327,3),(169,121),(28,68),
342:(212,6),(43,60),(29,105),(325,128),(2,141),(98,46),(331,121),(230,28),(6,90),(219,89),(331,120),(97,56),(329,126),(205,51),(334,84),(98,64),(320,136),(327,3),(169,121),(28,68),
343:(212,6),(43,60),(29,105),(325,129),(2,141),(98,46),(331,121),(230,28),(6,90),(219,89),(331,120),(97,55),(330,126),(205,51),(334,83),(98,64),(320,136),(327,3),(169,121),(28,68),
344:(212,6),(43,60),(29,105),(325,130),(2,141),(98,46),(331,121),(230,28),(6,90),(219,89),(331,120),(97,54),(331,126),(205,51),(334,82),(98,64),(320,136),(327,3),(169,121),(28,68),
345:(212,6),(43,60),(29,105),(325,131),(2,141),(98,46),(331,121),(230,28),(6,90),(219,89),(331,120),(97,53),(332,126),(205,51),(334,81),(98,64),(320,136),(327,3),(169,121),(28,68),
346:(212,6),(43,60),(29,105),(325,132),(2,141),(98,46),(331,121),(230,28),(6,90),(219,89),(331,120),(97,52),(333,126),(205,51),(334,80),(98,64),(320,136),(327,3),(169,121),(28,68),
347:(212,6),(43,60),(29,105),(325,133),(2,141),(98,46),(331,121),(230,28),(6,90),(219,89),(331,120),(97,51),(334,126),(205,51),(334,79),(98,64),(320,136),(327,3),(169,121),(28,68),
348:(212,6),(43,60),(29,105),(325,134),(2,141),(98,46),(331,121),(230,28),(6,90),(219,89),(331,120),(97,50),(335,126),(205,51),(334,78),(98,64),(320,136),(327,3),(169,121),(28,68),
349:(212,6),(43,60),(29,105),(325,135),(2,141),(98,46),(331,121),(230,28),(6,90),(219,89),(331,120),(97,49),(336,126),(205,51),(334,77),(98,64),(320,136),(327,3),(169,121),(28,68),
350:(212,6),(43,60),(29,105),(325,136),(2,141),(98,46),(331,121),(230,28),(6,90),(219,89),(331,120),(97,48),(337,126),(205,51),(334,76),(98,64),(320,136),(327,3),(169,121),(28,68),
351:(212,6),(43,60),(29,105),(325,137),(2,141),(98,46),(331,121),(230,28),(6,90),(219,89),(331,120),(97,47),(337,125),(205,51),(334,75),(98,64),(320,136),(327,3),(169,121),(28,68),
352:(212,6),(43,60),(29,105),(325,138),(2,141),(98,46),(331,121),(230,28),(6,90),(219,89),(331,120),(97,46),(337,124),(205,51),(334,74),(98,64),(320,136),(327,3),(169,121),(28,68),
353:(212,6),(43,60),(29,105),(325,139),(2,141),(98,46),(331,121),(230,28),(6,90),(219,89),(331,120),(97,45),(337,123),(205,51),(334,73),(98,64),(320,136),(327,3),(169,121),(28,68),
354:(212,6),(43,60),(29,105),(325,140),(2,141),(97,46),(331,121),(230,28),(6,90),(219,89),(331,120),(97,44),(337,122),(205,51),(334,72),(98,64),(320,136),(327,3),(169,121),(28,68),
355:(212,6),(43,60),(29,105),(325,141),(2,141),(96,46),(331,121),(230,28),(6,90),(219,89),(331,120),(97,43),(337,121),(205,51),(334,71),(98,64),(320,136),(327,3),(169,121),(28,68),
356:(212,6),(43,60),(29,105),(325,142),(2,141),(95,46),(331,121),(230,28),(6,90),(219,89),(331,120),(97,42),(337,120),(205,51),(334,71),(98,64),(320,136),(327,3),(169,121),(28,68),
357:(212,6),(43,60),(29,105),(325,143),(2,141),(94,46),(331,121),(230,28),(6,90),(219,89),(331,120),(97,41),(337,119),(205,51),(334,71),(98,64),(320,136),(327,3),(169,121),(28,68),
358:(212,6),(43,60),(29,105),(325,144),(2,141),(93,46),(331,121),(230,28),(6,90),(219,89),(331,120),(97,40),(337,118),(205,51),(334,71),(98,64),(320,136),(327,3),(169,121),(28,68),
359:(212,6),(43,60),(29,105),(325,145),(2,141),(92,46),(331,121),(230,28),(6,90),(219,89),(331,120),(97,39),(337,117),(205,51),(334,71),(98,64),(320,136),(327,3),(169,121),(28,68),
360:(212,6),(43,60),(29,105),(325,145),(2,141),(91,46),(331,121),(230,28),(6,90),(219,89),(331,120),(97,38),(337,116),(205,51),(334,71),(98,64),(320,136),(327,3),(169,121),(28,68),
361:(212,6),(43,60),(29,105),(325,145),(2,141),(90,46),(331,121),(230,28),(6,90),(219,89),(331,120),(97,37),(337,115),(205,51),(334,71),(98,64),(320,136),(327,3),(169,121),(28,68),
362:(212,6),(43,60),(29,105),(325,145),(2,141),(89,46),(331,121),(230,28),(6,90),(219,89),(331,120),(97,36),(337,114),(205,51),(334,71),(98,64),(320,136),(327,3),(169,121),(28,68),
363:(212,6),(43,60),(29,105),(325,145),(2,141),(88,46),(331,121),(230,28),(6,90),(219,89),(331,120),(97,35),(337,113),(205,51),(334,71),(98,64),(320,136),(327,3),(169,121),(28,68),
364:(212,6),(43,60),(29,105),(325,145),(2,141),(87,46),(331,121),(230,28),(6,90),(219,89),(331,120),(97,34),(337,112),(205,51),(334,71),(98,64),(320,136),(327,3),(169,121),(28,68),
365:(212,6),(43,60),(29,105),(325,145),(2,141),(86,46),(331,121),(230,28),(6,90),(219,89),(331,120),(97,33),(337,111),(205,51),(334,71),(98,64),(320,136),(327,3),(169,121),(28,68),
366:(212,6),(43,60),(29,105),(325,145),(2,141),(85,46),(331,121),(230,28),(6,90),(219,89),(331,120),(97,32),(337,110),(205,51),(334,71),(98,64),(320,136),(327,3),(169,121),(28,68),
367:(212,6),(43,60),(29,105),(325,145),(2,141),(84,46),(331,121),(230,28),(6,90),(219,89),(331,120),(97,31),(337,109),(205,51),(334,71),(98,64),(320,136),(327,3),(169,121),(28,68),
368:(212,6),(43,60),(29,105),(325,145),(2,141),(83,46),(331,121),(230,28),(6,90),(219,89),(331,120),(97,30),(337,108),(205,51),(334,71),(98,64),(320,136),(327,3),(169,121),(28,68),
369:(212,6),(43,60),(29,105),(325,145),(2,141),(82,46),(331,121),(230,28),(6,90),(219,89),(331,120),(97,29),(337,107),(205,51),(334,71),(98,64),(320,136),(327,3),(169,121),(28,68),
370:(212,6),(43,60),(29,105),(325,145),(2,141),(81,46),(331,121),(230,28),(6,90),(219,89),(331,120),(97,28),(337,106),(205,51),(334,71),(98,64),(320,136),(327,3),(169,121),(28,68),
371:(212,6),(43,60),(29,105),(325,145),(2,141),(80,46),(331,121),(230,28),(6,90),(219,89),(331,120),(97,27),(337,105),(205,51),(334,71),(98,64),(320,136),(327,3),(169,121),(28,68),
372:(212,6),(43,60),(29,105),(325,145),(2,141),(79,46),(331,121),(230,28),(6,90),(219,89),(331,120),(97,26),(337,104),(205,51),(334,71),(98,64),(320,136),(327,3),(169,121),(28,68),
373:(212,6),(43,60),(29,105),(325,145),(2,141),(78,46),(331,121),(230,28),(6,90),(219,89),(331,120),(97,25),(337,103),(205,51),(334,71),(98,64),(320,136),(327,3),(169,121),(28,68),
374:(212,6),(43,60),(29,105),(325,145),(2,141),(77,46),(331,121),(230,28),(6,90),(219,89),(331,120),(97,24),(337,102),(205,51),(334,71),(98,64),(320,136),(327,3),(169,121),(28,68),
375:(212,6),(43,60),(29,105),(325,145),(2,141),(76,46),(331,121),(230,28),(6,90),(219,89),(331,120),(97,23),(337,101),(205,51),(334,71),(98,64),(320,136),(327,3),(169,121),(28,68),
376:(212,6),(43,60),(29,105),(325,145),(2,141),(75,46),(331,121),(230,28),(6,90),(219,89),(331,120),(97,22),(337,100),(205,51),(334,71),(98,64),(320,136),(327,3),(169,121),(28,68),
377:(212,6),(43,60),(29,105),(325,145),(2,141),(74,46),(331,121),(230,28),(6,90),(219,89),(331,120),(97,21),(337,99),(205,51),(334,71),(98,64),(320,136),(327,3),(169,121),(28,68),
378:(212,6),(43,60),(29,105),(325,145),(2,141),(73,46),(331,121),(230,28),(6,90),(219,89),(331,120),(97,20),(337,98),(205,51),(334,71),(98,64),(320,136),(327,3),(169,121),(28,68),
379:(212,6),(43,60),(29,105),(325,145),(2,141),(72,46),(331,121),(230,28),(6,90),(219,89),(331,120),(97,19),(337,97),(205,51),(334,71),(98,64),(320,136),(327,3),(169,121),(28,68),
380:(212,6),(43,60),(29,105),(325,145),(2,141),(71,46),(331,121),(230,28),(6,90),(219,89),(331,120),(97,18),(337,96),(205,51),(334,71),(98,64),(320,136),(327,3),(169,121),(28,68),
381:(212,6),(43,60),(29,105),(325,145),(2,141),(70,46),(331,121),(230,28),(6,90),(219,89),(331,120),(97,17),(337,95),(205,51),(334,71),(98,64),(320,136),(327,3),(169,121),(28,68),
382:(212,6),(43,60),(29,105),(325,145),(2,141),(69,46),(331,121),(230,28),(6,90),(219,89),(331,120),(97,16),(337,94),(205,51),(334,71),(98,64),(320,136),(327,3),(169,121),(28,68),
383:(212,6),(43,60),(29,105),(325,145),(2,141),(68,46),(331,121),(230,28),(6,90),(219,89),(331,120),(97,16),(337,93),(205,51),(334,71),(98,64),(320,136),(327,3),(169,121),(28,68),
384:(212,6),(43,60),(29,105),(325,145),(2,141),(67,46),(331,121),(230,28),(6,90),(219,89),(331,120),(97,16),(337,92),(205,51),(334,71),(98,64),(320,136),(327,3),(169,121),(28,68),
385:(212,6),(43,60),(29,105),(325,145),(2,141),(66,46),(331,121),(230,28),(6,90),(219,89),(331,120),(97,16),(337,91),(205,51),(334,71),(98,64),(320,136),(327,3),(169,121),(28,68),
386:(212,6),(43,60),(29,105),(325,145),(2,141),(65,46),(331,121),(230,28),(6,90),(219,89),(331,120),(97,16),(337,90),(205,51),(334,71),(98,64),(320,136),(327,3),(169,121),(28,68),
387:(212,6),(43,60),(29,105),(325,145),(2,141),(64,46),(331,121),(230,28),(6,90),(219,89),(331,120),(97,16),(337,89),(205,51),(334,71),(98,64),(320,136),(327,3),(169,121),(28,68),
388:(212,6),(43,60),(29,105),(325,145),(2,141),(63,46),(331,121),(230,28),(6,90),(219,89),(331,120),(97,16),(337,88),(205,51),(334,71),(98,64),(320,136),(327,3),(169,121),(28,68),
389:(212,6),(43,60),(29,105),(325,145),(2,141),(62,46),(331,121),(230,28),(6,90),(219,89),(331,120),(97,16),(337,87),(205,51),(334,71),(98,64),(320,136),(327,3),(169,121),(28,68),
390:(212,6),(43,60),(29,105),(325,145),(2,141),(61,46),(331,121),(230,28),(6,90),(219,89),(331,120),(97,16),(337,86),(205,51),(334,71),(98,64),(320,136),(327,3),(169,121),(28,68),
391:(212,6),(43,60),(29,105),(325,145),(2,141),(61,47),(331,121),(230,28),(6,90),(219,89),(331,120),(97,16),(337,85),(205,51),(334,71),(98,64),(320,136),(327,3),(169,121),(28,68),
392:(212,6),(43,60),(29,105),(325,145),(2,141),(61,48),(331,121),(230,28),(6,90),(219,89),(331,120),(97,16),(337,84),(205,51),(334,71),(98,64),(320,136),(327,3),(169,121),(28,68),
393:(212,6),(43,60),(29,105),(325,145),(2,141),(61,49),(331,121),(230,28),(6,90),(219,89),(331,120),(97,16),(337,83),(205,51),(334,71),(98,64),(320,136),(327,3),(169,121),(28,68),
394:(212,6),(43,60),(29,105),(325,145),(2,141),(61,50),(331,121),(230,28),(6,90),(219,89),(331,120),(97,16),(337,82),(205,51),(334,71),(98,64),(320,136),(327,3),(169,121),(28,68),
395:(212,6),(43,60),(29,105),(325,145),(2,141),(61,51),(331,121),(230,28),(6,90),(219,89),(331,120),(97,16),(337,81),(205,51),(334,71),(98,64),(320,136),(327,3),(169,121),(28,68),
396:(212,6),(43,60),(29,105),(325,145),(2,141),(61,52),(331,121),(230,28),(6,90),(219,89),(331,120),(97,16),(337,80),(205,51),(334,71),(98,64),(320,136),(327,3),(169,121),(28,68),
397:(212,6),(43,60),(29,105),(325,145),(2,141),(61,53),(331,121),(230,28),(6,90),(219,89),(331,120),(97,16),(337,79),(205,51),(334,71),(98,64),(320,136),(327,3),(169,121),(28,68),
398:(212,6),(43,60),(29,105),(325,145),(2,141),(61,54),(331,121),(230,28),(6,90),(219,89),(331,120),(97,16),(337,78),(205,51),(334,71),(98,64),(320,136),(327,3),(169,121),(28,68),
399:(212,6),(43,60),(29,105),(325,145),(2,141),(61,55),(331,121),(230,28),(6,90),(219,89),(331,120),(97,16),(337,77),(205,51),(334,71),(98,64),(320,136),(327,3),(169,121),(28,68),
400:(212,6),(43,60),(29,105),(325,145),(2,141),(61,56),(331,121),(230,28),(6,90),(219,89),(331,120),(97,16),(337,76),(205,51),(334,71),(98,64),(320,136),(327,3),(169,121),(28,68),
401:(212,6),(43,60),(29,105),(325,145),(2,141),(61,57),(331,121),(230,28),(6,90),(219,89),(331,120),(97,16),(337,75),(205,51),(334,71),(98,64),(320,136),(327,3),(169,121),(28,68),
402:(212,6),(43,60),(29,105),(325,145),(2,141),(61,58),(331,121),(230,28),(6,90),(219,89),(331,120),(97,16),(337,74),(205,51),(334,71),(98,64),(320,136),(327,3),(169,121),(28,68),
403:(212,6),(43,60),(29,105),(325,145),(2,141),(61,59),(331,121),(230,28),(6,90),(219,89),(331,120),(97,16),(337,73),(205,51),(334,71),(98,64),(320,136),(327,3),(169,121),(28,68),
404:(212,6),(43,60),(29,105),(325,145),(2,141),(61,60),(331,121),(230,28),(6,90),(219,89),(331,120),(97,16),(337,72),(205,51),(334,71),(98,64),(320,136),(327,3),(169,121),(28,68),
405:(212,6),(43,60),(29,105),(325,145),(2,141),(61,61),(331,121),(230,28),(6,90),(219,89),(331,120),(97,16),(337,71),(205,51),(334,71),(98,64),(320,136),(327,3),(169,121),(28,68),
406:(212,6),(43,60),(29,105),(325,145),(2,141),(61,62),(331,121),(230,28),(6,90),(219,89),(331,120),(97,16),(337,70),(205,51),(334,71),(98,64),(320,136),(327,3),(169,121),(28,68),
407:(212,6),(43,60),(29,105),(325,145),(2,141),(61,63),(331,121),(230,28),(6,90),(219,89),(331,120),(97,16),(337,69),(205,51),(334,71),(98,64),(320,136),(327,3),(169,121),(28,68),
408:(212,6),(43,60),(29,105),(325,145),(2,141),(61,64),(331,121),(230,28),(6,90),(219,89),(331,120),(97,16),(337,68),(205,51),(334,71),(98,64),(320,136),(327,3),(169,121),(28,68),
409:(212,6),(43,60),(29,105),(325,145),(2,141),(61,65),(331,121),(230,28),(6,90),(219,89),(331,120),(97,16),(337,67),(205,51),(334,71),(98,64),(320,136),(327,3),(169,121),(28,68),
410:(212,6),(43,60),(29,105),(325,145),(2,141),(61,66),(331,121),(230,28),(6,90),(219,89),(331,120),(97,16),(337,67),(205,51),(334,71),(98,64),(320,136),(327,3),(169,121),(28,68),
411:(212,6),(43,60),(29,105),(325,145),(2,141),(61,67),(331,121),(230,28),(6,90),(219,89),(331,120),(97,16),(337,67),(205,51),(334,71),(98,64),(320,136),(327,3),(169,121),(28,68),
412:(212,6),(43,60),(29,105),(325,145),(2,141),(61,68),(331,121),(230,28),(6,90),(219,89),(331,120),(97,16),(337,67),(205,51),(334,71),(98,64),(320,136),(327,3),(169,121),(28,68),
413:(212,6),(43,60),(29,105),(325,145),(2,141),(61,69),(331,121),(230,28),(6,90),(219,89),(331,120),(97,16),(337,67),(205,51),(334,71),(98,64),(320,136),(327,3),(169,121),(28,68),
414:(212,6),(43,60),(29,105),(325,145),(2,141),(61,70),(331,121),(230,28),(6,90),(219,89),(331,120),(97,16),(337,67),(205,51),(334,71),(98,64),(320,136),(327,3),(169,121),(28,68),
415:(212,6),(43,60),(29,105),(325,145),(2,141),(61,71),(331,121),(230,28),(6,90),(219,89),(331,120),(97,16),(337,67),(205,51),(334,71),(98,64),(320,136),(327,3),(169,121),(28,68),
416:(212,6),(43,60),(29,105),(325,145),(2,141),(61,72),(331,121),(230,28),(6,90),(219,89),(331,120),(97,16),(337,67),(205,51),(334,71),(98,64),(320,136),(327,3),(169,121),(28,68),
417:(212,6),(43,60),(29,105),(325,145),(2,141),(61,73),(331,121),(230,28),(6,90),(219,89),(331,120),(97,16),(337,67),(205,51),(334,71),(98,64),(320,136),(327,3),(169,121),(28,68),
418:(212,6),(43,60),(29,105),(325,145),(2,141),(61,74),(331,121),(230,28),(6,90),(219,89),(331,120),(97,16),(337,67),(205,51),(334,71),(98,64),(320,136),(327,3),(169,121),(28,68),
419:(212,6),(43,60),(29,105),(325,145),(2,141),(61,75),(331,121),(230,28),(6,90),(219,89),(331,120),(97,16),(337,67),(205,51),(334,71),(98,64),(320,136),(327,3),(169,121),(28,68),
420:(212,6),(43,60),(29,105),(325,145),(2,141),(61,76),(331,121),(230,28),(6,90),(219,89),(331,120),(97,16),(337,67),(205,51),(334,71),(98,64),(320,136),(327,3),(169,121),(28,68),
421:(212,6),(43,60),(29,105),(325,145),(2,141),(61,77),(331,121),(230,28),(6,90),(219,89),(331,120),(97,16),(337,67),(205,51),(334,71),(98,64),(320,136),(327,3),(169,121),(28,68),
422:(212,6),(43,60),(29,105),(325,145),(2,141),(61,78),(331,121),(230,28),(6,90),(219,89),(331,120),(97,16),(337,67),(205,51),(334,71),(98,64),(320,136),(327,3),(169,121),(28,68),
423:(212,6),(43,60),(29,105),(325,145),(2,141),(61,79),(331,121),(230,28),(6,90),(219,89),(331,120),(97,16),(337,67),(205,51),(334,71),(98,64),(320,136),(327,3),(169,121),(28,68),
424:(212,6),(43,60),(29,105),(325,145),(2,141),(61,80),(331,121),(230,28),(6,90),(219,89),(331,120),(97,16),(337,67),(205,51),(334,71),(98,64),(320,136),(327,3),(169,121),(28,68),
425:(212,6),(43,60),(29,105),(325,145),(2,141),(61,81),(331,121),(230,28),(6,90),(219,89),(331,120),(97,16),(337,67),(205,51),(334,71),(98,64),(320,136),(327,3),(169,121),(28,68),
426:(212,6),(43,60),(29,105),(325,145),(2,141),(61,82),(331,121),(230,28),(6,90),(219,89),(331,120),(97,16),(337,67),(205,51),(334,71),(98,64),(320,136),(327,3),(169,121),(28,68),
427:(212,6),(43,60),(29,105),(325,145),(2,141),(61,83),(331,121),(230,28),(6,90),(219,89),(331,120),(97,16),(337,67),(205,51),(334,71),(98,64),(320,136),(327,3),(169,121),(28,68),
428:(212,6),(43,60),(29,105),(325,145),(2,141),(61,84),(331,121),(230,28),(6,90),(219,89),(331,120),(97,16),(337,67),(205,51),(334,71),(98,64),(320,136),(327,3),(169,121),(28,68),
429:(212,6),(43,60),(29,105),(325,145),(2,141),(61,85),(331,121),(230,28),(6,90),(219,89),(331,120),(97,16),(337,67),(205,51),(334,71),(98,64),(320,136),(327,3),(169,121),(28,68),
430:(212,6),(43,60),(29,105),(325,145),(2,141),(61,86),(331,121),(230,28),(6,90),(219,89),(331,120),(97,16),(337,67),(205,51),(334,71),(98,64),(320,136),(327,3),(169,121),(28,68),
431:(212,6),(43,60),(29,105),(325,145),(2,141),(61,87),(331,121),(230,28),(6,90),(219,89),(331,120),(97,16),(337,67),(205,51),(334,71),(98,64),(320,136),(327,3),(169,121),(28,68),
432:(212,6),(43,60),(29,105),(325,145),(2,141),(61,88),(331,121),(230,28),(6,90),(219,89),(331,120),(97,16),(337,67),(205,51),(334,71),(98,64),(320,136),(327,3),(169,121),(28,68),
433:(212,6),(43,60),(29,105),(325,145),(2,141),(61,89),(331,121),(230,28),(6,90),(219,89),(331,120),(97,16),(337,67),(205,51),(334,71),(98,64),(320,136),(327,3),(169,121),(28,68),
434:(212,6),(43,60),(29,105),(325,145),(2,141),(61,90),(331,121),(230,28),(6,90),(219,89),(331,120),(97,16),(337,67),(205,51),(334,71),(98,64),(320,136),(327,3),(169,121),(28,68),
435:(212,6),(43,60),(29,105),(325,145),(2,141),(61,91),(331,121),(230,28),(6,90),(219,89),(331,120),(97,16),(337,67),(205,51),(334,71),(98,64),(320,136),(327,3),(169,121),(28,68),
436:(212,6),(43,60),(29,105),(325,145),(2,141),(61,92),(331,121),(230,28),(6,90),(219,89),(331,120),(97,16),(337,67),(205,51),(334,71),(98,64),(320,136),(327,3),(169,121),(28,68),
437:(212,6),(43,60),(29,105),(325,145),(2,141),(61,93),(331,121),(230,28),(6,90),(219,89),(331,120),(97,16),(337,67),(205,51),(334,71),(98,64),(320,136),(327,3),(169,121),(28,68),
438:(212,6),(43,60),(29,105),(325,145),(2,141),(61,94),(331,121),(230,28),(6,90),(219,89),(331,120),(97,16),(337,67),(205,51),(334,71),(98,64),(320,136),(327,3),(169,121),(28,68),
439:(212,6),(43,60),(29,105),(325,145),(2,141),(61,95),(331,121),(230,28),(6,90),(219,89),(331,120),(97,16),(337,67),(205,51),(334,71),(98,64),(320,136),(327,3),(169,121),(28,68),
440:(212,6),(43,60),(29,105),(325,145),(2,141),(61,96),(331,121),(230,28),(6,90),(219,89),(331,120),(97,16),(337,67),(205,51),(334,71),(98,64),(320,136),(327,3),(169,121),(28,68),
441:(212,6),(43,60),(29,105),(325,145),(2,141),(61,97),(331,121),(230,28),(6,90),(219,89),(331,120),(97,16),(337,67),(205,51),(334,71),(98,64),(320,136),(327,3),(169,121),(28,68),
442:(212,6),(43,60),(29,105),(325,145),(2,141),(61,98),(331,121),(230,28),(6,90),(219,89),(331,120),(97,16),(337,67),(205,51),(334,71),(98,64),(320,136),(327,3),(169,121),(28,68),
443:(212,6),(43,60),(29,105),(325,145),(2,141),(61,99),(331,121),(230,28),(6,90),(219,89),(331,120),(97,16),(337,67),(205,51),(334,71),(98,64),(320,136),(327,3),(169,121),(28,68),
444:(212,6),(43,60),(29,105),(325,145),(2,141),(61,100),(331,121),(230,28),(6,90),(219,89),(331,120),(97,16),(337,67),(205,51),(334,71),(98,64),(320,136),(327,3),(169,121),(28,68),
445:(212,6),(43,60),(29,105),(325,145),(2,141),(61,101),(331,121),(230,28),(6,90),(219,89),(331,120),(97,16),(337,67),(205,51),(334,71),(98,64),(320,136),(327,3),(169,121),(28,68),
446:(212,6),(43,60),(29,105),(325,145),(2,141),(61,102),(331,121),(230,28),(6,90),(219,89),(331,120),(97,16),(337,67),(205,51),(334,71),(98,64),(320,136),(327,3),(169,121),(28,68),
447:(212,6),(43,60),(29,105),(325,145),(2,141),(61,103),(331,121),(230,28),(6,90),(219,89),(331,120),(97,16),(337,67),(205,51),(334,71),(98,64),(320,136),(327,3),(169,121),(28,68),
448:(212,6),(43,60),(29,105),(325,145),(2,141),(61,104),(331,121),(230,28),(6,90),(219,89),(331,120),(97,16),(337,67),(205,51),(334,71),(98,64),(320,136),(327,3),(169,121),(28,68),
449:(212,6),(43,60),(29,105),(325,145),(2,141),(61,105),(331,121),(230,28),(6,90),(219,89),(331,120),(97,16),(337,67),(205,51),(334,71),(98,64),(320,136),(327,3),(169,121),(28,68),
450:(212,6),(43,60),(29,105),(325,145),(2,141),(61,106),(331,121),(230,28),(6,90),(219,89),(331,120),(97,16),(337,67),(205,51),(334,71),(98,64),(320,136),(327,3),(169,121),(28,68),
451:(212,6),(43,60),(29,105),(325,145),(2,141),(61,107),(331,121),(230,28),(6,90),(219,89),(331,120),(97,16),(337,67),(205,51),(334,71),(98,64),(320,136),(327,3),(169,121),(28,68),
452:(212,6),(43,60),(29,105),(325,145),(2,141),(61,108),(331,121),(230,28),(6,90),(219,89),(331,120),(97,16),(337,67),(205,51),(334,71),(98,64),(320,136),(327,3),(169,121),(28,68),
453:(212,6),(43,60),(29,105),(325,145),(2,141),(61,109),(331,121),(230,28),(6,90),(219,89),(331,120),(97,16),(337,67),(205,51),(334,71),(98,64),(320,136),(327,3),(169,121),(28,68),
454:(212,6),(43,60),(29,105),(325,145),(2,141),(61,110),(331,121),(230,28),(6,90),(219,89),(331,120),(97,16),(337,67),(205,51),(334,71),(98,64),(320,136),(327,3),(169,121),(28,68),
455:(212,6),(43,60),(29,105),(325,145),(2,141),(61,111),(331,121),(230,28),(6,90),(219,89),(331,120),(97,16),(337,67),(205,51),(334,71),(98,64),(320,136),(327,3),(169,121),(28,68),
456:(212,6),(43,60),(29,105),(325,145),(2,141),(61,112),(331,121),(230,28),(6,90),(219,89),(331,120),(97,16),(337,67),(205,51),(334,71),(98,64),(320,136),(327,3),(169,121),(28,68),
457:(212,6),(43,60),(29,105),(325,145),(2,141),(61,113),(331,121),(230,28),(6,90),(219,89),(331,120),(97,16),(337,67),(205,51),(334,71),(98,64),(320,136),(327,3),(169,121),(28,68),
458:(212,6),(43,60),(29,105),(325,145),(2,141),(61,114),(331,121),(230,28),(6,90),(219,89),(331,120),(97,16),(337,67),(205,51),(334,71),(98,64),(320,136),(327,3),(169,121),(28,68),
459:(212,6),(43,60),(29,105),(325,145),(2,141),(61,115),(331,121),(230,28),(6,90),(219,89),(331,120),(97,16),(337,67),(205,51),(334,71),(98,64),(320,136),(327,3),(169,121),(28,68),
460:(212,6),(43,60),(29,105),(325,145),(2,141),(61,116),(331,121),(230,28),(6,90),(219,89),(331,120),(97,16),(337,67),(205,51),(334,71),(98,64),(320,136),(327,3),(169,121),(28,68),
461:(212,6),(43,60),(29,105),(325,145),(2,141),(61,117),(331,121),(230,28),(6,90),(219,89),(331,120),(97,16),(337,67),(205,51),(334,71),(98,64),(320,136),(327,3),(169,121),(28,68),
462:(212,6),(43,60),(29,105),(325,145),(2,141),(61,118),(331,121),(230,28),(6,90),(219,89),(331,120),(97,16),(337,67),(205,51),(334,71),(98,64),(320,136),(327,3),(169,121),(28,68),
463:(212,6),(43,60),(29,105),(325,145),(2,141),(61,119),(331,121),(230,28),(6,90),(219,89),(331,120),(97,16),(337,67),(205,51),(334,71),(98,64),(320,136),(327,3),(169,121),(28,68),
464:(212,6),(43,60),(29,105),(325,145),(2,141),(61,120),(331,121),(230,28),(6,90),(219,89),(331,120),(97,16),(337,67),(205,51),(334,71),(98,64),(320,136),(327,3),(169,121),(28,68),
465:(212,6),(43,60),(29,105),(325,145),(2,141),(61,121),(331,121),(230,28),(6,90),(219,89),(331,120),(97,16),(337,67),(205,51),(334,71),(98,64),(320,136),(327,3),(169,121),(28,68),
466:(212,6),(43,60),(29,105),(325,145),(2,141),(61,122),(331,121),(230,28),(6,90),(219,89),(331,120),(97,16),(337,67),(205,51),(334,71),(98,64),(320,136),(327,3),(169,121),(28,68),
467:(212,6),(43,60),(29,105),(325,145),(2,141),(61,123),(331,121),(230,28),(6,90),(219,89),(331,120),(97,16),(337,67),(205,51),(334,71),(98,64),(320,136),(327,3),(169,121),(28,68),
468:(212,6),(43,60),(29,105),(325,145),(2,141),(61,124),(331,121),(230,28),(6,90),(219,89),(331,120),(97,16),(337,67),(205,51),(334,71),(98,64),(320,136),(327,3),(169,121),(28,68),
469:(212,6),(43,60),(29,105),(325,145),(2,141),(61,125),(331,121),(230,28),(6,90),(219,89),(331,120),(97,16),(337,67),(205,51),(334,71),(98,64),(320,136),(327,3),(169,121),(28,68),
470:(212,6),(43,60),(29,105),(325,145),(2,141),(60,125),(331,121),(230,28),(6,90),(219,89),(331,120),(97,16),(337,67),(205,51),(334,71),(98,64),(320,136),(327,3),(169,121),(28,68),
471:(212,6),(43,60),(29,105),(325,145),(2,141),(59,125),(331,121),(230,28),(6,90),(219,89),(331,120),(97,16),(337,67),(205,51),(334,71),(98,64),(320,136),(327,3),(169,121),(28,68),
472:(212,6),(43,60),(29,105),(325,145),(2,141),(58,125),(331,121),(230,28),(6,90),(219,89),(331,120),(97,16),(337,67),(205,51),(334,71),(98,64),(320,136),(327,3),(169,121),(28,68),
473:(212,6),(43,60),(29,105),(325,145),(2,141),(57,125),(331,121),(230,28),(6,90),(219,89),(331,120),(97,16),(337,67),(205,51),(334,71),(98,64),(320,136),(327,3),(169,121),(28,68),
474:(212,6),(43,60),(29,105),(325,145),(2,141),(56,125),(331,121),(230,28),(6,90),(219,89),(331,120),(97,16),(337,67),(205,51),(334,71),(98,64),(320,136),(327,3),(169,121),(28,68),
475:(212,6),(43,60),(29,105),(325,145),(2,141),(55,125),(331,121),(230,28),(6,90),(219,89),(331,120),(97,16),(337,67),(205,51),(334,71),(98,64),(320,136),(327,3),(169,121),(28,68),
476:(212,6),(43,60),(29,105),(325,145),(2,141),(54,125),(331,121),(230,28),(6,90),(219,89),(331,120),(97,16),(337,67),(205,51),(334,71),(98,64),(320,136),(327,3),(169,121),(28,68),
477:(212,6),(43,60),(29,105),(325,145),(2,141),(53,125),(331,121),(230,28),(6,90),(219,89),(331,120),(97,16),(337,67),(205,51),(334,71),(98,64),(320,136),(327,3),(169,121),(28,68),
