instance=temp_instance.txt
agents=20
map_file=warehouse-20-40-10-2-2.map
solver=PIBT
solved=1
soc=3845
lb_soc=3787
makespan=343
lb_makespan=343
comp_time=20
preprocessing_comp_time=10
starts=(289,23),(309,112),(297,36),(256,138),(324,19),(203,81),(121,31),(32,74),(145,33),(331,68),(72,38),(308,134),(173,154),(302,118),(259,129),(49,78),(162,1),(320,143),(325,110),(16,51),
goals=(314,147),(48,70),(266,157),(164,146),(126,102),(279,22),(307,80),(111,145),(65,141),(97,140),(154,54),(233,45),(206,113),(321,38),(95,97),(316,150),(156,158),(258,78),(184,154),(284,126),
solution=
0:(289,23),(309,112),(297,36),(256,138),(324,19),(203,81),(121,31),(32,74),(145,33),(331,68),(72,38),(308,134),(173,154),(302,118),(259,129),(49,78),(162,1),(320,143),(325,110),(16,51),
1:(289,24),(308,112),(296,36),(255,138),(323,19),(204,81),(122,31),(32,75),(144,33),(331,69),(73,38),(308,133),(174,154),(302,117),(258,129),(49,79),(162,2),(320,142),(324,110),(17,51),
2:(290,24),(307,112),(296,37),(254,138),(323,20),(205,81),(122,32),(32,76),(143,33),(330,69),(74,38),(307,133),(175,154),(302,116),(257,129),(49,80),(161,2),(320,141),(324,111),(18,51),
3:(290,25),(306,112),(295,37),(253,138),(323,21),(206,81),(122,33),(32,77),(142,33),(329,69),(74,39),(306,133),(175,153),(302,115),(256,129),(49,81),(160,2),(319,141),(323,111),(18,52),
4:(290,26),(305,112),(295,38),(252,138),(322,21),(206,80),(123,33),(33,77),(141,33),(328,69),(74,40),(306,132),(176,153),(303,115),(255,129),(49,82),(159,2),(318,141),(323,112),(18,53),
5:(290,27),(304,112),(294,38),(251,138),(321,21),(206,79),(124,33),(33,78),(141,34),(328,70),(74,41),(305,132),(177,153),(303,114),(254,129),(49,83),(158,2),(317,141),(322,112),(18,54),
6:(290,28),(304,111),(294,39),(250,138),(320,21),(206,78),(124,34),(33,79),(140,34),(328,71),(75,41),(304,132),(178,153),(304,114),(254,128),(49,84),(157,2),(316,141),(322,113),(18,55),
7:(290,29),(304,110),(294,40),(249,138),(319,21),(207,78),(125,34),(34,79),(139,34),(327,71),(75,42),(304,131),(179,153),(305,114),(253,128),(49,85),(157,3),(315,141),(322,114),(19,55),
8:(290,30),(303,110),(293,40),(248,138),(319,22),(207,77),(126,34),(35,79),(138,34),(327,72),(76,42),(303,131),(180,153),(305,113),(253,127),(49,86),(157,4),(314,141),(321,114),(20,55),
9:(291,30),(303,109),(293,41),(247,138),(319,23),(208,77),(127,34),(35,80),(137,34),(326,72),(77,42),(303,130),(181,153),(306,113),(253,126),(50,86),(157,5),(314,140),(320,114),(21,55),
10:(291,31),(302,109),(292,41),(246,138),(318,23),(209,77),(128,34),(35,81),(136,34),(325,72),(78,42),(302,130),(181,152),(306,112),(252,126),(50,87),(157,6),(313,140),(320,115),(21,56),
11:(291,32),(301,109),(291,41),(245,138),(317,23),(210,77),(129,34),(35,82),(135,34),(325,73),(79,42),(302,129),(182,152),(306,111),(251,126),(50,88),(157,7),(313,139),(319,115),(22,56),
12:(291,33),(301,108),(291,42),(244,138),(316,23),(211,77),(130,34),(36,82),(134,34),(324,73),(80,42),(302,128),(182,151),(307,111),(251,125),(50,89),(157,8),(312,139),(319,116),(23,56),
13:(292,33),(301,107),(290,42),(243,138),(316,24),(212,77),(131,34),(36,83),(133,34),(323,73),(81,42),(302,127),(182,150),(307,110),(250,125),(51,89),(157,9),(312,138),(319,117),(24,56),
14:(293,33),(301,106),(289,42),(242,138),(316,25),(213,77),(132,34),(37,83),(133,35),(322,73),(82,42),(302,126),(183,150),(307,109),(249,125),(52,89),(157,10),(312,137),(318,117),(25,56),
15:(293,34),(301,105),(288,42),(241,138),(316,26),(214,77),(133,34),(38,83),(133,36),(321,73),(83,42),(301,126),(183,149),(307,108),(248,125),(52,90),(157,11),(312,136),(317,117),(26,56),
16:(293,35),(301,104),(287,42),(241,139),(315,26),(215,77),(133,35),(38,84),(133,37),(321,74),(84,42),(301,125),(184,149),(308,108),(247,125),(53,90),(157,12),(311,136),(316,117),(26,57),
17:(293,36),(301,103),(286,42),(241,140),(314,26),(216,77),(133,36),(38,85),(132,37),(321,75),(85,42),(300,125),(185,149),(308,107),(246,125),(54,90),(157,13),(310,136),(315,117),(27,57),
18:(294,36),(300,103),(285,42),(241,141),(314,27),(217,77),(133,37),(39,85),(131,37),(320,75),(86,42),(300,124),(186,149),(308,106),(245,125),(55,90),(157,14),(309,136),(315,118),(28,57),
19:(294,37),(299,103),(284,42),(240,141),(314,28),(217,76),(134,37),(40,85),(131,38),(319,75),(87,42),(299,124),(187,149),(308,105),(244,125),(56,90),(157,15),(308,136),(314,118),(28,58),
20:(295,37),(298,103),(283,42),(239,141),(314,29),(218,76),(135,37),(41,85),(130,38),(318,75),(88,42),(298,124),(188,149),(309,105),(243,125),(57,90),(157,16),(307,136),(313,118),(29,58),
21:(296,37),(298,102),(282,42),(238,141),(314,30),(218,75),(135,38),(41,86),(129,38),(317,75),(89,42),(298,123),(189,149),(309,104),(242,125),(58,90),(157,17),(306,136),(312,118),(30,58),
22:(296,38),(298,101),(281,42),(238,142),(314,31),(218,74),(136,38),(41,87),(128,38),(316,75),(90,42),(297,123),(190,149),(309,103),(241,125),(59,90),(157,18),(306,135),(311,118),(31,58),
23:(296,39),(297,101),(280,42),(237,142),(314,32),(219,74),(137,38),(41,88),(127,38),(316,76),(91,42),(296,123),(191,149),(309,102),(240,125),(60,90),(157,19),(305,135),(311,119),(31,59),
24:(297,39),(296,101),(279,42),(236,142),(314,33),(220,74),(138,38),(42,88),(126,38),(315,76),(92,42),(296,122),(192,149),(309,101),(239,125),(61,90),(157,20),(305,134),(311,120),(31,60),
25:(298,39),(295,101),(278,42),(235,142),(313,33),(221,74),(139,38),(42,89),(125,38),(314,76),(93,42),(295,122),(193,149),(310,101),(238,125),(62,90),(157,21),(304,134),(311,121),(31,61),
26:(299,39),(294,101),(277,42),(234,142),(313,34),(222,74),(140,38),(43,89),(124,38),(313,76),(94,42),(294,122),(193,148),(310,100),(237,125),(62,91),(157,22),(304,133),(311,122),(31,62),
27:(300,39),(294,100),(277,43),(233,142),(313,35),(223,74),(141,38),(44,89),(123,38),(312,76),(95,42),(293,122),(194,148),(310,99),(236,125),(62,92),(157,23),(304,132),(311,123),(32,62),
28:(300,40),(294,99),(277,44),(232,142),(312,35),(223,73),(142,38),(45,89),(122,38),(312,77),(96,42),(292,122),(194,147),(311,99),(235,125),(62,93),(157,24),(303,132),(310,123),(33,62),
29:(300,41),(294,98),(277,45),(231,142),(312,36),(224,73),(143,38),(46,89),(121,38),(312,78),(97,42),(291,122),(194,146),(311,98),(234,125),(62,94),(157,25),(303,131),(309,123),(33,63),
30:(301,41),(293,98),(276,45),(230,142),(311,36),(225,73),(144,38),(47,89),(120,38),(312,79),(98,42),(290,122),(195,146),(311,97),(233,125),(62,95),(157,26),(303,130),(308,123),(34,63),
31:(301,42),(292,98),(275,45),(230,143),(311,37),(226,73),(145,38),(48,89),(119,38),(312,80),(98,43),(290,121),(196,146),(311,96),(232,125),(62,96),(157,27),(303,129),(308,124),(35,63),
32:(301,43),(292,97),(275,46),(230,144),(310,37),(227,73),(146,38),(49,89),(118,38),(312,81),(98,44),(289,121),(196,145),(312,96),(231,125),(62,97),(157,28),(302,129),(308,125),(35,64),
33:(302,43),(291,97),(274,46),(229,144),(310,38),(228,73),(146,39),(50,89),(117,38),(312,82),(98,45),(289,120),(197,145),(313,96),(230,125),(62,98),(157,29),(302,128),(307,125),(35,65),
34:(302,44),(290,97),(273,46),(229,145),(309,38),(229,73),(146,40),(50,90),(116,38),(311,82),(98,46),(289,119),(198,145),(314,96),(229,125),(62,99),(157,30),(302,127),(307,126),(35,66),
35:(302,45),(289,97),(272,46),(228,145),(309,39),(230,73),(146,41),(51,90),(115,38),(311,83),(99,46),(289,118),(199,145),(315,96),(229,124),(62,100),(157,31),(301,127),(307,127),(35,67),
36:(302,46),(289,96),(271,46),(227,145),(308,39),(231,73),(147,41),(52,90),(114,38),(310,83),(100,46),(289,117),(200,145),(316,96),(229,123),(62,101),(157,32),(300,127),(307,128),(36,67),
37:(302,47),(289,95),(270,46),(226,145),(307,39),(232,73),(148,41),(53,90),(113,38),(310,84),(101,46),(289,116),(201,145),(317,96),(229,122),(62,102),(157,33),(300,126),(306,128),(36,68),
38:(302,48),(289,94),(269,46),(225,145),(307,40),(233,73),(149,41),(54,90),(112,38),(310,85),(102,46),(289,115),(202,145),(318,96),(229,121),(62,103),(157,34),(299,126),(306,129),(36,69),
39:(302,49),(289,93),(268,46),(224,145),(307,41),(234,73),(150,41),(55,90),(111,38),(309,85),(103,46),(289,114),(203,145),(319,96),(229,120),(62,104),(157,35),(298,126),(305,129),(37,69),
40:(303,49),(289,92),(267,46),(223,145),(307,42),(235,73),(150,42),(56,90),(110,38),(309,86),(104,46),(289,113),(204,145),(320,96),(229,119),(62,105),(157,36),(298,125),(304,129),(38,69),
41:(304,49),(289,91),(266,46),(223,146),(307,43),(236,73),(151,42),(57,90),(109,38),(309,87),(105,46),(289,112),(205,145),(321,96),(229,118),(63,105),(157,37),(298,124),(304,130),(38,70),
42:(305,49),(289,90),(266,47),(222,146),(307,44),(237,73),(152,42),(58,90),(109,39),(308,87),(106,46),(289,111),(206,145),(321,95),(228,118),(63,106),(157,38),(297,124),(304,131),(38,71),
43:(306,49),(289,89),(266,48),(221,146),(307,45),(238,73),(153,42),(59,90),(109,40),(307,87),(107,46),(289,110),(206,144),(321,94),(228,117),(64,106),(157,39),(296,124),(303,131),(38,72),
44:(306,50),(288,89),(266,49),(220,146),(306,45),(239,73),(154,42),(60,90),(109,41),(306,87),(108,46),(289,109),(206,143),(321,93),(227,117),(65,106),(157,40),(295,124),(302,131),(39,72),
45:(306,51),(287,89),(266,50),(219,146),(306,46),(240,73),(155,42),(61,90),(109,42),(305,87),(109,46),(288,109),(206,142),(321,92),(226,117),(66,106),(157,41),(294,124),(301,131),(40,72),
46:(307,51),(286,89),(266,51),(218,146),(306,47),(241,73),(156,42),(61,91),(109,43),(305,88),(109,47),(287,109),(206,141),(321,91),(225,117),(67,106),(157,42),(294,123),(301,132),(40,73),
47:(307,52),(285,89),(266,52),(217,146),(305,47),(242,73),(157,42),(62,91),(109,44),(305,89),(110,47),(286,109),(206,140),(321,90),(224,117),(68,106),(157,43),(294,122),(300,132),(40,74),
48:(307,53),(284,89),(266,53),(216,146),(304,47),(242,72),(158,42),(62,92),(109,45),(304,89),(110,48),(285,109),(206,139),(321,89),(223,117),(69,106),(157,44),(294,121),(299,132),(41,74),
49:(308,53),(283,89),(266,54),(215,146),(304,48),(242,71),(158,43),(62,93),(109,46),(304,90),(110,49),(284,109),(206,138),(321,88),(222,117),(70,106),(157,45),(293,121),(298,132),(42,74),
50:(308,54),(282,89),(266,55),(214,146),(304,49),(242,70),(158,44),(63,93),(109,47),(303,90),(111,49),(283,109),(206,137),(321,87),(221,117),(71,106),(157,46),(293,120),(298,133),(43,74),
51:(308,55),(281,89),(266,56),(213,146),(303,49),(243,70),(158,45),(64,93),(109,48),(302,90),(111,50),(282,109),(206,136),(321,86),(220,117),(72,106),(157,47),(292,120),(298,134),(44,74),
52:(309,55),(280,89),(266,57),(212,146),(302,49),(244,70),(158,46),(65,93),(109,49),(301,90),(112,50),(281,109),(206,135),(321,85),(219,117),(73,106),(157,48),(292,119),(298,135),(45,74),
53:(310,55),(279,89),(266,58),(211,146),(302,50),(244,69),(158,47),(65,94),(109,50),(301,91),(113,50),(280,109),(206,134),(321,84),(218,117),(73,107),(157,49),(292,118),(298,136),(46,74),
54:(310,56),(278,89),(266,59),(210,146),(302,51),(245,69),(158,48),(66,94),(109,51),(300,91),(114,50),(279,109),(206,133),(321,83),(218,116),(73,108),(157,50),(291,118),(297,136),(46,75),
55:(310,57),(277,89),(266,60),(209,146),(302,52),(246,69),(158,49),(67,94),(109,52),(300,92),(115,50),(278,109),(206,132),(321,82),(217,116),(73,109),(157,51),(290,118),(297,137),(46,76),
56:(311,57),(277,88),(266,61),(208,146),(302,53),(247,69),(158,50),(68,94),(109,53),(299,92),(116,50),(277,109),(206,131),(321,81),(217,115),(73,110),(157,52),(290,117),(297,138),(46,77),
57:(312,57),(277,87),(266,62),(207,146),(301,53),(248,69),(158,51),(69,94),(108,53),(299,93),(117,50),(277,108),(206,130),(321,80),(217,114),(73,111),(157,53),(289,117),(297,139),(47,77),
58:(313,57),(277,86),(266,63),(206,146),(301,54),(249,69),(158,52),(70,94),(107,53),(299,94),(118,50),(277,107),(206,129),(321,79),(217,113),(73,112),(157,54),(288,117),(296,139),(48,77),
59:(313,58),(277,85),(266,64),(205,146),(300,54),(250,69),(158,53),(71,94),(107,54),(298,94),(119,50),(277,106),(206,128),(321,78),(216,113),(74,112),(157,55),(287,117),(296,140),(49,77),
60:(313,59),(276,85),(266,65),(204,146),(300,55),(251,69),(159,53),(72,94),(106,54),(298,95),(120,50),(276,106),(206,127),(321,77),(215,113),(74,113),(157,56),(286,117),(295,140),(49,78),
61:(313,60),(275,85),(266,66),(203,146),(300,56),(252,69),(159,54),(73,94),(105,54),(298,96),(121,50),(276,105),(206,126),(321,76),(214,113),(74,114),(157,57),(285,117),(294,140),(50,78),
62:(313,61),(274,85),(266,67),(202,146),(299,56),(253,69),(160,54),(73,95),(104,54),(297,96),(122,50),(275,105),(206,125),(321,75),(213,113),(75,114),(157,58),(284,117),(293,140),(50,79),
63:(314,61),(273,85),(266,68),(201,146),(298,56),(253,68),(161,54),(74,95),(103,54),(296,96),(123,50),(274,105),(206,124),(321,74),(212,113),(76,114),(157,59),(283,117),(293,141),(50,80),
64:(314,62),(272,85),(266,69),(200,146),(297,56),(253,67),(162,54),(74,96),(102,54),(296,97),(124,50),(273,105),(206,123),(321,73),(211,113),(77,114),(157,60),(282,117),(293,142),(50,81),
65:(314,63),(271,85),(266,70),(199,146),(297,57),(254,67),(163,54),(74,97),(101,54),(295,97),(125,50),(272,105),(206,122),(321,72),(210,113),(78,114),(157,61),(281,117),(292,142),(51,81),
66:(314,64),(270,85),(266,71),(198,146),(297,58),(254,66),(164,54),(74,98),(100,54),(294,97),(126,50),(271,105),(206,121),(321,71),(209,113),(79,114),(157,62),(280,117),(292,143),(51,82),
67:(314,65),(269,85),(266,72),(197,146),(297,59),(255,66),(165,54),(74,99),(99,54),(293,97),(127,50),(270,105),(206,120),(321,70),(208,113),(80,114),(157,63),(279,117),(291,143),(52,82),
68:(314,66),(268,85),(266,73),(196,146),(296,59),(255,65),(166,54),(74,100),(98,54),(293,98),(128,50),(269,105),(206,119),(321,69),(207,113),(81,114),(157,64),(278,117),(291,144),(53,82),
69:(314,67),(267,85),(266,74),(195,146),(295,59),(256,65),(167,54),(74,101),(97,54),(293,99),(129,50),(268,105),(206,118),(321,68),(206,113),(82,114),(157,65),(278,116),(290,144),(54,82),
70:(314,68),(266,85),(266,75),(194,146),(295,60),(257,65),(168,54),(74,102),(97,55),(293,100),(130,50),(267,105),(206,117),(321,67),(205,113),(83,114),(157,66),(277,116),(290,145),(55,82),
71:(314,69),(266,84),(266,76),(193,146),(294,60),(258,65),(169,54),(75,102),(97,56),(293,101),(131,50),(266,105),(206,116),(321,66),(204,113),(84,114),(157,67),(277,115),(289,145),(56,82),
72:(314,70),(265,84),(266,77),(192,146),(293,60),(259,65),(169,55),(76,102),(97,57),(293,102),(132,50),(265,105),(206,115),(321,65),(203,113),(85,114),(157,68),(277,114),(289,146),(57,82),
73:(314,71),(265,83),(266,78),(191,146),(292,60),(260,65),(169,56),(77,102),(96,57),(293,103),(133,50),(264,105),(206,114),(321,64),(202,113),(86,114),(157,69),(276,114),(289,147),(58,82),
74:(314,72),(265,82),(266,79),(190,146),(292,61),(261,65),(169,57),(78,102),(96,58),(292,103),(134,50),(263,105),(206,113),(321,63),(201,113),(87,114),(157,70),(276,113),(289,148),(59,82),
75:(314,73),(264,82),(266,80),(189,146),(291,61),(262,65),(170,57),(79,102),(95,58),(291,103),(134,51),(262,105),(206,113),(321,62),(200,113),(88,114),(157,71),(275,113),(289,149),(60,82),
76:(314,74),(264,81),(266,81),(188,146),(291,62),(263,65),(171,57),(80,102),(94,58),(291,104),(134,52),(261,105),(206,113),(321,61),(199,113),(89,114),(157,72),(274,113),(289,150),(61,82),
77:(314,75),(263,81),(266,82),(187,146),(291,63),(264,65),(172,57),(81,102),(93,58),(290,104),(134,53),(260,105),(206,113),(321,60),(198,113),(90,114),(157,73),(273,113),(288,150),(62,82),
78:(314,76),(262,81),(266,83),(186,146),(290,63),(265,65),(173,57),(82,102),(92,58),(290,105),(134,54),(259,105),(206,113),(321,59),(197,113),(91,114),(157,74),(272,113),(287,150),(63,82),
79:(314,77),(261,81),(266,84),(185,146),(290,64),(266,65),(173,58),(83,102),(91,58),(289,105),(135,54),(258,105),(206,113),(321,58),(196,113),(92,114),(157,75),(271,113),(286,150),(64,82),
80:(314,78),(260,81),(266,85),(184,146),(290,65),(266,64),(174,58),(84,102),(90,58),(288,105),(136,54),(257,105),(206,113),(321,57),(195,113),(93,114),(157,76),(270,113),(285,150),(65,82),
81:(314,79),(259,81),(266,86),(183,146),(290,66),(266,63),(175,58),(85,102),(89,58),(288,106),(137,54),(256,105),(206,113),(321,56),(194,113),(94,114),(157,77),(269,113),(284,150),(66,82),
82:(314,80),(258,81),(266,87),(182,146),(289,66),(266,62),(176,58),(85,103),(88,58),(287,106),(138,54),(255,105),(206,113),(321,55),(194,112),(95,114),(157,78),(268,113),(283,150),(67,82),
83:(314,81),(257,81),(266,88),(181,146),(288,66),(266,61),(177,58),(85,104),(87,58),(286,106),(139,54),(254,105),(206,113),(321,54),(194,111),(96,114),(157,79),(267,113),(282,150),(68,82),
84:(314,82),(256,81),(266,89),(180,146),(287,66),(266,60),(178,58),(86,104),(86,58),(285,106),(140,54),(253,105),(206,113),(321,53),(194,110),(97,114),(157,80),(266,113),(281,150),(69,82),
85:(314,83),(255,81),(266,90),(179,146),(286,66),(266,59),(179,58),(86,105),(86,59),(284,106),(141,54),(252,105),(206,113),(321,52),(194,109),(97,115),(157,81),(266,112),(280,150),(70,82),
86:(314,84),(254,81),(266,91),(178,146),(285,66),(266,58),(180,58),(86,106),(85,59),(283,106),(142,54),(251,105),(206,113),(321,51),(194,108),(97,116),(157,82),(266,111),(279,150),(71,82),
87:(314,85),(254,80),(266,92),(177,146),(284,66),(266,57),(181,58),(87,106),(85,60),(282,106),(143,54),(250,105),(206,113),(321,50),(193,108),(97,117),(157,83),(266,110),(278,150),(72,82),
88:(314,86),(254,79),(266,93),(176,146),(283,66),(266,56),(182,58),(88,106),(85,61),(281,106),(144,54),(249,105),(206,113),(321,49),(193,107),(98,117),(157,84),(265,110),(278,151),(73,82),
89:(314,87),(253,79),(266,94),(175,146),(282,66),(266,55),(183,58),(89,106),(85,62),(280,106),(145,54),(248,105),(206,113),(321,48),(193,106),(98,118),(157,85),(265,109),(278,152),(73,83),
90:(314,88),(253,78),(266,95),(174,146),(281,66),(266,54),(184,58),(90,106),(84,62),(279,106),(146,54),(247,105),(206,113),(321,47),(192,106),(98,119),(157,86),(265,108),(278,153),(73,84),
91:(314,89),(253,77),(266,96),(173,146),(280,66),(266,53),(185,58),(91,106),(83,62),(278,106),(147,54),(246,105),(206,113),(321,46),(191,106),(98,120),(157,87),(265,107),(278,154),(74,84),
92:(314,90),(253,76),(266,97),(172,146),(279,66),(267,53),(186,58),(92,106),(82,62),(278,107),(148,54),(245,105),(206,113),(321,45),(190,106),(98,121),(157,88),(265,106),(277,154),(74,85),
93:(314,91),(253,75),(266,98),(171,146),(278,66),(268,53),(187,58),(93,106),(81,62),(277,107),(149,54),(244,105),(206,113),(321,44),(190,105),(99,121),(157,89),(265,105),(276,154),(74,86),
94:(314,92),(253,74),(266,99),(170,146),(277,66),(269,53),(188,58),(94,106),(80,62),(277,108),(150,54),(243,105),(206,113),(321,43),(189,105),(100,121),(157,90),(265,104),(275,154),(74,87),
95:(314,93),(253,73),(266,100),(169,146),(277,67),(270,53),(189,58),(95,106),(79,62),(277,109),(151,54),(242,105),(206,113),(321,42),(188,105),(101,121),(157,91),(265,103),(274,154),(74,88),
96:(314,94),(252,73),(266,101),(168,146),(277,68),(271,53),(190,58),(96,106),(78,62),(277,110),(152,54),(242,104),(206,113),(321,41),(187,105),(102,121),(157,92),(265,102),(273,154),(74,89),
97:(314,95),(251,73),(266,102),(167,146),(277,69),(272,53),(191,58),(97,106),(77,62),(276,110),(153,54),(242,103),(206,113),(321,40),(186,105),(103,121),(157,93),(265,101),(272,154),(74,90),
98:(314,96),(250,73),(266,103),(166,146),(276,69),(273,53),(192,58),(97,107),(76,62),(275,110),(154,54),(242,102),(206,113),(321,39),(185,105),(103,122),(157,94),(265,100),(271,154),(75,90),
99:(314,97),(249,73),(266,104),(165,146),(276,70),(274,53),(193,58),(98,107),(75,62),(274,110),(154,54),(242,101),(206,113),(321,38),(184,105),(104,122),(157,95),(265,99),(270,154),(76,90),
100:(314,98),(248,73),(266,105),(164,146),(275,70),(275,53),(194,58),(98,108),(74,62),(273,110),(154,54),(241,101),(206,113),(321,38),(183,105),(105,122),(157,96),(265,98),(269,154),(77,90),
101:(314,99),(247,73),(266,106),(164,146),(274,70),(276,53),(194,59),(98,109),(73,62),(272,110),(154,54),(241,100),(206,113),(321,38),(182,105),(106,122),(157,97),(265,97),(268,154),(78,90),
102:(314,100),(246,73),(266,107),(164,146),(273,70),(277,53),(194,60),(99,109),(73,63),(271,110),(154,54),(241,99),(206,113),(321,38),(182,104),(107,122),(157,98),(265,96),(267,154),(79,90),
103:(314,101),(245,73),(266,108),(164,146),(272,70),(277,52),(194,61),(99,110),(73,64),(270,110),(154,54),(241,98),(206,113),(321,38),(182,103),(108,122),(157,99),(265,95),(266,154),(80,90),
104:(314,102),(244,73),(266,109),(164,146),(271,70),(278,52),(194,62),(100,110),(73,65),(269,110),(154,54),(241,97),(206,113),(321,38),(182,102),(109,122),(157,100),(265,94),(265,154),(81,90),
105:(314,103),(243,73),(266,110),(164,146),(270,70),(278,51),(194,63),(101,110),(73,66),(268,110),(154,54),(241,96),(206,113),(321,38),(181,102),(110,122),(157,101),(265,93),(264,154),(82,90),
106:(314,104),(242,73),(266,111),(164,146),(269,70),(278,50),(194,64),(102,110),(73,67),(267,110),(154,54),(241,95),(206,113),(321,38),(181,101),(110,123),(157,102),(265,92),(263,154),(83,90),
107:(314,105),(241,73),(266,112),(164,146),(268,70),(278,49),(194,65),(103,110),(73,68),(266,110),(154,54),(241,94),(206,113),(321,38),(181,100),(110,124),(157,103),(265,91),(262,154),(84,90),
108:(314,106),(240,73),(266,113),(164,146),(267,70),(278,48),(195,65),(104,110),(73,69),(265,110),(154,54),(241,93),(206,113),(321,38),(181,99),(110,125),(157,104),(265,90),(261,154),(85,90),
109:(314,107),(239,73),(266,114),(164,146),(266,70),(278,47),(195,66),(105,110),(73,70),(264,110),(154,54),(241,92),(206,113),(321,38),(181,98),(110,126),(157,105),(265,89),(260,154),(86,90),
110:(314,108),(238,73),(266,115),(164,146),(266,71),(278,46),(196,66),(106,110),(73,71),(263,110),(154,54),(241,91),(206,113),(321,38),(180,98),(111,126),(157,106),(265,88),(259,154),(87,90),
111:(314,109),(237,73),(266,116),(164,146),(265,71),(278,45),(197,66),(107,110),(73,72),(262,110),(154,54),(241,90),(206,113),(321,38),(179,98),(112,126),(157,107),(265,87),(258,154),(88,90),
112:(314,110),(236,73),(266,117),(164,146),(265,72),(278,44),(198,66),(108,110),(73,73),(261,110),(154,54),(241,89),(206,113),(321,38),(178,98),(113,126),(157,108),(265,86),(257,154),(89,90),
113:(314,111),(235,73),(266,118),(164,146),(265,73),(278,43),(199,66),(109,110),(73,74),(260,110),(154,54),(241,88),(206,113),(321,38),(177,98),(114,126),(157,109),(265,85),(256,154),(90,90),
114:(314,112),(234,73),(266,119),(164,146),(265,74),(278,42),(200,66),(110,110),(73,75),(259,110),(154,54),(241,87),(206,113),(321,38),(177,97),(115,126),(157,110),(265,84),(255,154),(91,90),
115:(314,113),(233,73),(266,120),(164,146),(264,74),(278,41),(201,66),(110,111),(73,76),(258,110),(154,54),(241,86),(206,113),(321,38),(176,97),(116,126),(157,111),(265,83),(254,154),(92,90),
116:(314,114),(232,73),(266,121),(164,146),(263,74),(278,40),(202,66),(110,112),(73,77),(257,110),(154,54),(241,85),(206,113),(321,38),(175,97),(117,126),(157,112),(265,82),(253,154),(93,90),
117:(314,115),(231,73),(266,122),(164,146),(262,74),(278,39),(203,66),(110,113),(73,78),(256,110),(154,54),(241,84),(206,113),(321,38),(174,97),(118,126),(157,113),(265,81),(252,154),(94,90),
118:(314,116),(230,73),(266,123),(164,146),(261,74),(278,38),(204,66),(110,114),(73,79),(255,110),(154,54),(241,83),(206,113),(321,38),(173,97),(119,126),(157,114),(265,80),(251,154),(95,90),
119:(314,117),(229,73),(266,124),(164,146),(260,74),(278,37),(205,66),(110,115),(73,80),(254,110),(154,54),(241,82),(206,113),(321,38),(172,97),(120,126),(157,115),(265,79),(250,154),(96,90),
120:(314,118),(229,72),(266,125),(164,146),(259,74),(278,36),(205,67),(110,116),(73,81),(253,110),(154,54),(241,81),(206,113),(321,38),(171,97),(121,126),(157,116),(265,78),(249,154),(97,90),
121:(314,119),(229,71),(266,126),(164,146),(258,74),(278,35),(205,68),(110,117),(73,82),(252,110),(154,54),(241,80),(206,113),(321,38),(170,97),(122,126),(157,117),(264,78),(248,154),(98,90),
122:(314,120),(229,70),(266,127),(164,146),(257,74),(278,34),(205,69),(110,118),(73,83),(251,110),(154,54),(241,79),(206,113),(321,38),(169,97),(123,126),(157,118),(263,78),(247,154),(98,91),
123:(314,121),(228,70),(266,128),(164,146),(256,74),(278,33),(205,70),(110,119),(73,84),(250,110),(154,54),(241,78),(206,113),(321,38),(168,97),(124,126),(157,119),(262,78),(246,154),(98,92),
124:(314,122),(227,70),(266,129),(164,146),(255,74),(278,32),(205,71),(110,120),(73,85),(249,110),(154,54),(241,77),(206,113),(321,38),(167,97),(125,126),(157,120),(261,78),(245,154),(98,93),
125:(314,123),(226,70),(266,130),(164,146),(254,74),(278,31),(206,71),(110,121),(73,86),(248,110),(154,54),(241,76),(206,113),(321,38),(166,97),(126,126),(157,121),(260,78),(244,154),(99,93),
126:(314,124),(225,70),(266,131),(164,146),(254,75),(278,30),(206,72),(110,122),(73,87),(247,110),(154,54),(241,75),(206,113),(321,38),(165,97),(127,126),(157,122),(259,78),(243,154),(100,93),
127:(314,125),(224,70),(266,132),(164,146),(253,75),(278,29),(206,73),(110,123),(73,88),(246,110),(154,54),(241,74),(206,113),(321,38),(164,97),(128,126),(157,123),(258,78),(242,154),(100,94),
128:(314,126),(223,70),(266,133),(164,146),(253,76),(278,28),(207,73),(110,124),(73,89),(245,110),(154,54),(241,73),(206,113),(321,38),(163,97),(129,126),(157,124),(258,78),(241,154),(101,94),
129:(314,127),(222,70),(266,134),(164,146),(253,77),(278,27),(207,74),(110,125),(73,90),(244,110),(154,54),(241,72),(206,113),(321,38),(162,97),(130,126),(157,125),(258,78),(240,154),(102,94),
130:(314,128),(221,70),(266,135),(164,146),(252,77),(278,26),(208,74),(110,126),(73,91),(243,110),(154,54),(241,71),(206,113),(321,38),(161,97),(131,126),(157,126),(258,78),(239,154),(103,94),
131:(314,129),(220,70),(266,136),(164,146),(251,77),(278,25),(209,74),(110,127),(73,92),(242,110),(154,54),(241,70),(206,113),(321,38),(160,97),(132,126),(157,127),(258,78),(238,154),(104,94),
132:(314,130),(219,70),(266,137),(164,146),(250,77),(278,24),(210,74),(110,128),(73,93),(241,110),(154,54),(241,69),(206,113),(321,38),(159,97),(133,126),(157,128),(258,78),(237,154),(105,94),
133:(314,131),(218,70),(266,138),(164,146),(249,77),(278,23),(211,74),(110,129),(73,94),(240,110),(154,54),(241,68),(206,113),(321,38),(158,97),(134,126),(157,129),(258,78),(236,154),(106,94),
134:(314,132),(217,70),(266,139),(164,146),(249,78),(278,22),(212,74),(110,130),(73,95),(239,110),(154,54),(241,67),(206,113),(321,38),(157,97),(135,126),(157,130),(258,78),(235,154),(107,94),
135:(314,133),(216,70),(266,140),(164,146),(248,78),(279,22),(213,74),(110,131),(73,96),(238,110),(154,54),(241,66),(206,113),(321,38),(156,97),(136,126),(157,131),(258,78),(234,154),(108,94),
136:(314,134),(215,70),(266,141),(164,146),(247,78),(279,22),(214,74),(110,132),(73,97),(237,110),(154,54),(241,65),(206,113),(321,38),(155,97),(137,126),(157,132),(258,78),(233,154),(109,94),
137:(314,135),(214,70),(266,142),(164,146),(246,78),(279,22),(215,74),(110,133),(73,98),(236,110),(154,54),(241,64),(206,113),(321,38),(154,97),(138,126),(157,133),(258,78),(232,154),(109,95),
138:(314,136),(213,70),(266,143),(164,146),(245,78),(279,22),(216,74),(110,134),(73,99),(235,110),(154,54),(241,63),(206,113),(321,38),(153,97),(139,126),(157,134),(258,78),(231,154),(109,96),
139:(314,137),(212,70),(266,144),(164,146),(244,78),(279,22),(217,74),(110,135),(73,100),(234,110),(154,54),(241,62),(206,113),(321,38),(152,97),(140,126),(157,135),(258,78),(230,154),(109,97),
140:(314,138),(211,70),(266,145),(164,146),(243,78),(279,22),(218,74),(110,136),(73,101),(233,110),(154,54),(241,61),(206,113),(321,38),(151,97),(141,126),(157,136),(258,78),(229,154),(110,97),
141:(314,139),(210,70),(266,146),(164,146),(242,78),(279,22),(218,75),(110,137),(73,102),(232,110),(154,54),(241,60),(206,113),(321,38),(150,97),(142,126),(157,137),(258,78),(228,154),(110,98),
142:(314,140),(209,70),(266,147),(164,146),(242,79),(279,22),(218,76),(110,138),(73,103),(231,110),(154,54),(241,59),(206,113),(321,38),(149,97),(143,126),(157,138),(258,78),(227,154),(110,99),
143:(314,141),(208,70),(266,148),(164,146),(242,80),(279,22),(218,77),(110,139),(73,104),(230,110),(154,54),(241,58),(206,113),(321,38),(148,97),(144,126),(157,139),(258,78),(226,154),(110,100),
144:(314,142),(207,70),(266,149),(164,146),(241,80),(279,22),(219,77),(110,140),(73,105),(229,110),(154,54),(241,57),(206,113),(321,38),(147,97),(145,126),(157,140),(258,78),(225,154),(110,101),
145:(314,143),(206,70),(266,150),(164,146),(241,81),(279,22),(219,78),(110,141),(73,106),(229,111),(154,54),(241,56),(206,113),(321,38),(146,97),(145,127),(157,141),(258,78),(224,154),(111,101),
146:(314,144),(205,70),(266,151),(164,146),(240,81),(279,22),(220,78),(110,142),(73,107),(229,112),(154,54),(241,55),(206,113),(321,38),(145,97),(146,127),(157,142),(258,78),(223,154),(112,101),
147:(314,145),(204,70),(266,152),(164,146),(240,82),(279,22),(221,78),(110,143),(73,108),(229,113),(154,54),(241,54),(206,113),(321,38),(144,97),(146,128),(157,143),(258,78),(222,154),(113,101),
148:(314,146),(203,70),(266,153),(164,146),(239,82),(279,22),(222,78),(110,144),(73,109),(229,114),(154,54),(241,53),(206,113),(321,38),(143,97),(146,129),(157,144),(258,78),(221,154),(114,101),
149:(314,147),(202,70),(266,154),(164,146),(238,82),(279,22),(223,78),(110,145),(73,110),(229,115),(154,54),(241,52),(206,113),(321,38),(142,97),(147,129),(157,145),(258,78),(220,154),(115,101),
150:(314,147),(201,70),(266,155),(164,146),(237,82),(279,22),(224,78),(111,145),(73,111),(229,116),(154,54),(241,51),(206,113),(321,38),(141,97),(147,130),(157,146),(258,78),(219,154),(116,101),
151:(314,147),(200,70),(266,156),(164,146),(236,82),(279,22),(225,78),(111,145),(73,112),(229,117),(154,54),(241,50),(206,113),(321,38),(140,97),(148,130),(157,147),(258,78),(218,154),(117,101),
152:(314,147),(199,70),(266,157),(164,146),(235,82),(279,22),(226,78),(111,145),(73,113),(228,117),(154,54),(241,49),(206,113),(321,38),(139,97),(149,130),(157,148),(258,78),(217,154),(118,101),
153:(314,147),(198,70),(266,157),(164,146),(234,82),(279,22),(227,78),(111,145),(73,114),(227,117),(154,54),(241,48),(206,113),(321,38),(138,97),(150,130),(157,149),(258,78),(216,154),(119,101),
154:(314,147),(197,70),(266,157),(164,146),(233,82),(279,22),(228,78),(111,145),(73,115),(226,117),(154,54),(241,47),(206,113),(321,38),(137,97),(151,130),(157,150),(258,78),(215,154),(119,102),
155:(314,147),(196,70),(266,157),(164,146),(232,82),(279,22),(229,78),(111,145),(73,116),(226,118),(154,54),(241,46),(206,113),(321,38),(136,97),(152,130),(157,151),(258,78),(214,154),(120,102),
156:(314,147),(195,70),(266,157),(164,146),(231,82),(279,22),(230,78),(111,145),(73,117),(225,118),(154,54),(240,46),(206,113),(321,38),(135,97),(153,130),(157,152),(258,78),(213,154),(121,102),
157:(314,147),(194,70),(266,157),(164,146),(230,82),(279,22),(231,78),(111,145),(73,118),(224,118),(154,54),(240,45),(206,113),(321,38),(134,97),(154,130),(157,153),(258,78),(212,154),(121,103),
158:(314,147),(193,70),(266,157),(164,146),(229,82),(279,22),(232,78),(111,145),(73,119),(223,118),(154,54),(239,45),(206,113),(321,38),(133,97),(155,130),(157,154),(258,78),(211,154),(121,104),
159:(314,147),(192,70),(266,157),(164,146),(229,83),(279,22),(233,78),(111,145),(73,120),(222,118),(154,54),(238,45),(206,113),(321,38),(132,97),(156,130),(157,155),(258,78),(210,154),(121,105),
160:(314,147),(191,70),(266,157),(164,146),(229,84),(279,22),(234,78),(111,145),(73,121),(221,118),(154,54),(237,45),(206,113),(321,38),(131,97),(157,130),(157,156),(258,78),(209,154),(122,105),
161:(314,147),(190,70),(266,157),(164,146),(229,85),(279,22),(235,78),(111,145),(73,122),(220,118),(154,54),(236,45),(206,113),(321,38),(130,97),(157,131),(157,157),(258,78),(208,154),(123,105),
162:(314,147),(189,70),(266,157),(164,146),(229,86),(279,22),(236,78),(111,145),(73,123),(219,118),(154,54),(235,45),(206,113),(321,38),(129,97),(158,131),(157,158),(258,78),(207,154),(123,106),
163:(314,147),(188,70),(266,157),(164,146),(228,86),(279,22),(237,78),(111,145),(73,124),(218,118),(154,54),(234,45),(206,113),(321,38),(128,97),(158,132),(156,158),(258,78),(206,154),(124,106),
164:(314,147),(187,70),(266,157),(164,146),(227,86),(279,22),(238,78),(111,145),(73,125),(218,119),(154,54),(233,45),(206,113),(321,38),(127,97),(158,133),(156,158),(258,78),(205,154),(125,106),
165:(314,147),(186,70),(266,157),(164,146),(226,86),(279,22),(239,78),(111,145),(73,126),(217,119),(154,54),(233,45),(206,113),(321,38),(126,97),(159,133),(156,158),(258,78),(204,154),(126,106),
166:(314,147),(185,70),(266,157),(164,146),(225,86),(279,22),(240,78),(111,145),(73,127),(217,120),(154,54),(233,45),(206,113),(321,38),(125,97),(159,134),(156,158),(258,78),(203,154),(127,106),
167:(314,147),(184,70),(266,157),(164,146),(224,86),(279,22),(241,78),(111,145),(73,128),(217,121),(154,54),(233,45),(206,113),(321,38),(124,97),(160,134),(156,158),(258,78),(202,154),(128,106),
168:(314,147),(183,70),(266,157),(164,146),(223,86),(279,22),(242,78),(111,145),(73,129),(217,122),(154,54),(233,45),(206,113),(321,38),(123,97),(161,134),(156,158),(258,78),(201,154),(129,106),
169:(314,147),(182,70),(266,157),(164,146),(222,86),(279,22),(243,78),(111,145),(73,130),(216,122),(154,54),(233,45),(206,113),(321,38),(122,97),(162,134),(156,158),(258,78),(200,154),(130,106),
170:(314,147),(181,70),(266,157),(164,146),(221,86),(279,22),(244,78),(111,145),(73,131),(215,122),(154,54),(233,45),(206,113),(321,38),(121,97),(163,134),(156,158),(258,78),(199,154),(131,106),
171:(314,147),(180,70),(266,157),(164,146),(220,86),(279,22),(245,78),(111,145),(73,132),(214,122),(154,54),(233,45),(206,113),(321,38),(120,97),(164,134),(156,158),(258,78),(198,154),(132,106),
172:(314,147),(179,70),(266,157),(164,146),(219,86),(279,22),(246,78),(111,145),(73,133),(213,122),(154,54),(233,45),(206,113),(321,38),(119,97),(165,134),(156,158),(258,78),(197,154),(133,106),
173:(314,147),(178,70),(266,157),(164,146),(218,86),(279,22),(247,78),(111,145),(73,134),(212,122),(154,54),(233,45),(206,113),(321,38),(118,97),(166,134),(156,158),(258,78),(196,154),(134,106),
174:(314,147),(177,70),(266,157),(164,146),(217,86),(279,22),(248,78),(111,145),(73,135),(211,122),(154,54),(233,45),(206,113),(321,38),(117,97),(167,134),(156,158),(258,78),(195,154),(134,107),
175:(314,147),(176,70),(266,157),(164,146),(217,87),(279,22),(249,78),(111,145),(73,136),(210,122),(154,54),(233,45),(206,113),(321,38),(116,97),(168,134),(156,158),(258,78),(194,154),(134,108),
176:(314,147),(175,70),(266,157),(164,146),(217,88),(279,22),(250,78),(111,145),(73,137),(209,122),(154,54),(233,45),(206,113),(321,38),(115,97),(169,134),(156,158),(258,78),(193,154),(134,109),
177:(314,147),(174,70),(266,157),(164,146),(217,89),(279,22),(251,78),(111,145),(73,138),(208,122),(154,54),(233,45),(206,113),(321,38),(114,97),(169,135),(156,158),(258,78),(192,154),(134,110),
178:(314,147),(173,70),(266,157),(164,146),(217,90),(279,22),(252,78),(111,145),(73,139),(207,122),(154,54),(233,45),(206,113),(321,38),(113,97),(169,136),(156,158),(258,78),(191,154),(135,110),
179:(314,147),(172,70),(266,157),(164,146),(216,90),(279,22),(253,78),(111,145),(73,140),(206,122),(154,54),(233,45),(206,113),(321,38),(112,97),(170,136),(156,158),(258,78),(190,154),(136,110),
180:(314,147),(171,70),(266,157),(164,146),(215,90),(279,22),(254,78),(111,145),(73,141),(206,123),(154,54),(233,45),(206,113),(321,38),(111,97),(170,137),(156,158),(258,78),(189,154),(137,110),
181:(314,147),(170,70),(266,157),(164,146),(214,90),(279,22),(255,78),(111,145),(72,141),(205,123),(154,54),(233,45),(206,113),(321,38),(110,97),(170,138),(156,158),(258,78),(188,154),(138,110),
182:(314,147),(169,70),(266,157),(164,146),(213,90),(279,22),(256,78),(111,145),(71,141),(205,124),(154,54),(233,45),(206,113),(321,38),(109,97),(171,138),(156,158),(258,78),(187,154),(139,110),
183:(314,147),(168,70),(266,157),(164,146),(212,90),(279,22),(257,78),(111,145),(70,141),(205,125),(154,54),(233,45),(206,113),(321,38),(108,97),(172,138),(156,158),(258,78),(186,154),(140,110),
184:(314,147),(167,70),(266,157),(164,146),(211,90),(279,22),(258,78),(111,145),(69,141),(205,126),(154,54),(233,45),(206,113),(321,38),(107,97),(173,138),(156,158),(258,77),(185,154),(141,110),
185:(314,147),(166,70),(266,157),(164,146),(210,90),(279,22),(259,78),(111,145),(68,141),(205,127),(154,54),(233,45),(206,113),(321,38),(106,97),(174,138),(156,158),(258,78),(184,154),(142,110),
186:(314,147),(165,70),(266,157),(164,146),(209,90),(279,22),(260,78),(111,145),(67,141),(205,128),(154,54),(233,45),(206,113),(321,38),(105,97),(175,138),(156,158),(258,78),(184,154),(143,110),
187:(314,147),(164,70),(266,157),(164,146),(208,90),(279,22),(261,78),(111,145),(66,141),(205,129),(154,54),(233,45),(206,113),(321,38),(104,97),(176,138),(156,158),(258,78),(184,154),(144,110),
188:(314,147),(163,70),(266,157),(164,146),(207,90),(279,22),(262,78),(111,145),(65,141),(205,130),(154,54),(233,45),(206,113),(321,38),(103,97),(177,138),(156,158),(258,78),(184,154),(145,110),
189:(314,147),(162,70),(266,157),(164,146),(206,90),(279,22),(263,78),(111,145),(65,141),(204,130),(154,54),(233,45),(206,113),(321,38),(102,97),(178,138),(156,158),(258,78),(184,154),(146,110),
190:(314,147),(161,70),(266,157),(164,146),(206,91),(279,22),(264,78),(111,145),(65,141),(203,130),(154,54),(233,45),(206,113),(321,38),(101,97),(179,138),(156,158),(258,78),(184,154),(146,111),
191:(314,147),(160,70),(266,157),(164,146),(206,92),(279,22),(265,78),(111,145),(65,141),(202,130),(154,54),(233,45),(206,113),(321,38),(100,97),(180,138),(156,158),(258,78),(184,154),(146,112),
192:(314,147),(159,70),(266,157),(164,146),(206,93),(279,22),(266,78),(111,145),(65,141),(201,130),(154,54),(233,45),(206,113),(321,38),(99,97),(181,138),(156,158),(258,78),(184,154),(146,113),
193:(314,147),(158,70),(266,157),(164,146),(205,93),(279,22),(267,78),(111,145),(65,141),(200,130),(154,54),(233,45),(206,113),(321,38),(98,97),(182,138),(156,158),(258,78),(184,154),(146,114),
194:(314,147),(157,70),(266,157),(164,146),(205,94),(279,22),(268,78),(111,145),(65,141),(199,130),(154,54),(233,45),(206,113),(321,38),(97,97),(182,139),(156,158),(258,78),(184,154),(147,114),
195:(314,147),(156,70),(266,157),(164,146),(204,94),(279,22),(269,78),(111,145),(65,141),(198,130),(154,54),(233,45),(206,113),(321,38),(96,97),(182,140),(156,158),(258,78),(184,154),(148,114),
196:(314,147),(155,70),(266,157),(164,146),(203,94),(279,22),(270,78),(111,145),(65,141),(197,130),(154,54),(233,45),(206,113),(321,38),(95,97),(182,141),(156,158),(258,78),(184,154),(149,114),
197:(314,147),(154,70),(266,157),(164,146),(202,94),(279,22),(271,78),(111,145),(65,141),(196,130),(154,54),(233,45),(206,113),(321,38),(95,97),(182,142),(156,158),(258,78),(184,154),(150,114),
198:(314,147),(153,70),(266,157),(164,146),(201,94),(279,22),(272,78),(111,145),(65,141),(195,130),(154,54),(233,45),(206,113),(321,38),(95,97),(182,143),(156,158),(258,78),(184,154),(151,114),
199:(314,147),(152,70),(266,157),(164,146),(200,94),(279,22),(273,78),(111,145),(65,141),(194,130),(154,54),(233,45),(206,113),(321,38),(95,97),(182,144),(156,158),(258,78),(184,154),(152,114),
200:(314,147),(151,70),(266,157),(164,146),(199,94),(279,22),(274,78),(111,145),(65,141),(193,130),(154,54),(233,45),(206,113),(321,38),(95,97),(182,145),(156,158),(258,78),(184,154),(153,114),
201:(314,147),(150,70),(266,157),(164,146),(198,94),(279,22),(275,78),(111,145),(65,141),(192,130),(154,54),(233,45),(206,113),(321,38),(95,97),(182,146),(156,158),(258,78),(184,154),(154,114),
202:(314,147),(149,70),(266,157),(164,146),(197,94),(279,22),(276,78),(111,145),(65,141),(191,130),(154,54),(233,45),(206,113),(321,38),(95,97),(183,146),(156,158),(258,78),(184,154),(155,114),
203:(314,147),(148,70),(266,157),(164,146),(196,94),(279,22),(277,78),(111,145),(65,141),(190,130),(154,54),(233,45),(206,113),(321,38),(95,97),(184,146),(156,158),(258,78),(184,154),(156,114),
204:(314,147),(147,70),(266,157),(164,146),(195,94),(279,22),(278,78),(111,145),(65,141),(189,130),(154,54),(233,45),(206,113),(321,38),(95,97),(185,146),(156,158),(258,78),(184,154),(157,114),
205:(314,147),(146,70),(266,157),(164,146),(194,94),(279,22),(279,78),(111,145),(65,141),(188,130),(154,54),(233,45),(206,113),(321,38),(95,97),(186,146),(156,158),(258,78),(184,154),(158,114),
206:(314,147),(145,70),(266,157),(164,146),(193,94),(279,22),(280,78),(111,145),(65,141),(187,130),(154,54),(233,45),(206,113),(321,38),(95,97),(187,146),(156,158),(258,78),(184,154),(159,114),
207:(314,147),(144,70),(266,157),(164,146),(192,94),(279,22),(281,78),(111,145),(65,141),(186,130),(154,54),(233,45),(206,113),(321,38),(95,97),(188,146),(156,158),(258,78),(184,154),(160,114),
208:(314,147),(143,70),(266,157),(164,146),(191,94),(279,22),(282,78),(111,145),(65,141),(185,130),(154,54),(233,45),(206,113),(321,38),(95,97),(189,146),(156,158),(258,78),(184,154),(161,114),
209:(314,147),(142,70),(266,157),(164,146),(190,94),(279,22),(283,78),(111,145),(65,141),(184,130),(154,54),(233,45),(206,113),(321,38),(95,97),(190,146),(156,158),(258,78),(184,154),(162,114),
210:(314,147),(141,70),(266,157),(164,146),(189,94),(279,22),(284,78),(111,145),(65,141),(183,130),(154,54),(233,45),(206,113),(321,38),(95,97),(191,146),(156,158),(258,78),(184,154),(163,114),
211:(314,147),(140,70),(266,157),(164,146),(188,94),(279,22),(285,78),(111,145),(65,141),(182,130),(154,54),(233,45),(206,113),(321,38),(95,97),(192,146),(156,158),(258,78),(184,154),(164,114),
212:(314,147),(139,70),(266,157),(164,146),(187,94),(279,22),(286,78),(111,145),(65,141),(182,131),(154,54),(233,45),(206,113),(321,38),(95,97),(193,146),(156,158),(258,78),(184,154),(165,114),
213:(314,147),(138,70),(266,157),(164,146),(186,94),(279,22),(287,78),(111,145),(65,141),(182,132),(154,54),(233,45),(206,113),(321,38),(95,97),(194,146),(156,158),(258,78),(184,154),(166,114),
214:(314,147),(137,70),(266,157),(164,146),(185,94),(279,22),(288,78),(111,145),(65,141),(182,133),(154,54),(233,45),(206,113),(321,38),(95,97),(194,147),(156,158),(258,78),(184,154),(167,114),
215:(314,147),(136,70),(266,157),(164,146),(184,94),(279,22),(289,78),(111,145),(65,141),(182,134),(154,54),(233,45),(206,113),(321,38),(95,97),(194,148),(156,158),(258,78),(184,154),(168,114),
216:(314,147),(135,70),(266,157),(164,146),(183,94),(279,22),(289,79),(111,145),(65,141),(182,135),(154,54),(233,45),(206,113),(321,38),(95,97),(194,149),(156,158),(258,78),(184,154),(169,114),
217:(314,147),(134,70),(266,157),(164,146),(182,94),(279,22),(290,79),(111,145),(65,141),(182,136),(154,54),(233,45),(206,113),(321,38),(95,97),(195,149),(156,158),(258,78),(184,154),(169,115),
218:(314,147),(133,70),(266,157),(164,146),(181,94),(279,22),(290,80),(111,145),(65,141),(181,136),(154,54),(233,45),(206,113),(321,38),(95,97),(196,149),(156,158),(258,78),(184,154),(170,115),
219:(314,147),(132,70),(266,157),(164,146),(180,94),(279,22),(291,80),(111,145),(65,141),(181,137),(154,54),(233,45),(206,113),(321,38),(95,97),(197,149),(156,158),(258,78),(184,154),(170,116),
220:(314,147),(131,70),(266,157),(164,146),(179,94),(279,22),(292,80),(111,145),(65,141),(181,138),(154,54),(233,45),(206,113),(321,38),(95,97),(198,149),(156,158),(258,78),(184,154),(170,117),
221:(314,147),(130,70),(266,157),(164,146),(178,94),(279,22),(293,80),(111,145),(65,141),(180,138),(154,54),(233,45),(206,113),(321,38),(95,97),(198,150),(156,158),(258,78),(184,154),(171,117),
222:(314,147),(129,70),(266,157),(164,146),(177,94),(279,22),(294,80),(111,145),(65,141),(179,138),(154,54),(233,45),(206,113),(321,38),(95,97),(199,150),(156,158),(258,78),(184,154),(171,118),
223:(314,147),(128,70),(266,157),(164,146),(176,94),(279,22),(295,80),(111,145),(65,141),(178,138),(154,54),(233,45),(206,113),(321,38),(95,97),(200,150),(156,158),(258,78),(184,154),(172,118),
224:(314,147),(127,70),(266,157),(164,146),(175,94),(279,22),(296,80),(111,145),(65,141),(177,138),(154,54),(233,45),(206,113),(321,38),(95,97),(201,150),(156,158),(258,78),(184,154),(173,118),
225:(314,147),(126,70),(266,157),(164,146),(174,94),(279,22),(297,80),(111,145),(65,141),(176,138),(154,54),(233,45),(206,113),(321,38),(95,97),(202,150),(156,158),(258,78),(184,154),(174,118),
226:(314,147),(125,70),(266,157),(164,146),(173,94),(279,22),(298,80),(111,145),(65,141),(175,138),(154,54),(233,45),(206,113),(321,38),(95,97),(203,150),(156,158),(258,78),(184,154),(175,118),
227:(314,147),(124,70),(266,157),(164,146),(172,94),(279,22),(299,80),(111,145),(65,141),(174,138),(154,54),(233,45),(206,113),(321,38),(95,97),(204,150),(156,158),(258,78),(184,154),(176,118),
228:(314,147),(123,70),(266,157),(164,146),(171,94),(279,22),(300,80),(111,145),(65,141),(173,138),(154,54),(233,45),(206,113),(321,38),(95,97),(205,150),(156,158),(258,78),(184,154),(177,118),
229:(314,147),(122,70),(266,157),(164,146),(170,94),(279,22),(301,80),(111,145),(65,141),(172,138),(154,54),(233,45),(206,113),(321,38),(95,97),(206,150),(156,158),(258,78),(184,154),(178,118),
230:(314,147),(121,70),(266,157),(164,146),(170,95),(279,22),(302,80),(111,145),(65,141),(171,138),(154,54),(233,45),(206,113),(321,38),(95,97),(207,150),(156,158),(258,78),(184,154),(179,118),
231:(314,147),(120,70),(266,157),(164,146),(169,95),(279,22),(303,80),(111,145),(65,141),(170,138),(154,54),(233,45),(206,113),(321,38),(95,97),(208,150),(156,158),(258,78),(184,154),(180,118),
232:(314,147),(119,70),(266,157),(164,146),(169,96),(279,22),(304,80),(111,145),(65,141),(169,138),(154,54),(233,45),(206,113),(321,38),(95,97),(209,150),(156,158),(258,78),(184,154),(181,118),
233:(314,147),(118,70),(266,157),(164,146),(169,97),(279,22),(305,80),(111,145),(65,141),(168,138),(154,54),(233,45),(206,113),(321,38),(95,97),(210,150),(156,158),(258,78),(184,154),(181,119),
234:(314,147),(117,70),(266,157),(164,146),(168,97),(279,22),(306,80),(111,145),(65,141),(167,138),(154,54),(233,45),(206,113),(321,38),(95,97),(211,150),(156,158),(258,78),(184,154),(182,119),
235:(314,147),(116,70),(266,157),(164,146),(167,97),(279,22),(307,80),(111,145),(65,141),(166,138),(154,54),(233,45),(206,113),(321,38),(95,97),(212,150),(156,158),(258,78),(184,154),(182,120),
236:(314,147),(115,70),(266,157),(164,146),(166,97),(279,22),(307,80),(111,145),(65,141),(165,138),(154,54),(233,45),(206,113),(321,38),(95,97),(213,150),(156,158),(258,78),(184,154),(182,121),
237:(314,147),(114,70),(266,157),(164,146),(165,97),(279,22),(307,80),(111,145),(65,141),(164,138),(154,54),(233,45),(206,113),(321,38),(95,97),(214,150),(156,158),(258,78),(184,154),(182,122),
238:(314,147),(113,70),(266,157),(164,146),(164,97),(279,22),(307,80),(111,145),(65,141),(163,138),(154,54),(233,45),(206,113),(321,38),(95,97),(215,150),(156,158),(258,78),(184,154),(182,123),
239:(314,147),(112,70),(266,157),(164,146),(163,97),(279,22),(307,80),(111,145),(65,141),(162,138),(154,54),(233,45),(206,113),(321,38),(95,97),(216,150),(156,158),(258,78),(184,154),(182,124),
240:(314,147),(111,70),(266,157),(164,146),(163,98),(279,22),(307,80),(111,145),(65,141),(161,138),(154,54),(233,45),(206,113),(321,38),(95,97),(217,150),(156,158),(258,78),(184,154),(182,125),
241:(314,147),(110,70),(266,157),(164,146),(162,98),(279,22),(307,80),(111,145),(65,141),(160,138),(154,54),(233,45),(206,113),(321,38),(95,97),(218,150),(156,158),(258,78),(184,154),(183,125),
242:(314,147),(109,70),(266,157),(164,146),(161,98),(279,22),(307,80),(111,145),(65,141),(159,138),(154,54),(233,45),(206,113),(321,38),(95,97),(219,150),(156,158),(258,78),(184,154),(183,126),
243:(314,147),(108,70),(266,157),(164,146),(160,98),(279,22),(307,80),(111,145),(65,141),(158,138),(154,54),(233,45),(206,113),(321,38),(95,97),(220,150),(156,158),(258,78),(184,154),(184,126),
244:(314,147),(107,70),(266,157),(164,146),(159,98),(279,22),(307,80),(111,145),(65,141),(157,138),(154,54),(233,45),(206,113),(321,38),(95,97),(221,150),(156,158),(258,78),(184,154),(185,126),
245:(314,147),(106,70),(266,157),(164,146),(158,98),(279,22),(307,80),(111,145),(65,141),(156,138),(154,54),(233,45),(206,113),(321,38),(95,97),(222,150),(156,158),(258,78),(184,154),(186,126),
246:(314,147),(105,70),(266,157),(164,146),(158,99),(279,22),(307,80),(111,145),(65,141),(155,138),(154,54),(233,45),(206,113),(321,38),(95,97),(223,150),(156,158),(258,78),(184,154),(187,126),
247:(314,147),(104,70),(266,157),(164,146),(157,99),(279,22),(307,80),(111,145),(65,141),(154,138),(154,54),(233,45),(206,113),(321,38),(95,97),(224,150),(156,158),(258,78),(184,154),(188,126),
248:(314,147),(103,70),(266,157),(164,146),(157,100),(279,22),(307,80),(111,145),(65,141),(153,138),(154,54),(233,45),(206,113),(321,38),(95,97),(225,150),(156,158),(258,78),(184,154),(189,126),
249:(314,147),(102,70),(266,157),(164,146),(157,101),(279,22),(307,80),(111,145),(65,141),(152,138),(154,54),(233,45),(206,113),(321,38),(95,97),(226,150),(156,158),(258,78),(184,154),(190,126),
250:(314,147),(101,70),(266,157),(164,146),(156,101),(279,22),(307,80),(111,145),(65,141),(151,138),(154,54),(233,45),(206,113),(321,38),(95,97),(227,150),(156,158),(258,78),(184,154),(191,126),
251:(314,147),(100,70),(266,157),(164,146),(155,101),(279,22),(307,80),(111,145),(65,141),(150,138),(154,54),(233,45),(206,113),(321,38),(95,97),(228,150),(156,158),(258,78),(184,154),(192,126),
252:(314,147),(99,70),(266,157),(164,146),(154,101),(279,22),(307,80),(111,145),(65,141),(149,138),(154,54),(233,45),(206,113),(321,38),(95,97),(229,150),(156,158),(258,78),(184,154),(193,126),
253:(314,147),(98,70),(266,157),(164,146),(153,101),(279,22),(307,80),(111,145),(65,141),(148,138),(154,54),(233,45),(206,113),(321,38),(95,97),(230,150),(156,158),(258,78),(184,154),(194,126),
254:(314,147),(97,70),(266,157),(164,146),(152,101),(279,22),(307,80),(111,145),(65,141),(147,138),(154,54),(233,45),(206,113),(321,38),(95,97),(231,150),(156,158),(258,78),(184,154),(195,126),
255:(314,147),(96,70),(266,157),(164,146),(152,102),(279,22),(307,80),(111,145),(65,141),(146,138),(154,54),(233,45),(206,113),(321,38),(95,97),(232,150),(156,158),(258,78),(184,154),(196,126),
256:(314,147),(95,70),(266,157),(164,146),(151,102),(279,22),(307,80),(111,145),(65,141),(145,138),(154,54),(233,45),(206,113),(321,38),(95,97),(233,150),(156,158),(258,78),(184,154),(197,126),
257:(314,147),(94,70),(266,157),(164,146),(150,102),(279,22),(307,80),(111,145),(65,141),(144,138),(154,54),(233,45),(206,113),(321,38),(95,97),(234,150),(156,158),(258,78),(184,154),(198,126),
258:(314,147),(93,70),(266,157),(164,146),(149,102),(279,22),(307,80),(111,145),(65,141),(143,138),(154,54),(233,45),(206,113),(321,38),(95,97),(235,150),(156,158),(258,78),(184,154),(199,126),
259:(314,147),(92,70),(266,157),(164,146),(148,102),(279,22),(307,80),(111,145),(65,141),(142,138),(154,54),(233,45),(206,113),(321,38),(95,97),(236,150),(156,158),(258,78),(184,154),(200,126),
260:(314,147),(91,70),(266,157),(164,146),(147,102),(279,22),(307,80),(111,145),(65,141),(141,138),(154,54),(233,45),(206,113),(321,38),(95,97),(237,150),(156,158),(258,78),(184,154),(201,126),
261:(314,147),(90,70),(266,157),(164,146),(146,102),(279,22),(307,80),(111,145),(65,141),(140,138),(154,54),(233,45),(206,113),(321,38),(95,97),(238,150),(156,158),(258,78),(184,154),(202,126),
262:(314,147),(89,70),(266,157),(164,146),(145,102),(279,22),(307,80),(111,145),(65,141),(139,138),(154,54),(233,45),(206,113),(321,38),(95,97),(239,150),(156,158),(258,78),(184,154),(203,126),
263:(314,147),(88,70),(266,157),(164,146),(144,102),(279,22),(307,80),(111,145),(65,141),(138,138),(154,54),(233,45),(206,113),(321,38),(95,97),(240,150),(156,158),(258,78),(184,154),(204,126),
264:(314,147),(87,70),(266,157),(164,146),(143,102),(279,22),(307,80),(111,145),(65,141),(137,138),(154,54),(233,45),(206,113),(321,38),(95,97),(241,150),(156,158),(258,78),(184,154),(205,126),
265:(314,147),(86,70),(266,157),(164,146),(142,102),(279,22),(307,80),(111,145),(65,141),(136,138),(154,54),(233,45),(206,113),(321,38),(95,97),(242,150),(156,158),(258,78),(184,154),(206,126),
266:(314,147),(85,70),(266,157),(164,146),(141,102),(279,22),(307,80),(111,145),(65,141),(135,138),(154,54),(233,45),(206,113),(321,38),(95,97),(243,150),(156,158),(258,78),(184,154),(207,126),
267:(314,147),(84,70),(266,157),(164,146),(140,102),(279,22),(307,80),(111,145),(65,141),(134,138),(154,54),(233,45),(206,113),(321,38),(95,97),(244,150),(156,158),(258,78),(184,154),(208,126),
268:(314,147),(83,70),(266,157),(164,146),(139,102),(279,22),(307,80),(111,145),(65,141),(133,138),(154,54),(233,45),(206,113),(321,38),(95,97),(245,150),(156,158),(258,78),(184,154),(209,126),
269:(314,147),(82,70),(266,157),(164,146),(138,102),(279,22),(307,80),(111,145),(65,141),(132,138),(154,54),(233,45),(206,113),(321,38),(95,97),(246,150),(156,158),(258,78),(184,154),(210,126),
270:(314,147),(81,70),(266,157),(164,146),(137,102),(279,22),(307,80),(111,145),(65,141),(131,138),(154,54),(233,45),(206,113),(321,38),(95,97),(247,150),(156,158),(258,78),(184,154),(211,126),
271:(314,147),(80,70),(266,157),(164,146),(136,102),(279,22),(307,80),(111,145),(65,141),(130,138),(154,54),(233,45),(206,113),(321,38),(95,97),(248,150),(156,158),(258,78),(184,154),(212,126),
272:(314,147),(79,70),(266,157),(164,146),(135,102),(279,22),(307,80),(111,145),(65,141),(129,138),(154,54),(233,45),(206,113),(321,38),(95,97),(249,150),(156,158),(258,78),(184,154),(213,126),
273:(314,147),(78,70),(266,157),(164,146),(134,102),(279,22),(307,80),(111,145),(65,141),(128,138),(154,54),(233,45),(206,113),(321,38),(95,97),(250,150),(156,158),(258,78),(184,154),(214,126),
274:(314,147),(77,70),(266,157),(164,146),(133,102),(279,22),(307,80),(111,145),(65,141),(127,138),(154,54),(233,45),(206,113),(321,38),(95,97),(251,150),(156,158),(258,78),(184,154),(215,126),
275:(314,147),(76,70),(266,157),(164,146),(132,102),(279,22),(307,80),(111,145),(65,141),(126,138),(154,54),(233,45),(206,113),(321,38),(95,97),(252,150),(156,158),(258,78),(184,154),(216,126),
276:(314,147),(75,70),(266,157),(164,146),(131,102),(279,22),(307,80),(111,145),(65,141),(125,138),(154,54),(233,45),(206,113),(321,38),(95,97),(253,150),(156,158),(258,78),(184,154),(217,126),
277:(314,147),(74,70),(266,157),(164,146),(130,102),(279,22),(307,80),(111,145),(65,141),(124,138),(154,54),(233,45),(206,113),(321,38),(95,97),(254,150),(156,158),(258,78),(184,154),(218,126),
278:(314,147),(73,70),(266,157),(164,146),(129,102),(279,22),(307,80),(111,145),(65,141),(123,138),(154,54),(233,45),(206,113),(321,38),(95,97),(255,150),(156,158),(258,78),(184,154),(219,126),
279:(314,147),(72,70),(266,157),(164,146),(128,102),(279,22),(307,80),(111,145),(65,141),(122,138),(154,54),(233,45),(206,113),(321,38),(95,97),(256,150),(156,158),(258,78),(184,154),(220,126),
280:(314,147),(71,70),(266,157),(164,146),(127,102),(279,22),(307,80),(111,145),(65,141),(121,138),(154,54),(233,45),(206,113),(321,38),(95,97),(257,150),(156,158),(258,78),(184,154),(221,126),
281:(314,147),(70,70),(266,157),(164,146),(126,102),(279,22),(307,80),(111,145),(65,141),(120,138),(154,54),(233,45),(206,113),(321,38),(95,97),(258,150),(156,158),(258,78),(184,154),(222,126),
282:(314,147),(69,70),(266,157),(164,146),(126,102),(279,22),(307,80),(111,145),(65,141),(119,138),(154,54),(233,45),(206,113),(321,38),(95,97),(259,150),(156,158),(258,78),(184,154),(223,126),
283:(314,147),(68,70),(266,157),(164,146),(126,102),(279,22),(307,80),(111,145),(65,141),(118,138),(154,54),(233,45),(206,113),(321,38),(95,97),(260,150),(156,158),(258,78),(184,154),(224,126),
284:(314,147),(67,70),(266,157),(164,146),(126,102),(279,22),(307,80),(111,145),(65,141),(117,138),(154,54),(233,45),(206,113),(321,38),(95,97),(261,150),(156,158),(258,78),(184,154),(225,126),
285:(314,147),(66,70),(266,157),(164,146),(126,102),(279,22),(307,80),(111,145),(65,141),(116,138),(154,54),(233,45),(206,113),(321,38),(95,97),(262,150),(156,158),(258,78),(184,154),(226,126),
286:(314,147),(65,70),(266,157),(164,146),(126,102),(279,22),(307,80),(111,145),(65,141),(115,138),(154,54),(233,45),(206,113),(321,38),(95,97),(263,150),(156,158),(258,78),(184,154),(227,126),
287:(314,147),(64,70),(266,157),(164,146),(126,102),(279,22),(307,80),(111,145),(65,141),(114,138),(154,54),(233,45),(206,113),(321,38),(95,97),(264,150),(156,158),(258,78),(184,154),(228,126),
288:(314,147),(63,70),(266,157),(164,146),(126,102),(279,22),(307,80),(111,145),(65,141),(113,138),(154,54),(233,45),(206,113),(321,38),(95,97),(265,150),(156,158),(258,78),(184,154),(229,126),
289:(314,147),(62,70),(266,157),(164,146),(126,102),(279,22),(307,80),(111,145),(65,141),(112,138),(154,54),(233,45),(206,113),(321,38),(95,97),(266,150),(156,158),(258,78),(184,154),(230,126),
290:(314,147),(61,70),(266,157),(164,146),(126,102),(279,22),(307,80),(111,145),(65,141),(111,138),(154,54),(233,45),(206,113),(321,38),(95,97),(267,150),(156,158),(258,78),(184,154),(231,126),
291:(314,147),(60,70),(266,157),(164,146),(126,102),(279,22),(307,80),(111,145),(65,141),(110,138),(154,54),(233,45),(206,113),(321,38),(95,97),(268,150),(156,158),(258,78),(184,154),(232,126),
292:(314,147),(59,70),(266,157),(164,146),(126,102),(279,22),(307,80),(111,145),(65,141),(109,138),(154,54),(233,45),(206,113),(321,38),(95,97),(269,150),(156,158),(258,78),(184,154),(233,126),
293:(314,147),(58,70),(266,157),(164,146),(126,102),(279,22),(307,80),(111,145),(65,141),(108,138),(154,54),(233,45),(206,113),(321,38),(95,97),(270,150),(156,158),(258,78),(184,154),(234,126),
294:(314,147),(57,70),(266,157),(164,146),(126,102),(279,22),(307,80),(111,145),(65,141),(107,138),(154,54),(233,45),(206,113),(321,38),(95,97),(271,150),(156,158),(258,78),(184,154),(235,126),
295:(314,147),(56,70),(266,157),(164,146),(126,102),(279,22),(307,80),(111,145),(65,141),(106,138),(154,54),(233,45),(206,113),(321,38),(95,97),(272,150),(156,158),(258,78),(184,154),(236,126),
296:(314,147),(55,70),(266,157),(164,146),(126,102),(279,22),(307,80),(111,145),(65,141),(105,138),(154,54),(233,45),(206,113),(321,38),(95,97),(273,150),(156,158),(258,78),(184,154),(237,126),
297:(314,147),(54,70),(266,157),(164,146),(126,102),(279,22),(307,80),(111,145),(65,141),(104,138),(154,54),(233,45),(206,113),(321,38),(95,97),(274,150),(156,158),(258,78),(184,154),(238,126),
298:(314,147),(53,70),(266,157),(164,146),(126,102),(279,22),(307,80),(111,145),(65,141),(103,138),(154,54),(233,45),(206,113),(321,38),(95,97),(275,150),(156,158),(258,78),(184,154),(239,126),
299:(314,147),(52,70),(266,157),(164,146),(126,102),(279,22),(307,80),(111,145),(65,141),(102,138),(154,54),(233,45),(206,113),(321,38),(95,97),(276,150),(156,158),(258,78),(184,154),(240,126),
300:(314,147),(51,70),(266,157),(164,146),(126,102),(279,22),(307,80),(111,145),(65,141),(101,138),(154,54),(233,45),(206,113),(321,38),(95,97),(277,150),(156,158),(258,78),(184,154),(241,126),
301:(314,147),(50,70),(266,157),(164,146),(126,102),(279,22),(307,80),(111,145),(65,141),(100,138),(154,54),(233,45),(206,113),(321,38),(95,97),(278,150),(156,158),(258,78),(184,154),(242,126),
302:(314,147),(49,70),(266,157),(164,146),(126,102),(279,22),(307,80),(111,145),(65,141),(99,138),(154,54),(233,45),(206,113),(321,38),(95,97),(279,150),(156,158),(258,78),(184,154),(243,126),
303:(314,147),(48,70),(266,157),(164,146),(126,102),(279,22),(307,80),(111,145),(65,141),(98,138),(154,54),(233,45),(206,113),(321,38),(95,97),(280,150),(156,158),(258,78),(184,154),(244,126),
304:(314,147),(48,70),(266,157),(164,146),(126,102),(279,22),(307,80),(111,145),(65,141),(98,139),(154,54),(233,45),(206,113),(321,38),(95,97),(281,150),(156,158),(258,78),(184,154),(245,126),
305:(314,147),(48,70),(266,157),(164,146),(126,102),(279,22),(307,80),(111,145),(65,141),(97,139),(154,54),(233,45),(206,113),(321,38),(95,97),(282,150),(156,158),(258,78),(184,154),(246,126),
306:(314,147),(48,70),(266,157),(164,146),(126,102),(279,22),(307,80),(111,145),(65,141),(97,140),(154,54),(233,45),(206,113),(321,38),(95,97),(283,150),(156,158),(258,78),(184,154),(247,126),
307:(314,147),(48,70),(266,157),(164,146),(126,102),(279,22),(307,80),(111,145),(65,141),(97,140),(154,54),(233,45),(206,113),(321,38),(95,97),(284,150),(156,158),(258,78),(184,154),(248,126),
308:(314,147),(48,70),(266,157),(164,146),(126,102),(279,22),(307,80),(111,145),(65,141),(97,140),(154,54),(233,45),(206,113),(321,38),(95,97),(285,150),(156,158),(258,78),(184,154),(249,126),
309:(314,147),(48,70),(266,157),(164,146),(126,102),(279,22),(307,80),(111,145),(65,141),(97,140),(154,54),(233,45),(206,113),(321,38),(95,97),(286,150),(156,158),(258,78),(184,154),(250,126),
310:(314,147),(48,70),(266,157),(164,146),(126,102),(279,22),(307,80),(111,145),(65,141),(97,140),(154,54),(233,45),(206,113),(321,38),(95,97),(287,150),(156,158),(258,78),(184,154),(251,126),
311:(314,147),(48,70),(266,157),(164,146),(126,102),(279,22),(307,80),(111,145),(65,141),(97,140),(154,54),(233,45),(206,113),(321,38),(95,97),(288,150),(156,158),(258,78),(184,154),(252,126),
312:(314,147),(48,70),(266,157),(164,146),(126,102),(279,22),(307,80),(111,145),(65,141),(97,140),(154,54),(233,45),(206,113),(321,38),(95,97),(289,150),(156,158),(258,78),(184,154),(253,126),
313:(314,147),(48,70),(266,157),(164,146),(126,102),(279,22),(307,80),(111,145),(65,141),(97,140),(154,54),(233,45),(206,113),(321,38),(95,97),(290,150),(156,158),(258,78),(184,154),(254,126),
314:(314,147),(48,70),(266,157),(164,146),(126,102),(279,22),(307,80),(111,145),(65,141),(97,140),(154,54),(233,45),(206,113),(321,38),(95,97),(291,150),(156,158),(258,78),(184,154),(255,126),
315:(314,147),(48,70),(266,157),(164,146),(126,102),(279,22),(307,80),(111,145),(65,141),(97,140),(154,54),(233,45),(206,113),(321,38),(95,97),(292,150),(156,158),(258,78),(184,154),(256,126),
316:(314,147),(48,70),(266,157),(164,146),(126,102),(279,22),(307,80),(111,145),(65,141),(97,140),(154,54),(233,45),(206,113),(321,38),(95,97),(293,150),(156,158),(258,78),(184,154),(257,126),
317:(314,147),(48,70),(266,157),(164,146),(126,102),(279,22),(307,80),(111,145),(65,141),(97,140),(154,54),(233,45),(206,113),(321,38),(95,97),(294,150),(156,158),(258,78),(184,154),(258,126),
318:(314,147),(48,70),(266,157),(164,146),(126,102),(279,22),(307,80),(111,145),(65,141),(97,140),(154,54),(233,45),(206,113),(321,38),(95,97),(295,150),(156,158),(258,78),(184,154),(259,126),
319:(314,147),(48,70),(266,157),(164,146),(126,102),(279,22),(307,80),(111,145),(65,141),(97,140),(154,54),(233,45),(206,113),(321,38),(95,97),(296,150),(156,158),(258,78),(184,154),(260,126),
320:(314,147),(48,70),(266,157),(164,146),(126,102),(279,22),(307,80),(111,145),(65,141),(97,140),(154,54),(233,45),(206,113),(321,38),(95,97),(297,150),(156,158),(258,78),(184,154),(261,126),
321:(314,147),(48,70),(266,157),(164,146),(126,102),(279,22),(307,80),(111,145),(65,141),(97,140),(154,54),(233,45),(206,113),(321,38),(95,97),(298,150),(156,158),(258,78),(184,154),(262,126),
322:(314,147),(48,70),(266,157),(164,146),(126,102),(279,22),(307,80),(111,145),(65,141),(97,140),(154,54),(233,45),(206,113),(321,38),(95,97),(299,150),(156,158),(258,78),(184,154),(263,126),
323:(314,147),(48,70),(266,157),(164,146),(126,102),(279,22),(307,80),(111,145),(65,141),(97,140),(154,54),(233,45),(206,113),(321,38),(95,97),(300,150),(156,158),(258,78),(184,154),(264,126),
324:(314,147),(48,70),(266,157),(164,146),(126,102),(279,22),(307,80),(111,145),(65,141),(97,140),(154,54),(233,45),(206,113),(321,38),(95,97),(301,150),(156,158),(258,78),(184,154),(265,126),
325:(314,147),(48,70),(266,157),(164,146),(126,102),(279,22),(307,80),(111,145),(65,141),(97,140),(154,54),(233,45),(206,113),(321,38),(95,97),(302,150),(156,158),(258,78),(184,154),(266,126),
326:(314,147),(48,70),(266,157),(164,146),(126,102),(279,22),(307,80),(111,145),(65,141),(97,140),(154,54),(233,45),(206,113),(321,38),(95,97),(303,150),(156,158),(258,78),(184,154),(267,126),
327:(314,147),(48,70),(266,157),(164,146),(126,102),(279,22),(307,80),(111,145),(65,141),(97,140),(154,54),(233,45),(206,113),(321,38),(95,97),(304,150),(156,158),(258,78),(184,154),(268,126),
328:(314,147),(48,70),(266,157),(164,146),(126,102),(279,22),(307,80),(111,145),(65,141),(97,140),(154,54),(233,45),(206,113),(321,38),(95,97),(305,150),(156,158),(258,78),(184,154),(269,126),
329:(314,147),(48,70),(266,157),(164,146),(126,102),(279,22),(307,80),(111,145),(65,141),(97,140),(154,54),(233,45),(206,113),(321,38),(95,97),(306,150),(156,158),(258,78),(184,154),(270,126),
330:(314,147),(48,70),(266,157),(164,146),(126,102),(279,22),(307,80),(111,145),(65,141),(97,140),(154,54),(233,45),(206,113),(321,38),(95,97),(307,150),(156,158),(258,78),(184,154),(271,126),
331:(314,147),(48,70),(266,157),(164,146),(126,102),(279,22),(307,80),(111,145),(65,141),(97,140),(154,54),(233,45),(206,113),(321,38),(95,97),(308,150),(156,158),(258,78),(184,154),(272,126),
332:(314,147),(48,70),(266,157),(164,146),(126,102),(279,22),(307,80),(111,145),(65,141),(97,140),(154,54),(233,45),(206,113),(321,38),(95,97),(309,150),(156,158),(258,78),(184,154),(273,126),
333:(314,147),(48,70),(266,157),(164,146),(126,102),(279,22),(307,80),(111,145),(65,141),(97,140),(154,54),(233,45),(206,113),(321,38),(95,97),(310,150),(156,158),(258,78),(184,154),(274,126),
334:(314,147),(48,70),(266,157),(164,146),(126,102),(279,22),(307,80),(111,145),(65,141),(97,140),(154,54),(233,45),(206,113),(321,38),(95,97),(311,150),(156,158),(258,78),(184,154),(275,126),
335:(314,147),(48,70),(266,157),(164,146),(126,102),(279,22),(307,80),(111,145),(65,141),(97,140),(154,54),(233,45),(206,113),(321,38),(95,97),(312,150),(156,158),(258,78),(184,154),(276,126),
336:(314,147),(48,70),(266,157),(164,146),(126,102),(279,22),(307,80),(111,145),(65,141),(97,140),(154,54),(233,45),(206,113),(321,38),(95,97),(313,150),(156,158),(258,78),(184,154),(277,126),
337:(314,147),(48,70),(266,157),(164,146),(126,102),(279,22),(307,80),(111,145),(65,141),(97,140),(154,54),(233,45),(206,113),(321,38),(95,97),(314,150),(156,158),(258,78),(184,154),(278,126),
338:(314,147),(48,70),(266,157),(164,146),(126,102),(279,22),(307,80),(111,145),(65,141),(97,140),(154,54),(233,45),(206,113),(321,38),(95,97),(315,150),(156,158),(258,78),(184,154),(279,126),
339:(314,147),(48,70),(266,157),(164,146),(126,102),(279,22),(307,80),(111,145),(65,141),(97,140),(154,54),(233,45),(206,113),(321,38),(95,97),(316,150),(156,158),(258,78),(184,154),(280,126),
340:(314,147),(48,70),(266,157),(164,146),(126,102),(279,22),(307,80),(111,145),(65,141),(97,140),(154,54),(233,45),(206,113),(321,38),(95,97),(316,150),(156,158),(258,78),(184,154),(281,126),
341:(314,147),(48,70),(266,157),(164,146),(126,102),(279,22),(307,80),(111,145),(65,141),(97,140),(154,54),(233,45),(206,113),(321,38),(95,97),(316,150),(156,158),(258,78),(184,154),(282,126),
342:(314,147),(48,70),(266,157),(164,146),(126,102),(279,22),(307,80),(111,145),(65,141),(97,140),(154,54),(233,45),(206,113),(321,38),(95,97),(316,150),(156,158),(258,78),(184,154),(283,126),
343:(314,147),(48,70),(266,157),(164,146),(126,102),(279,22),(307,80),(111,145),(65,141),(97,140),(154,54),(233,45),(206,113),(321,38),(95,97),(316,150),(156,158),(258,78),(184,154),(284,126),
