instance=temp_instance.txt
agents=20
map_file=warehouse-20-40-10-2-2.map
solver=PushAndSwap
solved=0
soc=7472
lb_soc=3787
makespan=501
lb_makespan=343
comp_time=32
preprocessing_comp_time=11
starts=(289,23),(309,112),(297,36),(256,138),(324,19),(203,81),(121,31),(32,74),(145,33),(331,68),(72,38),(308,134),(173,154),(302,118),(259,129),(49,78),(162,1),(320,143),(325,110),(16,51),
goals=(314,147),(48,70),(266,157),(164,146),(126,102),(279,22),(307,80),(111,145),(65,141),(97,140),(154,54),(233,45),(206,113),(321,38),(95,97),(316,150),(156,158),(258,78),(184,154),(284,126),
solution=
0:(289,23),(309,112),(297,36),(256,138),(324,19),(203,81),(121,31),(32,74),(145,33),(331,68),(72,38),(308,134),(173,154),(302,118),(259,129),(49,78),(162,1),(320,143),(325,110),(16,51),
1:(290,23),(308,112),(296,36),(255,138),(323,19),(204,81),(122,31),(33,74),(145,33),(330,68),(72,38),(307,134),(174,154),(303,118),(258,129),(50,78),(161,1),(319,143),(324,110),(17,51),
2:(291,23),(307,112),(295,36),(254,138),(322,19),(205,81),(122,32),(34,74),(145,33),(329,68),(72,38),(306,134),(175,154),(304,118),(257,129),(51,78),(160,1),(318,143),(323,110),(18,51),
3:(292,23),(306,112),(294,36),(253,138),(321,19),(206,81),(122,33),(35,74),(145,33),(328,68),(72,38),(305,134),(176,154),(305,118),(256,129),(52,78),(159,1),(317,143),(322,110),(19,51),
4:(293,23),(305,112),(293,36),(252,138),(320,19),(207,81),(123,33),(36,74),(145,33),(327,68),(72,38),(304,134),(177,154),(306,118),(255,129),(53,78),(158,1),(317,143),(321,110),(20,51),
5:(294,23),(304,112),(292,36),(251,138),(319,19),(208,81),(124,33),(37,74),(145,33),(326,68),(72,38),(303,134),(178,154),(307,118),(254,129),(54,78),(157,1),(317,143),(320,110),(21,51),
6:(295,23),(303,112),(291,36),(250,138),(318,19),(209,81),(125,33),(38,74),(145,33),(325,68),(72,38),(302,134),(179,154),(308,118),(253,129),(55,78),(157,2),(317,143),(319,110),(22,51),
7:(296,23),(302,112),(290,36),(249,138),(317,19),(210,81),(126,33),(39,74),(145,33),(324,68),(72,38),(301,134),(180,154),(309,118),(252,129),(56,78),(157,3),(317,143),(318,110),(23,51),
8:(297,23),(301,112),(289,36),(248,138),(316,19),(211,81),(127,33),(40,74),(145,33),(323,68),(72,38),(300,134),(181,154),(310,118),(251,129),(57,78),(157,4),(317,143),(317,110),(24,51),
9:(298,23),(300,112),(289,37),(247,138),(315,19),(212,81),(128,33),(41,74),(145,33),(322,68),(72,38),(299,134),(182,154),(311,118),(250,129),(58,78),(157,5),(317,143),(317,110),(25,51),
10:(299,23),(299,112),(288,37),(246,138),(314,19),(213,81),(129,33),(42,74),(145,33),(321,68),(72,38),(298,134),(183,154),(312,118),(249,129),(59,78),(157,6),(317,143),(317,110),(26,51),
11:(300,23),(298,112),(287,37),(245,138),(313,19),(214,81),(130,33),(43,74),(145,33),(320,68),(72,38),(297,134),(183,153),(313,118),(248,129),(60,78),(157,7),(317,143),(317,110),(27,51),
12:(301,23),(297,112),(286,37),(244,138),(312,19),(215,81),(131,33),(44,74),(145,33),(319,68),(72,38),(296,134),(183,153),(313,118),(247,129),(61,78),(157,8),(317,143),(317,110),(28,51),
13:(302,23),(296,112),(285,37),(243,138),(311,19),(216,81),(132,33),(45,74),(145,33),(318,68),(72,38),(295,134),(183,153),(313,118),(246,129),(62,78),(157,9),(317,143),(317,110),(29,51),
14:(303,23),(295,112),(284,37),(242,138),(310,19),(217,81),(132,33),(46,74),(145,33),(317,68),(72,38),(294,134),(183,153),(313,118),(245,129),(63,78),(157,10),(317,143),(317,110),(30,51),
15:(304,23),(294,112),(283,37),(241,138),(309,19),(218,81),(132,33),(47,74),(145,33),(316,68),(72,38),(293,134),(183,153),(313,118),(244,129),(64,78),(157,11),(317,143),(317,110),(31,51),
16:(305,23),(293,112),(282,37),(240,138),(308,19),(219,81),(132,33),(47,74),(145,33),(315,68),(72,38),(292,134),(183,153),(313,118),(243,129),(65,78),(157,12),(317,143),(317,110),(32,51),
17:(306,23),(292,112),(281,37),(239,138),(307,19),(220,81),(132,33),(47,74),(145,33),(314,68),(72,38),(291,134),(183,153),(313,118),(242,129),(66,78),(157,13),(317,143),(317,110),(33,51),
18:(307,23),(291,112),(280,37),(238,138),(306,19),(221,81),(132,33),(47,74),(145,33),(313,68),(72,38),(290,134),(183,153),(313,118),(241,129),(67,78),(157,14),(317,143),(317,110),(34,51),
19:(308,23),(290,112),(279,37),(237,138),(305,19),(222,81),(132,33),(47,74),(145,33),(312,68),(72,38),(289,134),(183,153),(313,118),(240,129),(68,78),(157,15),(317,143),(317,110),(35,51),
20:(309,23),(289,112),(278,37),(236,138),(304,19),(223,81),(132,33),(47,74),(145,33),(311,68),(72,38),(288,134),(183,153),(313,118),(239,129),(69,78),(157,16),(317,143),(317,110),(36,51),
21:(310,23),(289,111),(277,37),(235,138),(303,19),(224,81),(132,33),(47,74),(145,33),(310,68),(72,38),(287,134),(183,153),(313,118),(238,129),(70,78),(157,17),(317,143),(317,110),(37,51),
22:(311,23),(289,110),(276,37),(234,138),(302,19),(225,81),(132,33),(47,74),(145,33),(309,68),(72,38),(286,134),(183,153),(313,118),(237,129),(71,78),(157,18),(317,143),(317,110),(38,51),
23:(312,23),(288,110),(275,37),(233,138),(301,19),(226,81),(132,33),(47,74),(145,33),(308,68),(72,38),(285,134),(183,153),(313,118),(236,129),(72,78),(157,19),(317,143),(317,110),(39,51),
24:(313,23),(287,110),(274,37),(232,138),(300,19),(227,81),(132,33),(47,74),(145,33),(307,68),(72,38),(284,134),(183,153),(313,118),(235,129),(73,78),(157,20),(317,143),(317,110),(40,51),
25:(314,23),(286,110),(273,37),(231,138),(299,19),(228,81),(132,33),(47,74),(145,33),(306,68),(72,38),(283,134),(183,153),(313,118),(234,129),(74,78),(157,20),(317,143),(317,110),(41,51),
26:(314,24),(285,110),(272,37),(230,138),(298,19),(229,81),(132,33),(47,74),(145,33),(305,68),(72,38),(282,134),(183,153),(313,118),(233,129),(75,78),(157,20),(317,143),(317,110),(42,51),
27:(314,25),(284,110),(271,37),(229,138),(297,19),(230,81),(132,33),(47,74),(145,33),(304,68),(72,38),(281,134),(183,153),(313,118),(232,129),(76,78),(157,20),(317,143),(317,110),(43,51),
28:(314,26),(283,110),(270,37),(228,138),(296,19),(231,81),(132,33),(47,74),(145,33),(303,68),(72,38),(280,134),(183,153),(313,118),(231,129),(77,78),(157,20),(317,143),(317,110),(44,51),
29:(314,27),(282,110),(269,37),(227,138),(295,19),(232,81),(132,33),(47,74),(145,33),(302,68),(72,38),(279,134),(183,153),(313,118),(230,129),(78,78),(157,20),(317,143),(317,110),(45,51),
30:(314,28),(281,110),(268,37),(226,138),(294,19),(233,81),(132,33),(47,74),(145,33),(301,68),(72,38),(278,134),(183,153),(313,118),(229,129),(79,78),(157,20),(317,143),(317,110),(46,51),
31:(314,29),(280,110),(267,37),(225,138),(293,19),(234,81),(132,33),(47,74),(145,33),(300,68),(72,38),(277,134),(183,153),(313,118),(228,129),(80,78),(157,20),(317,143),(317,110),(47,51),
32:(314,30),(279,110),(266,37),(224,138),(292,19),(235,81),(132,33),(47,74),(145,33),(299,68),(72,38),(276,134),(183,153),(313,118),(227,129),(81,78),(157,20),(317,143),(317,110),(48,51),
33:(314,31),(279,110),(266,38),(223,138),(291,19),(236,81),(132,33),(47,74),(145,33),(298,68),(72,38),(275,134),(183,153),(313,118),(226,129),(82,78),(157,20),(317,143),(317,110),(49,51),
34:(314,32),(279,110),(266,39),(222,138),(290,19),(237,81),(132,33),(47,74),(145,33),(297,68),(72,38),(274,134),(183,153),(313,118),(225,129),(83,78),(157,20),(317,143),(317,110),(50,51),
35:(314,33),(279,110),(266,40),(221,138),(289,19),(238,81),(132,33),(47,74),(145,33),(296,68),(72,38),(273,134),(183,153),(313,118),(224,129),(84,78),(157,20),(317,143),(317,110),(50,52),
36:(314,34),(279,110),(266,41),(220,138),(289,20),(239,81),(132,33),(47,74),(145,33),(295,68),(72,38),(272,134),(183,153),(313,118),(223,129),(85,78),(157,20),(317,143),(317,110),(50,53),
37:(314,35),(279,110),(266,42),(219,138),(289,21),(240,81),(132,33),(47,74),(145,33),(294,68),(72,38),(271,134),(183,153),(313,118),(222,129),(86,78),(157,20),(317,143),(317,110),(51,53),
38:(314,36),(279,110),(266,43),(218,138),(288,21),(240,81),(132,33),(47,74),(145,33),(293,68),(72,38),(270,134),(183,153),(313,118),(221,129),(87,78),(157,20),(317,143),(317,110),(52,53),
39:(314,37),(279,110),(266,44),(217,138),(287,21),(240,81),(132,33),(47,74),(145,33),(292,68),(72,38),(269,134),(183,153),(313,118),(220,129),(88,78),(157,20),(317,143),(317,110),(53,53),
40:(314,38),(279,110),(266,45),(216,138),(286,21),(240,81),(132,33),(47,74),(145,33),(291,68),(72,38),(268,134),(183,153),(313,118),(219,129),(89,78),(157,20),(317,143),(317,110),(54,53),
41:(314,39),(279,110),(266,46),(215,138),(285,21),(240,81),(132,33),(47,74),(145,33),(290,68),(72,38),(267,134),(183,153),(313,118),(218,129),(90,78),(157,20),(317,143),(317,110),(55,53),
42:(314,40),(279,110),(266,47),(214,138),(284,21),(240,81),(132,33),(47,74),(145,33),(289,68),(72,38),(266,134),(183,153),(313,118),(217,129),(91,78),(157,20),(317,143),(317,110),(56,53),
43:(314,41),(279,110),(266,48),(213,138),(283,21),(240,81),(132,33),(47,74),(145,33),(289,69),(72,38),(265,134),(183,153),(313,118),(216,129),(92,78),(157,20),(317,143),(317,110),(57,53),
44:(314,42),(279,110),(266,49),(212,138),(282,21),(240,81),(132,33),(47,74),(145,33),(288,69),(72,38),(264,134),(183,153),(313,118),(215,129),(93,78),(157,20),(317,143),(317,110),(58,53),
45:(314,43),(279,110),(266,50),(211,138),(281,21),(240,81),(132,33),(47,74),(145,33),(287,69),(72,38),(263,134),(183,153),(313,118),(214,129),(94,78),(157,20),(317,143),(317,110),(59,53),
46:(314,44),(279,110),(266,51),(210,138),(280,21),(240,81),(132,33),(47,74),(145,33),(286,69),(72,38),(262,134),(183,153),(313,118),(213,129),(95,78),(157,20),(317,143),(317,110),(60,53),
47:(314,45),(279,110),(266,52),(209,138),(279,21),(240,81),(132,33),(47,74),(145,33),(285,69),(72,38),(261,134),(183,153),(313,118),(212,129),(96,78),(157,20),(317,143),(317,110),(61,53),
48:(314,46),(279,110),(266,52),(208,138),(278,21),(240,81),(132,33),(47,74),(145,33),(284,69),(72,38),(260,134),(183,153),(313,118),(211,129),(97,78),(157,20),(317,143),(317,110),(62,53),
49:(314,47),(279,110),(266,52),(207,138),(277,21),(240,81),(132,33),(47,74),(145,33),(283,69),(72,38),(259,134),(183,153),(313,118),(210,129),(98,78),(157,20),(317,143),(317,110),(63,53),
50:(314,48),(279,110),(266,52),(206,138),(276,21),(240,81),(132,33),(47,74),(145,33),(282,69),(72,38),(258,134),(183,153),(313,118),(209,129),(99,78),(157,20),(317,143),(317,110),(64,53),
51:(314,49),(279,110),(266,52),(205,138),(275,21),(240,81),(132,33),(47,74),(145,33),(281,69),(72,38),(257,134),(183,153),(313,118),(208,129),(100,78),(157,20),(317,143),(317,110),(65,53),
52:(314,50),(279,110),(266,52),(204,138),(274,21),(240,81),(132,33),(47,74),(145,33),(280,69),(72,38),(256,134),(183,153),(313,118),(207,129),(101,78),(157,20),(317,143),(317,110),(66,53),
53:(314,51),(279,110),(266,52),(203,138),(273,21),(240,81),(132,33),(47,74),(145,33),(279,69),(72,38),(255,134),(183,153),(313,118),(206,129),(102,78),(157,20),(317,143),(317,110),(67,53),
54:(314,52),(279,110),(266,52),(202,138),(272,21),(240,81),(132,33),(47,74),(145,33),(279,69),(72,38),(254,134),(183,153),(313,118),(205,129),(103,78),(157,20),(317,143),(317,110),(68,53),
55:(314,53),(279,110),(266,52),(201,138),(271,21),(240,81),(132,33),(47,74),(145,33),(279,69),(72,38),(253,134),(183,153),(313,118),(204,129),(104,78),(157,20),(317,143),(317,110),(69,53),
56:(314,54),(279,110),(266,52),(200,138),(270,21),(240,81),(132,33),(47,74),(145,33),(279,69),(72,38),(252,134),(183,153),(313,118),(203,129),(105,78),(157,20),(317,143),(317,110),(70,53),
57:(314,55),(279,110),(266,52),(199,138),(269,21),(240,81),(132,33),(47,74),(145,33),(279,69),(72,38),(251,134),(183,153),(313,118),(202,129),(106,78),(157,20),(317,143),(317,110),(71,53),
58:(314,56),(279,110),(266,52),(198,138),(268,21),(240,81),(132,33),(47,74),(145,33),(279,69),(72,38),(250,134),(183,153),(313,118),(201,129),(107,78),(157,20),(317,143),(317,110),(72,53),
59:(314,57),(279,110),(266,52),(197,138),(267,21),(240,81),(132,33),(47,74),(145,33),(279,69),(72,38),(249,134),(183,153),(313,118),(200,129),(108,78),(157,20),(317,143),(317,110),(73,53),
60:(314,58),(279,110),(266,52),(196,138),(266,21),(240,81),(132,33),(47,74),(145,33),(279,69),(72,38),(248,134),(183,153),(313,118),(199,129),(109,78),(157,20),(317,143),(317,110),(74,53),
61:(314,59),(279,110),(266,52),(195,138),(265,21),(240,81),(132,33),(47,74),(145,33),(279,69),(72,38),(247,134),(183,153),(313,118),(198,129),(110,78),(157,20),(317,143),(317,110),(75,53),
62:(314,60),(279,110),(266,52),(194,138),(264,21),(240,81),(132,33),(47,74),(145,33),(279,69),(72,38),(246,134),(183,153),(313,118),(197,129),(111,78),(157,20),(317,143),(317,110),(76,53),
63:(314,61),(279,110),(266,52),(194,138),(263,21),(240,81),(132,33),(47,74),(145,33),(279,69),(72,38),(245,134),(183,153),(313,118),(196,129),(112,78),(157,20),(317,143),(317,110),(77,53),
64:(314,62),(279,110),(266,52),(194,138),(262,21),(240,81),(132,33),(47,74),(145,33),(279,69),(72,38),(244,134),(183,153),(313,118),(195,129),(113,78),(157,20),(317,143),(317,110),(78,53),
65:(314,63),(279,110),(266,52),(194,138),(261,21),(240,81),(132,33),(47,74),(145,33),(279,69),(72,38),(243,134),(183,153),(313,118),(194,129),(114,78),(157,20),(317,143),(317,110),(79,53),
66:(314,64),(279,110),(266,52),(194,138),(260,21),(240,81),(132,33),(47,74),(145,33),(279,69),(72,38),(242,134),(183,153),(313,118),(193,129),(115,78),(157,20),(317,143),(317,110),(80,53),
67:(314,65),(279,110),(266,52),(194,138),(259,21),(240,81),(132,33),(47,74),(145,33),(279,69),(72,38),(241,134),(183,153),(313,118),(192,129),(116,78),(157,20),(317,143),(317,110),(81,53),
68:(314,66),(279,110),(266,52),(194,138),(258,21),(240,81),(132,33),(47,74),(145,33),(279,69),(72,38),(241,133),(183,153),(313,118),(191,129),(117,78),(157,20),(317,143),(317,110),(82,53),
69:(314,67),(279,110),(266,52),(194,138),(257,21),(240,81),(132,33),(47,74),(145,33),(279,69),(72,38),(241,132),(183,153),(313,118),(190,129),(118,78),(157,20),(317,143),(317,110),(83,53),
70:(314,68),(279,110),(266,52),(194,138),(256,21),(240,81),(132,33),(47,74),(145,33),(279,69),(72,38),(241,131),(183,153),(313,118),(189,129),(119,78),(157,20),(317,143),(317,110),(84,53),
71:(314,69),(279,110),(266,52),(194,138),(255,21),(240,81),(132,33),(47,74),(145,33),(279,69),(72,38),(241,130),(183,153),(313,118),(188,129),(120,78),(157,20),(317,143),(317,110),(85,53),
72:(314,70),(279,110),(266,52),(194,138),(254,21),(240,81),(132,33),(47,74),(145,33),(279,69),(72,38),(241,129),(183,153),(313,118),(187,129),(121,78),(157,20),(317,143),(317,110),(86,53),
73:(314,71),(279,110),(266,52),(194,138),(253,21),(240,81),(132,33),(47,74),(145,33),(279,69),(72,38),(241,128),(183,153),(313,118),(186,129),(122,78),(157,20),(317,143),(317,110),(87,53),
74:(314,72),(279,110),(266,52),(194,138),(252,21),(240,81),(132,33),(47,74),(145,33),(279,69),(72,38),(241,127),(183,153),(313,118),(185,129),(123,78),(157,20),(317,143),(317,110),(88,53),
75:(314,73),(279,110),(266,52),(194,138),(251,21),(240,81),(132,33),(47,74),(145,33),(279,69),(72,38),(241,126),(183,153),(313,118),(184,129),(124,78),(157,20),(317,143),(317,110),(89,53),
76:(314,74),(279,110),(266,52),(194,138),(250,21),(240,81),(132,33),(47,74),(145,33),(279,69),(72,38),(241,125),(183,153),(313,118),(183,129),(125,78),(157,20),(317,143),(317,110),(90,53),
77:(314,75),(279,110),(266,52),(194,138),(249,21),(240,81),(132,33),(47,74),(145,33),(279,69),(72,38),(241,124),(183,153),(313,118),(182,129),(126,78),(157,20),(317,143),(317,110),(91,53),
78:(314,76),(279,110),(266,52),(194,138),(248,21),(240,81),(132,33),(47,74),(145,33),(279,69),(72,38),(241,123),(183,153),(313,118),(181,129),(127,78),(157,20),(317,143),(317,110),(92,53),
79:(314,77),(279,110),(266,52),(194,138),(247,21),(240,81),(132,33),(47,74),(145,33),(279,69),(72,38),(241,122),(183,153),(313,118),(180,129),(128,78),(157,20),(317,143),(317,110),(93,53),
80:(314,77),(279,110),(266,52),(194,138),(246,21),(240,81),(132,33),(47,74),(145,33),(279,69),(72,38),(241,121),(183,153),(313,118),(179,129),(129,78),(157,20),(317,143),(317,110),(94,53),
81:(314,77),(279,110),(266,52),(194,138),(245,21),(240,81),(132,33),(47,74),(145,33),(279,69),(72,38),(241,120),(183,153),(313,118),(178,129),(130,78),(157,20),(317,143),(317,110),(95,53),
82:(314,77),(279,110),(266,52),(194,138),(244,21),(240,81),(132,33),(47,74),(145,33),(279,69),(72,38),(241,119),(183,153),(313,118),(177,129),(131,78),(157,20),(317,143),(317,110),(96,53),
83:(314,77),(279,110),(266,52),(194,138),(243,21),(240,81),(132,33),(47,74),(145,33),(279,69),(72,38),(241,118),(183,153),(313,118),(176,129),(132,78),(157,20),(317,143),(317,110),(97,53),
84:(314,77),(279,110),(266,52),(194,138),(242,21),(240,81),(132,33),(47,74),(145,33),(279,69),(72,38),(241,117),(183,153),(313,118),(175,129),(133,78),(157,20),(317,143),(317,110),(98,53),
85:(314,77),(279,110),(266,52),(194,138),(241,21),(240,81),(132,33),(47,74),(145,33),(279,69),(72,38),(241,116),(183,153),(313,118),(174,129),(134,78),(157,20),(317,143),(317,110),(99,53),
86:(314,77),(279,110),(266,52),(194,138),(240,21),(240,81),(132,33),(47,74),(145,33),(279,69),(72,38),(241,115),(183,153),(313,118),(173,129),(135,78),(157,20),(317,143),(317,110),(100,53),
87:(314,77),(279,110),(266,52),(194,138),(239,21),(240,81),(132,33),(47,74),(145,33),(279,69),(72,38),(241,114),(183,153),(313,118),(172,129),(136,78),(157,20),(317,143),(317,110),(101,53),
88:(314,77),(279,110),(266,52),(194,138),(238,21),(240,81),(132,33),(47,74),(145,33),(279,69),(72,38),(241,113),(183,153),(313,118),(171,129),(137,78),(157,20),(317,143),(317,110),(102,53),
89:(314,77),(279,110),(266,52),(194,138),(237,21),(240,81),(132,33),(47,74),(145,33),(279,69),(72,38),(241,112),(183,153),(313,118),(170,129),(138,78),(157,20),(317,143),(317,110),(103,53),
90:(314,77),(279,110),(266,52),(194,138),(236,21),(240,81),(132,33),(47,74),(145,33),(279,69),(72,38),(241,111),(183,153),(313,118),(169,129),(139,78),(157,20),(317,143),(317,110),(104,53),
91:(314,77),(279,110),(266,52),(194,138),(235,21),(240,81),(132,33),(47,74),(145,33),(279,69),(72,38),(241,111),(183,153),(313,118),(168,129),(140,78),(157,20),(317,143),(317,110),(105,53),
92:(314,77),(279,110),(266,52),(194,138),(234,21),(240,81),(132,33),(47,74),(145,33),(279,69),(72,38),(241,111),(183,153),(313,118),(167,129),(141,78),(157,20),(317,143),(317,110),(106,53),
93:(314,77),(279,110),(266,52),(194,138),(233,21),(240,81),(132,33),(47,74),(145,33),(279,69),(72,38),(241,111),(183,153),(313,118),(166,129),(142,78),(157,20),(317,143),(317,110),(107,53),
94:(314,77),(279,110),(266,52),(194,138),(232,21),(240,81),(132,33),(47,74),(145,33),(279,69),(72,38),(241,111),(183,153),(313,118),(165,129),(143,78),(157,20),(317,143),(317,110),(108,53),
95:(314,77),(279,110),(266,52),(194,138),(231,21),(240,81),(132,33),(47,74),(145,33),(279,69),(72,38),(241,111),(183,153),(313,118),(164,129),(144,78),(157,20),(317,143),(317,110),(109,53),
96:(314,77),(279,110),(266,52),(194,138),(230,21),(240,81),(132,33),(47,74),(145,33),(279,69),(72,38),(241,111),(183,153),(313,118),(163,129),(145,78),(157,20),(317,143),(317,110),(110,53),
97:(314,77),(279,110),(266,52),(194,138),(229,21),(240,81),(132,33),(47,74),(145,33),(279,69),(72,38),(241,111),(183,153),(313,118),(162,129),(146,78),(157,20),(317,143),(317,110),(111,53),
98:(314,77),(279,110),(266,52),(194,138),(228,21),(240,81),(132,33),(47,74),(145,33),(279,69),(72,38),(241,111),(183,153),(313,118),(161,129),(147,78),(157,20),(317,143),(317,110),(112,53),
99:(314,77),(279,110),(266,52),(194,138),(227,21),(240,81),(132,33),(47,74),(145,33),(279,69),(72,38),(241,111),(183,153),(313,118),(160,129),(148,78),(157,20),(317,143),(317,110),(113,53),
100:(314,77),(279,110),(266,52),(194,138),(226,21),(240,81),(132,33),(47,74),(145,33),(279,69),(72,38),(241,111),(183,153),(313,118),(159,129),(149,78),(157,20),(317,143),(317,110),(114,53),
101:(314,77),(279,110),(266,52),(194,138),(225,21),(240,81),(132,33),(47,74),(145,33),(279,69),(72,38),(241,111),(183,153),(313,118),(158,129),(150,78),(157,20),(317,143),(317,110),(115,53),
102:(314,77),(279,110),(266,52),(194,138),(224,21),(240,81),(132,33),(47,74),(145,33),(279,69),(72,38),(241,111),(183,153),(313,118),(157,129),(151,78),(157,20),(317,143),(317,110),(116,53),
103:(314,77),(279,110),(266,52),(194,138),(223,21),(240,81),(132,33),(47,74),(145,33),(279,69),(72,38),(241,111),(183,153),(313,118),(156,129),(152,78),(157,20),(317,143),(317,110),(117,53),
104:(314,77),(279,110),(266,52),(194,138),(222,21),(240,81),(132,33),(47,74),(145,33),(279,69),(72,38),(241,111),(183,153),(313,118),(155,129),(153,78),(157,20),(317,143),(317,110),(118,53),
105:(314,77),(279,110),(266,52),(194,138),(221,21),(240,81),(132,33),(47,74),(145,33),(279,69),(72,38),(241,111),(183,153),(313,118),(154,129),(154,78),(157,20),(317,143),(317,110),(119,53),
106:(314,77),(279,110),(266,52),(194,138),(220,21),(240,81),(132,33),(47,74),(145,33),(279,69),(72,38),(241,111),(183,153),(313,118),(153,129),(155,78),(157,20),(317,143),(317,110),(120,53),
107:(314,77),(279,110),(266,52),(194,138),(219,21),(240,81),(132,33),(47,74),(145,33),(279,69),(72,38),(241,111),(183,153),(313,118),(152,129),(156,78),(157,20),(317,143),(317,110),(121,53),
108:(314,77),(279,110),(266,52),(194,138),(218,21),(240,81),(132,33),(47,74),(145,33),(279,69),(72,38),(241,111),(183,153),(313,118),(151,129),(157,78),(157,20),(317,143),(317,110),(122,53),
109:(314,77),(279,110),(266,52),(194,138),(217,21),(240,81),(132,33),(47,74),(145,33),(279,69),(72,38),(241,111),(183,153),(313,118),(150,129),(158,78),(157,20),(317,143),(317,110),(123,53),
110:(314,77),(279,110),(266,52),(194,138),(216,21),(240,81),(132,33),(47,74),(145,33),(279,69),(72,38),(241,111),(183,153),(313,118),(149,129),(159,78),(157,20),(317,143),(317,110),(124,53),
111:(314,77),(279,110),(266,52),(194,138),(215,21),(240,81),(132,33),(47,74),(145,33),(279,69),(72,38),(241,111),(183,153),(313,118),(148,129),(160,78),(157,20),(317,143),(317,110),(125,53),
112:(314,77),(279,110),(266,52),(194,138),(214,21),(240,81),(132,33),(47,74),(145,33),(279,69),(72,38),(241,111),(183,153),(313,118),(147,129),(161,78),(157,20),(317,143),(317,110),(126,53),
113:(314,77),(279,110),(266,52),(194,138),(213,21),(240,81),(132,33),(47,74),(145,33),(279,69),(72,38),(241,111),(183,153),(313,118),(146,129),(162,78),(157,20),(317,143),(317,110),(127,53),
114:(314,77),(279,110),(266,52),(194,138),(212,21),(240,81),(132,33),(47,74),(145,33),(279,69),(72,38),(241,111),(183,153),(313,118),(145,129),(163,78),(157,20),(317,143),(317,110),(128,53),
115:(314,77),(279,110),(266,52),(194,138),(211,21),(240,81),(132,33),(47,74),(145,33),(279,69),(72,38),(241,111),(183,153),(313,118),(144,129),(164,78),(157,20),(317,143),(317,110),(129,53),
116:(314,77),(279,110),(266,52),(194,138),(210,21),(240,81),(132,33),(47,74),(145,33),(279,69),(72,38),(241,111),(183,153),(313,118),(143,129),(165,78),(157,20),(317,143),(317,110),(130,53),
117:(314,77),(279,110),(266,52),(194,138),(209,21),(240,81),(132,33),(47,74),(145,33),(279,69),(72,38),(241,111),(183,153),(313,118),(142,129),(166,78),(157,20),(317,143),(317,110),(131,53),
118:(314,77),(279,110),(266,52),(194,138),(208,21),(240,81),(132,33),(47,74),(145,33),(279,69),(72,38),(241,111),(183,153),(313,118),(141,129),(167,78),(157,20),(317,143),(317,110),(132,53),
119:(314,77),(279,110),(266,52),(194,138),(207,21),(240,81),(132,33),(47,74),(145,33),(279,69),(72,38),(241,111),(183,153),(313,118),(140,129),(168,78),(157,20),(317,143),(317,110),(133,53),
120:(314,77),(279,110),(266,52),(194,138),(206,21),(240,81),(132,33),(47,74),(145,33),(279,69),(72,38),(241,111),(183,153),(313,118),(139,129),(169,78),(157,20),(317,143),(317,110),(134,53),
121:(314,77),(279,110),(266,52),(194,138),(205,21),(240,81),(132,33),(47,74),(145,33),(279,69),(72,38),(241,111),(183,153),(313,118),(138,129),(170,78),(157,20),(317,143),(317,110),(135,53),
122:(314,77),(279,110),(266,52),(194,138),(204,21),(240,81),(132,33),(47,74),(145,33),(279,69),(72,38),(241,111),(183,153),(313,118),(137,129),(171,78),(157,20),(317,143),(317,110),(136,53),
123:(314,77),(279,110),(266,52),(194,138),(203,21),(240,81),(132,33),(47,74),(145,33),(279,69),(72,38),(241,111),(183,153),(313,118),(136,129),(172,78),(157,20),(317,143),(317,110),(137,53),
124:(314,77),(279,110),(266,52),(194,138),(202,21),(240,81),(132,33),(47,74),(145,33),(279,69),(72,38),(241,111),(183,153),(313,118),(135,129),(173,78),(157,20),(317,143),(317,110),(138,53),
125:(314,77),(279,110),(266,52),(194,138),(201,21),(240,81),(132,33),(47,74),(145,33),(279,69),(72,38),(241,111),(183,153),(313,118),(134,129),(174,78),(157,20),(317,143),(317,110),(139,53),
126:(314,77),(279,110),(266,52),(194,138),(200,21),(240,81),(132,33),(47,74),(145,33),(279,69),(72,38),(241,111),(183,153),(313,118),(133,129),(175,78),(157,20),(317,143),(317,110),(140,53),
127:(314,77),(279,110),(266,52),(194,138),(199,21),(240,81),(132,33),(47,74),(145,33),(279,69),(72,38),(241,111),(183,153),(313,118),(132,129),(176,78),(157,20),(317,143),(317,110),(141,53),
128:(314,77),(279,110),(266,52),(194,138),(198,21),(240,81),(132,33),(47,74),(145,33),(279,69),(72,38),(241,111),(183,153),(313,118),(131,129),(177,78),(157,20),(317,143),(317,110),(142,53),
129:(314,77),(279,110),(266,52),(194,138),(197,21),(240,81),(132,33),(47,74),(145,33),(279,69),(72,38),(241,111),(183,153),(313,118),(130,129),(178,78),(157,20),(317,143),(317,110),(143,53),
130:(314,77),(279,110),(266,52),(194,138),(196,21),(240,81),(132,33),(47,74),(145,33),(279,69),(72,38),(241,111),(183,153),(313,118),(129,129),(179,78),(157,20),(317,143),(317,110),(144,53),
131:(314,77),(279,110),(266,52),(194,138),(195,21),(240,81),(132,33),(47,74),(145,33),(279,69),(72,38),(241,111),(183,153),(313,118),(128,129),(180,78),(157,20),(317,143),(317,110),(145,53),
132:(314,77),(279,110),(266,52),(194,138),(194,21),(240,81),(132,33),(47,74),(145,33),(279,69),(72,38),(241,111),(183,153),(313,118),(127,129),(181,78),(157,20),(317,143),(317,110),(146,53),
133:(314,77),(279,110),(266,52),(194,138),(193,21),(240,81),(132,33),(47,74),(145,33),(279,69),(72,38),(241,111),(183,153),(313,118),(126,129),(182,78),(157,20),(317,143),(317,110),(147,53),
134:(314,77),(279,110),(266,52),(194,138),(192,21),(240,81),(132,33),(47,74),(145,33),(279,69),(72,38),(241,111),(183,153),(313,118),(125,129),(183,78),(157,20),(317,143),(317,110),(148,53),
135:(314,77),(279,110),(266,52),(194,138),(191,21),(240,81),(132,33),(47,74),(145,33),(279,69),(72,38),(241,111),(183,153),(313,118),(124,129),(184,78),(157,20),(317,143),(317,110),(149,53),
136:(314,77),(279,110),(266,52),(194,138),(190,21),(240,81),(132,33),(47,74),(145,33),(279,69),(72,38),(241,111),(183,153),(313,118),(123,129),(185,78),(157,20),(317,143),(317,110),(150,53),
137:(314,77),(279,110),(266,52),(194,138),(189,21),(240,81),(132,33),(47,74),(145,33),(279,69),(72,38),(241,111),(183,153),(313,118),(122,129),(186,78),(157,20),(317,143),(317,110),(151,53),
138:(314,77),(279,110),(266,52),(194,138),(188,21),(240,81),(132,33),(47,74),(145,33),(279,69),(72,38),(241,111),(183,153),(313,118),(121,129),(187,78),(157,20),(317,143),(317,110),(152,53),
139:(314,77),(279,110),(266,52),(194,138),(187,21),(240,81),(132,33),(47,74),(145,33),(279,69),(72,38),(241,111),(183,153),(313,118),(120,129),(188,78),(157,20),(317,143),(317,110),(153,53),
140:(314,77),(279,110),(266,52),(194,138),(186,21),(240,81),(132,33),(47,74),(145,33),(279,69),(72,38),(241,111),(183,153),(313,118),(119,129),(189,78),(157,20),(317,143),(317,110),(154,53),
141:(314,77),(279,110),(266,52),(194,138),(185,21),(240,81),(132,33),(47,74),(145,33),(279,69),(72,38),(241,111),(183,153),(313,118),(118,129),(190,78),(157,20),(317,143),(317,110),(155,53),
142:(314,77),(279,110),(266,52),(194,138),(184,21),(240,81),(132,33),(47,74),(145,33),(279,69),(72,38),(241,111),(183,153),(313,118),(117,129),(191,78),(157,20),(317,143),(317,110),(156,53),
143:(314,77),(279,110),(266,52),(194,138),(183,21),(240,81),(132,33),(47,74),(145,33),(279,69),(72,38),(241,111),(183,153),(313,118),(116,129),(192,78),(157,20),(317,143),(317,110),(157,53),
144:(314,77),(279,110),(266,52),(194,138),(182,21),(240,81),(132,33),(47,74),(145,33),(279,69),(72,38),(241,111),(183,153),(313,118),(115,129),(193,78),(157,20),(317,143),(317,110),(158,53),
145:(314,77),(279,110),(266,52),(194,138),(181,21),(240,81),(132,33),(47,74),(145,33),(279,69),(72,38),(241,111),(183,153),(313,118),(114,129),(194,78),(157,20),(317,143),(317,110),(159,53),
146:(314,77),(279,110),(266,52),(194,138),(180,21),(240,81),(132,33),(47,74),(145,33),(279,69),(72,38),(241,111),(183,153),(313,118),(113,129),(195,78),(157,20),(317,143),(317,110),(160,53),
147:(314,77),(279,110),(266,52),(194,138),(179,21),(240,81),(132,33),(47,74),(145,33),(279,69),(72,38),(241,111),(183,153),(313,118),(112,129),(196,78),(157,20),(317,143),(317,110),(161,53),
148:(314,77),(279,110),(266,52),(194,138),(178,21),(240,81),(132,33),(47,74),(145,33),(279,69),(72,38),(241,111),(183,153),(313,118),(111,129),(197,78),(157,20),(317,143),(317,110),(162,53),
149:(314,77),(279,110),(266,52),(194,138),(177,21),(240,81),(132,33),(47,74),(145,33),(279,69),(72,38),(241,111),(183,153),(313,118),(110,129),(198,78),(157,20),(317,143),(317,110),(163,53),
150:(314,77),(279,110),(266,52),(194,138),(176,21),(240,81),(132,33),(47,74),(145,33),(279,69),(72,38),(241,111),(183,153),(313,118),(109,129),(199,78),(157,20),(317,143),(317,110),(164,53),
151:(314,77),(279,110),(266,52),(194,138),(175,21),(240,81),(132,33),(47,74),(145,33),(279,69),(72,38),(241,111),(183,153),(313,118),(108,129),(200,78),(157,20),(317,143),(317,110),(165,53),
152:(314,77),(279,110),(266,52),(194,138),(174,21),(240,81),(132,33),(47,74),(145,33),(279,69),(72,38),(241,111),(183,153),(313,118),(107,129),(201,78),(157,20),(317,143),(317,110),(166,53),
153:(314,77),(279,110),(266,52),(194,138),(173,21),(240,81),(132,33),(47,74),(145,33),(279,69),(72,38),(241,111),(183,153),(313,118),(106,129),(202,78),(157,20),(317,143),(317,110),(167,53),
154:(314,77),(279,110),(266,52),(194,138),(172,21),(240,81),(132,33),(47,74),(145,33),(279,69),(72,38),(241,111),(183,153),(313,118),(105,129),(203,78),(157,20),(317,143),(317,110),(168,53),
155:(314,77),(279,110),(266,52),(194,138),(171,21),(240,81),(132,33),(47,74),(145,33),(279,69),(72,38),(241,111),(183,153),(313,118),(104,129),(204,78),(157,20),(317,143),(317,110),(169,53),
156:(314,77),(279,110),(266,52),(194,138),(170,21),(240,81),(132,33),(47,74),(145,33),(279,69),(72,38),(241,111),(183,153),(313,118),(103,129),(205,78),(157,20),(317,143),(317,110),(170,53),
157:(314,77),(279,110),(266,52),(194,138),(169,21),(240,81),(132,33),(47,74),(145,33),(279,69),(72,38),(241,111),(183,153),(313,118),(102,129),(206,78),(157,20),(317,143),(317,110),(171,53),
158:(314,77),(279,110),(266,52),(194,138),(168,21),(240,81),(132,33),(47,74),(145,33),(279,69),(72,38),(241,111),(183,153),(313,118),(101,129),(207,78),(157,20),(317,143),(317,110),(172,53),
159:(314,77),(279,110),(266,52),(194,138),(167,21),(240,81),(132,33),(47,74),(145,33),(279,69),(72,38),(241,111),(183,153),(313,118),(100,129),(208,78),(157,20),(317,143),(317,110),(173,53),
160:(314,77),(279,110),(266,52),(194,138),(166,21),(240,81),(132,33),(47,74),(145,33),(279,69),(72,38),(241,111),(183,153),(313,118),(99,129),(209,78),(157,20),(317,143),(317,110),(174,53),
161:(314,77),(279,110),(266,52),(194,138),(165,21),(240,81),(132,33),(47,74),(145,33),(279,69),(72,38),(241,111),(183,153),(313,118),(98,129),(210,78),(157,20),(317,143),(317,110),(175,53),
162:(314,77),(279,110),(266,52),(194,138),(164,21),(240,81),(132,33),(47,74),(145,33),(279,69),(72,38),(241,111),(183,153),(313,118),(98,129),(211,78),(157,20),(317,143),(317,110),(176,53),
163:(314,77),(279,110),(266,52),(194,138),(163,21),(240,81),(132,33),(47,74),(145,33),(279,69),(72,38),(241,111),(183,153),(313,118),(98,129),(212,78),(157,20),(317,143),(317,110),(177,53),
164:(314,77),(279,110),(266,52),(194,138),(162,21),(240,81),(132,33),(47,74),(145,33),(279,69),(72,38),(241,111),(183,153),(313,118),(98,129),(213,78),(157,20),(317,143),(317,110),(178,53),
165:(314,77),(279,110),(266,52),(194,138),(161,21),(240,81),(132,33),(47,74),(145,33),(279,69),(72,38),(241,111),(183,153),(313,118),(98,129),(214,78),(157,20),(317,143),(317,110),(179,53),
166:(314,77),(279,110),(266,52),(194,138),(160,21),(240,81),(132,33),(47,74),(145,33),(279,69),(72,38),(241,111),(183,153),(313,118),(98,129),(215,78),(157,20),(317,143),(317,110),(180,53),
167:(314,77),(279,110),(266,52),(194,138),(159,21),(240,81),(132,33),(47,74),(145,33),(279,69),(72,38),(241,111),(183,153),(313,118),(98,129),(216,78),(157,20),(317,143),(317,110),(181,53),
168:(314,77),(279,110),(266,52),(194,138),(158,21),(240,81),(132,33),(47,74),(145,33),(279,69),(72,38),(241,111),(183,153),(313,118),(98,129),(217,78),(157,20),(317,143),(317,110),(182,53),
169:(314,77),(279,110),(266,52),(194,138),(157,21),(240,81),(132,33),(47,74),(145,33),(279,69),(72,38),(241,111),(183,153),(313,118),(98,129),(218,78),(157,20),(317,143),(317,110),(183,53),
170:(314,77),(279,110),(266,52),(194,138),(156,21),(240,81),(132,33),(47,74),(145,33),(279,69),(72,38),(241,111),(183,153),(313,118),(98,129),(219,78),(157,21),(317,143),(317,110),(184,53),
171:(314,77),(279,110),(266,52),(194,138),(155,21),(240,81),(132,33),(47,74),(145,33),(279,69),(72,38),(241,111),(183,153),(313,118),(98,129),(220,78),(157,22),(317,143),(317,110),(185,53),
172:(314,77),(279,110),(266,52),(194,138),(154,21),(240,81),(132,33),(47,74),(145,33),(279,69),(72,38),(241,111),(183,153),(313,118),(98,129),(221,78),(157,23),(317,143),(317,110),(186,53),
173:(314,77),(279,110),(266,52),(194,138),(153,21),(240,81),(132,33),(47,74),(145,33),(279,69),(72,38),(241,111),(183,153),(313,118),(98,129),(222,78),(157,24),(317,143),(317,110),(187,53),
174:(314,77),(279,110),(266,52),(194,138),(152,21),(240,81),(132,33),(47,74),(145,33),(279,69),(72,38),(241,111),(183,153),(313,118),(98,129),(223,78),(157,25),(317,143),(317,110),(188,53),
175:(314,77),(279,110),(266,52),(194,138),(151,21),(240,81),(132,33),(47,74),(145,33),(279,69),(72,38),(241,111),(183,153),(313,118),(98,129),(224,78),(157,26),(317,143),(317,110),(189,53),
176:(314,77),(279,110),(266,52),(194,138),(150,21),(240,81),(132,33),(47,74),(145,33),(279,69),(72,38),(241,111),(183,153),(313,118),(98,129),(225,78),(157,27),(317,143),(317,110),(190,53),
177:(314,77),(279,110),(266,52),(194,138),(149,21),(240,81),(132,33),(47,74),(145,33),(279,69),(72,38),(241,111),(183,153),(313,118),(98,129),(226,78),(157,28),(317,143),(317,110),(191,53),
178:(314,77),(279,110),(266,52),(194,138),(148,21),(240,81),(132,33),(47,74),(145,33),(279,69),(72,38),(241,111),(183,153),(313,118),(98,129),(227,78),(157,29),(317,143),(317,110),(192,53),
179:(314,77),(279,110),(266,52),(194,138),(147,21),(240,81),(132,33),(47,74),(145,33),(279,69),(72,38),(241,111),(183,153),(313,118),(98,129),(228,78),(157,30),(317,143),(317,110),(193,53),
180:(314,77),(279,110),(266,52),(194,138),(146,21),(240,81),(132,33),(47,74),(145,33),(279,69),(72,38),(241,111),(183,153),(313,118),(98,129),(229,78),(157,31),(317,143),(317,110),(194,53),
181:(314,77),(279,110),(266,52),(194,138),(145,21),(240,81),(132,33),(47,74),(145,33),(279,69),(72,38),(241,111),(183,153),(313,118),(98,129),(230,78),(157,32),(317,143),(317,110),(195,53),
182:(314,77),(279,110),(266,52),(194,138),(144,21),(240,81),(132,33),(47,74),(145,33),(279,69),(72,38),(241,111),(183,153),(313,118),(98,129),(231,78),(157,33),(317,143),(317,110),(196,53),
183:(314,77),(279,110),(266,52),(194,138),(143,21),(240,81),(132,33),(47,74),(145,33),(279,69),(72,38),(241,111),(183,153),(313,118),(98,129),(232,78),(157,33),(317,143),(317,110),(197,53),
184:(314,77),(279,110),(266,52),(194,138),(142,21),(240,81),(132,33),(47,74),(145,33),(279,69),(72,38),(241,111),(183,153),(313,118),(98,129),(233,78),(157,33),(317,143),(317,110),(198,53),
185:(314,77),(279,110),(266,52),(194,138),(141,21),(240,81),(132,33),(47,74),(145,33),(279,69),(72,38),(241,111),(183,153),(313,118),(98,129),(234,78),(157,33),(317,143),(317,110),(199,53),
186:(314,77),(279,110),(266,52),(194,138),(140,21),(240,81),(132,33),(47,74),(145,33),(279,69),(72,38),(241,111),(183,153),(313,118),(98,129),(235,78),(157,33),(317,143),(317,110),(200,53),
187:(314,77),(279,110),(266,52),(194,138),(139,21),(240,81),(132,33),(47,74),(145,33),(279,69),(72,38),(241,111),(183,153),(313,118),(98,129),(236,78),(157,33),(317,143),(317,110),(201,53),
188:(314,77),(279,110),(266,52),(194,138),(138,21),(240,81),(132,33),(47,74),(145,33),(279,69),(72,38),(241,111),(183,153),(313,118),(98,129),(237,78),(157,33),(317,143),(317,110),(202,53),
189:(314,77),(279,110),(266,52),(194,138),(137,21),(240,81),(132,33),(47,74),(145,33),(279,69),(72,38),(241,111),(183,153),(313,118),(98,129),(238,78),(157,33),(317,143),(317,110),(203,53),
190:(314,77),(279,110),(266,52),(194,138),(136,21),(240,81),(132,33),(47,74),(145,33),(279,69),(72,38),(241,111),(183,153),(313,118),(98,129),(239,78),(157,33),(317,143),(317,110),(204,53),
191:(314,77),(279,110),(266,52),(194,138),(135,21),(240,81),(132,33),(47,74),(145,33),(279,69),(72,38),(241,111),(183,153),(313,118),(98,129),(240,78),(157,33),(317,143),(317,110),(205,53),
192:(314,77),(279,110),(266,52),(194,138),(134,21),(240,81),(132,33),(47,74),(145,33),(279,69),(72,38),(241,111),(183,153),(313,118),(98,129),(241,78),(157,33),(317,143),(317,110),(206,53),
193:(314,77),(279,110),(266,52),(194,138),(133,21),(240,81),(132,33),(47,74),(145,33),(279,69),(72,38),(241,111),(183,153),(313,118),(98,129),(242,78),(157,33),(317,143),(317,110),(207,53),
194:(314,77),(279,110),(266,52),(194,138),(133,22),(240,81),(132,33),(47,74),(145,33),(279,69),(72,38),(241,111),(183,153),(313,118),(98,129),(243,78),(157,33),(317,143),(317,110),(208,53),
195:(314,77),(279,110),(266,52),(194,138),(133,23),(240,81),(132,33),(47,74),(145,33),(279,69),(72,38),(241,111),(183,153),(313,118),(98,129),(244,78),(157,33),(317,143),(317,110),(209,53),
196:(314,77),(279,110),(266,52),(194,138),(133,24),(240,81),(132,33),(47,74),(145,33),(279,69),(72,38),(241,111),(183,153),(313,118),(98,129),(245,78),(157,33),(317,143),(317,110),(210,53),
197:(314,77),(279,110),(266,52),(194,138),(133,25),(240,81),(132,33),(47,74),(145,33),(279,69),(72,38),(241,111),(183,153),(313,118),(98,129),(246,78),(157,33),(317,143),(317,110),(211,53),
198:(314,77),(279,110),(266,52),(194,138),(133,26),(240,81),(132,33),(47,74),(145,33),(279,69),(72,38),(241,111),(183,153),(313,118),(98,129),(247,78),(157,33),(317,143),(317,110),(212,53),
199:(314,77),(279,110),(266,52),(194,138),(133,27),(240,81),(132,33),(47,74),(145,33),(279,69),(72,38),(241,111),(183,153),(313,118),(98,129),(248,78),(157,33),(317,143),(317,110),(213,53),
200:(314,77),(279,110),(266,52),(194,138),(133,28),(240,81),(132,33),(47,74),(145,33),(279,69),(72,38),(241,111),(183,153),(313,118),(98,129),(249,78),(157,33),(317,143),(317,110),(214,53),
201:(314,77),(279,110),(266,52),(194,138),(133,29),(240,81),(132,33),(47,74),(145,33),(279,69),(72,38),(241,111),(183,153),(313,118),(98,129),(250,78),(157,33),(317,143),(317,110),(215,53),
202:(314,77),(279,110),(266,52),(194,138),(133,30),(240,81),(132,33),(47,74),(145,33),(279,69),(72,38),(241,111),(183,153),(313,118),(98,129),(251,78),(157,33),(317,143),(317,110),(216,53),
203:(314,77),(279,110),(266,52),(194,138),(133,31),(240,81),(132,33),(47,74),(145,33),(279,69),(72,38),(241,111),(183,153),(313,118),(98,129),(252,78),(157,33),(317,143),(317,110),(217,53),
204:(314,77),(279,110),(266,52),(194,138),(133,32),(240,81),(132,33),(47,74),(145,33),(279,69),(72,38),(241,111),(183,153),(313,118),(98,129),(253,78),(157,33),(317,143),(317,110),(218,53),
205:(314,77),(279,110),(266,52),(194,138),(133,33),(240,81),(132,33),(47,74),(145,33),(279,69),(72,38),(241,111),(183,153),(313,118),(98,129),(254,78),(157,33),(317,143),(317,110),(219,53),
206:(314,77),(279,110),(266,52),(194,138),(133,34),(240,81),(133,33),(47,74),(145,33),(279,69),(72,38),(241,111),(183,153),(313,118),(98,129),(255,78),(157,33),(317,143),(317,110),(220,53),
207:(314,77),(279,110),(266,52),(194,138),(133,35),(240,81),(134,33),(47,74),(145,33),(279,69),(72,38),(241,111),(183,153),(313,118),(98,129),(256,78),(157,33),(317,143),(317,110),(221,53),
208:(314,77),(279,110),(266,52),(194,138),(133,36),(240,81),(135,33),(47,74),(145,33),(279,69),(72,38),(241,111),(183,153),(313,118),(98,129),(257,78),(157,33),(317,143),(317,110),(222,53),
209:(314,77),(279,110),(266,52),(194,138),(133,37),(240,81),(136,33),(47,74),(145,33),(279,69),(72,38),(241,111),(183,153),(313,118),(98,129),(258,78),(157,33),(317,143),(317,110),(223,53),
210:(314,77),(279,110),(266,52),(194,138),(133,38),(240,81),(137,33),(47,74),(145,33),(279,69),(72,38),(241,111),(183,153),(313,118),(98,129),(259,78),(157,33),(317,143),(317,110),(224,53),
211:(314,77),(279,110),(266,52),(194,138),(133,39),(240,81),(138,33),(47,74),(145,33),(279,69),(72,38),(241,111),(183,153),(313,118),(98,129),(260,78),(157,33),(317,143),(317,110),(225,53),
212:(314,77),(279,110),(266,52),(194,138),(133,40),(240,81),(139,33),(47,74),(145,33),(279,69),(72,38),(241,111),(183,153),(313,118),(98,129),(261,78),(157,33),(317,143),(317,110),(226,53),
213:(314,77),(279,110),(266,52),(194,138),(133,41),(240,81),(140,33),(47,74),(145,33),(279,69),(72,38),(241,111),(183,153),(313,118),(98,129),(262,78),(157,33),(317,143),(317,110),(227,53),
214:(314,77),(279,110),(266,52),(194,138),(133,42),(240,81),(141,33),(47,74),(145,33),(279,69),(72,38),(241,111),(183,153),(313,118),(98,129),(263,78),(157,33),(317,143),(317,110),(228,53),
215:(314,77),(279,110),(266,52),(194,138),(133,43),(240,81),(142,33),(47,74),(145,33),(279,69),(72,38),(241,111),(183,153),(313,118),(98,129),(264,78),(157,33),(317,143),(317,110),(229,53),
216:(314,77),(279,110),(266,52),(194,138),(133,44),(240,81),(143,33),(47,74),(145,33),(279,69),(72,38),(241,111),(183,153),(313,118),(98,129),(265,78),(157,33),(317,143),(317,110),(230,53),
217:(314,77),(279,110),(266,52),(194,138),(133,45),(240,81),(144,33),(47,74),(145,33),(279,69),(72,38),(241,111),(183,153),(313,118),(98,129),(266,78),(157,33),(317,143),(317,110),(231,53),
218:(314,77),(279,110),(266,52),(194,138),(133,46),(240,81),(144,34),(47,74),(144,33),(279,69),(72,38),(241,111),(183,153),(313,118),(98,129),(267,78),(157,33),(317,143),(317,110),(232,53),
219:(314,77),(279,110),(266,52),(194,138),(133,47),(240,81),(145,34),(47,74),(143,33),(279,69),(72,38),(241,111),(183,153),(313,118),(98,129),(268,78),(157,33),(317,143),(317,110),(233,53),
220:(314,77),(279,110),(266,52),(194,138),(133,48),(240,81),(146,34),(47,74),(142,33),(279,69),(72,38),(241,111),(183,153),(313,118),(98,129),(269,78),(157,33),(317,143),(317,110),(234,53),
221:(314,77),(279,110),(266,52),(194,138),(133,49),(240,81),(147,34),(47,74),(141,33),(279,69),(72,38),(241,111),(183,153),(313,118),(98,129),(270,78),(157,33),(317,143),(317,110),(235,53),
222:(314,77),(279,110),(266,52),(194,138),(133,50),(240,81),(148,34),(47,74),(140,33),(279,69),(72,38),(241,111),(183,153),(313,118),(98,129),(271,78),(157,33),(317,143),(317,110),(236,53),
223:(314,77),(279,110),(266,52),(194,138),(133,51),(240,81),(149,34),(47,74),(139,33),(279,69),(72,38),(241,111),(183,153),(313,118),(98,129),(272,78),(157,33),(317,143),(317,110),(237,53),
224:(314,77),(279,110),(266,52),(194,138),(133,52),(240,81),(150,34),(47,74),(138,33),(279,69),(72,38),(241,111),(183,153),(313,118),(98,129),(273,78),(157,33),(317,143),(317,110),(238,53),
225:(314,77),(279,110),(266,52),(194,138),(133,53),(240,81),(151,34),(47,74),(137,33),(279,69),(72,38),(241,111),(183,153),(313,118),(98,129),(274,78),(157,33),(317,143),(317,110),(239,53),
226:(314,77),(279,110),(266,52),(194,138),(133,54),(240,81),(152,34),(47,74),(136,33),(279,69),(72,38),(241,111),(183,153),(313,118),(98,129),(275,78),(157,33),(317,143),(317,110),(240,53),
227:(314,77),(279,110),(266,52),(194,138),(133,55),(240,81),(153,34),(47,74),(135,33),(279,69),(72,38),(241,111),(183,153),(313,118),(98,129),(276,78),(157,33),(317,143),(317,110),(241,53),
228:(314,77),(279,110),(266,52),(194,138),(133,56),(240,81),(154,34),(47,74),(134,33),(279,69),(72,38),(241,111),(183,153),(313,118),(98,129),(277,78),(157,33),(317,143),(317,110),(242,53),
229:(314,77),(279,110),(266,52),(194,138),(133,57),(240,81),(155,34),(47,74),(133,33),(279,69),(72,38),(241,111),(183,153),(313,118),(98,129),(277,78),(157,33),(317,143),(317,110),(243,53),
230:(314,77),(279,110),(266,52),(194,138),(133,58),(240,81),(156,34),(47,74),(132,33),(279,69),(72,38),(241,111),(183,153),(313,118),(98,129),(277,78),(157,33),(317,143),(317,110),(244,53),
231:(314,77),(279,110),(266,52),(194,138),(133,59),(240,81),(157,34),(47,74),(131,33),(279,69),(72,38),(241,111),(183,153),(313,118),(98,129),(277,78),(157,33),(317,143),(317,110),(245,53),
232:(314,77),(279,110),(266,52),(194,138),(133,60),(240,81),(158,34),(47,74),(130,33),(279,69),(72,38),(241,111),(183,153),(313,118),(98,129),(277,78),(157,34),(317,143),(317,110),(246,53),
233:(314,77),(279,110),(266,52),(194,138),(133,61),(240,81),(159,34),(47,74),(129,33),(279,69),(72,38),(241,111),(183,153),(313,118),(98,129),(277,78),(157,35),(317,143),(317,110),(247,53),
234:(314,77),(279,110),(266,52),(194,138),(133,62),(240,81),(160,34),(47,74),(128,33),(279,69),(72,38),(241,111),(183,153),(313,118),(98,129),(277,78),(157,36),(317,143),(317,110),(248,53),
235:(314,77),(279,110),(266,52),(194,138),(133,63),(240,81),(161,34),(47,74),(127,33),(279,69),(72,38),(241,111),(183,153),(313,118),(98,129),(277,78),(157,37),(317,143),(317,110),(249,53),
236:(314,77),(279,110),(266,52),(194,138),(133,64),(240,81),(162,34),(47,74),(126,33),(279,69),(72,38),(241,111),(183,153),(313,118),(98,129),(277,78),(157,38),(317,143),(317,110),(250,53),
237:(314,77),(279,110),(266,52),(194,138),(133,65),(240,81),(163,34),(47,74),(125,33),(279,69),(72,38),(241,111),(183,153),(313,118),(98,129),(277,78),(157,39),(317,143),(317,110),(251,53),
238:(314,77),(279,110),(266,52),(194,138),(133,66),(240,81),(164,34),(47,74),(124,33),(279,69),(72,38),(241,111),(183,153),(313,118),(98,129),(277,78),(157,40),(317,143),(317,110),(252,53),
239:(314,77),(279,110),(266,52),(194,138),(133,67),(240,81),(165,34),(47,74),(123,33),(279,69),(72,38),(241,111),(183,153),(313,118),(98,129),(277,78),(157,41),(317,143),(317,110),(253,53),
240:(314,77),(279,110),(266,52),(194,138),(133,68),(240,81),(166,34),(47,74),(122,33),(279,69),(72,38),(241,111),(183,153),(313,118),(98,129),(277,78),(157,42),(317,143),(317,110),(254,53),
241:(314,77),(279,110),(266,52),(194,138),(133,68),(240,81),(167,34),(47,74),(121,33),(279,69),(72,38),(241,111),(183,153),(313,118),(98,129),(277,78),(157,43),(317,143),(317,110),(255,53),
242:(314,77),(279,110),(266,52),(194,138),(133,68),(240,81),(168,34),(47,74),(120,33),(279,69),(72,38),(241,111),(183,153),(313,118),(98,129),(277,78),(157,44),(317,143),(317,110),(256,53),
243:(314,77),(279,110),(266,52),(194,138),(133,68),(240,81),(169,34),(47,74),(119,33),(279,69),(72,38),(241,111),(183,153),(313,118),(98,129),(277,78),(157,45),(317,143),(317,110),(257,53),
244:(314,77),(279,110),(266,52),(194,138),(133,68),(240,81),(170,34),(47,74),(118,33),(279,69),(72,38),(241,111),(183,153),(313,118),(98,129),(277,78),(157,46),(317,143),(317,110),(258,53),
245:(314,77),(279,110),(266,52),(194,138),(133,68),(240,81),(171,34),(47,74),(117,33),(279,69),(72,38),(241,111),(183,153),(313,118),(98,129),(277,78),(157,47),(317,143),(317,110),(259,53),
246:(314,77),(279,110),(266,52),(194,138),(133,68),(240,81),(172,34),(47,74),(116,33),(279,69),(72,38),(241,111),(183,153),(313,118),(98,129),(277,78),(157,48),(317,143),(317,110),(260,53),
247:(314,77),(279,110),(266,52),(194,138),(133,68),(240,81),(173,34),(47,74),(115,33),(279,69),(72,38),(241,111),(183,153),(313,118),(98,129),(277,78),(157,49),(317,143),(317,110),(261,53),
248:(314,77),(279,110),(266,52),(194,138),(133,68),(240,81),(174,34),(47,74),(114,33),(279,69),(72,38),(241,111),(183,153),(313,118),(98,129),(277,78),(157,50),(317,143),(317,110),(262,53),
249:(314,77),(279,110),(266,52),(194,138),(133,68),(240,81),(175,34),(47,74),(113,33),(279,69),(72,38),(241,111),(183,153),(313,118),(98,129),(277,78),(157,51),(317,143),(317,110),(263,53),
250:(314,77),(279,110),(266,52),(194,138),(133,68),(240,81),(176,34),(47,74),(112,33),(279,69),(72,38),(241,111),(183,153),(313,118),(98,129),(277,78),(157,52),(317,143),(317,110),(264,53),
251:(314,77),(279,110),(266,52),(194,138),(133,68),(240,81),(177,34),(47,74),(111,33),(279,69),(72,38),(241,111),(183,153),(313,118),(98,129),(277,78),(157,53),(317,143),(317,110),(265,53),
252:(314,77),(279,110),(266,52),(194,138),(133,68),(240,81),(178,34),(47,74),(110,33),(279,69),(72,38),(241,111),(183,153),(313,118),(98,129),(277,78),(157,54),(317,143),(317,110),(266,53),
253:(314,77),(279,110),(266,52),(194,138),(133,68),(240,81),(179,34),(47,74),(109,33),(279,69),(72,38),(241,111),(183,153),(313,118),(98,129),(277,78),(157,55),(317,143),(317,110),(267,53),
254:(314,77),(279,110),(266,53),(194,138),(133,68),(240,81),(180,34),(47,74),(108,33),(279,69),(72,38),(241,111),(183,153),(313,118),(98,129),(277,78),(157,56),(317,143),(317,110),(268,53),
255:(314,77),(279,110),(266,54),(194,138),(133,68),(240,81),(181,34),(47,74),(107,33),(279,69),(72,38),(241,111),(183,153),(313,118),(98,129),(277,78),(157,57),(317,143),(317,110),(269,53),
256:(314,77),(279,110),(266,55),(194,138),(133,68),(240,81),(182,34),(47,74),(106,33),(279,69),(72,38),(241,111),(183,153),(313,118),(98,129),(277,78),(157,58),(317,143),(317,110),(270,53),
257:(314,77),(279,110),(266,56),(194,138),(133,68),(240,81),(183,34),(47,74),(105,33),(279,69),(72,38),(241,111),(183,153),(313,118),(98,129),(277,78),(157,59),(317,143),(317,110),(271,53),
258:(314,77),(279,110),(266,57),(194,138),(133,68),(240,81),(184,34),(47,74),(104,33),(279,69),(72,38),(241,111),(183,153),(313,118),(98,129),(277,78),(157,60),(317,143),(317,110),(272,53),
259:(314,77),(279,110),(266,58),(194,138),(133,68),(240,81),(185,34),(47,74),(103,33),(279,69),(72,38),(241,111),(183,153),(313,118),(98,129),(277,78),(157,61),(317,143),(317,110),(273,53),
260:(314,77),(279,110),(266,59),(194,138),(133,68),(240,81),(186,34),(47,74),(102,33),(279,69),(72,38),(241,111),(183,153),(313,118),(98,129),(277,78),(157,62),(317,143),(317,110),(274,53),
261:(314,77),(279,110),(266,60),(194,138),(133,68),(240,81),(187,34),(47,74),(101,33),(279,69),(72,38),(241,111),(183,153),(313,118),(98,129),(277,78),(157,63),(317,143),(317,110),(275,53),
262:(314,77),(279,110),(266,61),(194,138),(133,68),(240,81),(188,34),(47,74),(100,33),(279,69),(72,38),(241,111),(183,153),(313,118),(98,129),(277,78),(157,64),(317,143),(317,110),(276,53),
263:(314,77),(279,110),(266,62),(194,138),(133,68),(240,81),(189,34),(47,74),(99,33),(279,69),(72,38),(241,111),(183,153),(313,118),(98,129),(277,78),(157,65),(317,143),(317,110),(277,53),
264:(314,77),(279,110),(266,63),(194,138),(133,68),(240,81),(190,34),(47,74),(98,33),(279,69),(72,38),(241,111),(183,153),(313,118),(98,129),(277,78),(157,66),(317,143),(317,110),(278,53),
265:(314,77),(279,110),(266,64),(194,138),(133,68),(240,81),(191,34),(47,74),(97,33),(279,69),(72,38),(241,111),(183,153),(313,118),(98,129),(277,78),(157,67),(317,143),(317,110),(278,54),
266:(314,77),(279,110),(266,65),(194,138),(133,68),(240,81),(192,34),(47,74),(96,33),(279,69),(72,38),(241,111),(183,153),(313,118),(98,129),(277,78),(157,68),(317,143),(317,110),(278,55),
267:(314,77),(279,110),(266,66),(194,138),(133,68),(240,81),(193,34),(47,74),(95,33),(279,69),(72,38),(241,111),(183,153),(313,118),(98,129),(277,78),(157,68),(317,143),(317,110),(278,56),
268:(314,77),(279,110),(266,67),(194,138),(133,68),(240,81),(194,34),(47,74),(94,33),(279,69),(72,38),(241,111),(183,153),(313,118),(98,129),(277,78),(157,68),(317,143),(317,110),(278,57),
269:(314,77),(279,110),(266,68),(194,138),(133,68),(240,81),(195,34),(47,74),(93,33),(279,69),(72,38),(241,111),(183,153),(313,118),(98,129),(277,78),(157,68),(317,143),(317,110),(278,58),
270:(314,77),(279,110),(266,68),(194,138),(133,68),(240,81),(196,34),(47,74),(92,33),(279,69),(72,38),(241,111),(183,153),(313,118),(98,129),(277,78),(157,68),(317,143),(317,110),(278,59),
271:(314,77),(279,110),(266,68),(194,138),(133,68),(240,81),(197,34),(47,74),(91,33),(279,69),(72,38),(241,111),(183,153),(313,118),(98,129),(277,78),(157,68),(317,143),(317,110),(278,60),
272:(314,77),(279,110),(266,68),(194,138),(133,68),(240,81),(198,34),(47,74),(90,33),(279,69),(72,38),(241,111),(183,153),(313,118),(98,129),(277,78),(157,68),(317,143),(317,110),(278,61),
273:(314,77),(279,110),(266,68),(194,138),(133,68),(240,81),(199,34),(47,74),(89,33),(279,69),(72,38),(241,111),(183,153),(313,118),(98,129),(277,78),(157,68),(317,143),(317,110),(278,62),
274:(314,77),(279,110),(266,68),(194,138),(133,68),(240,81),(200,34),(47,74),(88,33),(279,69),(72,38),(241,111),(183,153),(313,118),(98,129),(277,78),(157,68),(317,143),(317,110),(278,63),
275:(314,77),(279,110),(266,68),(194,138),(133,68),(240,81),(201,34),(47,74),(87,33),(279,69),(72,38),(241,111),(183,153),(313,118),(98,129),(277,78),(157,68),(317,143),(317,110),(278,64),
276:(314,77),(279,110),(266,68),(194,138),(133,68),(240,81),(202,34),(47,74),(86,33),(279,69),(72,38),(241,111),(183,153),(313,118),(98,129),(277,78),(157,68),(317,143),(317,110),(278,65),
277:(314,77),(279,110),(266,68),(194,138),(133,68),(240,81),(203,34),(47,74),(85,33),(279,69),(72,38),(241,111),(183,153),(313,118),(98,129),(277,78),(157,68),(317,143),(317,110),(278,66),
278:(314,77),(279,110),(266,68),(194,138),(133,68),(240,81),(204,34),(47,74),(84,33),(279,69),(72,38),(241,111),(183,153),(313,118),(98,129),(277,78),(157,68),(317,143),(317,110),(278,67),
279:(314,77),(279,110),(266,68),(194,138),(133,68),(240,81),(205,34),(47,74),(83,33),(279,69),(72,38),(241,111),(183,153),(313,118),(98,129),(277,78),(157,68),(317,143),(317,110),(278,68),
280:(314,77),(279,110),(266,68),(194,138),(133,68),(240,81),(206,34),(47,74),(82,33),(279,69),(72,38),(241,111),(183,153),(313,118),(98,129),(277,78),(157,68),(317,143),(317,110),(278,69),
281:(314,77),(279,110),(266,68),(194,138),(133,68),(240,81),(207,34),(47,74),(81,33),(279,69),(72,38),(241,111),(183,153),(313,118),(98,129),(277,78),(157,68),(317,143),(317,110),(278,70),
282:(314,77),(279,110),(266,68),(194,138),(133,68),(240,81),(208,34),(47,74),(80,33),(278,69),(72,38),(241,111),(183,153),(313,118),(98,129),(277,78),(157,68),(317,143),(317,110),(278,71),
283:(314,77),(279,110),(266,68),(194,138),(133,68),(240,81),(209,34),(47,74),(79,33),(277,69),(72,38),(241,111),(183,153),(313,118),(98,129),(277,78),(157,68),(317,143),(317,110),(278,72),
284:(314,77),(279,110),(266,68),(194,138),(133,68),(240,81),(210,34),(47,74),(78,33),(276,69),(72,38),(241,111),(183,153),(313,118),(98,129),(277,78),(157,68),(317,143),(317,110),(278,73),
285:(314,77),(279,110),(266,68),(194,138),(133,68),(240,81),(211,34),(47,74),(77,33),(275,69),(72,38),(241,111),(183,153),(313,118),(98,129),(277,78),(157,68),(317,143),(317,110),(278,74),
286:(314,77),(279,110),(266,68),(194,138),(133,68),(240,81),(212,34),(47,74),(76,33),(274,69),(72,38),(241,111),(183,153),(313,118),(98,129),(277,78),(157,68),(317,143),(317,110),(278,75),
287:(314,77),(279,110),(266,68),(194,138),(133,68),(240,81),(213,34),(47,74),(75,33),(273,69),(72,38),(241,111),(183,153),(313,118),(98,129),(277,78),(157,68),(317,143),(317,110),(278,76),
288:(314,77),(279,110),(266,68),(194,138),(133,68),(240,81),(214,34),(47,74),(74,33),(272,69),(72,38),(241,111),(183,153),(313,118),(98,129),(277,78),(157,68),(317,143),(317,110),(278,77),
289:(314,77),(279,110),(266,68),(194,138),(133,68),(240,81),(215,34),(47,74),(73,33),(271,69),(72,38),(241,111),(183,153),(313,118),(98,129),(277,78),(157,68),(317,143),(317,110),(278,78),
290:(314,77),(279,110),(266,68),(194,138),(133,68),(240,81),(216,34),(47,74),(73,34),(270,69),(72,38),(241,111),(183,153),(313,118),(98,129),(277,78),(157,68),(317,143),(317,110),(278,79),
291:(314,77),(279,110),(266,68),(194,138),(133,68),(240,81),(217,34),(47,74),(73,35),(269,69),(72,38),(241,111),(183,153),(313,118),(98,129),(278,78),(157,68),(317,143),(317,110),(278,80),
292:(314,77),(279,110),(266,68),(194,138),(133,68),(240,81),(218,34),(47,74),(73,36),(268,69),(72,38),(241,111),(183,153),(313,118),(98,129),(279,78),(157,68),(317,143),(317,110),(278,81),
293:(314,77),(279,110),(266,68),(194,138),(133,68),(240,81),(219,34),(47,74),(73,37),(267,69),(72,38),(241,111),(183,153),(313,118),(98,129),(280,78),(157,68),(317,143),(317,110),(278,82),
294:(314,77),(279,110),(266,68),(194,138),(133,68),(240,81),(220,34),(47,74),(73,38),(266,69),(72,38),(241,111),(183,153),(313,118),(98,129),(281,78),(157,68),(317,143),(317,110),(278,83),
295:(314,77),(279,110),(266,68),(194,138),(133,68),(240,81),(221,34),(47,74),(73,39),(265,69),(73,38),(241,111),(183,153),(313,118),(98,129),(282,78),(157,68),(317,143),(317,110),(278,84),
296:(314,77),(279,110),(266,69),(194,138),(133,68),(240,81),(222,34),(47,74),(73,40),(264,69),(74,38),(241,111),(183,153),(313,118),(98,129),(283,78),(157,68),(317,143),(317,110),(278,85),
297:(314,77),(279,110),(266,70),(194,138),(133,68),(240,81),(223,34),(47,74),(73,41),(263,69),(75,38),(241,111),(183,153),(313,118),(98,129),(284,78),(157,68),(317,143),(317,110),(278,86),
298:(314,77),(279,110),(266,71),(194,138),(133,68),(240,81),(224,34),(47,74),(73,42),(262,69),(76,38),(241,111),(183,153),(313,118),(98,129),(285,78),(157,68),(317,143),(317,110),(278,87),
299:(314,77),(279,110),(266,72),(194,138),(133,68),(240,81),(225,34),(47,74),(73,43),(261,69),(77,38),(241,111),(183,153),(313,118),(98,129),(286,78),(157,68),(317,143),(317,110),(278,88),
300:(314,77),(279,110),(266,73),(194,138),(133,68),(240,81),(226,34),(47,74),(73,44),(260,69),(78,38),(241,111),(183,153),(313,118),(98,129),(287,78),(157,68),(317,143),(317,110),(278,89),
301:(314,77),(279,110),(266,74),(194,138),(133,68),(240,81),(227,34),(47,74),(73,45),(259,69),(79,38),(241,111),(183,153),(313,118),(98,129),(288,78),(157,68),(317,143),(317,110),(278,90),
302:(314,77),(279,110),(266,75),(194,138),(133,68),(240,81),(228,34),(47,74),(73,46),(258,69),(80,38),(241,111),(183,153),(313,118),(98,129),(289,78),(157,68),(317,143),(317,110),(278,91),
303:(314,77),(279,110),(266,76),(194,138),(133,68),(240,81),(229,34),(47,74),(73,47),(257,69),(81,38),(241,111),(183,153),(313,118),(98,129),(290,78),(157,68),(317,143),(317,110),(278,92),
304:(314,77),(279,110),(266,77),(194,138),(133,68),(240,81),(230,34),(47,74),(73,48),(256,69),(82,38),(241,111),(183,153),(313,118),(98,129),(291,78),(157,68),(317,143),(317,110),(278,93),
305:(314,77),(279,110),(266,78),(194,138),(133,68),(240,81),(231,34),(47,74),(73,49),(255,69),(83,38),(241,111),(183,153),(313,118),(98,129),(292,78),(157,68),(317,143),(317,110),(278,94),
306:(314,77),(279,110),(266,79),(194,138),(133,68),(240,81),(232,34),(47,74),(73,50),(254,69),(84,38),(241,111),(183,153),(313,118),(98,129),(293,78),(157,68),(317,143),(317,110),(278,95),
307:(314,77),(279,110),(266,80),(194,138),(133,68),(240,81),(233,34),(47,74),(73,51),(253,69),(85,38),(241,111),(183,153),(313,118),(98,129),(294,78),(157,68),(317,143),(317,110),(278,96),
308:(314,77),(279,110),(266,81),(194,138),(133,68),(240,81),(234,34),(47,74),(73,52),(252,69),(86,38),(241,111),(183,153),(313,118),(98,129),(295,78),(157,68),(317,143),(317,110),(278,97),
309:(314,77),(279,110),(266,82),(194,138),(133,68),(240,81),(235,34),(47,74),(73,53),(251,69),(87,38),(241,111),(183,153),(313,118),(98,129),(296,78),(157,68),(317,143),(317,110),(278,98),
310:(314,77),(279,110),(266,83),(194,138),(133,68),(240,81),(236,34),(47,74),(73,54),(250,69),(88,38),(241,111),(183,153),(313,118),(98,129),(297,78),(157,68),(317,143),(317,110),(278,99),
311:(314,77),(279,110),(266,84),(194,138),(133,68),(240,81),(237,34),(47,74),(73,55),(249,69),(89,38),(241,111),(183,153),(313,118),(98,129),(298,78),(157,68),(317,143),(317,110),(278,100),
312:(314,77),(279,110),(266,85),(194,138),(133,68),(240,81),(238,34),(47,74),(73,56),(248,69),(90,38),(241,111),(183,153),(313,118),(98,129),(299,78),(157,68),(317,143),(317,110),(278,101),
313:(314,77),(279,110),(266,86),(194,138),(133,68),(240,81),(239,34),(47,74),(73,57),(247,69),(91,38),(241,111),(183,153),(313,118),(98,129),(300,78),(157,68),(317,143),(317,110),(278,102),
314:(314,77),(279,110),(266,87),(194,138),(133,68),(240,81),(240,34),(47,74),(73,58),(246,69),(92,38),(241,111),(183,153),(313,118),(98,129),(301,78),(157,68),(317,143),(317,110),(278,103),
315:(314,77),(279,110),(266,88),(194,138),(133,68),(240,81),(241,34),(47,74),(73,59),(245,69),(93,38),(241,111),(183,153),(313,118),(98,129),(302,78),(157,68),(317,143),(317,110),(278,104),
316:(314,77),(279,110),(266,89),(194,138),(133,68),(240,81),(242,34),(47,74),(73,60),(244,69),(94,38),(241,111),(183,153),(313,118),(98,129),(303,78),(157,68),(317,143),(317,110),(278,105),
317:(314,77),(279,110),(266,90),(194,138),(133,68),(240,81),(243,34),(47,74),(73,61),(243,69),(95,38),(241,111),(183,153),(313,118),(98,129),(304,78),(157,68),(317,143),(317,110),(278,106),
318:(314,77),(279,110),(266,91),(194,138),(133,68),(240,81),(244,34),(47,74),(73,62),(242,69),(96,38),(241,111),(183,153),(313,118),(98,129),(305,78),(157,68),(317,143),(317,110),(278,107),
319:(314,77),(279,110),(266,92),(194,138),(133,68),(240,81),(245,34),(47,74),(73,63),(241,69),(97,38),(241,111),(183,153),(313,118),(98,129),(306,78),(157,68),(317,143),(317,110),(278,108),
320:(314,77),(279,110),(266,93),(194,138),(133,68),(240,81),(246,34),(47,74),(73,64),(240,69),(98,38),(241,111),(183,153),(313,118),(98,129),(307,78),(157,68),(317,143),(317,110),(278,109),
321:(314,77),(279,110),(266,94),(194,138),(133,68),(240,81),(247,34),(47,74),(73,65),(239,69),(99,38),(241,111),(183,153),(313,118),(98,129),(308,78),(157,68),(317,143),(317,110),(278,110),
322:(314,77),(279,110),(266,95),(194,138),(133,68),(240,81),(248,34),(47,74),(73,66),(238,69),(100,38),(241,111),(183,153),(313,118),(98,129),(309,78),(157,68),(317,143),(317,110),(278,111),
323:(314,77),(278,110),(266,96),(194,138),(133,68),(240,81),(249,34),(47,74),(73,67),(237,69),(101,38),(241,111),(183,153),(313,118),(98,129),(310,78),(157,68),(317,143),(317,110),(278,112),
324:(314,77),(277,110),(266,97),(194,138),(133,68),(240,81),(250,34),(47,74),(73,68),(236,69),(102,38),(241,111),(183,153),(313,118),(98,129),(311,78),(157,68),(317,143),(317,110),(278,113),
325:(314,77),(276,110),(266,98),(194,138),(133,68),(240,81),(251,34),(47,74),(73,69),(235,69),(103,38),(241,111),(183,153),(313,118),(98,129),(312,78),(157,68),(317,143),(317,110),(278,114),
326:(314,77),(275,110),(266,99),(194,138),(133,68),(240,81),(252,34),(47,74),(73,70),(234,69),(104,38),(241,111),(183,153),(313,118),(98,129),(313,78),(157,68),(317,143),(317,110),(278,115),
327:(314,77),(274,110),(266,100),(194,138),(133,68),(240,81),(253,34),(47,74),(73,71),(233,69),(105,38),(241,111),(183,153),(313,118),(98,129),(314,78),(157,68),(317,143),(317,110),(278,116),
328:(314,77),(273,110),(266,101),(194,138),(133,68),(240,81),(254,34),(47,74),(73,72),(232,69),(106,38),(241,111),(183,153),(313,118),(98,129),(315,78),(157,68),(317,143),(317,110),(278,117),
329:(314,78),(272,110),(266,102),(194,138),(133,68),(240,81),(255,34),(47,74),(73,73),(231,69),(107,38),(241,111),(183,153),(313,118),(98,129),(316,78),(157,68),(317,143),(317,110),(278,118),
330:(314,79),(271,110),(266,103),(194,138),(133,68),(240,81),(256,34),(47,74),(73,74),(230,69),(108,38),(241,111),(183,153),(313,118),(98,129),(316,79),(157,68),(317,143),(317,110),(278,119),
331:(314,80),(270,110),(266,104),(194,138),(133,68),(240,81),(257,34),(47,74),(73,75),(229,69),(109,38),(241,111),(183,153),(313,118),(98,129),(316,80),(157,68),(317,143),(317,110),(278,120),
332:(314,81),(269,110),(266,105),(194,138),(133,68),(240,81),(258,34),(47,74),(73,76),(228,69),(110,38),(241,111),(183,153),(313,118),(98,129),(316,81),(157,68),(317,143),(317,110),(278,121),
333:(314,82),(268,110),(266,106),(194,138),(133,68),(240,81),(259,34),(47,74),(73,77),(227,69),(111,38),(241,111),(183,153),(313,118),(98,129),(316,82),(157,68),(317,143),(317,110),(278,122),
334:(314,83),(267,110),(266,107),(194,138),(133,68),(240,81),(260,34),(47,74),(73,78),(226,69),(112,38),(241,111),(183,153),(313,118),(98,129),(316,83),(157,68),(317,143),(317,110),(278,123),
335:(314,84),(266,110),(266,108),(194,138),(133,68),(240,81),(261,34),(47,74),(73,79),(225,69),(113,38),(241,111),(183,153),(313,118),(98,129),(316,84),(157,68),(317,143),(317,110),(278,124),
336:(314,85),(265,110),(266,109),(194,138),(133,68),(240,81),(262,34),(47,74),(73,80),(224,69),(114,38),(241,111),(183,153),(313,118),(98,129),(316,85),(157,68),(317,143),(317,110),(278,125),
337:(314,86),(264,110),(266,109),(194,138),(133,68),(240,81),(263,34),(47,74),(73,81),(223,69),(115,38),(241,111),(183,153),(313,118),(98,129),(316,86),(157,68),(317,143),(317,110),(279,125),
338:(314,87),(263,110),(266,109),(194,138),(133,68),(240,81),(264,34),(47,74),(73,82),(222,69),(116,38),(241,111),(183,153),(313,118),(98,129),(316,87),(157,68),(317,143),(317,110),(280,125),
339:(314,88),(262,110),(266,109),(194,138),(133,68),(240,81),(265,34),(47,74),(73,83),(221,69),(117,38),(241,111),(183,153),(313,118),(98,129),(316,88),(157,68),(317,143),(317,110),(281,125),
340:(314,89),(261,110),(266,109),(194,138),(133,68),(240,81),(266,34),(47,74),(73,84),(220,69),(118,38),(241,111),(183,153),(313,118),(98,129),(316,89),(157,68),(317,143),(317,110),(282,125),
341:(314,90),(260,110),(266,109),(194,138),(133,68),(240,81),(267,34),(47,74),(73,85),(219,69),(119,38),(241,111),(183,153),(313,118),(98,129),(316,90),(157,68),(317,143),(317,110),(283,125),
342:(314,91),(259,110),(266,109),(194,138),(133,68),(240,81),(268,34),(47,74),(73,86),(218,69),(120,38),(241,111),(183,153),(313,118),(98,129),(316,91),(157,68),(317,143),(317,110),(284,125),
343:(314,92),(258,110),(266,109),(194,138),(133,68),(240,81),(269,34),(47,74),(73,87),(217,69),(121,38),(241,111),(183,153),(313,118),(98,129),(316,92),(157,68),(317,143),(317,110),(284,126),
344:(314,93),(257,110),(266,109),(194,138),(133,68),(240,81),(270,34),(47,74),(73,88),(216,69),(122,38),(241,111),(183,153),(313,118),(98,129),(316,93),(157,68),(317,143),(317,110),(284,126),
345:(314,94),(256,110),(266,109),(194,138),(133,68),(240,81),(271,34),(47,74),(73,89),(215,69),(123,38),(241,111),(183,153),(313,118),(98,129),(316,94),(157,68),(317,143),(317,110),(284,126),
346:(314,95),(255,110),(266,109),(194,138),(133,68),(240,81),(272,34),(47,74),(73,90),(214,69),(124,38),(241,111),(183,153),(313,118),(98,129),(316,95),(157,68),(317,143),(317,110),(284,126),
347:(314,96),(254,110),(266,109),(194,138),(133,68),(240,81),(273,34),(47,74),(73,91),(213,69),(125,38),(241,111),(183,153),(313,118),(98,129),(316,96),(157,68),(317,143),(317,110),(284,126),
348:(314,97),(253,110),(266,109),(194,138),(133,68),(240,81),(274,34),(47,74),(73,92),(212,69),(126,38),(241,111),(183,153),(313,118),(98,129),(316,97),(157,68),(317,143),(317,110),(284,126),
349:(314,98),(252,110),(266,109),(194,138),(133,68),(240,81),(275,34),(47,74),(73,93),(211,69),(127,38),(241,111),(183,153),(313,118),(98,129),(316,98),(157,68),(317,143),(317,110),(284,126),
350:(314,99),(251,110),(266,109),(194,138),(133,68),(240,81),(276,34),(47,74),(73,94),(210,69),(128,38),(241,111),(183,153),(313,118),(98,129),(316,99),(157,68),(317,143),(317,110),(284,126),
351:(314,100),(250,110),(266,109),(194,138),(133,68),(240,81),(277,34),(47,74),(73,95),(209,69),(129,38),(241,111),(183,153),(313,118),(98,129),(316,100),(157,68),(317,143),(317,110),(284,126),
352:(314,101),(249,110),(266,109),(194,138),(133,68),(240,81),(278,34),(47,74),(73,96),(208,69),(130,38),(241,111),(183,153),(313,118),(98,129),(316,101),(157,68),(317,143),(317,110),(284,126),
353:(314,102),(248,110),(266,109),(194,138),(133,68),(240,81),(279,34),(47,74),(73,97),(207,69),(131,38),(241,111),(183,153),(313,118),(98,129),(316,102),(157,68),(317,143),(317,110),(284,126),
354:(314,103),(247,110),(266,109),(194,138),(133,68),(240,81),(280,34),(47,74),(73,98),(206,69),(132,38),(241,111),(183,153),(313,118),(98,129),(316,103),(157,68),(317,143),(317,110),(284,126),
355:(314,104),(246,110),(266,109),(194,138),(133,68),(240,81),(281,34),(47,74),(73,99),(205,69),(133,38),(241,111),(183,153),(313,118),(98,129),(316,104),(157,68),(317,143),(317,110),(284,126),
356:(314,105),(245,110),(266,109),(194,138),(133,68),(240,81),(282,34),(47,74),(73,100),(204,69),(134,38),(241,111),(183,153),(313,118),(98,129),(316,105),(157,68),(317,143),(317,110),(284,126),
357:(314,106),(244,110),(266,109),(194,138),(133,68),(240,81),(283,34),(47,74),(73,101),(203,69),(135,38),(241,111),(183,153),(313,118),(98,129),(316,106),(157,68),(317,143),(317,110),(284,126),
358:(314,107),(243,110),(266,109),(194,138),(133,68),(240,81),(284,34),(47,74),(73,102),(202,69),(136,38),(241,111),(183,153),(313,118),(98,129),(316,107),(157,68),(317,143),(317,110),(284,126),
359:(314,108),(242,110),(266,109),(194,138),(133,68),(240,81),(285,34),(47,74),(73,103),(201,69),(137,38),(241,111),(183,153),(313,118),(98,129),(316,108),(157,68),(317,143),(317,110),(284,126),
360:(314,109),(241,110),(266,109),(194,138),(133,68),(240,81),(286,34),(47,74),(73,104),(200,69),(138,38),(241,111),(183,153),(313,118),(98,129),(316,109),(157,68),(317,143),(317,110),(284,126),
361:(314,109),(240,110),(266,109),(194,138),(133,68),(240,81),(287,34),(47,74),(73,105),(199,69),(139,38),(241,111),(183,153),(313,118),(98,129),(316,110),(157,68),(317,143),(317,110),(284,126),
362:(314,109),(239,110),(266,109),(194,138),(133,68),(240,81),(288,34),(47,74),(73,106),(198,69),(140,38),(241,111),(183,153),(313,118),(98,129),(316,111),(157,68),(317,143),(316,110),(284,126),
363:(314,109),(238,110),(266,109),(194,138),(133,68),(240,81),(289,34),(47,74),(73,107),(197,69),(141,38),(241,111),(183,153),(313,118),(98,129),(316,112),(157,68),(317,143),(315,110),(284,126),
364:(314,109),(237,110),(266,109),(194,138),(133,68),(240,81),(290,34),(47,74),(73,108),(196,69),(142,38),(241,111),(183,153),(313,118),(98,129),(316,113),(157,68),(317,143),(314,110),(284,126),
365:(314,109),(236,110),(266,109),(194,138),(133,68),(240,81),(291,34),(47,74),(73,109),(195,69),(143,38),(241,111),(183,153),(313,118),(98,129),(316,114),(157,68),(317,143),(313,110),(284,126),
366:(314,110),(235,110),(266,109),(194,138),(133,68),(240,81),(292,34),(47,74),(73,109),(194,69),(144,38),(241,111),(183,153),(313,118),(98,129),(316,115),(157,68),(317,143),(312,110),(284,126),
367:(314,111),(234,110),(266,109),(194,138),(133,68),(240,81),(293,34),(47,74),(73,109),(193,69),(145,38),(241,111),(183,153),(313,118),(98,129),(316,116),(157,68),(317,143),(311,110),(284,126),
368:(314,112),(233,110),(266,109),(194,138),(133,68),(240,81),(294,34),(47,74),(73,109),(192,69),(146,38),(241,111),(183,153),(313,118),(98,129),(316,117),(157,68),(317,143),(310,110),(284,126),
369:(314,113),(232,110),(266,109),(194,138),(133,68),(240,81),(295,34),(47,74),(73,109),(191,69),(146,39),(241,111),(183,153),(313,118),(98,129),(316,118),(157,68),(317,143),(309,110),(284,126),
370:(314,114),(231,110),(266,109),(194,138),(133,68),(240,81),(296,34),(47,74),(73,109),(190,69),(146,40),(241,111),(183,153),(313,118),(98,129),(316,119),(157,68),(317,143),(308,110),(284,126),
371:(314,115),(230,110),(266,109),(194,138),(133,68),(240,81),(297,34),(47,74),(73,109),(189,69),(146,41),(241,111),(183,153),(313,118),(98,129),(316,120),(157,68),(317,143),(307,110),(284,126),
372:(314,116),(229,110),(266,109),(194,138),(133,68),(240,81),(298,34),(47,74),(73,109),(188,69),(146,42),(241,111),(183,153),(313,118),(98,129),(316,121),(157,68),(317,143),(306,110),(284,126),
373:(314,117),(228,110),(266,109),(194,138),(133,68),(240,81),(299,34),(47,74),(73,109),(187,69),(146,43),(241,111),(183,153),(313,118),(98,129),(316,122),(157,68),(317,143),(305,110),(284,126),
374:(314,118),(227,110),(266,109),(194,138),(133,68),(240,81),(300,34),(47,74),(73,109),(186,69),(146,44),(241,111),(183,153),(313,118),(98,129),(316,123),(157,68),(317,143),(304,110),(284,126),
375:(314,119),(226,110),(266,109),(194,138),(133,68),(240,81),(301,34),(47,74),(73,109),(185,69),(146,45),(241,111),(183,153),(314,118),(98,129),(316,124),(157,68),(317,143),(303,110),(284,126),
376:(314,120),(225,110),(266,109),(194,138),(133,68),(240,81),(302,34),(47,74),(73,109),(184,69),(146,46),(241,111),(183,153),(315,118),(98,129),(316,125),(157,68),(317,143),(302,110),(284,126),
377:(314,121),(224,110),(266,109),(194,138),(133,68),(240,81),(303,34),(47,74),(73,109),(183,69),(146,47),(241,111),(183,153),(316,118),(98,129),(316,126),(157,68),(317,143),(301,110),(284,126),
378:(314,122),(223,110),(266,109),(194,138),(133,68),(240,81),(304,34),(47,74),(73,109),(182,69),(146,48),(241,111),(183,153),(317,118),(98,129),(316,127),(157,68),(317,143),(300,110),(284,126),
379:(314,123),(222,110),(266,109),(194,138),(133,68),(240,81),(305,34),(47,74),(73,109),(181,69),(146,49),(241,111),(183,153),(318,118),(98,129),(316,128),(157,68),(317,143),(299,110),(284,126),
380:(314,124),(221,110),(266,109),(194,138),(133,68),(240,81),(306,34),(47,74),(73,109),(180,69),(146,50),(241,111),(183,153),(319,118),(98,129),(316,129),(157,68),(317,143),(298,110),(284,126),
381:(314,125),(220,110),(266,109),(194,138),(133,68),(240,81),(307,34),(47,74),(73,109),(179,69),(146,51),(241,111),(183,153),(320,118),(98,129),(316,130),(157,68),(317,143),(297,110),(284,126),
382:(314,126),(219,110),(266,109),(194,138),(133,68),(240,81),(307,35),(47,74),(73,109),(178,69),(146,52),(241,111),(183,153),(321,118),(98,129),(316,131),(157,68),(317,143),(296,110),(284,126),
383:(314,127),(218,110),(266,109),(194,138),(133,68),(240,81),(307,36),(47,74),(73,109),(177,69),(146,53),(241,111),(183,153),(321,117),(98,129),(316,132),(157,68),(317,143),(295,110),(284,126),
384:(314,128),(217,110),(266,109),(194,138),(133,68),(240,81),(307,37),(47,74),(73,109),(176,69),(147,53),(241,111),(183,153),(321,116),(98,129),(316,133),(157,68),(317,143),(294,110),(284,126),
385:(314,129),(216,110),(266,109),(194,138),(133,68),(240,81),(307,38),(47,74),(73,109),(175,69),(148,53),(241,111),(183,153),(321,115),(98,129),(316,134),(157,68),(317,143),(293,110),(284,126),
386:(314,130),(215,110),(266,109),(194,138),(133,68),(240,81),(307,39),(47,74),(73,109),(174,69),(149,53),(241,111),(183,153),(321,114),(98,129),(316,135),(157,68),(317,143),(292,110),(284,126),
387:(314,131),(214,110),(266,109),(194,138),(133,68),(240,81),(307,40),(47,74),(73,109),(173,69),(150,53),(241,111),(183,153),(321,113),(98,129),(316,136),(157,68),(317,143),(291,110),(284,126),
388:(314,132),(213,110),(266,109),(194,138),(133,68),(240,81),(307,41),(47,74),(73,109),(172,69),(151,53),(241,111),(183,153),(321,112),(98,129),(316,137),(157,68),(317,143),(290,110),(284,126),
389:(314,133),(212,110),(266,109),(194,138),(133,68),(240,81),(307,42),(47,74),(73,109),(171,69),(152,53),(241,111),(183,153),(321,111),(98,129),(316,138),(157,68),(317,143),(289,110),(284,126),
390:(314,134),(211,110),(266,109),(194,138),(133,68),(240,81),(307,43),(47,74),(73,109),(170,69),(153,53),(241,111),(183,153),(321,110),(98,129),(316,139),(157,68),(317,143),(288,110),(284,126),
391:(314,135),(210,110),(266,109),(194,138),(133,68),(240,81),(307,44),(47,74),(73,109),(169,69),(154,53),(241,111),(183,153),(321,109),(98,129),(316,140),(157,68),(317,143),(287,110),(284,126),
392:(314,136),(209,110),(266,109),(194,138),(133,68),(240,81),(307,45),(47,74),(73,109),(168,69),(154,54),(241,111),(183,153),(321,108),(98,129),(316,141),(157,68),(317,143),(286,110),(284,126),
393:(314,137),(208,110),(266,109),(194,138),(133,68),(240,81),(307,46),(47,74),(73,109),(167,69),(154,54),(241,111),(183,153),(321,107),(98,129),(316,142),(157,68),(317,143),(285,110),(284,126),
394:(314,138),(207,110),(266,109),(194,138),(133,68),(240,81),(307,47),(47,74),(73,109),(166,69),(154,54),(241,111),(183,153),(321,106),(98,129),(316,143),(157,68),(317,143),(284,110),(284,126),
395:(314,139),(206,110),(266,109),(194,138),(133,68),(240,81),(307,48),(47,74),(73,109),(165,69),(154,54),(241,111),(183,153),(321,105),(98,129),(316,144),(157,68),(316,143),(283,110),(284,126),
396:(314,140),(205,110),(266,109),(194,138),(133,68),(240,81),(307,49),(47,74),(73,109),(164,69),(154,54),(241,111),(183,153),(321,104),(98,129),(316,145),(157,68),(315,143),(282,110),(284,126),
397:(314,141),(204,110),(266,109),(194,138),(133,68),(240,81),(307,50),(47,74),(73,109),(163,69),(154,54),(241,111),(183,153),(321,103),(98,129),(316,146),(157,68),(315,143),(281,110),(284,126),
398:(314,142),(203,110),(266,109),(194,138),(133,68),(240,81),(307,51),(47,74),(73,109),(162,69),(154,54),(241,111),(183,153),(321,102),(98,129),(316,147),(157,68),(315,143),(280,110),(284,126),
399:(314,143),(202,110),(266,109),(194,138),(133,68),(240,81),(307,52),(47,74),(73,109),(161,69),(154,54),(241,111),(183,153),(321,101),(98,129),(316,148),(157,68),(315,143),(279,110),(284,126),
400:(314,144),(201,110),(266,109),(194,138),(133,68),(240,81),(307,53),(47,74),(73,109),(160,69),(154,54),(241,111),(183,153),(321,100),(98,129),(316,149),(157,68),(314,143),(278,110),(284,126),
401:(314,145),(200,110),(266,109),(194,138),(133,68),(240,81),(307,54),(47,74),(73,109),(159,69),(154,54),(241,111),(183,153),(321,99),(98,129),(316,150),(157,68),(313,143),(277,110),(284,126),
402:(314,146),(199,110),(266,109),(194,138),(133,68),(240,81),(307,55),(47,74),(73,109),(158,69),(154,54),(241,111),(183,153),(321,98),(98,129),(316,150),(157,68),(312,143),(276,110),(284,126),
403:(314,147),(198,110),(266,109),(194,138),(133,68),(240,81),(307,56),(47,74),(73,109),(157,69),(154,54),(241,111),(183,153),(321,97),(98,129),(316,150),(157,68),(311,143),(275,110),(284,126),
404:(314,147),(197,110),(266,109),(194,138),(133,68),(240,81),(307,57),(47,74),(73,109),(156,69),(154,54),(241,111),(183,153),(321,96),(98,129),(316,150),(157,69),(310,143),(274,110),(284,126),
405:(314,147),(196,110),(266,109),(194,138),(133,68),(240,81),(307,58),(47,74),(73,109),(155,69),(154,54),(241,111),(183,153),(321,95),(98,129),(316,150),(157,70),(309,143),(273,110),(284,126),
406:(314,147),(195,110),(266,109),(194,138),(133,68),(240,81),(307,59),(47,74),(73,109),(154,69),(154,54),(241,111),(183,153),(321,94),(98,129),(316,150),(157,71),(308,143),(272,110),(284,126),
407:(314,147),(194,110),(266,109),(194,138),(133,68),(240,81),(307,60),(47,74),(73,109),(153,69),(154,54),(241,111),(183,153),(321,93),(98,129),(316,150),(157,72),(307,143),(271,110),(284,126),
408:(314,147),(193,110),(266,109),(194,138),(133,68),(240,81),(307,61),(47,74),(73,109),(152,69),(154,54),(241,111),(183,153),(321,92),(98,129),(316,150),(157,73),(306,143),(270,110),(284,126),
409:(314,147),(192,110),(266,109),(194,138),(133,68),(240,81),(307,62),(47,74),(73,109),(151,69),(154,54),(241,111),(183,153),(321,91),(98,129),(316,150),(157,74),(305,143),(269,110),(284,126),
410:(314,147),(191,110),(266,109),(194,138),(133,68),(240,81),(307,63),(47,74),(73,109),(150,69),(154,54),(241,111),(183,153),(321,90),(98,129),(316,150),(157,75),(304,143),(268,110),(284,126),
411:(314,147),(190,110),(266,109),(194,138),(133,68),(240,81),(307,64),(47,74),(73,109),(149,69),(154,54),(241,111),(183,153),(321,89),(98,129),(316,150),(157,76),(303,143),(267,110),(284,126),
412:(314,147),(189,110),(266,109),(194,138),(133,68),(240,81),(307,65),(47,74),(73,109),(148,69),(154,54),(241,111),(183,153),(321,88),(98,129),(316,150),(157,77),(302,143),(266,110),(284,126),
413:(314,147),(188,110),(266,109),(194,138),(133,68),(240,81),(307,66),(47,74),(73,109),(147,69),(154,54),(241,111),(183,153),(321,87),(98,129),(316,150),(157,78),(301,143),(265,110),(284,126),
414:(314,147),(187,110),(266,110),(194,138),(133,68),(240,81),(307,67),(47,74),(73,109),(146,69),(154,54),(241,111),(183,153),(321,86),(98,129),(316,150),(157,79),(300,143),(264,110),(284,126),
415:(314,147),(186,110),(266,111),(194,138),(133,68),(240,81),(307,68),(47,74),(73,109),(145,69),(154,54),(241,111),(183,153),(321,85),(98,129),(316,150),(157,80),(299,143),(263,110),(284,126),
416:(314,147),(185,110),(266,112),(194,138),(133,68),(240,81),(307,69),(47,74),(73,109),(144,69),(154,54),(241,111),(183,153),(321,84),(98,129),(316,150),(157,81),(298,143),(262,110),(284,126),
417:(314,147),(184,110),(266,113),(194,138),(133,68),(240,81),(307,70),(47,74),(73,109),(143,69),(154,54),(241,111),(183,153),(321,83),(98,129),(316,150),(157,82),(297,143),(261,110),(284,126),
418:(314,147),(183,110),(266,114),(194,138),(133,68),(240,81),(307,71),(47,74),(73,109),(142,69),(154,54),(241,111),(183,153),(321,82),(98,129),(316,150),(157,83),(296,143),(260,110),(284,126),
419:(314,147),(182,110),(266,115),(194,138),(133,68),(240,81),(307,72),(47,74),(73,109),(141,69),(154,54),(241,111),(183,153),(321,81),(98,129),(316,150),(157,84),(295,143),(259,110),(284,126),
420:(314,147),(181,110),(266,116),(194,138),(133,68),(240,81),(307,73),(47,74),(73,109),(140,69),(154,54),(241,111),(183,153),(321,80),(98,129),(316,150),(157,85),(294,143),(258,110),(284,126),
421:(314,147),(180,110),(266,117),(194,138),(133,68),(240,81),(307,74),(47,74),(73,109),(139,69),(154,54),(241,111),(183,153),(321,79),(98,129),(316,150),(157,86),(293,143),(257,110),(284,126),
422:(314,147),(179,110),(266,118),(194,138),(133,68),(240,81),(307,75),(47,74),(73,109),(138,69),(154,54),(241,111),(183,153),(321,78),(98,129),(316,150),(157,87),(292,143),(256,110),(284,126),
423:(314,147),(178,110),(266,119),(194,138),(133,68),(240,81),(307,76),(47,74),(73,109),(137,69),(154,54),(241,111),(183,153),(321,77),(98,129),(316,150),(157,88),(291,143),(255,110),(284,126),
424:(314,147),(177,110),(266,120),(194,138),(133,68),(240,81),(307,77),(47,74),(73,109),(136,69),(154,54),(241,111),(183,153),(321,76),(98,129),(316,150),(157,89),(290,143),(254,110),(284,126),
425:(314,147),(176,110),(266,121),(194,138),(133,68),(240,81),(307,78),(47,74),(73,109),(135,69),(154,54),(241,111),(183,153),(321,75),(98,129),(316,150),(157,90),(289,143),(253,110),(284,126),
426:(314,147),(175,110),(266,122),(194,138),(133,68),(240,81),(307,79),(47,74),(73,109),(134,69),(154,54),(241,111),(183,153),(321,74),(98,129),(316,150),(157,91),(289,142),(252,110),(284,126),
427:(314,147),(174,110),(266,123),(194,138),(133,68),(240,81),(307,80),(47,74),(73,109),(133,69),(154,54),(241,111),(183,153),(321,73),(98,129),(316,150),(157,92),(288,142),(251,110),(284,126),
428:(314,147),(173,110),(266,124),(194,138),(133,68),(240,81),(307,80),(47,74),(73,109),(132,69),(154,54),(241,111),(183,153),(321,72),(98,129),(316,150),(157,93),(287,142),(250,110),(284,126),
429:(314,147),(172,110),(266,125),(194,138),(133,69),(240,81),(307,80),(47,74),(73,109),(131,69),(154,54),(241,111),(183,153),(321,71),(98,129),(316,150),(157,94),(286,142),(249,110),(284,126),
430:(314,147),(171,110),(266,126),(194,138),(133,70),(240,81),(307,80),(47,74),(73,109),(130,69),(154,54),(241,111),(183,153),(321,70),(98,129),(316,150),(157,95),(285,142),(248,110),(284,126),
431:(314,147),(170,110),(266,127),(194,138),(133,71),(240,81),(307,80),(47,74),(73,109),(129,69),(154,54),(241,111),(183,153),(321,69),(98,129),(316,150),(157,96),(284,142),(247,110),(284,126),
432:(314,147),(169,110),(266,128),(194,138),(133,72),(240,81),(307,80),(47,74),(73,109),(128,69),(154,54),(241,111),(183,153),(321,68),(98,129),(316,150),(157,97),(283,142),(246,110),(284,126),
433:(314,147),(168,110),(266,129),(194,138),(133,73),(240,81),(307,80),(47,74),(73,109),(127,69),(154,54),(241,111),(183,153),(321,67),(98,129),(316,150),(157,98),(282,142),(245,110),(284,126),
434:(314,147),(167,110),(266,130),(194,138),(133,74),(240,81),(307,80),(47,74),(73,109),(126,69),(154,54),(241,111),(183,153),(321,66),(98,129),(316,150),(157,99),(281,142),(244,110),(284,126),
435:(314,147),(166,110),(266,131),(194,138),(133,75),(240,81),(307,80),(47,74),(73,109),(125,69),(154,54),(241,111),(183,153),(321,65),(98,129),(316,150),(157,100),(280,142),(243,110),(284,126),
436:(314,147),(165,110),(266,132),(194,138),(133,76),(240,81),(307,80),(47,74),(73,109),(124,69),(154,54),(241,111),(183,153),(321,64),(98,129),(316,150),(157,101),(279,142),(242,110),(284,126),
437:(314,147),(164,110),(266,133),(194,138),(133,77),(240,81),(307,80),(47,74),(73,109),(123,69),(154,54),(241,111),(183,153),(321,63),(98,129),(316,150),(157,102),(278,142),(241,110),(284,126),
438:(314,147),(163,110),(266,134),(194,138),(133,78),(240,81),(307,80),(47,74),(73,109),(122,69),(154,54),(241,111),(183,153),(321,62),(98,129),(316,150),(157,103),(277,142),(240,110),(284,126),
439:(314,147),(162,110),(266,135),(194,138),(133,79),(240,81),(307,80),(47,74),(73,109),(121,69),(154,54),(241,110),(183,153),(321,61),(98,129),(316,150),(157,104),(276,142),(239,110),(284,126),
440:(314,147),(161,110),(266,136),(194,138),(133,80),(240,81),(307,80),(47,74),(73,109),(120,69),(154,54),(241,109),(183,153),(321,60),(98,129),(316,150),(157,105),(275,142),(238,110),(284,126),
441:(314,147),(160,110),(266,137),(194,138),(133,81),(240,81),(307,80),(47,74),(73,109),(119,69),(154,54),(241,108),(183,153),(321,59),(98,129),(316,150),(157,106),(274,142),(237,110),(284,126),
442:(314,147),(159,110),(266,138),(194,138),(133,82),(240,81),(307,80),(47,74),(73,109),(118,69),(154,54),(241,107),(183,153),(321,58),(98,129),(316,150),(157,107),(273,142),(236,110),(284,126),
443:(314,147),(158,110),(266,139),(194,138),(133,83),(240,81),(307,80),(47,74),(73,109),(117,69),(154,54),(241,106),(183,153),(321,57),(98,129),(316,150),(157,108),(272,142),(235,110),(284,126),
444:(314,147),(157,110),(266,140),(194,138),(133,84),(240,81),(307,80),(47,74),(73,109),(116,69),(154,54),(241,105),(183,153),(321,56),(98,129),(316,150),(157,109),(271,142),(234,110),(284,126),
445:(314,147),(156,110),(266,141),(194,138),(133,85),(240,81),(307,80),(47,74),(73,109),(115,69),(154,54),(241,104),(183,153),(321,55),(98,129),(316,150),(157,110),(270,142),(233,110),(284,126),
446:(314,147),(155,110),(266,142),(194,138),(133,86),(240,81),(307,80),(47,74),(73,109),(114,69),(154,54),(241,103),(183,153),(321,54),(98,129),(316,150),(157,111),(269,142),(232,110),(284,126),
447:(314,147),(154,110),(266,143),(194,138),(133,87),(240,81),(307,80),(47,74),(73,109),(113,69),(154,54),(241,102),(183,153),(321,53),(98,129),(316,150),(157,112),(268,142),(231,110),(284,126),
448:(314,147),(153,110),(266,144),(194,138),(133,88),(240,81),(307,80),(47,74),(73,109),(112,69),(154,54),(241,101),(183,153),(321,52),(98,129),(316,150),(157,113),(267,142),(230,110),(284,126),
449:(314,147),(152,110),(266,145),(194,138),(133,89),(240,81),(307,80),(47,74),(73,109),(111,69),(154,54),(241,100),(183,153),(321,51),(98,129),(316,150),(157,114),(266,142),(229,110),(284,126),
450:(314,147),(151,110),(266,146),(194,138),(133,90),(240,81),(307,80),(47,74),(73,109),(110,69),(154,54),(241,99),(183,153),(321,50),(98,129),(316,150),(157,115),(265,142),(228,110),(284,126),
451:(314,147),(150,110),(266,147),(194,138),(133,91),(240,81),(307,80),(47,74),(73,109),(109,69),(154,54),(241,98),(183,153),(321,49),(98,129),(316,150),(157,116),(265,141),(227,110),(284,126),
452:(314,147),(149,110),(266,148),(194,138),(133,92),(240,81),(307,80),(47,74),(73,109),(108,69),(154,54),(241,97),(183,153),(321,48),(98,129),(316,150),(157,117),(265,140),(226,110),(284,126),
453:(314,147),(148,110),(266,149),(194,138),(133,93),(240,81),(307,80),(47,74),(73,109),(107,69),(154,54),(241,96),(183,153),(321,47),(98,129),(316,150),(157,118),(265,139),(225,110),(284,126),
454:(314,147),(147,110),(266,150),(194,138),(133,94),(240,81),(307,80),(47,74),(73,109),(106,69),(154,54),(241,95),(183,153),(321,46),(98,129),(316,150),(157,119),(265,138),(224,110),(284,126),
455:(314,147),(146,110),(266,151),(194,138),(133,95),(240,81),(307,80),(47,74),(73,109),(105,69),(154,54),(241,94),(183,153),(321,45),(98,129),(316,150),(157,120),(265,137),(223,110),(284,126),
456:(314,147),(145,110),(266,152),(194,138),(133,96),(240,81),(307,80),(47,74),(73,109),(104,69),(154,54),(241,93),(183,153),(321,44),(98,129),(316,150),(157,121),(265,136),(222,110),(284,126),
457:(314,147),(144,110),(266,153),(194,138),(133,97),(240,81),(307,80),(47,74),(73,109),(103,69),(154,54),(241,92),(183,153),(321,43),(98,129),(316,150),(157,122),(265,135),(221,110),(284,126),
458:(314,147),(143,110),(266,154),(194,138),(133,98),(240,81),(307,80),(47,74),(73,109),(102,69),(154,54),(241,91),(183,153),(321,42),(98,129),(316,150),(157,123),(265,134),(220,110),(284,126),
459:(314,147),(142,110),(266,155),(194,138),(133,99),(240,81),(307,80),(47,74),(73,109),(101,69),(154,54),(241,90),(183,153),(321,41),(98,129),(316,150),(157,124),(265,133),(219,110),(284,126),
460:(314,147),(141,110),(266,156),(194,138),(133,100),(240,81),(307,80),(47,74),(73,109),(100,69),(154,54),(241,89),(183,153),(321,40),(98,129),(316,150),(157,125),(265,132),(218,110),(284,126),
461:(314,147),(140,110),(266,157),(194,138),(133,101),(240,81),(307,80),(47,74),(73,109),(99,69),(154,54),(241,88),(183,153),(321,39),(98,129),(316,150),(157,126),(265,131),(217,110),(284,126),
462:(314,147),(139,110),(266,157),(194,138),(132,101),(240,81),(307,80),(47,74),(73,109),(98,69),(154,54),(241,87),(183,153),(321,38),(98,129),(316,150),(157,127),(265,130),(216,110),(284,126),
463:(314,147),(138,110),(266,157),(194,138),(131,101),(240,81),(307,80),(47,74),(73,109),(97,69),(154,54),(241,86),(183,153),(321,38),(98,129),(316,150),(157,128),(265,129),(215,110),(284,126),
464:(314,147),(137,110),(266,157),(194,138),(130,101),(240,81),(307,80),(47,74),(73,109),(97,70),(154,54),(241,85),(183,153),(321,38),(98,129),(316,150),(157,129),(265,128),(214,110),(284,126),
465:(314,147),(136,110),(266,157),(194,138),(129,101),(240,81),(307,80),(47,74),(73,109),(97,71),(154,54),(241,84),(183,153),(321,38),(98,129),(316,150),(157,130),(265,127),(213,110),(284,126),
466:(314,147),(135,110),(266,157),(194,138),(128,101),(240,81),(307,80),(47,74),(73,109),(97,72),(154,54),(241,83),(183,153),(321,38),(98,129),(316,150),(157,131),(265,126),(212,110),(284,126),
467:(314,147),(134,110),(266,157),(194,138),(127,101),(240,81),(307,80),(47,74),(73,109),(97,73),(154,54),(241,82),(183,153),(321,38),(98,129),(316,150),(157,132),(265,125),(211,110),(284,126),
468:(314,147),(133,110),(266,157),(194,138),(126,101),(240,81),(307,80),(47,74),(73,109),(97,74),(154,54),(241,81),(183,153),(321,38),(98,129),(316,150),(157,133),(265,124),(210,110),(284,126),
469:(314,147),(132,110),(266,157),(194,138),(126,102),(240,81),(307,80),(47,74),(73,109),(97,75),(154,54),(241,80),(183,153),(321,38),(98,129),(316,150),(157,134),(265,123),(209,110),(284,126),
470:(314,147),(131,110),(266,157),(194,138),(126,102),(241,81),(307,80),(47,74),(73,109),(97,76),(154,54),(241,79),(183,153),(321,38),(98,129),(316,150),(157,135),(265,122),(208,110),(284,126),
471:(314,147),(130,110),(266,157),(194,138),(126,102),(242,81),(307,80),(47,74),(73,109),(97,77),(154,54),(241,78),(183,153),(321,38),(98,129),(316,150),(157,136),(265,121),(207,110),(284,126),
472:(314,147),(129,110),(266,157),(194,138),(126,102),(243,81),(307,80),(47,74),(73,109),(97,78),(154,54),(241,77),(183,153),(321,38),(98,129),(316,150),(157,137),(265,120),(206,110),(284,126),
473:(314,147),(128,110),(266,157),(194,138),(126,102),(244,81),(307,80),(47,74),(73,109),(97,79),(154,54),(241,76),(183,153),(321,38),(98,129),(316,150),(157,138),(265,119),(205,110),(284,126),
474:(314,147),(127,110),(266,157),(194,138),(126,102),(245,81),(307,80),(47,74),(73,109),(97,80),(154,54),(241,75),(183,153),(321,38),(98,129),(316,150),(157,139),(265,118),(204,110),(284,126),
475:(314,147),(126,110),(266,157),(194,138),(126,102),(246,81),(307,80),(47,74),(73,109),(97,81),(154,54),(241,74),(183,153),(321,38),(98,129),(316,150),(157,140),(265,117),(203,110),(284,126),
476:(314,147),(125,110),(266,157),(194,138),(126,102),(247,81),(307,80),(47,74),(73,109),(97,82),(154,54),(241,73),(183,153),(321,38),(98,129),(316,150),(157,141),(265,116),(202,110),(284,126),
477:(314,147),(124,110),(266,157),(194,138),(126,102),(248,81),(307,80),(47,74),(73,109),(97,83),(154,54),(241,72),(183,153),(321,38),(98,129),(316,150),(157,142),(265,115),(201,110),(284,126),
478:(314,147),(123,110),(266,157),(194,138),(126,102),(249,81),(307,80),(47,74),(73,109),(97,84),(154,54),(241,71),(183,153),(321,38),(98,129),(316,150),(157,143),(265,114),(200,110),(284,126),
479:(314,147),(122,110),(266,157),(194,138),(126,102),(250,81),(307,80),(47,74),(73,109),(97,85),(154,54),(241,70),(183,153),(321,38),(98,129),(316,150),(157,144),(265,113),(199,110),(284,126),
480:(314,147),(121,110),(266,157),(194,138),(126,102),(251,81),(307,80),(47,74),(73,109),(97,86),(154,54),(241,69),(183,153),(321,38),(98,129),(316,150),(157,145),(265,112),(198,110),(284,126),
481:(314,147),(120,110),(266,157),(194,138),(126,102),(252,81),(307,80),(47,74),(73,109),(97,87),(154,54),(241,68),(183,153),(321,38),(98,129),(316,150),(157,146),(265,111),(197,110),(284,126),
482:(314,147),(119,110),(266,157),(194,138),(126,102),(253,81),(307,80),(47,74),(73,109),(97,88),(154,54),(241,67),(183,153),(321,38),(98,129),(316,150),(157,147),(265,110),(196,110),(284,126),
483:(314,147),(118,110),(266,157),(194,138),(126,102),(254,81),(307,80),(47,74),(73,109),(97,89),(154,54),(241,66),(183,153),(321,38),(98,129),(316,150),(157,148),(265,109),(195,110),(284,126),
484:(314,147),(117,110),(266,157),(194,138),(126,102),(255,81),(307,80),(47,74),(73,109),(97,90),(154,54),(241,65),(183,153),(321,38),(98,129),(316,150),(157,149),(265,108),(194,110),(284,126),
485:(314,147),(116,110),(266,157),(194,138),(126,102),(256,81),(307,80),(47,74),(73,109),(97,91),(154,54),(241,64),(183,153),(321,38),(98,129),(316,150),(157,150),(265,107),(193,110),(284,126),
486:(314,147),(115,110),(266,157),(194,138),(126,102),(257,81),(307,80),(47,74),(73,109),(97,92),(154,54),(241,63),(183,153),(321,38),(98,129),(316,150),(157,151),(265,106),(193,111),(284,126),
487:(314,147),(114,110),(266,157),(194,138),(126,102),(258,81),(307,80),(47,74),(73,109),(97,93),(154,54),(241,62),(183,153),(321,38),(98,129),(316,150),(157,152),(265,105),(193,112),(284,126),
488:(314,147),(113,110),(266,157),(194,138),(126,102),(259,81),(307,80),(47,74),(73,109),(97,94),(154,54),(241,61),(183,153),(321,38),(98,129),(316,150),(157,153),(265,104),(193,113),(284,126),
489:(314,147),(112,110),(266,157),(194,138),(126,102),(260,81),(307,80),(47,74),(73,109),(97,95),(154,54),(241,60),(183,153),(321,38),(98,129),(316,150),(157,154),(265,103),(193,114),(284,126),
490:(314,147),(111,110),(266,157),(194,138),(126,102),(261,81),(307,80),(47,74),(73,109),(97,96),(154,54),(241,59),(183,153),(321,38),(98,129),(316,150),(157,155),(265,102),(193,115),(284,126),
491:(314,147),(110,110),(266,157),(194,138),(126,102),(262,81),(307,80),(47,74),(73,109),(97,97),(154,54),(241,58),(183,153),(321,38),(98,129),(316,150),(157,156),(265,101),(193,116),(284,126),
492:(314,147),(109,110),(266,157),(194,138),(126,102),(263,81),(307,80),(47,74),(73,109),(97,98),(154,54),(241,57),(183,153),(321,38),(98,129),(316,150),(157,157),(265,100),(193,117),(284,126),
493:(314,147),(108,110),(266,157),(194,138),(126,102),(264,81),(307,80),(47,74),(73,109),(97,99),(154,54),(241,56),(183,153),(321,38),(98,129),(316,150),(156,157),(265,99),(193,118),(284,126),
494:(314,147),(107,110),(266,157),(194,138),(126,102),(265,81),(307,80),(47,74),(73,109),(97,100),(154,54),(241,55),(183,153),(321,38),(98,129),(316,150),(156,158),(265,98),(193,119),(284,126),
495:(314,147),(106,110),(266,157),(194,138),(126,102),(266,81),(307,80),(47,74),(73,109),(97,101),(154,54),(241,54),(183,153),(321,38),(98,129),(316,150),(156,158),(265,97),(193,120),(284,126),
496:(314,147),(105,110),(266,157),(194,138),(126,102),(267,81),(307,80),(47,74),(73,109),(97,102),(154,54),(241,53),(183,153),(321,38),(98,129),(316,150),(156,158),(265,96),(193,121),(284,126),
497:(314,147),(104,110),(266,157),(194,138),(126,102),(268,81),(307,80),(47,74),(73,109),(97,103),(154,54),(241,52),(183,153),(321,38),(98,129),(316,150),(156,158),(265,95),(193,122),(284,126),
498:(314,147),(103,110),(266,157),(194,138),(126,102),(269,81),(307,80),(47,74),(73,109),(97,104),(154,54),(241,51),(183,153),(321,38),(98,129),(316,150),(156,158),(265,94),(193,123),(284,126),
499:(314,147),(102,110),(266,157),(194,138),(126,102),(270,81),(307,80),(47,74),(73,109),(97,105),(154,54),(241,50),(183,153),(321,38),(98,129),(316,150),(156,158),(265,93),(193,124),(284,126),
500:(314,147),(101,110),(266,157),(194,138),(126,102),(271,81),(307,80),(47,74),(73,109),(97,106),(154,54),(241,49),(183,153),(321,38),(98,129),(316,150),(156,158),(265,92),(193,125),(284,126),
501:(314,147),(100,110),(266,157),(194,138),(126,102),(272,81),(307,80),(47,74),(73,109),(97,107),(154,54),(241,48),(183,153),(321,38),(98,129),(316,150),(156,158),(265,91),(193,126),(284,126),
