instance=temp_instance.txt
agents=20
map_file=warehouse-20-40-10-2-2.map
solver=PushAndSwap
solved=0
soc=5687
lb_soc=4442
makespan=501
lb_makespan=373
comp_time=34
preprocessing_comp_time=12
starts=(335,26),(33,40),(66,22),(190,130),(38,79),(39,121),(234,134),(280,38),(315,64),(180,29),(304,67),(53,6),(80,150),(54,157),(226,38),(117,142),(16,151),(165,73),(17,7),(4,73),
goals=(43,89),(54,113),(320,141),(65,74),(182,103),(225,41),(20,8),(335,41),(87,93),(36,87),(26,23),(286,109),(14,143),(181,109),(292,2),(160,70),(275,89),(290,7),(73,97),(328,30),
solution=
0:(335,26),(33,40),(66,22),(190,130),(38,79),(39,121),(234,134),(280,38),(315,64),(180,29),(304,67),(53,6),(80,150),(54,157),(226,38),(117,142),(16,151),(165,73),(17,7),(4,73),
1:(334,26),(34,40),(67,22),(189,130),(39,79),(40,121),(233,134),(281,38),(314,64),(179,29),(303,67),(54,6),(80,150),(55,157),(227,38),(118,142),(17,151),(166,73),(18,7),(5,73),
2:(333,26),(35,40),(68,22),(188,130),(40,79),(41,121),(232,134),(282,38),(313,64),(178,29),(302,67),(55,6),(80,150),(56,157),(228,38),(119,142),(18,151),(167,73),(19,7),(6,73),
3:(332,26),(35,40),(69,22),(187,130),(41,79),(42,121),(231,134),(283,38),(312,64),(177,29),(301,67),(56,6),(80,150),(57,157),(229,38),(120,142),(19,151),(168,73),(20,7),(7,73),
4:(331,26),(35,40),(70,22),(186,130),(42,79),(43,121),(230,134),(284,38),(311,64),(176,29),(300,67),(57,6),(80,150),(58,157),(230,38),(121,142),(20,151),(169,73),(21,7),(8,73),
5:(330,26),(35,40),(71,22),(185,130),(42,79),(44,121),(229,134),(285,38),(310,64),(175,29),(299,67),(58,6),(80,150),(59,157),(231,38),(122,142),(21,151),(170,73),(22,7),(9,73),
6:(329,26),(35,40),(72,22),(184,130),(42,79),(45,121),(228,134),(286,38),(309,64),(174,29),(298,67),(59,6),(80,150),(60,157),(232,38),(123,142),(22,151),(171,73),(23,7),(10,73),
7:(328,26),(35,40),(73,22),(183,130),(42,79),(46,121),(227,134),(287,38),(308,64),(173,29),(297,67),(60,6),(80,150),(61,157),(233,38),(124,142),(23,151),(172,73),(24,7),(11,73),
8:(327,26),(35,40),(74,22),(182,130),(42,79),(47,121),(226,134),(288,38),(307,64),(172,29),(296,67),(61,6),(80,150),(62,157),(234,38),(125,142),(24,151),(173,73),(25,7),(12,73),
9:(326,26),(35,40),(75,22),(181,130),(42,79),(48,121),(225,134),(289,38),(306,64),(171,29),(295,67),(62,6),(80,150),(63,157),(235,38),(126,142),(25,151),(174,73),(26,7),(13,73),
10:(325,26),(35,40),(76,22),(180,130),(42,79),(49,121),(224,134),(289,38),(305,64),(170,29),(294,67),(63,6),(80,150),(64,157),(236,38),(127,142),(26,151),(175,73),(27,7),(14,73),
11:(324,26),(35,40),(77,22),(179,130),(42,79),(50,121),(223,134),(289,38),(304,64),(169,29),(293,67),(64,6),(80,150),(65,157),(237,38),(128,142),(27,151),(176,73),(28,7),(15,73),
12:(323,26),(35,40),(78,22),(178,130),(42,79),(51,121),(222,134),(289,38),(303,64),(168,29),(292,67),(65,6),(80,150),(66,157),(238,38),(129,142),(28,151),(177,73),(29,7),(16,73),
13:(322,26),(35,40),(79,22),(177,130),(42,79),(52,121),(221,134),(289,38),(302,64),(167,29),(291,67),(66,6),(80,150),(67,157),(239,38),(130,142),(29,151),(178,73),(30,7),(17,73),
14:(321,26),(35,40),(80,22),(176,130),(42,79),(53,121),(220,134),(289,38),(301,64),(166,29),(290,67),(67,6),(80,150),(68,157),(240,38),(131,142),(30,151),(179,73),(31,7),(18,73),
15:(321,26),(35,40),(81,22),(175,130),(42,79),(54,121),(219,134),(289,38),(300,64),(165,29),(289,67),(68,6),(80,150),(69,157),(241,38),(132,142),(31,151),(180,73),(32,7),(19,73),
16:(321,26),(35,40),(82,22),(174,130),(42,79),(55,121),(218,134),(289,38),(299,64),(164,29),(289,66),(69,6),(80,150),(70,157),(242,38),(133,142),(32,151),(181,73),(33,7),(20,73),
17:(321,26),(35,40),(83,22),(173,130),(42,79),(56,121),(217,134),(289,38),(298,64),(163,29),(288,66),(70,6),(80,150),(71,157),(243,38),(134,142),(33,151),(182,73),(34,7),(21,73),
18:(321,26),(35,40),(84,22),(172,130),(42,79),(57,121),(216,134),(289,38),(297,64),(162,29),(287,66),(71,6),(80,150),(72,157),(244,38),(135,142),(34,151),(183,73),(35,7),(22,73),
19:(321,26),(35,40),(85,22),(171,130),(42,79),(58,121),(215,134),(289,38),(296,64),(161,29),(286,66),(72,6),(80,150),(73,157),(245,38),(136,142),(35,151),(184,73),(36,7),(23,73),
20:(321,26),(35,40),(86,22),(170,130),(42,79),(59,121),(214,134),(289,38),(295,64),(160,29),(285,66),(73,6),(80,150),(74,157),(246,38),(137,142),(36,151),(185,73),(37,7),(24,73),
21:(321,26),(35,40),(87,22),(169,130),(42,79),(60,121),(213,134),(289,38),(294,64),(159,29),(284,66),(74,6),(80,150),(75,157),(247,38),(138,142),(37,151),(186,73),(38,7),(25,73),
22:(321,26),(35,40),(88,22),(168,130),(42,79),(61,121),(212,134),(289,38),(293,64),(158,29),(283,66),(75,6),(80,150),(76,157),(248,38),(139,142),(38,151),(187,73),(39,7),(26,73),
23:(321,26),(35,40),(89,22),(167,130),(42,79),(62,121),(211,134),(289,38),(292,64),(157,29),(282,66),(76,6),(80,150),(77,157),(249,38),(140,142),(39,151),(188,73),(40,7),(27,73),
24:(321,26),(35,40),(90,22),(166,130),(42,79),(63,121),(210,134),(289,38),(291,64),(156,29),(281,66),(77,6),(80,150),(78,157),(250,38),(141,142),(40,151),(189,73),(41,7),(28,73),
25:(321,26),(35,40),(91,22),(165,130),(42,79),(64,121),(209,134),(289,38),(290,64),(155,29),(280,66),(78,6),(80,150),(79,157),(251,38),(142,142),(41,151),(190,73),(42,7),(29,73),
26:(321,26),(35,40),(92,22),(164,130),(42,79),(65,121),(208,134),(289,38),(289,64),(154,29),(279,66),(79,6),(80,150),(80,157),(252,38),(143,142),(42,151),(191,73),(43,7),(30,73),
27:(321,26),(35,40),(93,22),(163,130),(42,79),(66,121),(207,134),(289,38),(289,65),(153,29),(279,66),(80,6),(80,150),(81,157),(253,38),(144,142),(43,151),(192,73),(44,7),(31,73),
28:(321,26),(35,40),(94,22),(162,130),(42,79),(67,121),(206,134),(289,38),(288,65),(152,29),(279,66),(81,6),(80,150),(82,157),(254,38),(145,142),(44,151),(193,73),(45,7),(32,73),
29:(321,26),(35,40),(95,22),(161,130),(42,79),(68,121),(205,134),(289,38),(287,65),(151,29),(279,66),(82,6),(80,150),(83,157),(255,38),(146,142),(45,151),(194,73),(46,7),(33,73),
30:(321,26),(35,40),(96,22),(160,130),(42,79),(69,121),(204,134),(289,38),(286,65),(150,29),(279,66),(83,6),(80,150),(84,157),(256,38),(147,142),(46,151),(195,73),(47,7),(34,73),
31:(321,26),(35,40),(97,22),(159,130),(42,79),(70,121),(203,134),(289,38),(285,65),(149,29),(279,66),(84,6),(80,150),(85,157),(257,38),(148,142),(47,151),(196,73),(48,7),(35,73),
32:(321,26),(35,40),(98,22),(158,130),(42,79),(71,121),(202,134),(289,38),(284,65),(148,29),(279,66),(85,6),(80,150),(86,157),(258,38),(149,142),(48,151),(197,73),(49,7),(36,73),
33:(321,26),(35,40),(99,22),(157,130),(42,79),(72,121),(201,134),(289,38),(283,65),(147,29),(279,66),(86,6),(80,150),(87,157),(259,38),(150,142),(49,151),(198,73),(50,7),(37,73),
34:(321,26),(35,40),(100,22),(156,130),(42,79),(73,121),(200,134),(289,38),(282,65),(146,29),(279,66),(87,6),(80,150),(88,157),(260,38),(151,142),(50,151),(199,73),(50,8),(38,73),
35:(321,26),(35,40),(101,22),(155,130),(42,79),(74,121),(199,134),(289,38),(281,65),(145,29),(279,66),(88,6),(80,150),(89,157),(261,38),(152,142),(50,150),(200,73),(50,9),(39,73),
36:(321,26),(35,40),(102,22),(154,130),(42,79),(75,121),(198,134),(289,38),(280,65),(144,29),(279,66),(89,6),(80,150),(90,157),(262,38),(153,142),(51,150),(201,73),(51,9),(40,73),
37:(321,26),(35,40),(103,22),(153,130),(42,79),(76,121),(197,134),(289,38),(279,65),(143,29),(279,66),(90,6),(80,150),(91,157),(263,38),(154,142),(52,150),(202,73),(52,9),(41,73),
38:(321,26),(35,40),(104,22),(152,130),(42,79),(77,121),(196,134),(289,38),(279,65),(142,29),(279,66),(91,6),(80,150),(92,157),(264,38),(155,142),(53,150),(203,73),(53,9),(42,73),
39:(321,26),(35,40),(105,22),(151,130),(42,79),(78,121),(195,134),(289,38),(279,65),(141,29),(279,66),(92,6),(80,150),(93,157),(265,38),(156,142),(54,150),(204,73),(54,9),(43,73),
40:(321,26),(35,40),(106,22),(150,130),(42,79),(79,121),(194,134),(289,38),(279,65),(140,29),(279,66),(93,6),(80,150),(94,157),(266,38),(157,142),(55,150),(205,73),(55,9),(44,73),
41:(321,26),(35,40),(107,22),(149,130),(42,79),(80,121),(193,134),(289,38),(279,65),(139,29),(279,66),(94,6),(80,150),(95,157),(267,38),(158,142),(56,150),(206,73),(56,9),(45,73),
42:(321,26),(35,40),(108,22),(148,130),(42,79),(81,121),(192,134),(289,38),(279,65),(138,29),(279,66),(95,6),(80,150),(96,157),(268,38),(158,141),(57,150),(207,73),(57,9),(46,73),
43:(321,26),(35,40),(109,22),(147,130),(42,79),(82,121),(191,134),(289,38),(279,65),(137,29),(279,66),(96,6),(80,150),(97,157),(269,38),(158,140),(58,150),(208,73),(58,9),(47,73),
44:(321,26),(35,40),(110,22),(146,130),(42,79),(83,121),(190,134),(289,38),(279,65),(136,29),(279,66),(97,6),(80,150),(98,157),(270,38),(158,139),(59,150),(209,73),(59,9),(48,73),
45:(321,26),(35,40),(111,22),(145,130),(42,79),(84,121),(189,134),(289,38),(279,65),(135,29),(279,66),(98,6),(80,150),(99,157),(271,38),(158,138),(60,150),(210,73),(60,9),(49,73),
46:(321,26),(35,40),(112,22),(144,130),(42,79),(85,121),(188,134),(289,38),(279,65),(134,29),(279,66),(99,6),(80,150),(100,157),(272,38),(158,137),(61,150),(211,73),(61,9),(50,73),
47:(321,26),(35,40),(113,22),(143,130),(42,79),(86,121),(187,134),(289,38),(279,65),(133,29),(279,66),(100,6),(80,150),(101,157),(273,38),(158,136),(62,150),(212,73),(62,9),(51,73),
48:(321,26),(35,40),(114,22),(142,130),(42,79),(87,121),(186,134),(289,38),(279,65),(132,29),(279,66),(101,6),(80,150),(102,157),(274,38),(158,135),(63,150),(213,73),(63,9),(52,73),
49:(321,26),(35,40),(115,22),(141,130),(42,79),(88,121),(185,134),(289,38),(279,65),(131,29),(279,66),(102,6),(80,150),(103,157),(275,38),(158,135),(64,150),(214,73),(64,9),(53,73),
50:(321,26),(35,40),(116,22),(140,130),(42,79),(89,121),(184,134),(289,38),(279,65),(130,29),(279,66),(103,6),(80,150),(104,157),(276,38),(158,135),(65,150),(215,73),(65,9),(54,73),
51:(321,26),(35,40),(117,22),(139,130),(42,79),(90,121),(183,134),(289,38),(279,65),(129,29),(279,66),(104,6),(80,150),(105,157),(277,38),(158,135),(66,150),(216,73),(66,9),(55,73),
52:(321,26),(35,40),(118,22),(138,130),(42,79),(91,121),(182,134),(289,38),(279,65),(128,29),(279,66),(105,6),(80,150),(106,157),(277,38),(158,135),(67,150),(217,73),(67,9),(56,73),
53:(321,26),(35,40),(119,22),(137,130),(42,79),(92,121),(181,134),(289,38),(279,65),(127,29),(279,66),(106,6),(80,150),(107,157),(277,38),(158,135),(68,150),(218,73),(68,9),(57,73),
54:(321,26),(35,40),(120,22),(136,130),(42,79),(93,121),(180,134),(289,38),(279,65),(126,29),(279,66),(107,6),(80,150),(108,157),(277,38),(158,135),(69,150),(219,73),(69,9),(58,73),
55:(321,26),(35,40),(121,22),(135,130),(42,79),(94,121),(179,134),(289,38),(279,65),(125,29),(279,66),(108,6),(80,150),(109,157),(277,38),(158,135),(70,150),(220,73),(70,9),(59,73),
56:(321,26),(35,40),(122,22),(134,130),(42,79),(95,121),(178,134),(289,38),(279,65),(124,29),(279,66),(109,6),(80,150),(110,157),(277,38),(158,135),(71,150),(221,73),(71,9),(60,73),
57:(321,26),(35,40),(123,22),(133,130),(42,79),(96,121),(177,134),(289,38),(279,65),(123,29),(279,66),(110,6),(80,150),(111,157),(277,38),(158,135),(72,150),(222,73),(72,9),(61,73),
58:(321,26),(35,40),(124,22),(132,130),(42,79),(97,121),(176,134),(289,38),(279,65),(122,29),(279,66),(111,6),(80,150),(112,157),(277,38),(158,135),(73,150),(223,73),(73,9),(62,73),
59:(321,26),(35,40),(125,22),(131,130),(42,79),(98,121),(175,134),(289,38),(279,65),(121,29),(279,66),(112,6),(80,150),(113,157),(277,38),(158,135),(74,150),(224,73),(73,10),(63,73),
60:(321,26),(35,40),(126,22),(130,130),(42,79),(99,121),(174,134),(289,38),(279,65),(120,29),(279,66),(113,6),(80,150),(114,157),(277,38),(158,135),(75,150),(225,73),(73,11),(64,73),
61:(321,26),(35,40),(127,22),(129,130),(42,79),(100,121),(173,134),(289,38),(279,65),(119,29),(279,66),(114,6),(80,150),(115,157),(277,38),(158,135),(76,150),(226,73),(73,12),(65,73),
62:(321,26),(35,40),(128,22),(128,130),(42,79),(101,121),(172,134),(289,38),(279,65),(118,29),(279,66),(115,6),(80,150),(116,157),(277,38),(158,135),(77,150),(227,73),(73,13),(66,73),
63:(321,26),(35,40),(129,22),(127,130),(42,79),(102,121),(171,134),(289,38),(279,65),(117,29),(279,66),(116,6),(80,150),(117,157),(277,38),(158,135),(78,150),(228,73),(73,14),(67,73),
64:(321,26),(35,40),(130,22),(126,130),(42,79),(103,121),(170,134),(289,38),(279,65),(116,29),(279,66),(117,6),(80,150),(118,157),(277,38),(158,135),(79,150),(229,73),(73,15),(68,73),
65:(321,26),(35,40),(131,22),(125,130),(42,79),(104,121),(169,134),(289,38),(279,65),(115,29),(279,66),(118,6),(80,150),(119,157),(277,38),(158,135),(79,149),(230,73),(73,16),(69,73),
66:(321,26),(35,40),(132,22),(124,130),(42,79),(105,121),(168,134),(289,38),(279,65),(114,29),(279,66),(119,6),(79,150),(120,157),(277,38),(158,135),(80,149),(231,73),(73,17),(70,73),
67:(321,26),(35,40),(133,22),(123,130),(42,79),(106,121),(167,134),(289,38),(279,65),(113,29),(279,66),(120,6),(78,150),(121,157),(277,38),(158,135),(81,149),(232,73),(73,18),(71,73),
68:(321,26),(35,40),(134,22),(122,130),(42,79),(107,121),(166,134),(289,38),(279,65),(112,29),(279,66),(121,6),(77,150),(122,157),(277,38),(158,135),(82,149),(233,73),(73,19),(72,73),
69:(321,26),(35,40),(135,22),(121,130),(42,79),(108,121),(165,134),(289,38),(279,65),(111,29),(279,66),(122,6),(76,150),(123,157),(277,38),(158,135),(83,149),(234,73),(73,20),(73,73),
70:(321,26),(35,40),(136,22),(120,130),(42,79),(109,121),(164,134),(289,38),(279,65),(110,29),(279,66),(123,6),(75,150),(124,157),(277,38),(158,135),(84,149),(235,73),(73,21),(74,73),
71:(321,26),(35,40),(137,22),(119,130),(42,79),(110,121),(163,134),(289,38),(279,65),(109,29),(279,66),(124,6),(74,150),(125,157),(277,38),(158,135),(85,149),(236,73),(73,22),(75,73),
72:(321,26),(35,40),(138,22),(118,130),(42,79),(111,121),(162,134),(289,38),(279,65),(108,29),(279,66),(125,6),(73,150),(126,157),(277,38),(158,135),(86,149),(237,73),(73,23),(76,73),
73:(321,26),(35,40),(139,22),(117,130),(42,79),(112,121),(161,134),(289,38),(279,65),(107,29),(279,66),(126,6),(72,150),(127,157),(277,38),(158,135),(87,149),(238,73),(73,24),(77,73),
74:(321,26),(35,40),(140,22),(116,130),(42,79),(113,121),(160,134),(289,38),(279,65),(106,29),(279,66),(127,6),(71,150),(128,157),(277,38),(158,135),(88,149),(239,73),(73,25),(78,73),
75:(321,26),(35,40),(141,22),(115,130),(42,79),(114,121),(159,134),(289,38),(279,65),(105,29),(279,66),(128,6),(70,150),(129,157),(277,38),(158,135),(89,149),(240,73),(73,25),(79,73),
76:(321,26),(35,40),(142,22),(114,130),(42,79),(115,121),(158,134),(289,38),(279,65),(104,29),(279,66),(129,6),(69,150),(130,157),(277,38),(158,135),(90,149),(241,73),(73,25),(80,73),
77:(321,26),(35,40),(143,22),(113,130),(42,79),(116,121),(157,134),(289,38),(279,65),(103,29),(279,66),(130,6),(68,150),(131,157),(277,38),(158,134),(91,149),(242,73),(73,25),(81,73),
78:(321,26),(35,40),(144,22),(112,130),(42,79),(117,121),(156,134),(289,38),(279,65),(102,29),(279,66),(131,6),(67,150),(132,157),(277,38),(158,133),(92,149),(243,73),(73,25),(82,73),
79:(321,26),(35,40),(145,22),(111,130),(42,79),(118,121),(155,134),(289,38),(279,65),(101,29),(279,66),(132,6),(66,150),(133,157),(277,38),(158,132),(93,149),(244,73),(73,25),(83,73),
80:(321,26),(35,40),(146,22),(110,130),(42,79),(119,121),(154,134),(289,38),(279,65),(100,29),(279,66),(133,6),(65,150),(134,157),(277,38),(158,131),(94,149),(245,73),(73,25),(84,73),
81:(321,26),(35,40),(147,22),(109,130),(42,79),(120,121),(153,134),(289,38),(279,65),(99,29),(279,66),(134,6),(64,150),(135,157),(277,38),(158,130),(95,149),(246,73),(73,25),(85,73),
82:(321,26),(35,40),(148,22),(108,130),(42,79),(121,121),(152,134),(289,38),(279,65),(98,29),(279,66),(135,6),(63,150),(136,157),(277,38),(158,129),(96,149),(247,73),(73,25),(86,73),
83:(321,26),(35,40),(149,22),(107,130),(42,79),(122,121),(151,134),(289,38),(279,65),(97,29),(279,66),(136,6),(62,150),(137,157),(277,38),(158,128),(97,149),(248,73),(73,25),(87,73),
84:(321,26),(35,40),(150,22),(106,130),(42,79),(123,121),(150,134),(289,38),(279,65),(96,29),(279,66),(137,6),(61,150),(138,157),(277,38),(158,127),(98,149),(249,73),(73,25),(88,73),
85:(321,26),(35,40),(151,22),(105,130),(42,79),(124,121),(149,134),(289,38),(279,65),(95,29),(279,66),(138,6),(60,150),(139,157),(277,38),(158,126),(99,149),(250,73),(73,25),(89,73),
86:(321,26),(35,40),(152,22),(104,130),(42,79),(125,121),(148,134),(289,38),(279,65),(94,29),(279,66),(139,6),(59,150),(140,157),(277,38),(158,125),(100,149),(251,73),(73,25),(90,73),
87:(321,26),(35,40),(153,22),(103,130),(42,79),(126,121),(147,134),(289,38),(279,65),(93,29),(279,66),(140,6),(58,150),(141,157),(277,38),(158,124),(101,149),(252,73),(73,25),(91,73),
88:(321,26),(35,40),(154,22),(102,130),(42,79),(127,121),(146,134),(289,38),(279,65),(92,29),(279,66),(141,6),(57,150),(142,157),(277,38),(158,123),(102,149),(253,73),(73,25),(92,73),
89:(321,26),(35,40),(155,22),(101,130),(42,79),(128,121),(145,134),(289,38),(279,65),(91,29),(279,66),(142,6),(56,150),(143,157),(277,38),(158,122),(103,149),(254,73),(73,25),(93,73),
90:(321,26),(35,40),(156,22),(100,130),(42,79),(129,121),(144,134),(289,38),(279,65),(90,29),(279,66),(143,6),(55,150),(144,157),(277,38),(158,122),(104,149),(255,73),(73,25),(94,73),
91:(321,26),(35,40),(157,22),(99,130),(42,79),(130,121),(143,134),(289,38),(279,65),(89,29),(279,66),(144,6),(54,150),(145,157),(277,38),(158,122),(105,149),(256,73),(73,25),(95,73),
92:(321,26),(35,40),(158,22),(98,130),(42,79),(131,121),(142,134),(289,38),(279,65),(88,29),(279,66),(145,6),(53,150),(146,157),(277,38),(158,122),(106,149),(257,73),(73,25),(96,73),
93:(321,26),(35,40),(159,22),(97,130),(42,79),(132,121),(141,134),(289,38),(279,65),(87,29),(279,66),(146,6),(52,150),(147,157),(277,38),(158,122),(107,149),(258,73),(73,25),(97,73),
94:(321,26),(35,40),(160,22),(96,130),(42,79),(133,121),(140,134),(289,38),(279,65),(86,29),(279,66),(147,6),(51,150),(148,157),(277,38),(158,122),(108,149),(259,73),(73,25),(98,73),
95:(321,26),(35,40),(161,22),(95,130),(42,79),(134,121),(139,134),(289,38),(279,65),(85,29),(279,66),(148,6),(50,150),(149,157),(277,38),(158,122),(109,149),(260,73),(73,25),(99,73),
96:(321,26),(35,40),(162,22),(94,130),(42,79),(135,121),(138,134),(289,38),(279,65),(84,29),(279,66),(149,6),(49,150),(150,157),(277,38),(158,122),(110,149),(261,73),(73,25),(100,73),
97:(321,26),(35,40),(163,22),(93,130),(42,79),(136,121),(137,134),(289,38),(279,65),(83,29),(279,66),(150,6),(48,150),(151,157),(277,38),(158,122),(111,149),(262,73),(73,25),(101,73),
98:(321,26),(35,40),(164,22),(92,130),(42,79),(137,121),(136,134),(289,38),(279,65),(82,29),(279,66),(151,6),(47,150),(152,157),(277,38),(158,122),(112,149),(263,73),(73,25),(102,73),
99:(321,26),(35,40),(165,22),(91,130),(42,79),(138,121),(135,134),(289,38),(279,65),(81,29),(279,66),(152,6),(46,150),(153,157),(277,38),(158,122),(113,149),(264,73),(73,25),(103,73),
100:(321,26),(35,40),(166,22),(90,130),(42,79),(139,121),(134,134),(289,38),(279,65),(80,29),(279,66),(153,6),(45,150),(154,157),(277,38),(158,122),(114,149),(265,73),(73,25),(104,73),
101:(321,26),(35,40),(167,22),(89,130),(42,79),(140,121),(133,134),(289,38),(279,65),(79,29),(279,66),(154,6),(44,150),(155,157),(277,38),(158,122),(115,149),(266,73),(73,25),(105,73),
102:(321,26),(35,40),(168,22),(88,130),(42,79),(141,121),(132,134),(289,38),(279,65),(78,29),(279,66),(155,6),(43,150),(156,157),(277,38),(158,122),(116,149),(267,73),(73,25),(106,73),
103:(321,26),(35,40),(169,22),(87,130),(42,79),(142,121),(131,134),(289,38),(279,65),(77,29),(279,66),(156,6),(42,150),(157,157),(277,38),(158,122),(117,149),(268,73),(73,25),(107,73),
104:(321,26),(35,40),(170,22),(86,130),(42,79),(143,121),(130,134),(289,38),(279,65),(76,29),(279,66),(157,6),(41,150),(158,157),(277,38),(158,122),(118,149),(269,73),(73,25),(108,73),
105:(321,26),(35,40),(171,22),(85,130),(42,79),(144,121),(129,134),(289,38),(279,65),(75,29),(279,66),(158,6),(40,150),(159,157),(277,38),(158,122),(119,149),(270,73),(73,25),(109,73),
106:(321,26),(35,40),(172,22),(84,130),(42,79),(145,121),(128,134),(289,38),(279,65),(74,29),(279,66),(159,6),(39,150),(160,157),(277,38),(158,122),(120,149),(271,73),(73,25),(110,73),
107:(321,26),(35,40),(173,22),(83,130),(42,79),(146,121),(127,134),(289,38),(279,65),(73,29),(279,66),(160,6),(38,150),(161,157),(277,38),(158,122),(121,149),(272,73),(73,25),(111,73),
108:(321,26),(35,40),(174,22),(82,130),(42,79),(147,121),(126,134),(289,38),(279,65),(72,29),(279,66),(161,6),(37,150),(162,157),(277,38),(158,122),(122,149),(273,73),(73,25),(112,73),
109:(321,26),(35,40),(175,22),(81,130),(42,79),(148,121),(125,134),(289,38),(279,65),(71,29),(279,66),(162,6),(36,150),(163,157),(277,38),(158,122),(123,149),(274,73),(73,25),(113,73),
110:(321,26),(35,40),(176,22),(80,130),(42,79),(149,121),(124,134),(289,38),(279,65),(70,29),(279,66),(163,6),(35,150),(164,157),(277,38),(158,122),(124,149),(275,73),(73,25),(114,73),
111:(321,26),(35,40),(177,22),(79,130),(42,79),(150,121),(123,134),(289,38),(279,65),(69,29),(279,66),(164,6),(34,150),(165,157),(277,38),(158,122),(125,149),(276,73),(73,25),(115,73),
112:(321,26),(35,40),(178,22),(78,130),(42,79),(151,121),(122,134),(289,38),(279,65),(68,29),(279,66),(165,6),(33,150),(166,157),(277,38),(158,122),(126,149),(277,73),(73,25),(116,73),
113:(321,26),(35,40),(179,22),(77,130),(42,79),(152,121),(121,134),(289,38),(279,65),(67,29),(279,66),(166,6),(32,150),(167,157),(277,38),(158,122),(127,149),(278,73),(73,25),(117,73),
114:(321,26),(35,40),(180,22),(76,130),(42,79),(153,121),(120,134),(289,38),(279,65),(66,29),(279,66),(167,6),(31,150),(168,157),(277,38),(158,122),(128,149),(279,73),(73,25),(118,73),
115:(321,26),(35,40),(181,22),(75,130),(42,79),(154,121),(119,134),(289,38),(279,65),(65,29),(279,66),(168,6),(30,150),(169,157),(277,38),(158,122),(129,149),(280,73),(73,25),(119,73),
116:(321,26),(35,40),(182,22),(74,130),(42,79),(155,121),(118,134),(289,38),(279,65),(64,29),(279,66),(169,6),(29,150),(170,157),(277,38),(158,122),(130,149),(281,73),(73,25),(120,73),
117:(321,26),(35,40),(183,22),(73,130),(42,79),(156,121),(117,134),(289,38),(279,65),(63,29),(279,66),(170,6),(28,150),(171,157),(277,38),(158,122),(131,149),(282,73),(73,25),(121,73),
118:(321,26),(35,40),(184,22),(73,129),(42,79),(157,121),(116,134),(289,38),(279,65),(62,29),(279,66),(171,6),(27,150),(172,157),(277,38),(158,122),(132,149),(283,73),(73,25),(122,73),
119:(321,26),(35,40),(185,22),(73,128),(42,79),(158,121),(115,134),(289,38),(279,65),(61,29),(279,66),(172,6),(26,150),(173,157),(277,38),(158,122),(133,149),(284,73),(73,25),(123,73),
120:(321,26),(35,40),(186,22),(73,127),(42,79),(159,121),(114,134),(289,38),(279,65),(60,29),(279,66),(173,6),(25,150),(174,157),(277,38),(158,121),(134,149),(285,73),(73,25),(124,73),
121:(321,26),(35,40),(187,22),(73,126),(42,79),(160,121),(113,134),(289,38),(279,65),(59,29),(279,66),(174,6),(24,150),(175,157),(277,38),(158,120),(135,149),(286,73),(73,25),(125,73),
122:(321,26),(35,40),(188,22),(73,125),(42,79),(161,121),(112,134),(289,38),(279,65),(58,29),(279,66),(175,6),(23,150),(176,157),(277,38),(158,119),(136,149),(287,73),(73,25),(126,73),
123:(321,26),(35,40),(189,22),(73,124),(42,79),(162,121),(111,134),(289,38),(279,65),(57,29),(279,66),(176,6),(22,150),(177,157),(277,38),(158,118),(137,149),(288,73),(73,25),(127,73),
124:(321,26),(35,40),(190,22),(73,123),(42,79),(163,121),(110,134),(289,38),(279,65),(56,29),(279,66),(177,6),(21,150),(178,157),(277,38),(158,117),(138,149),(289,73),(73,25),(128,73),
125:(321,26),(35,40),(191,22),(73,122),(42,79),(164,121),(109,134),(289,38),(279,65),(55,29),(279,66),(178,6),(20,150),(179,157),(277,38),(158,116),(139,149),(290,73),(73,25),(129,73),
126:(321,26),(35,40),(192,22),(73,121),(42,79),(165,121),(108,134),(289,38),(279,65),(54,29),(279,66),(179,6),(19,150),(180,157),(277,38),(158,115),(140,149),(290,72),(73,25),(130,73),
127:(321,26),(35,40),(193,22),(73,120),(42,79),(166,121),(107,134),(289,38),(279,65),(53,29),(279,66),(180,6),(18,150),(181,157),(277,38),(158,114),(141,149),(290,71),(73,25),(131,73),
128:(321,26),(35,40),(194,22),(73,119),(42,79),(167,121),(106,134),(289,38),(279,65),(52,29),(279,66),(181,6),(17,150),(181,156),(277,38),(158,113),(142,149),(290,70),(73,25),(132,73),
129:(321,26),(35,40),(195,22),(73,118),(42,79),(168,121),(105,134),(289,38),(279,65),(51,29),(279,66),(182,6),(16,150),(181,155),(277,38),(158,112),(143,149),(290,69),(73,25),(133,73),
130:(321,26),(35,40),(196,22),(73,117),(42,79),(169,121),(104,134),(289,38),(279,65),(50,29),(279,66),(183,6),(15,150),(181,154),(277,38),(158,111),(144,149),(290,68),(73,25),(134,73),
131:(321,26),(35,40),(197,22),(73,116),(42,79),(170,121),(103,134),(289,38),(279,65),(49,29),(279,66),(184,6),(14,150),(181,153),(277,38),(158,110),(145,149),(290,67),(73,25),(135,73),
132:(321,26),(35,40),(198,22),(73,115),(42,79),(171,121),(102,134),(289,38),(279,65),(48,29),(279,66),(185,6),(14,149),(181,152),(277,38),(158,109),(146,149),(290,66),(73,25),(136,73),
133:(321,26),(35,40),(199,22),(73,114),(42,79),(172,121),(101,134),(289,38),(279,65),(47,29),(279,66),(186,6),(14,148),(181,151),(277,38),(158,108),(147,149),(290,65),(73,25),(137,73),
134:(321,26),(35,40),(200,22),(73,113),(42,79),(173,121),(100,134),(289,38),(279,65),(46,29),(279,66),(187,6),(14,147),(181,150),(277,38),(158,107),(148,149),(290,64),(73,25),(138,73),
135:(321,26),(35,40),(201,22),(73,112),(42,79),(174,121),(99,134),(289,38),(279,65),(45,29),(279,66),(188,6),(14,146),(181,150),(277,38),(158,106),(149,149),(290,63),(73,25),(139,73),
136:(321,26),(35,40),(202,22),(73,111),(42,79),(175,121),(98,134),(289,38),(279,65),(44,29),(279,66),(189,6),(14,145),(181,150),(277,38),(158,105),(150,149),(290,62),(73,25),(140,73),
137:(321,26),(35,40),(203,22),(73,110),(42,79),(176,121),(97,134),(289,38),(279,65),(44,29),(279,66),(190,6),(14,144),(181,150),(277,38),(158,104),(151,149),(290,61),(73,25),(141,73),
138:(321,26),(35,40),(204,22),(73,109),(42,79),(177,121),(96,134),(289,38),(279,65),(44,29),(279,66),(191,6),(14,143),(181,150),(277,38),(158,103),(152,149),(290,60),(73,25),(142,73),
139:(321,26),(35,40),(205,22),(73,108),(42,79),(178,121),(95,134),(289,38),(279,65),(44,29),(279,66),(192,6),(14,143),(181,150),(277,38),(158,102),(153,149),(290,59),(73,25),(143,73),
140:(321,26),(35,40),(206,22),(73,107),(42,79),(179,121),(94,134),(289,38),(279,65),(44,29),(279,66),(193,6),(14,143),(181,150),(277,38),(158,101),(154,149),(290,58),(73,25),(144,73),
141:(321,26),(35,40),(207,22),(73,106),(42,79),(180,121),(93,134),(289,38),(279,65),(44,29),(279,66),(194,6),(14,143),(181,150),(277,38),(158,100),(155,149),(290,57),(73,25),(145,73),
142:(321,26),(35,40),(208,22),(73,105),(42,79),(181,121),(92,134),(289,38),(279,65),(44,29),(279,66),(195,6),(14,143),(181,150),(277,38),(158,99),(156,149),(290,56),(73,25),(146,73),
143:(321,26),(35,40),(209,22),(73,104),(42,79),(182,121),(91,134),(289,38),(279,65),(44,29),(279,66),(196,6),(14,143),(181,150),(277,38),(158,98),(157,149),(290,55),(73,25),(147,73),
144:(321,26),(35,40),(210,22),(73,103),(42,79),(183,121),(90,134),(289,38),(279,65),(44,29),(279,66),(197,6),(14,143),(181,150),(277,38),(158,97),(158,149),(290,54),(73,25),(148,73),
145:(321,26),(35,40),(211,22),(73,102),(42,79),(184,121),(89,134),(289,38),(279,65),(44,29),(279,66),(198,6),(14,143),(181,150),(277,38),(158,96),(159,149),(290,53),(73,25),(149,73),
146:(321,26),(35,40),(212,22),(73,101),(42,79),(185,121),(88,134),(289,38),(279,65),(44,29),(279,66),(199,6),(14,143),(181,150),(277,38),(158,95),(160,149),(290,52),(73,25),(150,73),
147:(321,26),(35,40),(213,22),(73,100),(42,79),(186,121),(87,134),(289,38),(279,65),(44,29),(279,66),(200,6),(14,143),(181,150),(277,38),(158,94),(161,149),(290,51),(73,25),(151,73),
148:(321,26),(35,40),(214,22),(73,99),(42,79),(187,121),(86,134),(289,38),(279,65),(44,29),(279,66),(201,6),(14,143),(181,150),(277,38),(158,93),(162,149),(290,50),(73,25),(152,73),
149:(321,26),(35,40),(215,22),(73,98),(42,79),(188,121),(85,134),(289,38),(279,65),(44,29),(279,66),(202,6),(14,143),(181,150),(277,38),(158,92),(163,149),(290,49),(73,25),(153,73),
150:(321,26),(35,40),(216,22),(73,97),(42,79),(189,121),(84,134),(289,38),(279,65),(44,29),(279,66),(203,6),(14,143),(181,150),(277,38),(158,91),(164,149),(290,48),(73,25),(154,73),
151:(321,26),(35,40),(217,22),(73,96),(42,79),(190,121),(83,134),(289,38),(279,65),(44,29),(279,66),(204,6),(14,143),(181,150),(277,38),(158,90),(165,149),(290,47),(73,25),(155,73),
152:(321,26),(35,40),(218,22),(73,95),(42,79),(191,121),(82,134),(289,38),(279,65),(44,29),(279,66),(205,6),(14,143),(181,150),(277,38),(158,89),(166,149),(290,46),(73,25),(156,73),
153:(321,26),(35,40),(219,22),(73,94),(42,79),(192,121),(81,134),(289,38),(279,65),(44,29),(279,66),(206,6),(14,143),(181,150),(277,38),(158,88),(167,149),(290,45),(73,25),(157,73),
154:(321,26),(35,40),(220,22),(73,93),(42,79),(193,121),(80,134),(289,38),(279,65),(44,29),(279,66),(207,6),(14,143),(181,150),(277,38),(158,87),(168,149),(290,44),(73,25),(158,73),
155:(321,26),(35,40),(221,22),(73,92),(42,79),(194,121),(79,134),(289,38),(279,65),(44,29),(279,66),(208,6),(14,143),(181,150),(277,38),(158,86),(169,149),(290,43),(73,25),(159,73),
156:(321,26),(35,40),(222,22),(73,91),(42,79),(195,121),(78,134),(289,38),(279,65),(44,29),(279,66),(209,6),(14,143),(181,150),(277,38),(158,85),(170,149),(290,42),(73,25),(160,73),
157:(321,26),(35,40),(223,22),(73,90),(42,79),(196,121),(77,134),(289,38),(279,65),(44,29),(279,66),(210,6),(14,143),(181,150),(277,38),(158,84),(171,149),(290,41),(73,25),(161,73),
158:(321,26),(35,40),(224,22),(73,89),(42,79),(197,121),(76,134),(289,38),(279,65),(44,29),(279,66),(211,6),(14,143),(181,150),(277,38),(158,83),(172,149),(290,40),(73,25),(162,73),
159:(321,26),(35,40),(225,22),(73,88),(42,79),(198,121),(75,134),(289,38),(279,65),(44,29),(279,66),(212,6),(14,143),(181,150),(277,38),(158,82),(173,149),(290,39),(73,25),(163,73),
160:(321,26),(35,40),(226,22),(73,87),(42,79),(199,121),(74,134),(289,38),(279,65),(44,29),(279,66),(213,6),(14,143),(181,150),(277,38),(158,82),(174,149),(290,38),(73,25),(164,73),
161:(321,26),(35,40),(227,22),(73,86),(42,79),(200,121),(73,134),(289,38),(279,65),(44,29),(279,66),(214,6),(14,143),(181,150),(277,38),(158,82),(175,149),(290,37),(73,25),(165,73),
162:(321,26),(35,40),(228,22),(73,85),(42,79),(201,121),(72,134),(290,38),(279,65),(44,29),(279,66),(215,6),(14,143),(181,150),(277,38),(158,82),(176,149),(290,36),(73,25),(166,73),
163:(321,26),(35,40),(229,22),(73,84),(42,79),(202,121),(71,134),(291,38),(279,65),(44,29),(279,66),(216,6),(14,143),(181,150),(277,38),(158,82),(177,149),(290,35),(73,25),(167,73),
164:(321,26),(35,40),(230,22),(73,83),(42,79),(203,121),(70,134),(292,38),(279,65),(44,29),(279,66),(217,6),(14,143),(181,150),(277,38),(158,82),(178,149),(290,34),(73,25),(168,73),
165:(321,26),(35,40),(231,22),(73,82),(42,79),(204,121),(69,134),(293,38),(279,65),(44,29),(279,66),(218,6),(14,143),(181,150),(277,38),(158,82),(179,149),(290,33),(73,25),(169,73),
166:(321,26),(35,40),(232,22),(73,81),(42,79),(205,121),(68,134),(294,38),(279,65),(44,29),(279,66),(219,6),(14,143),(181,150),(277,38),(158,82),(180,149),(290,32),(73,25),(170,73),
167:(321,26),(35,40),(233,22),(73,80),(42,79),(206,121),(67,134),(295,38),(279,65),(44,29),(279,66),(220,6),(14,143),(181,150),(277,38),(158,82),(181,149),(290,31),(73,25),(171,73),
168:(321,26),(35,40),(234,22),(73,79),(42,79),(207,121),(66,134),(296,38),(279,65),(44,29),(279,66),(221,6),(14,143),(181,150),(277,38),(158,82),(182,149),(290,30),(73,25),(172,73),
169:(321,26),(35,40),(235,22),(73,78),(42,79),(208,121),(65,134),(297,38),(279,65),(44,29),(279,66),(222,6),(14,143),(181,149),(277,38),(158,82),(183,149),(290,29),(73,25),(173,73),
170:(321,26),(35,40),(236,22),(73,77),(42,79),(209,121),(64,134),(298,38),(279,65),(44,29),(279,66),(223,6),(14,143),(181,148),(277,38),(158,82),(184,149),(290,28),(73,25),(174,73),
171:(321,26),(35,40),(237,22),(73,76),(42,79),(210,121),(63,134),(299,38),(279,65),(44,29),(279,66),(224,6),(14,143),(181,147),(277,38),(158,82),(185,149),(290,27),(73,25),(175,73),
172:(321,26),(35,40),(238,22),(73,75),(42,79),(211,121),(62,134),(300,38),(279,65),(44,29),(279,66),(225,6),(14,143),(181,146),(277,38),(158,82),(186,149),(290,27),(73,25),(176,73),
173:(321,26),(35,40),(239,22),(73,74),(42,79),(212,121),(61,134),(301,38),(279,65),(44,29),(279,66),(226,6),(14,143),(181,145),(277,38),(158,82),(187,149),(290,27),(73,25),(177,73),
174:(321,26),(35,40),(240,22),(72,74),(42,79),(213,121),(60,134),(302,38),(279,65),(44,29),(279,66),(227,6),(14,143),(181,144),(277,38),(158,82),(188,149),(290,27),(73,25),(178,73),
175:(321,26),(35,40),(241,22),(71,74),(42,79),(214,121),(59,134),(303,38),(279,65),(44,29),(279,66),(228,6),(14,143),(181,143),(277,38),(158,82),(189,149),(290,27),(73,25),(179,73),
176:(321,26),(35,40),(242,22),(70,74),(42,79),(215,121),(58,134),(304,38),(279,65),(44,29),(279,66),(229,6),(14,143),(181,142),(277,38),(158,82),(190,149),(290,27),(73,25),(180,73),
177:(321,26),(35,40),(243,22),(69,74),(42,79),(216,121),(57,134),(305,38),(279,65),(44,29),(279,66),(230,6),(14,143),(181,141),(277,38),(158,82),(191,149),(290,27),(73,25),(181,73),
178:(321,26),(35,40),(244,22),(68,74),(42,79),(217,121),(56,134),(306,38),(279,65),(44,29),(279,66),(231,6),(14,143),(181,140),(277,38),(158,82),(192,149),(290,27),(73,25),(182,73),
179:(321,26),(35,40),(245,22),(67,74),(42,79),(218,121),(55,134),(307,38),(279,65),(44,29),(279,66),(232,6),(14,143),(181,139),(277,38),(158,82),(193,149),(290,27),(73,25),(183,73),
180:(321,26),(35,40),(246,22),(66,74),(42,79),(218,120),(54,134),(308,38),(279,65),(44,29),(279,66),(233,6),(14,143),(181,138),(277,38),(158,82),(194,149),(290,27),(73,25),(184,73),
181:(321,26),(35,40),(247,22),(65,74),(42,79),(218,119),(53,134),(309,38),(279,65),(44,29),(279,66),(234,6),(14,143),(181,137),(277,38),(158,82),(195,149),(290,27),(73,25),(185,73),
182:(321,26),(35,40),(248,22),(65,74),(42,79),(218,118),(52,134),(310,38),(279,65),(44,29),(279,66),(235,6),(14,143),(181,136),(277,38),(158,82),(196,149),(290,27),(73,25),(186,73),
183:(321,26),(35,40),(249,22),(65,74),(42,79),(218,117),(51,134),(311,38),(279,65),(44,29),(279,66),(236,6),(14,143),(181,135),(277,38),(158,82),(197,149),(290,27),(73,25),(187,73),
184:(321,26),(35,40),(250,22),(65,74),(42,79),(218,116),(50,134),(312,38),(279,65),(44,29),(279,66),(237,6),(14,143),(181,134),(277,38),(158,82),(198,149),(290,27),(73,25),(188,73),
185:(321,26),(35,40),(251,22),(65,74),(42,79),(218,115),(49,134),(313,38),(279,65),(44,29),(279,66),(238,6),(14,143),(181,133),(277,38),(158,82),(199,149),(290,27),(73,25),(189,73),
186:(321,26),(35,40),(252,22),(65,74),(42,79),(218,114),(48,134),(314,38),(279,65),(44,29),(279,66),(239,6),(14,143),(181,132),(277,38),(158,82),(200,149),(290,27),(73,25),(190,73),
187:(321,26),(35,40),(253,22),(65,74),(42,79),(218,113),(47,134),(315,38),(279,65),(44,29),(279,66),(240,6),(14,143),(181,131),(277,38),(158,82),(201,149),(290,27),(73,25),(191,73),
188:(321,26),(35,40),(254,22),(65,74),(42,79),(218,112),(46,134),(316,38),(279,65),(44,29),(279,66),(241,6),(14,143),(181,130),(277,38),(158,82),(202,149),(290,27),(73,25),(192,73),
189:(321,26),(35,40),(255,22),(65,74),(42,79),(218,111),(45,134),(317,38),(279,65),(44,29),(279,66),(242,6),(14,143),(181,129),(277,38),(158,82),(203,149),(290,27),(73,25),(193,73),
190:(321,26),(35,40),(256,22),(65,74),(42,79),(218,110),(44,134),(318,38),(279,65),(44,29),(279,66),(243,6),(14,143),(181,128),(277,38),(158,82),(204,149),(290,27),(73,25),(194,73),
191:(321,26),(35,40),(257,22),(65,74),(42,79),(218,109),(43,134),(319,38),(279,65),(44,29),(279,66),(244,6),(14,143),(181,127),(277,38),(158,82),(205,149),(290,27),(73,25),(195,73),
192:(321,26),(35,40),(258,22),(65,74),(42,79),(218,108),(42,134),(319,38),(279,65),(44,29),(279,66),(245,6),(14,143),(181,126),(277,38),(158,82),(206,149),(290,27),(73,25),(196,73),
193:(321,26),(35,40),(259,22),(65,74),(42,79),(218,107),(41,134),(319,38),(279,65),(44,29),(279,66),(246,6),(14,143),(181,125),(277,38),(158,82),(207,149),(290,27),(73,25),(197,73),
194:(321,26),(35,40),(260,22),(65,74),(42,79),(218,106),(40,134),(319,38),(279,65),(44,29),(279,66),(247,6),(14,143),(181,124),(277,38),(158,82),(208,149),(290,27),(73,25),(198,73),
195:(321,26),(35,40),(261,22),(65,74),(42,79),(218,105),(39,134),(319,38),(279,65),(44,29),(279,66),(248,6),(14,143),(181,123),(277,38),(158,82),(209,149),(290,27),(73,25),(199,73),
196:(321,26),(35,40),(262,22),(65,74),(42,79),(218,104),(38,134),(319,38),(279,65),(44,29),(279,66),(249,6),(14,143),(181,122),(277,38),(158,82),(210,149),(290,27),(73,25),(200,73),
197:(321,26),(35,40),(263,22),(65,74),(42,79),(218,103),(37,134),(319,38),(279,65),(44,29),(279,66),(250,6),(14,143),(181,121),(277,38),(158,82),(211,149),(290,27),(73,25),(201,73),
198:(321,26),(35,40),(264,22),(65,74),(42,79),(218,102),(36,134),(319,38),(279,65),(44,29),(279,66),(251,6),(14,143),(181,120),(277,38),(158,82),(212,149),(290,27),(73,25),(202,73),
199:(321,26),(35,40),(265,22),(65,74),(42,79),(218,101),(35,134),(319,38),(279,65),(44,29),(279,66),(252,6),(14,143),(181,119),(277,38),(158,82),(213,149),(290,27),(73,25),(203,73),
200:(321,26),(35,40),(266,22),(65,74),(42,79),(218,100),(34,134),(319,38),(279,65),(44,29),(279,66),(253,6),(14,143),(181,118),(277,38),(158,82),(214,149),(290,27),(73,25),(204,73),
201:(321,26),(35,40),(267,22),(65,74),(42,79),(218,99),(33,134),(319,38),(279,65),(44,29),(279,66),(254,6),(14,143),(181,117),(277,38),(158,82),(215,149),(290,27),(73,25),(205,73),
202:(321,26),(35,40),(268,22),(65,74),(42,79),(218,98),(32,134),(319,38),(279,65),(44,29),(279,66),(255,6),(14,143),(181,116),(277,38),(158,82),(216,149),(290,27),(73,25),(206,73),
203:(321,26),(35,40),(269,22),(65,74),(42,79),(218,97),(31,134),(319,38),(279,65),(44,29),(279,66),(256,6),(14,143),(181,115),(277,38),(158,82),(217,149),(290,27),(73,25),(207,73),
204:(321,26),(35,40),(270,22),(65,74),(42,79),(218,96),(30,134),(319,38),(279,65),(44,29),(279,66),(257,6),(14,143),(181,114),(277,38),(158,82),(218,149),(290,27),(73,25),(208,73),
205:(321,26),(35,40),(271,22),(65,74),(42,79),(218,95),(29,134),(319,38),(279,65),(44,29),(279,66),(258,6),(14,143),(181,113),(277,38),(158,82),(219,149),(290,27),(73,25),(209,73),
206:(321,26),(35,40),(272,22),(65,74),(42,79),(218,94),(28,134),(319,38),(279,65),(44,29),(279,66),(259,6),(14,143),(181,112),(277,38),(158,82),(220,149),(290,27),(73,25),(210,73),
207:(321,26),(35,40),(273,22),(65,74),(42,79),(218,93),(27,134),(319,38),(279,65),(44,29),(279,66),(260,6),(14,143),(181,111),(277,38),(158,82),(221,149),(290,27),(73,25),(211,73),
208:(321,26),(35,40),(274,22),(65,74),(42,79),(218,92),(26,134),(319,38),(279,65),(44,29),(279,66),(261,6),(14,143),(181,110),(277,38),(158,82),(222,149),(290,27),(73,25),(212,73),
209:(321,26),(35,40),(275,22),(65,74),(42,79),(218,91),(25,134),(319,38),(279,65),(44,29),(279,66),(262,6),(14,143),(181,109),(277,38),(158,82),(223,149),(290,27),(73,25),(213,73),
210:(321,26),(35,40),(276,22),(65,74),(42,79),(218,90),(24,134),(319,38),(279,65),(44,29),(279,66),(263,6),(14,143),(181,109),(277,38),(158,82),(224,149),(290,27),(73,25),(214,73),
211:(321,26),(35,40),(277,22),(65,74),(42,79),(218,89),(23,134),(319,38),(279,65),(44,29),(279,66),(264,6),(14,143),(181,109),(277,38),(158,82),(225,149),(290,27),(73,25),(215,73),
212:(321,26),(35,40),(278,22),(65,74),(42,79),(218,88),(22,134),(319,38),(279,65),(44,29),(279,66),(265,6),(14,143),(181,109),(277,38),(158,82),(226,149),(290,27),(73,25),(216,73),
213:(321,26),(35,40),(279,22),(65,74),(42,79),(218,87),(21,134),(319,38),(279,65),(44,29),(279,66),(266,6),(14,143),(181,109),(277,38),(158,82),(227,149),(290,27),(73,25),(217,73),
214:(321,26),(35,40),(280,22),(65,74),(42,79),(218,86),(20,134),(319,38),(279,65),(44,29),(279,66),(267,6),(14,143),(181,109),(277,38),(158,82),(228,149),(290,27),(73,25),(218,73),
215:(321,26),(35,40),(281,22),(65,74),(42,79),(218,85),(20,133),(319,38),(279,65),(44,29),(279,66),(268,6),(14,143),(181,109),(277,38),(158,82),(229,149),(290,27),(73,25),(219,73),
216:(321,26),(35,40),(282,22),(65,74),(42,79),(218,84),(20,132),(319,38),(279,65),(44,29),(279,66),(269,6),(14,143),(181,109),(277,38),(158,82),(230,149),(290,27),(73,25),(220,73),
217:(321,26),(35,40),(283,22),(65,74),(42,79),(218,83),(20,131),(319,38),(279,65),(44,29),(279,66),(270,6),(14,143),(181,109),(277,38),(158,82),(231,149),(290,27),(73,25),(221,73),
218:(321,26),(35,40),(284,22),(65,74),(42,79),(218,82),(20,130),(319,38),(279,65),(44,29),(279,66),(271,6),(14,143),(181,109),(277,38),(158,82),(232,149),(290,27),(73,25),(222,73),
219:(321,26),(35,40),(285,22),(65,74),(42,79),(218,81),(20,129),(319,38),(279,65),(44,29),(279,66),(272,6),(14,143),(181,109),(277,38),(158,82),(233,149),(290,27),(73,25),(223,73),
220:(321,26),(35,40),(286,22),(65,74),(42,79),(218,80),(20,128),(319,38),(279,65),(44,29),(279,66),(273,6),(14,143),(181,109),(277,38),(158,82),(234,149),(290,27),(73,25),(224,73),
221:(321,26),(35,40),(287,22),(65,74),(42,79),(218,79),(20,127),(319,38),(279,65),(44,29),(279,66),(274,6),(14,143),(181,109),(277,38),(158,82),(235,149),(290,27),(73,25),(225,73),
222:(321,26),(35,40),(288,22),(65,74),(42,79),(218,78),(20,126),(319,38),(279,65),(44,29),(279,66),(275,6),(14,143),(181,109),(277,38),(158,82),(236,149),(290,27),(73,25),(226,73),
223:(321,26),(35,40),(289,22),(65,74),(42,79),(218,77),(20,125),(319,38),(279,65),(44,29),(279,66),(276,6),(14,143),(181,109),(277,38),(158,82),(237,149),(290,27),(73,25),(227,73),
224:(321,26),(35,40),(290,22),(65,74),(42,79),(218,76),(20,124),(319,38),(279,65),(44,29),(279,66),(277,6),(14,143),(181,109),(277,38),(158,82),(238,149),(290,27),(73,25),(228,73),
225:(321,26),(35,40),(291,22),(65,74),(42,79),(218,75),(20,123),(319,38),(279,65),(44,29),(279,66),(278,6),(14,143),(181,109),(277,38),(158,82),(239,149),(290,27),(73,25),(229,73),
226:(321,26),(35,40),(292,22),(65,74),(42,79),(218,74),(20,122),(319,38),(279,65),(44,29),(279,66),(278,7),(14,143),(181,109),(277,38),(158,82),(240,149),(290,27),(73,25),(230,73),
227:(321,26),(35,40),(293,22),(65,74),(42,79),(218,73),(20,121),(319,38),(279,65),(44,29),(279,66),(278,8),(14,143),(181,109),(277,38),(158,82),(241,149),(290,27),(73,25),(231,73),
228:(321,26),(35,40),(294,22),(65,74),(42,79),(218,72),(20,120),(319,38),(279,65),(44,29),(279,66),(278,9),(14,143),(181,109),(277,38),(158,82),(242,149),(290,27),(73,25),(232,73),
229:(321,26),(35,40),(295,22),(65,74),(42,79),(218,71),(20,119),(319,38),(279,65),(44,29),(279,66),(278,10),(14,143),(181,109),(277,38),(158,82),(243,149),(290,27),(73,25),(233,73),
230:(321,26),(35,40),(296,22),(65,74),(42,79),(218,70),(20,118),(319,38),(279,65),(44,29),(279,66),(278,11),(14,143),(181,109),(277,38),(158,82),(244,149),(290,27),(73,25),(234,73),
231:(321,26),(35,40),(297,22),(65,74),(42,79),(218,69),(20,117),(319,38),(279,65),(44,29),(279,66),(278,12),(14,143),(181,109),(277,38),(158,82),(245,149),(290,27),(73,25),(235,73),
232:(321,26),(35,40),(298,22),(65,74),(42,79),(218,68),(20,116),(319,38),(279,65),(44,29),(279,66),(278,13),(14,143),(181,109),(277,38),(158,82),(246,149),(290,27),(73,25),(236,73),
233:(321,26),(35,40),(299,22),(65,74),(42,79),(218,67),(20,115),(319,38),(279,65),(44,29),(279,66),(278,14),(14,143),(181,109),(277,38),(158,82),(247,149),(290,27),(73,25),(237,73),
234:(321,26),(35,40),(300,22),(65,74),(42,79),(218,67),(20,114),(319,38),(279,65),(44,29),(279,66),(278,15),(14,143),(181,109),(277,38),(158,82),(248,149),(290,27),(73,25),(238,73),
235:(321,26),(35,40),(301,22),(65,74),(42,79),(218,67),(20,113),(319,38),(279,65),(44,29),(279,66),(278,16),(14,143),(181,109),(277,38),(158,82),(249,149),(290,27),(73,25),(239,73),
236:(321,26),(35,40),(302,22),(65,74),(42,79),(218,67),(20,112),(319,38),(279,65),(44,29),(279,66),(278,17),(14,143),(181,109),(277,38),(158,82),(250,149),(290,27),(73,25),(240,73),
237:(321,26),(35,40),(303,22),(65,74),(42,79),(218,67),(20,111),(319,38),(279,65),(44,29),(279,66),(278,18),(14,143),(181,109),(277,38),(158,82),(251,149),(290,27),(73,25),(241,73),
238:(321,26),(35,40),(304,22),(65,74),(42,79),(218,67),(20,110),(319,38),(279,65),(44,29),(279,66),(278,19),(14,143),(181,109),(277,38),(158,82),(252,149),(290,27),(73,25),(242,73),
239:(321,26),(35,40),(305,22),(65,74),(42,79),(218,67),(20,109),(319,38),(279,65),(44,29),(279,66),(278,20),(14,143),(181,109),(277,38),(158,82),(253,149),(290,27),(73,25),(243,73),
240:(321,26),(35,40),(306,22),(65,74),(42,79),(218,67),(20,108),(319,38),(279,65),(44,29),(279,66),(278,21),(14,143),(181,109),(277,38),(158,82),(254,149),(290,27),(73,25),(244,73),
241:(321,26),(35,40),(307,22),(65,74),(42,79),(218,67),(20,107),(319,38),(279,65),(44,29),(279,66),(278,22),(14,143),(181,109),(277,38),(158,82),(255,149),(290,27),(73,25),(245,73),
242:(321,26),(35,40),(308,22),(65,74),(42,79),(218,67),(20,106),(319,38),(279,65),(44,29),(279,66),(278,23),(14,143),(181,109),(277,38),(158,82),(256,149),(290,27),(73,25),(246,73),
243:(321,26),(35,40),(309,22),(65,74),(42,79),(218,67),(20,105),(319,38),(279,65),(44,29),(279,66),(278,24),(14,143),(181,109),(277,38),(158,82),(257,149),(290,27),(73,25),(247,73),
244:(321,26),(35,40),(310,22),(65,74),(42,79),(218,67),(20,104),(319,38),(279,65),(44,29),(279,66),(278,25),(14,143),(181,109),(277,38),(158,82),(258,149),(290,27),(73,25),(248,73),
245:(321,26),(35,40),(311,22),(65,74),(42,79),(218,67),(20,103),(319,38),(279,65),(44,29),(279,66),(278,25),(14,143),(181,109),(277,38),(158,82),(259,149),(290,27),(73,25),(249,73),
246:(321,26),(35,40),(312,22),(65,74),(42,79),(218,67),(20,102),(319,38),(279,65),(44,29),(279,66),(278,25),(14,143),(181,109),(277,38),(158,82),(260,149),(290,27),(73,25),(250,73),
247:(321,26),(35,40),(313,22),(65,74),(42,79),(218,67),(20,101),(319,38),(279,65),(44,29),(279,66),(278,25),(14,143),(181,109),(277,38),(158,82),(261,149),(290,27),(73,25),(251,73),
248:(321,26),(35,40),(314,22),(65,74),(42,79),(218,67),(20,100),(319,38),(279,65),(44,29),(279,66),(278,25),(14,143),(181,109),(277,38),(158,82),(262,149),(290,27),(73,25),(252,73),
249:(321,26),(35,40),(315,22),(65,74),(42,79),(218,67),(20,99),(319,38),(279,65),(44,29),(279,66),(278,25),(14,143),(181,109),(277,38),(158,82),(263,149),(290,27),(73,25),(253,73),
250:(321,26),(35,40),(316,22),(65,74),(42,79),(218,67),(20,98),(319,38),(279,65),(44,29),(279,66),(278,25),(14,143),(181,109),(277,38),(158,82),(264,149),(290,27),(73,25),(254,73),
251:(321,26),(35,40),(317,22),(65,74),(42,79),(218,67),(20,97),(319,38),(279,65),(44,29),(279,66),(278,25),(14,143),(181,109),(277,38),(158,82),(265,149),(290,27),(73,25),(255,73),
252:(321,26),(35,40),(318,22),(65,74),(42,79),(218,67),(20,96),(319,38),(279,65),(44,29),(279,66),(278,25),(14,143),(181,109),(277,38),(158,82),(266,149),(290,27),(73,25),(256,73),
253:(321,26),(35,40),(319,22),(65,74),(42,79),(218,67),(20,95),(319,38),(279,65),(44,29),(279,66),(278,25),(14,143),(181,109),(277,38),(158,82),(266,148),(290,27),(73,25),(257,73),
254:(321,26),(35,40),(320,22),(65,74),(42,79),(218,67),(20,94),(319,38),(279,65),(44,29),(279,66),(278,25),(14,143),(181,109),(277,38),(158,82),(266,147),(290,27),(73,25),(258,73),
255:(321,26),(35,40),(320,23),(65,74),(42,79),(218,67),(20,93),(319,38),(279,65),(44,29),(279,66),(278,25),(14,143),(181,109),(277,38),(158,82),(266,146),(290,27),(73,25),(259,73),
256:(321,26),(35,40),(320,24),(65,74),(42,79),(218,67),(20,92),(319,38),(279,65),(44,29),(279,66),(278,25),(14,143),(181,109),(277,38),(158,82),(266,145),(290,27),(73,25),(260,73),
257:(321,26),(35,40),(320,25),(65,74),(42,79),(218,67),(20,91),(319,38),(279,65),(44,29),(279,66),(278,25),(14,143),(181,109),(277,38),(158,82),(266,144),(290,27),(73,25),(261,73),
258:(321,26),(35,40),(320,26),(65,74),(42,79),(218,67),(20,90),(319,38),(279,65),(44,29),(279,66),(278,25),(14,143),(181,109),(277,38),(158,82),(266,143),(290,27),(73,25),(262,73),
259:(321,26),(35,40),(320,27),(65,74),(42,79),(218,67),(20,89),(319,38),(279,65),(44,29),(279,66),(278,25),(14,143),(181,109),(277,38),(158,82),(266,142),(290,27),(73,25),(263,73),
260:(320,26),(35,40),(320,28),(65,74),(42,79),(218,67),(20,88),(319,38),(279,65),(44,29),(279,66),(278,25),(14,143),(181,109),(277,38),(158,82),(266,141),(290,27),(73,25),(264,73),
261:(319,26),(35,40),(320,29),(65,74),(42,79),(218,67),(20,87),(319,38),(279,65),(44,29),(279,66),(278,25),(14,143),(181,109),(277,38),(158,82),(266,140),(290,27),(73,25),(265,73),
262:(318,26),(35,40),(320,30),(65,74),(42,79),(218,67),(20,86),(319,38),(279,65),(44,29),(279,66),(278,25),(14,143),(181,109),(277,38),(158,82),(266,139),(290,27),(73,25),(266,73),
263:(317,26),(35,40),(320,31),(65,74),(42,79),(218,67),(20,85),(319,38),(279,65),(44,29),(279,66),(278,25),(14,143),(181,109),(277,38),(158,82),(266,138),(290,27),(73,25),(267,73),
264:(316,26),(35,40),(320,32),(65,74),(42,79),(218,67),(20,84),(319,38),(279,65),(44,29),(279,66),(278,25),(14,143),(181,109),(277,38),(158,82),(266,137),(290,27),(73,25),(268,73),
265:(315,26),(35,40),(320,33),(65,74),(42,79),(218,67),(20,83),(319,38),(279,65),(44,29),(279,66),(278,25),(14,143),(181,109),(277,38),(158,82),(266,136),(290,27),(73,25),(269,73),
266:(314,26),(35,40),(320,34),(65,74),(42,79),(218,67),(20,82),(319,38),(279,65),(44,29),(279,66),(278,25),(14,143),(181,109),(277,38),(158,82),(266,135),(290,27),(73,25),(270,73),
267:(313,26),(35,40),(320,35),(65,74),(42,79),(218,67),(20,81),(319,38),(279,65),(44,29),(279,66),(278,25),(14,143),(181,109),(277,38),(158,82),(266,134),(290,27),(73,25),(271,73),
268:(312,26),(35,40),(320,36),(65,74),(42,79),(218,67),(20,80),(319,38),(279,65),(44,29),(279,66),(278,25),(14,143),(181,109),(277,38),(158,82),(266,133),(290,27),(73,25),(272,73),
269:(311,26),(35,40),(320,37),(65,74),(42,79),(218,67),(20,79),(319,38),(279,65),(44,29),(279,66),(278,25),(14,143),(181,109),(277,38),(158,82),(266,132),(290,27),(73,25),(273,73),
270:(310,26),(35,40),(320,38),(65,74),(42,79),(218,67),(20,78),(319,38),(279,65),(44,29),(279,66),(278,25),(14,143),(181,109),(277,38),(158,82),(266,131),(290,27),(73,25),(274,73),
271:(309,26),(35,40),(320,39),(65,74),(42,79),(218,67),(20,77),(320,38),(279,65),(44,29),(279,66),(278,25),(14,143),(181,109),(277,38),(158,82),(266,130),(290,27),(73,25),(275,73),
272:(308,26),(35,40),(320,40),(65,74),(42,79),(218,67),(20,76),(321,38),(279,65),(44,29),(279,66),(278,25),(14,143),(181,109),(277,38),(158,82),(266,129),(290,27),(73,25),(276,73),
273:(307,26),(35,40),(320,41),(65,74),(42,79),(218,67),(20,75),(322,38),(279,65),(44,29),(279,66),(278,25),(14,143),(181,109),(277,38),(158,82),(266,128),(290,27),(73,25),(277,73),
274:(306,26),(35,40),(320,42),(65,74),(42,79),(218,67),(20,74),(323,38),(279,65),(44,29),(279,66),(278,25),(14,143),(181,109),(277,38),(158,82),(266,127),(290,27),(73,25),(278,73),
275:(305,26),(35,40),(320,43),(65,74),(42,79),(218,67),(20,73),(324,38),(279,65),(44,29),(279,66),(278,25),(14,143),(181,109),(277,38),(158,82),(266,126),(290,27),(73,25),(279,73),
276:(304,26),(35,40),(320,44),(65,74),(42,79),(218,67),(20,72),(325,38),(279,65),(44,29),(279,66),(278,25),(14,143),(181,109),(277,38),(158,82),(266,125),(290,27),(73,25),(280,73),
277:(303,26),(35,40),(320,45),(65,74),(42,79),(218,67),(20,71),(326,38),(279,65),(44,29),(279,66),(278,25),(14,143),(181,109),(277,38),(158,82),(266,124),(290,27),(73,25),(281,73),
278:(302,26),(35,40),(320,46),(65,74),(42,79),(218,67),(20,70),(327,38),(279,65),(44,29),(279,66),(278,25),(14,143),(181,109),(277,38),(158,82),(266,123),(290,27),(73,25),(282,73),
279:(301,26),(35,40),(320,47),(65,74),(42,79),(218,67),(20,69),(327,38),(279,65),(44,29),(279,66),(278,25),(14,143),(181,109),(277,38),(158,82),(266,122),(290,27),(73,25),(283,73),
280:(300,26),(35,40),(320,48),(65,74),(42,79),(218,67),(20,68),(327,38),(279,65),(44,29),(279,66),(278,25),(14,143),(181,109),(277,38),(158,82),(266,121),(290,27),(73,25),(284,73),
281:(299,26),(35,40),(320,49),(65,74),(42,79),(218,67),(20,67),(327,38),(279,65),(44,29),(279,66),(278,25),(14,143),(181,109),(277,38),(158,82),(266,120),(290,27),(73,25),(285,73),
282:(298,26),(35,40),(320,50),(65,74),(42,79),(218,67),(20,66),(327,38),(279,65),(44,29),(279,66),(278,25),(14,143),(181,109),(277,38),(158,82),(266,119),(290,27),(73,25),(286,73),
283:(297,26),(35,40),(320,51),(65,74),(42,79),(218,67),(20,65),(327,38),(279,65),(44,29),(279,66),(278,25),(14,143),(181,109),(277,38),(158,82),(266,118),(290,27),(73,25),(287,73),
284:(296,26),(35,40),(320,52),(65,74),(42,79),(218,67),(20,64),(327,38),(279,65),(44,29),(279,66),(278,25),(14,143),(181,109),(277,38),(158,82),(266,117),(290,27),(73,25),(288,73),
285:(295,26),(35,40),(320,53),(65,74),(42,79),(218,67),(20,63),(327,38),(279,65),(44,29),(279,66),(278,25),(14,143),(181,109),(277,38),(158,82),(266,116),(290,27),(73,25),(289,73),
286:(294,26),(35,40),(320,54),(65,74),(42,79),(218,67),(20,62),(327,38),(279,65),(44,29),(279,66),(278,25),(14,143),(181,109),(277,38),(158,82),(266,115),(290,27),(73,25),(290,73),
287:(293,26),(35,40),(320,55),(65,74),(42,79),(218,67),(20,61),(327,38),(279,65),(44,29),(279,66),(278,25),(14,143),(181,109),(277,38),(158,82),(266,114),(290,27),(73,25),(291,73),
288:(292,26),(35,40),(320,56),(65,74),(42,79),(218,67),(20,60),(327,38),(279,65),(44,29),(279,66),(278,25),(14,143),(181,109),(277,38),(158,82),(266,113),(290,27),(73,25),(292,73),
289:(291,26),(35,40),(320,57),(65,74),(42,79),(218,67),(20,59),(327,38),(279,65),(44,29),(279,66),(278,25),(14,143),(181,109),(277,38),(158,82),(266,112),(290,27),(73,25),(293,73),
290:(290,26),(35,40),(320,58),(65,74),(42,79),(218,67),(20,58),(327,38),(279,65),(44,29),(279,66),(278,25),(14,143),(181,109),(277,38),(158,82),(266,111),(290,27),(73,25),(294,73),
291:(289,26),(35,40),(320,59),(65,74),(42,79),(218,67),(20,57),(327,38),(279,65),(44,29),(279,66),(278,25),(14,143),(181,109),(277,38),(158,82),(266,110),(290,26),(73,25),(295,73),
292:(288,26),(35,40),(320,60),(65,74),(42,79),(218,67),(20,56),(327,38),(279,65),(44,29),(279,66),(278,25),(14,143),(181,109),(277,38),(158,82),(266,109),(290,25),(73,25),(296,73),
293:(287,26),(35,40),(320,61),(65,74),(42,79),(218,67),(20,55),(327,38),(279,65),(44,29),(279,66),(278,25),(14,143),(181,109),(277,38),(158,82),(266,108),(290,24),(73,25),(297,73),
294:(286,26),(35,40),(320,62),(65,74),(42,79),(218,67),(20,54),(327,38),(279,65),(44,29),(279,66),(278,25),(14,143),(181,109),(277,38),(158,82),(266,107),(290,23),(73,25),(298,73),
295:(285,26),(35,40),(320,63),(65,74),(42,79),(218,67),(20,53),(327,38),(279,65),(44,29),(279,66),(278,25),(14,143),(181,109),(277,38),(158,82),(266,106),(290,22),(73,25),(299,73),
296:(284,26),(35,40),(320,64),(65,74),(42,79),(218,67),(20,52),(327,38),(279,65),(44,29),(279,66),(278,25),(14,143),(181,109),(277,38),(158,82),(266,105),(290,21),(73,25),(300,73),
297:(283,26),(35,40),(320,65),(65,74),(42,79),(218,67),(20,51),(327,38),(279,65),(44,29),(279,66),(278,25),(14,143),(181,109),(277,38),(158,82),(266,104),(290,20),(73,25),(301,73),
298:(282,26),(35,40),(320,66),(65,74),(42,79),(218,67),(20,50),(327,38),(279,65),(44,29),(279,66),(278,25),(14,143),(181,109),(277,38),(158,82),(266,103),(290,19),(73,25),(302,73),
299:(281,26),(35,40),(320,67),(65,74),(42,79),(218,67),(20,49),(327,38),(279,65),(44,29),(279,66),(278,25),(14,143),(181,109),(277,38),(158,82),(266,102),(290,18),(73,25),(303,73),
300:(280,26),(35,40),(320,68),(65,74),(42,79),(218,67),(20,48),(327,38),(279,65),(44,29),(279,66),(278,25),(14,143),(181,109),(277,38),(158,82),(266,101),(290,17),(73,25),(304,73),
301:(279,26),(35,40),(320,69),(65,74),(42,79),(218,67),(20,47),(327,38),(279,65),(44,29),(279,66),(278,25),(14,143),(181,109),(277,38),(158,82),(266,100),(290,16),(73,25),(305,73),
302:(278,26),(35,40),(320,70),(65,74),(42,79),(218,67),(20,46),(327,38),(279,65),(44,29),(279,66),(278,25),(14,143),(181,109),(277,38),(158,82),(266,99),(290,15),(73,25),(306,73),
303:(277,26),(35,40),(320,71),(65,74),(42,79),(218,67),(20,45),(327,38),(279,65),(44,29),(279,66),(278,26),(14,143),(181,109),(277,38),(158,82),(266,98),(290,14),(73,25),(307,73),
304:(276,26),(35,40),(320,72),(65,74),(42,79),(218,67),(20,44),(327,38),(279,65),(44,29),(279,66),(278,27),(14,143),(181,109),(277,38),(158,82),(266,97),(290,13),(73,25),(308,73),
305:(275,26),(35,40),(320,73),(65,74),(42,79),(218,67),(20,43),(327,38),(279,65),(44,29),(279,66),(278,28),(14,143),(181,109),(277,38),(158,82),(266,96),(290,12),(73,25),(309,73),
306:(274,26),(35,40),(320,74),(65,74),(42,79),(218,67),(20,42),(327,38),(279,65),(44,29),(279,66),(278,29),(14,143),(181,109),(277,38),(158,82),(266,95),(290,11),(73,25),(310,73),
307:(273,26),(35,40),(320,75),(65,74),(42,79),(218,67),(20,41),(327,38),(279,65),(44,29),(279,66),(278,30),(14,143),(181,109),(277,38),(158,82),(266,94),(290,10),(73,25),(311,73),
308:(272,26),(35,40),(320,76),(65,74),(42,79),(218,67),(20,40),(327,38),(279,65),(44,29),(279,66),(278,31),(14,143),(181,109),(277,38),(158,82),(266,93),(290,9),(73,25),(312,73),
309:(271,26),(35,40),(320,77),(65,74),(42,79),(218,67),(20,39),(327,38),(279,65),(44,29),(279,66),(278,32),(14,143),(181,109),(277,38),(158,82),(266,92),(290,8),(73,25),(313,73),
310:(270,26),(35,40),(320,78),(65,74),(42,79),(218,67),(20,38),(327,38),(279,65),(44,29),(279,66),(278,33),(14,143),(181,109),(277,38),(158,82),(266,91),(290,7),(73,25),(314,73),
311:(269,26),(35,40),(320,79),(65,74),(42,79),(218,67),(20,37),(327,38),(279,65),(44,29),(279,66),(278,34),(14,143),(181,109),(277,38),(158,82),(266,90),(290,7),(73,25),(315,73),
312:(268,26),(35,40),(320,80),(65,74),(42,79),(218,67),(20,36),(327,38),(279,65),(44,29),(279,66),(278,35),(14,143),(181,109),(277,38),(158,82),(267,90),(290,7),(73,25),(316,73),
313:(267,26),(35,40),(320,81),(65,74),(42,79),(218,67),(20,35),(327,38),(279,65),(44,29),(279,66),(278,36),(14,143),(181,109),(277,38),(158,82),(268,90),(290,7),(73,25),(317,73),
314:(266,26),(35,40),(320,82),(65,74),(42,79),(218,67),(20,34),(327,38),(279,65),(44,29),(279,66),(278,37),(14,143),(181,109),(277,38),(158,82),(269,90),(290,7),(73,25),(318,73),
315:(265,26),(35,40),(320,83),(65,74),(42,79),(218,67),(20,33),(327,38),(279,65),(44,29),(279,66),(278,38),(14,143),(181,109),(277,38),(158,82),(270,90),(290,7),(73,25),(319,73),
316:(264,26),(35,40),(320,84),(65,74),(42,79),(218,67),(20,32),(327,38),(279,65),(44,29),(279,66),(278,39),(14,143),(181,109),(278,38),(158,82),(271,90),(290,7),(73,25),(320,73),
317:(263,26),(35,40),(320,85),(65,74),(42,79),(218,67),(20,31),(327,38),(279,65),(44,29),(279,66),(278,40),(14,143),(181,109),(279,38),(158,82),(272,90),(290,7),(73,25),(321,73),
318:(262,26),(35,40),(320,86),(65,74),(42,79),(218,67),(20,30),(327,38),(279,65),(44,29),(279,66),(278,41),(14,143),(181,109),(279,37),(158,82),(273,90),(290,7),(73,25),(322,73),
319:(261,26),(35,40),(320,87),(65,74),(42,79),(218,67),(20,29),(327,38),(279,65),(44,29),(279,66),(278,42),(14,143),(181,109),(280,37),(158,82),(274,90),(290,7),(73,25),(323,73),
320:(260,26),(35,40),(320,88),(65,74),(42,79),(218,67),(20,28),(327,38),(279,65),(44,29),(279,66),(278,43),(14,143),(181,109),(281,37),(158,82),(275,90),(290,7),(73,25),(324,73),
321:(259,26),(35,40),(320,89),(65,74),(42,79),(218,67),(20,27),(327,38),(279,65),(44,29),(279,66),(278,44),(14,143),(181,109),(282,37),(158,82),(275,89),(290,7),(73,25),(325,73),
322:(258,26),(35,40),(320,90),(65,74),(42,79),(218,67),(20,26),(327,38),(279,65),(44,29),(279,66),(278,45),(14,143),(181,109),(283,37),(158,82),(275,89),(290,7),(73,25),(326,73),
323:(257,26),(35,40),(320,91),(65,74),(42,79),(218,67),(20,25),(327,38),(279,65),(44,29),(279,66),(278,46),(14,143),(181,109),(284,37),(158,82),(275,89),(290,7),(73,25),(327,73),
324:(256,26),(35,40),(320,92),(65,74),(42,79),(218,67),(20,24),(327,38),(279,65),(44,29),(279,66),(278,47),(14,143),(181,109),(285,37),(158,82),(275,89),(290,7),(73,25),(328,73),
325:(255,26),(35,40),(320,93),(65,74),(42,79),(218,67),(20,23),(327,38),(279,65),(44,29),(279,66),(278,48),(14,143),(181,109),(286,37),(158,82),(275,89),(290,7),(73,25),(328,72),
326:(254,26),(35,40),(320,94),(65,74),(42,79),(218,67),(20,22),(327,38),(279,65),(44,29),(279,66),(278,49),(14,143),(181,109),(287,37),(158,82),(275,89),(290,7),(73,25),(328,71),
327:(253,26),(35,40),(320,95),(65,74),(42,79),(218,67),(20,21),(327,38),(279,65),(44,29),(279,66),(278,50),(14,143),(181,109),(288,37),(158,82),(275,89),(290,7),(73,25),(328,70),
328:(252,26),(35,40),(320,96),(65,74),(42,79),(218,67),(20,20),(327,38),(279,65),(44,29),(279,66),(278,51),(14,143),(181,109),(289,37),(158,82),(275,89),(290,7),(73,25),(328,69),
329:(251,26),(35,40),(320,97),(65,74),(42,79),(218,67),(20,19),(327,38),(279,65),(44,29),(279,66),(278,52),(14,143),(181,109),(290,37),(158,82),(275,89),(290,7),(73,25),(328,68),
330:(250,26),(35,40),(320,98),(65,74),(42,79),(218,67),(20,18),(327,38),(279,65),(44,29),(279,66),(278,53),(14,143),(181,109),(291,37),(158,82),(275,89),(290,7),(73,25),(328,67),
331:(249,26),(35,40),(320,99),(65,74),(42,79),(218,67),(20,17),(327,38),(279,65),(44,29),(279,66),(278,54),(14,143),(181,109),(292,37),(158,82),(275,89),(290,7),(73,25),(328,66),
332:(248,26),(35,40),(320,100),(65,74),(42,79),(218,67),(20,16),(327,38),(279,65),(44,29),(279,66),(278,55),(14,143),(181,109),(292,36),(158,82),(275,89),(290,7),(73,25),(328,65),
333:(247,26),(35,40),(320,101),(65,74),(42,79),(218,67),(20,15),(327,38),(279,65),(44,29),(279,66),(278,56),(14,143),(181,109),(292,35),(158,82),(275,89),(290,7),(73,25),(328,64),
334:(246,26),(35,40),(320,102),(65,74),(42,79),(218,67),(20,14),(327,38),(279,65),(44,29),(279,66),(278,57),(14,143),(181,109),(292,34),(158,82),(275,89),(290,7),(73,25),(328,63),
335:(245,26),(35,40),(320,103),(65,74),(42,79),(218,67),(20,13),(327,38),(279,65),(44,29),(279,66),(278,58),(14,143),(181,109),(292,33),(158,82),(275,89),(290,7),(73,25),(328,62),
336:(244,26),(35,40),(320,104),(65,74),(42,79),(218,67),(20,12),(327,38),(279,65),(44,29),(279,66),(278,59),(14,143),(181,109),(292,32),(158,82),(275,89),(290,7),(73,25),(328,61),
337:(243,26),(35,40),(320,105),(65,74),(42,79),(218,67),(20,11),(327,38),(279,65),(44,29),(279,66),(278,60),(14,143),(181,109),(292,31),(158,82),(275,89),(290,7),(73,25),(328,60),
338:(242,26),(35,40),(320,106),(65,74),(42,79),(218,67),(20,10),(327,38),(279,65),(44,29),(279,66),(278,61),(14,143),(181,109),(292,30),(158,82),(275,89),(290,7),(73,25),(328,59),
339:(241,26),(35,40),(320,107),(65,74),(42,79),(218,67),(20,9),(327,38),(279,65),(44,29),(279,66),(278,62),(14,143),(181,109),(292,29),(158,82),(275,89),(290,7),(73,25),(328,58),
340:(240,26),(35,40),(320,108),(65,74),(42,79),(218,67),(20,8),(327,38),(279,65),(44,29),(279,66),(278,63),(14,143),(181,109),(292,28),(158,82),(275,89),(290,7),(73,25),(328,57),
341:(239,26),(35,40),(320,109),(65,74),(42,79),(218,67),(20,8),(327,38),(279,65),(44,29),(279,66),(278,64),(14,143),(181,109),(292,27),(158,82),(275,89),(290,7),(73,25),(328,56),
342:(238,26),(35,40),(320,110),(65,74),(42,79),(218,67),(20,8),(327,38),(279,65),(44,29),(279,66),(278,65),(14,143),(181,109),(292,26),(158,82),(275,89),(290,7),(73,25),(328,55),
343:(237,26),(35,40),(320,111),(65,74),(42,79),(218,67),(20,8),(327,38),(279,65),(44,29),(279,66),(278,66),(14,143),(181,109),(292,25),(158,82),(275,89),(290,7),(73,25),(328,54),
344:(236,26),(35,40),(320,112),(65,74),(42,79),(218,67),(20,8),(327,38),(278,65),(44,29),(279,66),(278,67),(14,143),(181,109),(292,24),(158,82),(275,89),(290,7),(73,25),(328,53),
345:(235,26),(35,40),(320,113),(65,74),(42,79),(218,67),(20,8),(327,38),(277,65),(44,29),(278,66),(278,68),(14,143),(181,109),(292,23),(158,82),(275,89),(290,7),(73,25),(328,52),
346:(234,26),(35,40),(320,114),(65,74),(42,79),(218,67),(20,8),(327,38),(276,65),(44,29),(277,66),(278,69),(14,143),(181,109),(292,22),(158,82),(275,89),(290,7),(73,25),(328,51),
347:(233,26),(35,40),(320,115),(65,74),(42,79),(218,67),(20,8),(327,38),(275,65),(44,29),(276,66),(278,70),(14,143),(181,109),(292,21),(158,82),(275,89),(290,7),(73,25),(328,50),
348:(232,26),(35,40),(320,116),(65,74),(42,79),(218,67),(20,8),(327,38),(274,65),(44,29),(275,66),(278,71),(14,143),(181,109),(292,20),(158,82),(275,89),(290,7),(73,25),(328,49),
349:(231,26),(35,40),(320,117),(65,74),(42,79),(218,67),(20,8),(327,38),(273,65),(44,29),(274,66),(278,72),(14,143),(181,109),(292,19),(158,82),(275,89),(290,7),(73,25),(328,48),
350:(230,26),(35,40),(320,118),(65,74),(42,79),(218,67),(20,8),(327,38),(272,65),(44,29),(273,66),(278,73),(14,143),(181,109),(292,18),(158,82),(275,89),(290,7),(73,25),(328,47),
351:(229,26),(35,40),(320,119),(65,74),(42,79),(218,67),(20,8),(327,38),(271,65),(44,29),(272,66),(278,74),(14,143),(181,109),(292,17),(158,82),(275,89),(290,7),(73,25),(328,46),
352:(228,26),(35,40),(320,120),(65,74),(42,79),(218,67),(20,8),(327,38),(270,65),(44,29),(271,66),(278,75),(14,143),(181,109),(292,16),(158,82),(275,89),(290,7),(73,25),(328,45),
353:(227,26),(35,40),(320,121),(65,74),(42,79),(218,67),(20,8),(327,38),(269,65),(44,29),(270,66),(278,76),(14,143),(181,109),(292,15),(158,82),(275,89),(290,7),(73,25),(328,44),
354:(226,26),(35,40),(320,122),(65,74),(42,79),(218,67),(20,8),(327,38),(268,65),(44,29),(269,66),(278,77),(14,143),(181,109),(292,14),(158,82),(275,89),(290,7),(73,25),(328,43),
355:(225,26),(35,40),(320,123),(65,74),(42,79),(218,67),(20,8),(327,38),(267,65),(44,29),(268,66),(278,78),(14,143),(181,109),(292,13),(158,82),(275,89),(290,7),(73,25),(328,42),
356:(224,26),(35,40),(320,124),(65,74),(42,79),(218,67),(20,8),(327,38),(266,65),(44,29),(267,66),(278,79),(14,143),(181,109),(292,12),(158,82),(275,89),(290,7),(73,25),(328,41),
357:(223,26),(35,40),(320,125),(65,74),(42,79),(218,67),(20,8),(327,38),(265,65),(44,29),(266,66),(278,80),(14,143),(181,109),(292,11),(158,82),(275,89),(290,7),(73,25),(328,40),
358:(222,26),(35,40),(320,126),(65,74),(42,79),(218,67),(20,8),(327,38),(264,65),(44,29),(265,66),(278,81),(14,143),(181,109),(292,10),(158,82),(275,89),(290,7),(73,25),(328,39),
359:(221,26),(35,40),(320,127),(65,74),(42,79),(218,67),(20,8),(327,38),(263,65),(44,29),(264,66),(278,82),(14,143),(181,109),(292,9),(158,82),(275,89),(290,7),(73,25),(328,38),
360:(220,26),(35,40),(320,128),(65,74),(42,79),(218,67),(20,8),(327,38),(262,65),(44,29),(263,66),(278,83),(14,143),(181,109),(292,8),(158,82),(275,89),(290,7),(73,25),(328,37),
361:(219,26),(35,40),(320,129),(65,74),(42,79),(218,67),(20,8),(328,38),(261,65),(44,29),(262,66),(278,84),(14,143),(181,109),(292,7),(158,82),(275,89),(290,7),(73,25),(328,36),
362:(218,26),(35,40),(320,130),(65,74),(42,79),(218,67),(20,8),(329,38),(260,65),(44,29),(261,66),(278,85),(14,143),(181,109),(292,6),(158,82),(275,89),(290,7),(73,25),(328,35),
363:(217,26),(35,40),(320,131),(65,74),(42,79),(218,67),(20,8),(330,38),(259,65),(44,29),(260,66),(278,86),(14,143),(181,109),(292,5),(158,82),(275,89),(290,7),(73,25),(328,34),
364:(216,26),(35,40),(320,132),(65,74),(42,79),(218,67),(20,8),(331,38),(258,65),(44,29),(259,66),(278,87),(14,143),(181,109),(292,4),(158,82),(275,89),(290,7),(73,25),(328,33),
365:(215,26),(35,40),(320,133),(65,74),(42,79),(218,67),(20,8),(332,38),(257,65),(44,29),(258,66),(278,88),(14,143),(181,109),(292,3),(158,82),(275,89),(290,7),(73,25),(328,32),
366:(214,26),(35,40),(320,134),(65,74),(42,79),(218,67),(20,8),(333,38),(256,65),(44,29),(257,66),(278,89),(14,143),(181,109),(292,2),(158,82),(275,89),(290,7),(73,25),(328,31),
367:(213,26),(35,40),(320,135),(65,74),(42,79),(218,67),(20,8),(334,38),(255,65),(44,29),(256,66),(278,90),(14,143),(181,109),(292,2),(158,82),(275,89),(290,7),(73,25),(328,30),
368:(212,26),(35,40),(320,136),(65,74),(42,79),(218,67),(20,8),(335,38),(254,65),(44,29),(255,66),(278,91),(14,143),(181,109),(292,2),(158,82),(275,89),(290,7),(73,25),(328,30),
369:(211,26),(35,40),(320,137),(65,74),(42,79),(218,67),(20,8),(335,39),(253,65),(44,29),(254,66),(278,92),(14,143),(181,109),(292,2),(158,82),(275,89),(290,7),(73,25),(328,30),
370:(210,26),(35,40),(320,138),(65,74),(42,79),(218,67),(20,8),(335,40),(252,65),(44,29),(253,66),(278,93),(14,143),(181,109),(292,2),(158,82),(275,89),(290,7),(73,25),(328,30),
371:(209,26),(35,40),(320,139),(65,74),(42,79),(218,67),(20,8),(335,41),(251,65),(44,29),(252,66),(278,94),(14,143),(181,109),(292,2),(158,82),(275,89),(290,7),(73,25),(328,30),
372:(208,26),(35,40),(320,140),(65,74),(42,79),(218,67),(20,8),(335,41),(250,65),(44,29),(251,66),(278,95),(14,143),(181,109),(292,2),(158,82),(275,89),(290,7),(73,25),(328,30),
373:(207,26),(35,40),(320,141),(65,74),(42,79),(218,67),(20,8),(335,41),(249,65),(44,29),(250,66),(278,96),(14,143),(181,109),(292,2),(158,82),(275,89),(290,7),(73,25),(328,30),
374:(206,26),(35,40),(320,141),(65,74),(42,79),(218,67),(20,8),(335,41),(248,65),(44,29),(249,66),(278,97),(14,143),(181,109),(292,2),(158,82),(275,89),(290,7),(73,25),(328,30),
375:(205,26),(35,40),(320,141),(65,74),(42,79),(218,67),(20,8),(335,41),(247,65),(44,29),(248,66),(278,98),(14,143),(181,109),(292,2),(158,82),(275,89),(290,7),(73,25),(328,30),
376:(204,26),(35,40),(320,141),(65,74),(42,79),(218,67),(20,8),(335,41),(246,65),(44,29),(247,66),(278,99),(14,143),(181,109),(292,2),(158,82),(275,89),(290,7),(73,25),(328,30),
377:(203,26),(35,40),(320,141),(65,74),(42,79),(218,67),(20,8),(335,41),(245,65),(44,29),(246,66),(278,100),(14,143),(181,109),(292,2),(158,82),(275,89),(290,7),(73,25),(328,30),
378:(202,26),(35,40),(320,141),(65,74),(42,79),(218,67),(20,8),(335,41),(244,65),(44,29),(245,66),(278,101),(14,143),(181,109),(292,2),(158,82),(275,89),(290,7),(73,25),(328,30),
379:(201,26),(35,40),(320,141),(65,74),(42,79),(218,67),(20,8),(335,41),(243,65),(44,29),(244,66),(278,102),(14,143),(181,109),(292,2),(158,82),(275,89),(290,7),(73,25),(328,30),
380:(200,26),(35,40),(320,141),(65,74),(42,79),(218,67),(20,8),(335,41),(242,65),(44,29),(243,66),(278,103),(14,143),(181,109),(292,2),(158,82),(275,89),(290,7),(73,25),(328,30),
381:(199,26),(35,40),(320,141),(65,74),(42,79),(218,67),(20,8),(335,41),(241,65),(44,29),(242,66),(278,104),(14,143),(181,109),(292,2),(158,82),(275,89),(290,7),(73,25),(328,30),
382:(198,26),(35,40),(320,141),(65,74),(42,79),(218,67),(20,8),(335,41),(240,65),(44,29),(241,66),(278,105),(14,143),(181,109),(292,2),(158,82),(275,89),(290,7),(73,25),(328,30),
383:(197,26),(35,40),(320,141),(65,74),(42,79),(218,67),(20,8),(335,41),(239,65),(44,29),(240,66),(278,106),(14,143),(181,109),(292,2),(158,82),(275,89),(290,7),(73,25),(328,30),
384:(196,26),(35,40),(320,141),(65,74),(42,79),(218,67),(20,8),(335,41),(238,65),(44,29),(239,66),(278,107),(14,143),(181,109),(292,2),(158,82),(275,89),(290,7),(73,25),(328,30),
385:(195,26),(35,40),(320,141),(65,74),(42,79),(218,67),(20,8),(335,41),(237,65),(44,29),(238,66),(278,108),(14,143),(181,109),(292,2),(158,82),(275,89),(290,7),(73,25),(328,30),
386:(194,26),(35,40),(320,141),(65,74),(42,79),(218,67),(20,8),(335,41),(236,65),(44,29),(237,66),(278,109),(14,143),(181,109),(292,2),(158,82),(275,89),(290,7),(73,25),(328,30),
387:(193,26),(35,40),(320,141),(65,74),(42,79),(218,67),(20,8),(335,41),(235,65),(44,29),(236,66),(279,109),(14,143),(181,109),(292,2),(158,82),(275,89),(290,7),(73,25),(328,30),
388:(192,26),(35,40),(320,141),(65,74),(42,79),(218,67),(20,8),(335,41),(234,65),(44,29),(235,66),(280,109),(14,143),(181,109),(292,2),(158,82),(275,89),(290,7),(73,25),(328,30),
389:(191,26),(35,40),(320,141),(65,74),(42,79),(218,67),(20,8),(335,41),(233,65),(44,29),(234,66),(281,109),(14,143),(181,109),(292,2),(158,82),(275,89),(290,7),(73,25),(328,30),
390:(190,26),(35,40),(320,141),(65,74),(42,79),(218,67),(20,8),(335,41),(232,65),(44,29),(233,66),(282,109),(14,143),(181,109),(292,2),(158,82),(275,89),(290,7),(73,25),(328,30),
391:(189,26),(35,40),(320,141),(65,74),(42,79),(218,67),(20,8),(335,41),(231,65),(44,29),(232,66),(283,109),(14,143),(181,109),(292,2),(158,82),(275,89),(290,7),(73,25),(328,30),
392:(188,26),(35,40),(320,141),(65,74),(42,79),(218,67),(20,8),(335,41),(230,65),(44,29),(231,66),(284,109),(14,143),(181,109),(292,2),(158,82),(275,89),(290,7),(73,25),(328,30),
393:(187,26),(35,40),(320,141),(65,74),(42,79),(218,67),(20,8),(335,41),(229,65),(44,29),(230,66),(285,109),(14,143),(181,109),(292,2),(158,82),(275,89),(290,7),(73,25),(328,30),
394:(186,26),(35,40),(320,141),(65,74),(42,79),(218,67),(20,8),(335,41),(228,65),(44,29),(229,66),(286,109),(14,143),(181,109),(292,2),(158,82),(275,89),(290,7),(73,25),(328,30),
395:(185,26),(35,40),(320,141),(65,74),(42,79),(218,67),(20,8),(335,41),(227,65),(44,29),(228,66),(286,109),(14,143),(181,109),(292,2),(158,82),(275,89),(290,7),(73,25),(328,30),
396:(184,26),(35,40),(320,141),(65,74),(42,79),(218,67),(20,8),(335,41),(226,65),(44,29),(227,66),(286,109),(14,143),(181,109),(292,2),(158,82),(275,89),(290,7),(73,25),(328,30),
397:(183,26),(35,40),(320,141),(65,74),(42,79),(218,67),(20,8),(335,41),(225,65),(44,29),(226,66),(286,109),(14,143),(181,109),(292,2),(158,82),(275,89),(290,7),(73,25),(328,30),
398:(182,26),(35,40),(320,141),(65,74),(42,79),(218,67),(20,8),(335,41),(224,65),(44,29),(225,66),(286,109),(14,143),(181,109),(292,2),(158,82),(275,89),(290,7),(73,25),(328,30),
399:(181,26),(35,40),(320,141),(65,74),(42,79),(218,67),(20,8),(335,41),(223,65),(44,29),(224,66),(286,109),(14,143),(181,109),(292,2),(158,82),(275,89),(290,7),(73,25),(328,30),
400:(180,26),(35,40),(320,141),(65,74),(42,79),(218,67),(20,8),(335,41),(222,65),(44,29),(223,66),(286,109),(14,143),(181,109),(292,2),(158,82),(275,89),(290,7),(73,25),(328,30),
401:(179,26),(35,40),(320,141),(65,74),(42,79),(218,67),(20,8),(335,41),(221,65),(44,29),(222,66),(286,109),(14,143),(181,109),(292,2),(158,82),(275,89),(290,7),(73,25),(328,30),
402:(178,26),(35,40),(320,141),(65,74),(42,79),(218,67),(20,8),(335,41),(220,65),(44,29),(221,66),(286,109),(14,143),(181,109),(292,2),(158,82),(275,89),(290,7),(73,25),(328,30),
403:(177,26),(35,40),(320,141),(65,74),(42,79),(218,67),(20,8),(335,41),(219,65),(44,29),(220,66),(286,109),(14,143),(181,109),(292,2),(158,82),(275,89),(290,7),(73,25),(328,30),
404:(176,26),(35,40),(320,141),(65,74),(42,79),(218,67),(20,8),(335,41),(219,65),(44,29),(219,66),(286,109),(14,143),(181,109),(292,2),(158,82),(275,89),(290,7),(73,25),(328,30),
405:(175,26),(35,40),(320,141),(65,74),(42,79),(218,67),(20,8),(335,41),(219,65),(44,29),(218,66),(286,109),(14,143),(181,109),(292,2),(158,82),(275,89),(290,7),(73,25),(328,30),
406:(174,26),(35,40),(320,141),(65,74),(42,79),(218,67),(20,8),(335,41),(219,65),(44,29),(217,66),(286,109),(14,143),(181,109),(292,2),(158,82),(275,89),(290,7),(73,25),(328,30),
407:(173,26),(35,40),(320,141),(65,74),(42,79),(218,66),(20,8),(335,41),(219,65),(44,29),(216,66),(286,109),(14,143),(181,109),(292,2),(158,82),(275,89),(290,7),(73,25),(328,30),
408:(172,26),(35,40),(320,141),(65,74),(42,79),(218,65),(20,8),(335,41),(219,65),(44,29),(215,66),(286,109),(14,143),(181,109),(292,2),(158,82),(275,89),(290,7),(73,25),(328,30),
409:(171,26),(35,40),(320,141),(65,74),(42,79),(218,64),(20,8),(335,41),(218,65),(44,29),(214,66),(286,109),(14,143),(181,109),(292,2),(158,82),(275,89),(290,7),(73,25),(328,30),
410:(170,26),(35,40),(320,141),(65,74),(42,79),(218,63),(20,8),(335,41),(217,65),(44,29),(213,66),(286,109),(14,143),(181,109),(292,2),(158,82),(275,89),(290,7),(73,25),(328,30),
411:(169,26),(35,40),(320,141),(65,74),(42,79),(218,62),(20,8),(335,41),(216,65),(44,29),(212,66),(286,109),(14,143),(181,109),(292,2),(158,82),(275,89),(290,7),(73,25),(328,30),
412:(168,26),(35,40),(320,141),(65,74),(42,79),(218,61),(20,8),(335,41),(215,65),(44,29),(211,66),(286,109),(14,143),(181,109),(292,2),(158,82),(275,89),(290,7),(73,25),(328,30),
413:(167,26),(35,40),(320,141),(65,74),(42,79),(218,60),(20,8),(335,41),(214,65),(44,29),(210,66),(286,109),(14,143),(181,109),(292,2),(158,82),(275,89),(290,7),(73,25),(328,30),
414:(166,26),(35,40),(320,141),(65,74),(42,79),(218,59),(20,8),(335,41),(213,65),(44,29),(209,66),(286,109),(14,143),(181,109),(292,2),(158,82),(275,89),(290,7),(73,25),(328,30),
415:(165,26),(35,40),(320,141),(65,74),(42,79),(218,58),(20,8),(335,41),(212,65),(44,29),(208,66),(286,109),(14,143),(181,109),(292,2),(158,82),(275,89),(290,7),(73,25),(328,30),
416:(164,26),(35,40),(320,141),(65,74),(42,79),(218,57),(20,8),(335,41),(211,65),(44,29),(207,66),(286,109),(14,143),(181,109),(292,2),(158,82),(275,89),(290,7),(73,25),(328,30),
417:(163,26),(35,40),(320,141),(65,74),(42,79),(218,56),(20,8),(335,41),(210,65),(44,29),(206,66),(286,109),(14,143),(181,109),(292,2),(158,82),(275,89),(290,7),(73,25),(328,30),
418:(162,26),(35,40),(320,141),(65,74),(42,79),(218,55),(20,8),(335,41),(209,65),(44,29),(205,66),(286,109),(14,143),(181,109),(292,2),(158,82),(275,89),(290,7),(73,25),(328,30),
419:(161,26),(35,40),(320,141),(65,74),(42,79),(218,54),(20,8),(335,41),(208,65),(44,29),(204,66),(286,109),(14,143),(181,109),(292,2),(158,82),(275,89),(290,7),(73,25),(328,30),
420:(160,26),(35,40),(320,141),(65,74),(42,79),(218,53),(20,8),(335,41),(207,65),(44,29),(203,66),(286,109),(14,143),(181,109),(292,2),(158,82),(275,89),(290,7),(73,25),(328,30),
421:(159,26),(35,40),(320,141),(65,74),(42,79),(218,52),(20,8),(335,41),(206,65),(44,29),(202,66),(286,109),(14,143),(181,109),(292,2),(158,82),(275,89),(290,7),(73,25),(328,30),
422:(158,26),(35,40),(320,141),(65,74),(42,79),(218,51),(20,8),(335,41),(205,65),(44,29),(201,66),(286,109),(14,143),(181,109),(292,2),(158,82),(275,89),(290,7),(73,25),(328,30),
423:(157,26),(35,40),(320,141),(65,74),(42,79),(218,50),(20,8),(335,41),(204,65),(44,29),(200,66),(286,109),(14,143),(181,109),(292,2),(158,82),(275,89),(290,7),(73,25),(328,30),
424:(156,26),(35,40),(320,141),(65,74),(42,79),(218,49),(20,8),(335,41),(203,65),(44,29),(199,66),(286,109),(14,143),(181,109),(292,2),(158,82),(275,89),(290,7),(73,25),(328,30),
425:(155,26),(35,40),(320,141),(65,74),(42,79),(218,48),(20,8),(335,41),(202,65),(44,29),(198,66),(286,109),(14,143),(181,109),(292,2),(158,82),(275,89),(290,7),(73,25),(328,30),
426:(154,26),(35,40),(320,141),(65,74),(42,79),(218,47),(20,8),(335,41),(201,65),(44,29),(197,66),(286,109),(14,143),(181,109),(292,2),(158,82),(275,89),(290,7),(73,25),(328,30),
427:(153,26),(35,40),(320,141),(65,74),(42,79),(218,46),(20,8),(335,41),(200,65),(44,29),(196,66),(286,109),(14,143),(181,109),(292,2),(158,82),(275,89),(290,7),(73,25),(328,30),
428:(152,26),(35,40),(320,141),(65,74),(42,79),(218,45),(20,8),(335,41),(199,65),(44,29),(195,66),(286,109),(14,143),(181,109),(292,2),(158,82),(275,89),(290,7),(73,25),(328,30),
429:(151,26),(35,40),(320,141),(65,74),(42,79),(218,44),(20,8),(335,41),(198,65),(44,29),(194,66),(286,109),(14,143),(181,109),(292,2),(158,82),(275,89),(290,7),(73,25),(328,30),
430:(150,26),(35,40),(320,141),(65,74),(42,79),(218,43),(20,8),(335,41),(197,65),(44,29),(193,66),(286,109),(14,143),(181,109),(292,2),(158,82),(275,89),(290,7),(73,25),(328,30),
431:(149,26),(35,40),(320,141),(65,74),(42,79),(218,42),(20,8),(335,41),(196,65),(44,29),(192,66),(286,109),(14,143),(181,109),(292,2),(158,82),(275,89),(290,7),(73,25),(328,30),
432:(148,26),(35,40),(320,141),(65,74),(42,79),(219,42),(20,8),(335,41),(195,65),(44,29),(191,66),(286,109),(14,143),(181,109),(292,2),(158,82),(275,89),(290,7),(73,25),(328,30),
433:(147,26),(35,40),(320,141),(65,74),(42,79),(220,42),(20,8),(335,41),(194,65),(44,29),(190,66),(286,109),(14,143),(181,109),(292,2),(158,82),(275,89),(290,7),(73,25),(328,30),
434:(146,26),(35,40),(320,141),(65,74),(42,79),(221,42),(20,8),(335,41),(193,65),(44,29),(189,66),(286,109),(14,143),(181,109),(292,2),(158,82),(275,89),(290,7),(73,25),(328,30),
435:(145,26),(35,40),(320,141),(65,74),(42,79),(222,42),(20,8),(335,41),(192,65),(44,29),(188,66),(286,109),(14,143),(181,109),(292,2),(158,82),(275,89),(290,7),(73,25),(328,30),
436:(144,26),(35,40),(320,141),(65,74),(42,79),(223,42),(20,8),(335,41),(191,65),(44,29),(187,66),(286,109),(14,143),(181,109),(292,2),(158,82),(275,89),(290,7),(73,25),(328,30),
437:(143,26),(35,40),(320,141),(65,74),(42,79),(224,42),(20,8),(335,41),(190,65),(44,29),(186,66),(286,109),(14,143),(181,109),(292,2),(158,82),(275,89),(290,7),(73,25),(328,30),
438:(142,26),(35,40),(320,141),(65,74),(42,79),(225,42),(20,8),(335,41),(189,65),(44,29),(185,66),(286,109),(14,143),(181,109),(292,2),(158,82),(275,89),(290,7),(73,25),(328,30),
439:(141,26),(35,40),(320,141),(65,74),(42,79),(225,41),(20,8),(335,41),(188,65),(44,29),(184,66),(286,109),(14,143),(181,109),(292,2),(158,82),(275,89),(290,7),(73,25),(328,30),
440:(140,26),(35,40),(320,141),(65,74),(42,79),(225,41),(20,8),(335,41),(187,65),(44,29),(183,66),(286,109),(14,143),(181,109),(292,2),(158,82),(275,89),(290,7),(73,25),(328,30),
441:(139,26),(35,40),(320,141),(65,74),(42,79),(225,41),(20,8),(335,41),(186,65),(44,29),(182,66),(286,109),(14,143),(181,109),(292,2),(158,82),(275,89),(290,7),(73,25),(328,30),
442:(138,26),(35,40),(320,141),(65,74),(42,79),(225,41),(20,8),(335,41),(185,65),(44,29),(181,66),(286,109),(14,143),(181,109),(292,2),(158,82),(275,89),(290,7),(73,25),(328,30),
443:(137,26),(35,40),(320,141),(65,74),(42,79),(225,41),(20,8),(335,41),(184,65),(44,29),(180,66),(286,109),(14,143),(181,109),(292,2),(158,82),(275,89),(290,7),(73,25),(328,30),
444:(136,26),(35,40),(320,141),(65,74),(42,79),(225,41),(20,8),(335,41),(183,65),(44,29),(179,66),(286,109),(14,143),(181,109),(292,2),(158,82),(275,89),(290,7),(73,25),(328,30),
445:(135,26),(35,40),(320,141),(65,74),(42,79),(225,41),(20,8),(335,41),(182,65),(44,29),(178,66),(286,109),(14,143),(181,109),(292,2),(158,82),(275,89),(290,7),(73,25),(328,30),
446:(134,26),(35,40),(320,141),(65,74),(42,79),(225,41),(20,8),(335,41),(181,65),(44,29),(177,66),(286,109),(14,143),(181,109),(292,2),(158,82),(275,89),(290,7),(73,25),(328,30),
447:(133,26),(35,40),(320,141),(65,74),(42,79),(225,41),(20,8),(335,41),(180,65),(44,29),(176,66),(286,109),(14,143),(181,109),(292,2),(158,82),(275,89),(290,7),(73,25),(328,30),
448:(132,26),(35,40),(320,141),(65,74),(42,79),(225,41),(20,8),(335,41),(179,65),(44,29),(175,66),(286,109),(14,143),(181,109),(292,2),(158,82),(275,89),(290,7),(73,25),(328,30),
449:(131,26),(35,40),(320,141),(65,74),(42,79),(225,41),(20,8),(335,41),(178,65),(44,29),(174,66),(286,109),(14,143),(181,109),(292,2),(158,82),(275,89),(290,7),(73,25),(328,30),
450:(130,26),(35,40),(320,141),(65,74),(42,79),(225,41),(20,8),(335,41),(177,65),(44,29),(173,66),(286,109),(14,143),(181,109),(292,2),(158,82),(275,89),(290,7),(73,25),(328,30),
451:(129,26),(35,40),(320,141),(65,74),(42,79),(225,41),(20,8),(335,41),(176,65),(44,29),(172,66),(286,109),(14,143),(181,109),(292,2),(158,82),(275,89),(290,7),(73,25),(328,30),
452:(128,26),(35,40),(320,141),(65,74),(42,79),(225,41),(20,8),(335,41),(175,65),(44,29),(171,66),(286,109),(14,143),(181,109),(292,2),(158,82),(275,89),(290,7),(73,25),(328,30),
453:(127,26),(35,40),(320,141),(65,74),(42,79),(225,41),(20,8),(335,41),(174,65),(44,29),(170,66),(286,109),(14,143),(181,109),(292,2),(158,82),(275,89),(290,7),(73,25),(328,30),
454:(126,26),(35,40),(320,141),(65,74),(42,79),(225,41),(20,8),(335,41),(173,65),(44,29),(169,66),(286,109),(14,143),(181,109),(292,2),(158,82),(275,89),(290,7),(73,25),(328,30),
455:(125,26),(35,40),(320,141),(65,74),(42,79),(225,41),(20,8),(335,41),(172,65),(44,29),(168,66),(286,109),(14,143),(181,109),(292,2),(158,82),(275,89),(290,7),(73,25),(328,30),
456:(124,26),(35,40),(320,141),(65,74),(42,79),(225,41),(20,8),(335,41),(171,65),(44,29),(167,66),(286,109),(14,143),(181,109),(292,2),(158,82),(275,89),(290,7),(73,25),(328,30),
457:(123,26),(35,40),(320,141),(65,74),(42,79),(225,41),(20,8),(335,41),(170,65),(44,29),(166,66),(286,109),(14,143),(181,109),(292,2),(158,82),(275,89),(290,7),(73,25),(328,30),
458:(122,26),(35,40),(320,141),(65,74),(42,79),(225,41),(20,8),(335,41),(169,65),(44,29),(165,66),(286,109),(14,143),(181,109),(292,2),(158,82),(275,89),(290,7),(73,25),(328,30),
459:(121,26),(35,40),(320,141),(65,74),(42,79),(225,41),(20,8),(335,41),(168,65),(44,29),(164,66),(286,109),(14,143),(181,109),(292,2),(158,82),(275,89),(290,7),(73,25),(328,30),
460:(120,26),(35,40),(320,141),(65,74),(42,79),(225,41),(20,8),(335,41),(167,65),(44,29),(163,66),(286,109),(14,143),(181,109),(292,2),(158,82),(275,89),(290,7),(73,25),(328,30),
461:(119,26),(35,40),(320,141),(65,74),(42,79),(225,41),(20,8),(335,41),(166,65),(44,29),(162,66),(286,109),(14,143),(181,109),(292,2),(158,82),(275,89),(290,7),(73,25),(328,30),
462:(118,26),(35,40),(320,141),(65,74),(42,79),(225,41),(20,8),(335,41),(165,65),(44,29),(161,66),(286,109),(14,143),(181,109),(292,2),(158,82),(275,89),(290,7),(73,25),(328,30),
463:(117,26),(35,40),(320,141),(65,74),(42,79),(225,41),(20,8),(335,41),(164,65),(44,29),(160,66),(286,109),(14,143),(181,109),(292,2),(158,82),(275,89),(290,7),(73,25),(328,30),
464:(116,26),(35,40),(320,141),(65,74),(42,79),(225,41),(20,8),(335,41),(163,65),(44,29),(159,66),(286,109),(14,143),(181,109),(292,2),(158,82),(275,89),(290,7),(73,25),(328,30),
465:(115,26),(35,40),(320,141),(65,74),(42,79),(225,41),(20,8),(335,41),(162,65),(44,29),(158,66),(286,109),(14,143),(181,109),(292,2),(158,82),(275,89),(290,7),(73,25),(328,30),
466:(114,26),(35,40),(320,141),(65,74),(42,79),(225,41),(20,8),(335,41),(161,65),(44,29),(157,66),(286,109),(14,143),(181,109),(292,2),(158,82),(275,89),(290,7),(73,25),(328,30),
467:(113,26),(35,40),(320,141),(65,74),(42,79),(225,41),(20,8),(335,41),(160,65),(44,29),(156,66),(286,109),(14,143),(181,109),(292,2),(158,82),(275,89),(290,7),(73,25),(328,30),
468:(112,26),(35,40),(320,141),(65,74),(42,79),(225,41),(20,8),(335,41),(159,65),(44,29),(155,66),(286,109),(14,143),(181,109),(292,2),(158,82),(275,89),(290,7),(73,25),(328,30),
469:(111,26),(35,40),(320,141),(65,74),(42,79),(225,41),(20,8),(335,41),(158,65),(44,29),(154,66),(286,109),(14,143),(181,109),(292,2),(158,82),(275,89),(290,7),(73,25),(328,30),
470:(110,26),(35,40),(320,141),(65,74),(42,79),(225,41),(20,8),(335,41),(157,65),(44,29),(153,66),(286,109),(14,143),(181,109),(292,2),(158,82),(275,89),(290,7),(73,25),(328,30),
471:(109,26),(35,40),(320,141),(65,74),(42,79),(225,41),(20,8),(335,41),(156,65),(44,29),(152,66),(286,109),(14,143),(181,109),(292,2),(158,82),(275,89),(290,7),(73,25),(328,30),
472:(108,26),(35,40),(320,141),(65,74),(42,79),(225,41),(20,8),(335,41),(155,65),(44,29),(151,66),(286,109),(14,143),(181,109),(292,2),(158,82),(275,89),(290,7),(73,25),(328,30),
473:(107,26),(35,40),(320,141),(65,74),(42,79),(225,41),(20,8),(335,41),(154,65),(44,29),(150,66),(286,109),(14,143),(181,109),(292,2),(158,82),(275,89),(290,7),(73,25),(328,30),
474:(106,26),(35,40),(320,141),(65,74),(42,79),(225,41),(20,8),(335,41),(153,65),(44,29),(149,66),(286,109),(14,143),(181,109),(292,2),(158,82),(275,89),(290,7),(73,25),(328,30),
475:(105,26),(35,40),(320,141),(65,74),(42,79),(225,41),(20,8),(335,41),(152,65),(44,29),(148,66),(286,109),(14,143),(181,109),(292,2),(158,82),(275,89),(290,7),(73,25),(328,30),
476:(104,26),(35,40),(320,141),(65,74),(42,79),(225,41),(20,8),(335,41),(151,65),(44,29),(147,66),(286,109),(14,143),(181,109),(292,2),(158,82),(275,89),(290,7),(73,25),(328,30),
477:(103,26),(35,40),(320,141),(65,74),(42,79),(225,41),(20,8),(335,41),(150,65),(44,29),(146,66),(286,109),(14,143),(181,109),(292,2),(158,82),(275,89),(290,7),(73,25),(328,30),
478:(102,26),(35,40),(320,141),(65,74),(42,79),(225,41),(20,8),(335,41),(149,65),(44,29),(145,66),(286,109),(14,143),(181,109),(292,2),(158,82),(275,89),(290,7),(73,25),(328,30),
479:(101,26),(35,40),(320,141),(65,74),(42,79),(225,41),(20,8),(335,41),(148,65),(44,29),(144,66),(286,109),(14,143),(181,109),(292,2),(158,82),(275,89),(290,7),(73,25),(328,30),
480:(100,26),(35,40),(320,141),(65,74),(42,79),(225,41),(20,8),(335,41),(147,65),(44,29),(143,66),(286,109),(14,143),(181,109),(292,2),(158,82),(275,89),(290,7),(73,25),(328,30),
481:(99,26),(35,40),(320,141),(65,74),(42,79),(225,41),(20,8),(335,41),(146,65),(44,29),(142,66),(286,109),(14,143),(181,109),(292,2),(158,82),(275,89),(290,7),(73,25),(328,30),
482:(98,26),(35,40),(320,141),(65,74),(42,79),(225,41),(20,8),(335,41),(145,65),(44,29),(141,66),(286,109),(14,143),(181,109),(292,2),(158,82),(275,89),(290,7),(73,25),(328,30),
483:(97,26),(35,40),(320,141),(65,74),(42,79),(225,41),(20,8),(335,41),(144,65),(44,29),(140,66),(286,109),(14,143),(181,109),(292,2),(158,82),(275,89),(290,7),(73,25),(328,30),
484:(96,26),(35,40),(320,141),(65,74),(42,79),(225,41),(20,8),(335,41),(143,65),(44,29),(139,66),(286,109),(14,143),(181,109),(292,2),(158,82),(275,89),(290,7),(73,25),(328,30),
485:(95,26),(35,40),(320,141),(65,74),(42,79),(225,41),(20,8),(335,41),(142,65),(44,29),(138,66),(286,109),(14,143),(181,109),(292,2),(158,82),(275,89),(290,7),(73,25),(328,30),
486:(94,26),(35,40),(320,141),(65,74),(42,79),(225,41),(20,8),(335,41),(141,65),(44,29),(137,66),(286,109),(14,143),(181,109),(292,2),(158,82),(275,89),(290,7),(73,25),(328,30),
487:(93,26),(35,40),(320,141),(65,74),(42,79),(225,41),(20,8),(335,41),(140,65),(44,29),(136,66),(286,109),(14,143),(181,109),(292,2),(158,82),(275,89),(290,7),(73,25),(328,30),
488:(92,26),(35,40),(320,141),(65,74),(42,79),(225,41),(20,8),(335,41),(139,65),(44,29),(135,66),(286,109),(14,143),(181,109),(292,2),(158,82),(275,89),(290,7),(73,25),(328,30),
489:(91,26),(35,40),(320,141),(65,74),(42,79),(225,41),(20,8),(335,41),(138,65),(44,29),(134,66),(286,109),(14,143),(181,109),(292,2),(158,82),(275,89),(290,7),(73,25),(328,30),
490:(90,26),(35,40),(320,141),(65,74),(42,79),(225,41),(20,8),(335,41),(137,65),(44,29),(133,66),(286,109),(14,143),(181,109),(292,2),(158,82),(275,89),(290,7),(73,25),(328,30),
491:(89,26),(35,40),(320,141),(65,74),(42,79),(225,41),(20,8),(335,41),(136,65),(44,29),(132,66),(286,109),(14,143),(181,109),(292,2),(158,82),(275,89),(290,7),(73,25),(328,30),
492:(88,26),(35,40),(320,141),(65,74),(42,79),(225,41),(20,8),(335,41),(135,65),(44,29),(131,66),(286,109),(14,143),(181,109),(292,2),(158,82),(275,89),(290,7),(73,25),(328,30),
493:(87,26),(35,40),(320,141),(65,74),(42,79),(225,41),(20,8),(335,41),(134,65),(44,29),(130,66),(286,109),(14,143),(181,109),(292,2),(158,82),(275,89),(290,7),(73,25),(328,30),
494:(86,26),(35,40),(320,141),(65,74),(42,79),(225,41),(20,8),(335,41),(133,65),(44,29),(129,66),(286,109),(14,143),(181,109),(292,2),(158,82),(275,89),(290,7),(73,25),(328,30),
495:(85,26),(35,40),(320,141),(65,74),(42,79),(225,41),(20,8),(335,41),(132,65),(44,29),(128,66),(286,109),(14,143),(181,109),(292,2),(158,82),(275,89),(290,7),(73,25),(328,30),
496:(84,26),(35,40),(320,141),(65,74),(42,79),(225,41),(20,8),(335,41),(131,65),(44,29),(127,66),(286,109),(14,143),(181,109),(292,2),(158,82),(275,89),(290,7),(73,25),(328,30),
497:(83,26),(35,40),(320,141),(65,74),(42,79),(225,41),(20,8),(335,41),(130,65),(44,29),(126,66),(286,109),(14,143),(181,109),(292,2),(158,82),(275,89),(290,7),(73,25),(328,30),
498:(82,26),(35,40),(320,141),(65,74),(42,79),(225,41),(20,8),(335,41),(129,65),(44,29),(125,66),(286,109),(14,143),(181,109),(292,2),(158,82),(275,89),(290,7),(73,25),(328,30),
499:(81,26),(35,40),(320,141),(65,74),(42,79),(225,41),(20,8),(335,41),(128,65),(44,29),(124,66),(286,109),(14,143),(181,109),(292,2),(158,82),(275,89),(290,7),(73,25),(328,30),
500:(80,26),(35,40),(320,141),(65,74),(42,79),(225,41),(20,8),(335,41),(127,65),(44,29),(123,66),(286,109),(14,143),(181,109),(292,2),(158,82),(275,89),(290,7),(73,25),(328,30),
501:(79,26),(35,40),(320,141),(65,74),(42,79),(225,41),(20,8),(335,41),(126,65),(44,29),(122,66),(286,109),(14,143),(181,109),(292,2),(158,82),(275,89),(290,7),(73,25),(328,30),
