instance=temp_instance.txt
agents=30
map_file=den520d.map
solver=HCA
solved=1
soc=5888
lb_soc=5885
makespan=347
lb_makespan=347
comp_time=62
preprocessing_comp_time=17
starts=(72,43),(76,221),(244,23),(48,56),(165,58),(213,43),(63,137),(243,195),(69,96),(214,63),(205,59),(236,128),(80,37),(113,170),(153,21),(64,76),(30,179),(25,167),(233,130),(221,40),(217,179),(162,32),(217,54),(61,37),(67,165),(85,205),(75,146),(63,71),(188,56),(215,85),
goals=(161,95),(70,92),(72,159),(246,36),(148,219),(106,104),(184,69),(48,148),(121,49),(192,157),(104,95),(70,168),(20,152),(62,41),(131,103),(129,158),(98,184),(171,101),(46,67),(96,188),(148,226),(50,145),(154,147),(214,80),(170,31),(92,159),(123,109),(65,68),(167,121),(239,32),
solution=
0:(72,43),(76,221),(244,23),(48,56),(165,58),(213,43),(63,137),(243,195),(69,96),(214,63),(205,59),(236,128),(80,37),(113,170),(153,21),(64,76),(30,179),(25,167),(233,130),(221,40),(217,179),(162,32),(217,54),(61,37),(67,165),(85,205),(75,146),(63,71),(188,56),(215,85),
1:(71,43),(77,221),(243,23),(49,56),(165,59),(212,43),(64,137),(242,195),(69,95),(213,63),(204,59),(235,128),(81,37),(114,170),(154,21),(65,76),(31,179),(26,167),(232,130),(220,40),(216,179),(163,32),(216,54),(62,37),(68,165),(86,205),(76,146),(64,71),(187,56),(216,85),
2:(71,44),(78,221),(242,23),(50,56),(165,60),(211,43),(65,137),(241,195),(69,94),(212,63),(203,59),(234,128),(82,37),(115,170),(155,21),(66,76),(32,179),(27,167),(231,130),(219,40),(215,179),(164,32),(215,54),(63,37),(69,165),(87,205),(77,146),(65,71),(186,56),(217,85),
3:(71,45),(79,221),(241,23),(51,56),(165,61),(210,43),(66,137),(240,195),(69,93),(211,63),(202,59),(233,128),(83,37),(116,170),(156,21),(67,76),(33,179),(28,167),(230,130),(218,40),(214,179),(165,32),(214,54),(64,37),(70,165),(88,205),(78,146),(65,70),(185,56),(218,85),
4:(71,46),(80,221),(240,23),(52,56),(165,62),(209,43),(67,137),(239,195),(69,92),(210,63),(201,59),(232,128),(83,38),(116,169),(157,21),(68,76),(34,179),(29,167),(229,130),(217,40),(213,179),(166,32),(213,54),(65,37),(71,165),(89,205),(79,146),(65,69),(184,56),(219,85),
5:(71,47),(81,221),(239,23),(53,56),(165,63),(208,43),(68,137),(238,195),(69,91),(209,63),(200,59),(231,128),(84,38),(117,169),(158,21),(69,76),(35,179),(30,167),(228,130),(216,40),(212,179),(167,32),(212,54),(66,37),(72,165),(90,205),(80,146),(65,68),(183,56),(220,85),
6:(71,48),(82,221),(238,23),(54,56),(165,64),(207,43),(69,137),(237,195),(70,91),(208,63),(199,59),(230,128),(85,38),(118,169),(159,21),(70,76),(36,179),(31,167),(227,130),(215,40),(211,179),(168,32),(211,54),(67,37),(73,165),(91,205),(81,146),(65,68),(182,56),(221,85),
7:(71,49),(83,221),(237,23),(55,56),(165,65),(206,43),(70,137),(236,195),(70,90),(207,63),(198,59),(229,128),(86,38),(119,169),(160,21),(71,76),(37,179),(32,167),(226,130),(214,40),(210,179),(169,32),(210,54),(68,37),(74,165),(92,205),(82,146),(65,68),(181,56),(222,85),
8:(71,50),(84,221),(236,23),(56,56),(165,66),(205,43),(71,137),(235,195),(70,89),(206,63),(197,59),(228,128),(87,38),(120,169),(161,21),(72,76),(38,179),(33,167),(225,130),(213,40),(209,179),(170,32),(209,54),(69,37),(75,165),(92,204),(83,146),(65,68),(180,56),(223,85),
9:(71,51),(85,221),(235,23),(57,56),(165,67),(204,43),(72,137),(234,195),(70,88),(205,63),(196,59),(227,128),(88,38),(121,169),(162,21),(73,76),(39,179),(34,167),(224,130),(212,40),(208,179),(171,32),(208,54),(70,37),(76,165),(92,203),(84,146),(65,68),(179,56),(224,85),
10:(71,52),(86,221),(234,23),(58,56),(165,68),(203,43),(73,137),(233,195),(70,87),(204,63),(195,59),(226,128),(89,38),(122,169),(163,21),(74,76),(40,179),(35,167),(223,130),(211,40),(207,179),(172,32),(207,54),(71,37),(77,165),(92,202),(85,146),(65,68),(178,56),(225,85),
11:(71,53),(87,221),(234,24),(59,56),(165,69),(202,43),(74,137),(232,195),(70,86),(203,63),(194,59),(225,128),(90,38),(123,169),(164,21),(75,76),(41,179),(36,167),(222,130),(210,40),(206,179),(173,32),(206,54),(72,37),(78,165),(92,201),(86,146),(65,68),(177,56),(226,85),
12:(71,54),(88,221),(234,25),(60,56),(164,69),(201,43),(75,137),(231,195),(70,85),(202,63),(193,59),(224,128),(91,38),(124,169),(165,21),(76,76),(42,179),(37,167),(221,130),(209,40),(205,179),(174,32),(205,54),(73,37),(79,165),(92,200),(87,146),(65,68),(176,56),(227,85),
13:(71,55),(89,221),(234,26),(61,56),(163,69),(200,43),(76,137),(230,195),(70,84),(201,63),(192,59),(223,128),(92,38),(125,169),(166,21),(77,76),(42,178),(38,167),(220,130),(208,40),(204,179),(175,32),(204,54),(74,37),(80,165),(92,199),(88,146),(65,68),(175,56),(228,85),
14:(71,56),(90,221),(234,27),(62,56),(163,70),(199,43),(77,137),(229,195),(70,83),(200,63),(191,59),(222,128),(93,38),(126,169),(167,21),(78,76),(43,178),(39,167),(219,130),(207,40),(203,179),(176,32),(203,54),(75,37),(81,165),(92,198),(89,146),(65,68),(174,56),(229,85),
15:(71,57),(91,221),(234,28),(63,56),(162,70),(198,43),(78,137),(228,195),(70,82),(199,63),(190,59),(221,128),(94,38),(127,169),(168,21),(79,76),(44,178),(40,167),(218,130),(206,40),(202,179),(177,32),(202,54),(76,37),(82,165),(92,197),(90,146),(65,68),(173,56),(230,85),
16:(71,58),(92,221),(234,29),(64,56),(161,70),(197,43),(79,137),(227,195),(70,81),(198,63),(189,59),(220,128),(95,38),(128,169),(169,21),(80,76),(45,178),(41,167),(217,130),(205,40),(201,179),(178,32),(201,54),(77,37),(83,165),(92,196),(91,146),(65,68),(172,56),(231,85),
17:(71,59),(93,221),(234,30),(65,56),(161,71),(196,43),(80,137),(226,195),(70,80),(197,63),(188,59),(219,128),(96,38),(129,169),(170,21),(81,76),(46,178),(42,167),(217,129),(204,40),(200,179),(179,32),(200,54),(78,37),(84,165),(92,195),(92,146),(65,68),(171,56),(232,85),
18:(71,60),(94,221),(234,31),(66,56),(161,72),(195,43),(81,137),(225,195),(70,79),(196,63),(187,59),(218,128),(97,38),(130,169),(171,21),(82,76),(47,178),(43,167),(217,128),(203,40),(199,179),(180,32),(199,54),(79,37),(85,165),(92,194),(93,146),(65,68),(170,56),(233,85),
19:(71,61),(95,221),(234,32),(67,56),(161,73),(194,43),(82,137),(224,195),(70,78),(195,63),(186,59),(217,128),(98,38),(131,169),(172,21),(83,76),(48,178),(44,167),(217,127),(202,40),(198,179),(180,33),(198,54),(79,38),(86,165),(92,193),(94,146),(65,68),(169,56),(234,85),
20:(71,62),(96,221),(234,33),(68,56),(161,74),(193,43),(83,137),(224,194),(70,77),(194,63),(185,59),(217,127),(99,38),(132,169),(173,21),(84,76),(49,178),(45,167),(217,126),(201,40),(197,179),(180,34),(197,54),(80,38),(87,165),(92,192),(95,146),(65,68),(168,56),(235,85),
21:(71,63),(97,221),(234,34),(69,56),(161,75),(192,43),(84,137),(223,194),(70,76),(193,63),(184,59),(217,126),(100,38),(133,169),(174,21),(85,76),(50,178),(46,167),(217,125),(200,40),(196,179),(180,35),(196,54),(81,38),(88,165),(92,191),(96,146),(65,68),(168,57),(236,85),
22:(71,64),(97,220),(234,35),(70,56),(161,76),(191,43),(85,137),(222,194),(70,75),(192,63),(183,59),(217,125),(101,38),(134,169),(175,21),(85,77),(51,178),(47,167),(217,124),(199,40),(195,179),(180,36),(195,54),(82,38),(89,165),(92,190),(97,146),(65,68),(168,58),(237,85),
23:(71,65),(97,219),(234,36),(71,56),(161,77),(190,43),(86,137),(221,194),(70,74),(191,63),(182,59),(217,124),(102,38),(135,169),(176,21),(85,78),(52,178),(48,167),(217,123),(198,40),(194,179),(180,37),(194,54),(83,38),(90,165),(92,189),(98,146),(65,68),(168,59),(238,85),
24:(71,66),(97,218),(233,36),(72,56),(161,78),(189,43),(87,137),(220,194),(70,73),(190,63),(181,59),(217,123),(103,38),(136,169),(177,21),(85,79),(53,178),(49,167),(217,122),(197,40),(193,179),(180,38),(193,54),(84,38),(91,165),(92,188),(99,146),(65,68),(168,60),(239,85),
25:(71,67),(97,217),(233,37),(73,56),(161,79),(188,43),(88,137),(219,194),(70,72),(189,63),(180,59),(217,122),(104,38),(137,169),(178,21),(85,80),(54,178),(50,167),(217,121),(196,40),(192,179),(180,39),(192,54),(85,38),(92,165),(92,187),(100,146),(65,68),(168,61),(239,84),
26:(71,68),(97,216),(233,38),(74,56),(161,80),(187,43),(89,137),(218,194),(70,71),(188,63),(179,59),(217,121),(105,38),(138,169),(179,21),(86,80),(55,178),(51,167),(217,120),(195,40),(191,179),(180,40),(191,54),(86,38),(93,165),(92,186),(101,146),(65,68),(168,62),(239,83),
27:(71,69),(97,215),(233,39),(75,56),(161,81),(186,43),(90,137),(217,194),(70,70),(187,63),(178,59),(217,120),(106,38),(139,169),(180,21),(87,80),(56,178),(52,167),(217,119),(194,40),(191,178),(180,41),(190,54),(87,38),(94,165),(92,185),(102,146),(65,68),(168,63),(239,82),
28:(71,70),(97,214),(233,40),(76,56),(161,82),(185,43),(91,137),(216,194),(70,69),(186,63),(177,59),(217,119),(107,38),(140,169),(180,22),(88,80),(56,179),(53,167),(217,118),(193,40),(190,178),(180,42),(189,54),(88,38),(95,165),(92,184),(103,146),(65,68),(168,64),(239,81),
29:(71,71),(97,213),(233,41),(77,56),(160,82),(184,43),(92,137),(215,194),(71,69),(185,63),(176,59),(217,118),(108,38),(141,169),(180,23),(88,81),(57,179),(54,167),(217,117),(192,40),(189,178),(180,43),(188,54),(89,38),(96,165),(92,183),(104,146),(65,68),(168,65),(239,80),
30:(71,72),(97,212),(233,42),(78,56),(159,82),(183,43),(93,137),(214,194),(71,68),(184,63),(175,59),(217,117),(109,38),(142,169),(180,24),(88,82),(58,179),(55,167),(217,116),(191,40),(188,178),(180,44),(187,54),(90,38),(97,165),(92,182),(105,146),(65,68),(168,66),(239,79),
31:(71,73),(97,211),(233,43),(79,56),(159,83),(182,43),(94,137),(213,194),(72,68),(183,63),(174,59),(217,116),(110,38),(143,169),(180,25),(89,82),(59,179),(56,167),(217,115),(190,40),(187,178),(180,45),(186,54),(91,38),(98,165),(92,181),(105,147),(65,68),(168,67),(239,78),
32:(72,73),(97,210),(233,44),(80,56),(159,84),(181,43),(95,137),(212,194),(72,67),(182,63),(173,59),(217,115),(111,38),(144,169),(180,26),(90,82),(60,179),(57,167),(217,114),(189,40),(186,178),(180,46),(185,54),(92,38),(99,165),(92,180),(105,148),(65,68),(168,68),(239,77),
33:(73,73),(97,209),(233,45),(81,56),(159,85),(180,43),(95,138),(211,194),(72,66),(181,63),(172,59),(217,114),(112,38),(145,169),(180,27),(91,82),(61,179),(58,167),(217,113),(188,40),(185,178),(180,47),(184,54),(93,38),(100,165),(92,179),(106,148),(65,68),(168,69),(239,76),
34:(74,73),(97,208),(233,46),(82,56),(159,86),(180,44),(96,138),(210,194),(73,66),(180,63),(171,59),(217,113),(113,38),(146,169),(180,28),(92,82),(62,179),(59,167),(217,112),(187,40),(184,178),(180,48),(183,54),(94,38),(101,165),(92,178),(106,149),(65,68),(168,70),(239,75),
35:(74,74),(97,207),(233,47),(83,56),(159,87),(180,45),(97,138),(209,194),(73,65),(179,63),(170,59),(217,112),(114,38),(147,169),(180,29),(93,82),(63,179),(60,167),(217,111),(186,40),(183,178),(180,49),(182,54),(95,38),(102,165),(92,177),(106,150),(65,68),(168,71),(239,74),
36:(75,74),(97,206),(233,48),(84,56),(159,88),(180,46),(97,139),(208,194),(73,64),(179,64),(169,59),(217,111),(115,38),(148,169),(180,30),(93,83),(64,179),(61,167),(217,110),(185,40),(182,178),(180,50),(181,54),(96,38),(103,165),(92,176),(107,150),(65,68),(168,72),(239,73),
37:(76,74),(97,205),(233,49),(85,56),(159,89),(180,47),(98,139),(207,194),(73,63),(179,65),(168,59),(217,110),(116,38),(149,169),(180,31),(93,84),(65,179),(62,167),(217,109),(184,40),(181,178),(179,50),(180,54),(97,38),(104,165),(92,175),(107,151),(65,68),(168,73),(239,72),
38:(76,75),(97,204),(233,50),(86,56),(159,90),(180,48),(98,140),(206,194),(74,63),(179,66),(167,59),(217,109),(117,38),(150,169),(180,32),(94,84),(66,179),(63,167),(217,108),(183,40),(180,178),(179,51),(179,54),(98,38),(105,165),(92,174),(108,151),(65,68),(168,74),(239,71),
39:(77,75),(97,203),(233,51),(87,56),(159,91),(180,49),(99,140),(205,194),(74,62),(179,67),(166,59),(217,108),(118,38),(151,169),(180,33),(95,84),(67,179),(64,167),(217,107),(182,40),(179,178),(178,51),(178,54),(99,38),(106,165),(92,173),(108,152),(65,68),(168,75),(239,70),
40:(78,75),(97,202),(233,52),(88,56),(159,92),(180,50),(100,140),(204,194),(74,61),(179,68),(165,59),(217,107),(119,38),(152,169),(180,34),(96,84),(68,179),(65,167),(217,106),(181,40),(178,178),(178,52),(177,54),(100,38),(107,165),(92,172),(109,152),(65,68),(168,76),(239,69),
41:(79,75),(97,201),(233,53),(89,56),(159,93),(179,50),(100,141),(203,194),(75,61),(179,69),(165,60),(217,106),(120,38),(153,169),(180,35),(97,84),(69,179),(66,167),(216,106),(180,40),(177,178),(177,52),(176,54),(101,38),(108,165),(92,171),(109,153),(65,68),(168,77),(239,68),
42:(80,75),(97,200),(232,53),(90,56),(159,94),(179,51),(101,141),(202,194),(75,60),(179,70),(165,61),(216,106),(121,38),(154,169),(180,36),(97,85),(70,179),(67,167),(216,105),(180,41),(176,178),(177,53),(175,54),(102,38),(109,165),(92,170),(110,153),(65,68),(167,77),(239,67),
43:(81,75),(97,199),(231,53),(91,56),(159,95),(178,51),(102,141),(201,194),(76,60),(179,71),(165,62),(216,105),(122,38),(155,169),(180,37),(98,85),(71,179),(68,167),(216,104),(180,42),(175,178),(176,53),(174,54),(103,38),(110,165),(92,169),(111,153),(65,68),(167,78),(239,66),
44:(81,76),(97,198),(230,53),(92,56),(159,96),(178,52),(103,141),(200,194),(77,60),(179,72),(165,63),(216,104),(123,38),(156,169),(180,38),(99,85),(72,179),(69,167),(215,104),(180,43),(174,178),(175,53),(174,55),(104,38),(111,165),(92,168),(112,153),(65,68),(167,79),(239,65),
45:(82,76),(97,197),(230,54),(93,56),(159,97),(177,52),(104,141),(199,194),(78,60),(179,73),(165,64),(215,104),(124,38),(157,169),(180,39),(100,85),(73,179),(70,167),(214,104),(180,44),(173,178),(174,53),(174,56),(105,38),(112,165),(92,167),(113,153),(65,68),(167,80),(239,64),
46:(83,76),(97,196),(230,55),(94,56),(159,98),(177,53),(105,141),(199,193),(79,60),(179,74),(165,65),(214,104),(125,38),(158,169),(180,40),(101,85),(74,179),(71,167),(213,104),(180,45),(172,178),(174,54),(173,56),(106,38),(113,165),(92,166),(114,153),(65,68),(167,81),(239,63),
47:(84,76),(97,195),(229,55),(95,56),(159,99),(176,53),(105,142),(199,192),(80,60),(179,75),(165,66),(213,104),(126,38),(159,169),(180,41),(102,85),(75,179),(72,167),(213,103),(180,46),(171,178),(174,55),(172,56),(107,38),(114,165),(92,165),(115,153),(65,68),(167,82),(239,62),
48:(85,76),(97,194),(228,55),(96,56),(159,100),(175,53),(105,143),(199,191),(81,60),(179,76),(165,67),(213,103),(127,38),(159,168),(180,42),(103,85),(76,179),(73,167),(213,102),(180,47),(170,178),(174,56),(171,56),(108,38),(115,165),(92,164),(116,153),(65,68),(167,83),(239,61),
49:(85,77),(97,193),(227,55),(97,56),(159,101),(174,53),(105,144),(199,190),(82,60),(179,77),(165,68),(213,102),(128,38),(159,167),(180,43),(104,85),(77,179),(74,167),(213,101),(180,48),(169,178),(173,56),(170,56),(109,38),(116,165),(92,163),(117,153),(65,68),(167,84),(239,60),
50:(85,78),(97,192),(226,55),(98,56),(159,102),(174,54),(105,145),(199,189),(83,60),(179,78),(165,69),(213,101),(129,38),(159,166),(180,44),(105,85),(78,179),(75,167),(213,100),(180,49),(168,178),(172,56),(169,56),(110,38),(117,165),(92,162),(118,153),(65,68),(167,85),(239,59),
51:(85,79),(97,191),(225,55),(99,56),(159,103),(174,55),(105,146),(199,188),(84,60),(179,79),(164,69),(213,100),(130,38),(159,165),(180,45),(106,85),(79,179),(76,167),(213,99),(180,50),(167,178),(171,56),(168,56),(111,38),(118,165),(92,161),(119,153),(65,68),(167,86),(239,58),
52:(85,80),(97,190),(224,55),(100,56),(159,104),(174,56),(105,147),(199,187),(85,60),(179,80),(163,69),(213,99),(131,38),(159,164),(180,46),(107,85),(80,179),(77,167),(213,98),(179,50),(166,178),(170,56),(167,56),(112,38),(119,165),(92,160),(120,153),(65,68),(167,87),(239,57),
53:(86,80),(97,189),(223,55),(101,56),(159,105),(173,56),(105,148),(198,187),(86,60),(179,81),(163,70),(213,98),(132,38),(159,163),(180,47),(108,85),(81,179),(78,167),(213,97),(179,51),(165,178),(169,56),(166,56),(113,38),(120,165),(92,159),(121,153),(65,68),(167,88),(239,56),
54:(87,80),(97,188),(222,55),(102,56),(159,106),(172,56),(106,148),(198,186),(87,60),(179,82),(162,70),(213,97),(133,38),(159,162),(180,48),(109,85),(82,179),(79,167),(213,96),(178,51),(164,178),(168,56),(166,57),(114,38),(121,165),(92,159),(122,153),(65,68),(167,89),(239,55),
55:(88,80),(97,187),(221,55),(103,56),(159,107),(171,56),(106,149),(198,185),(88,60),(179,83),(161,70),(213,96),(134,38),(159,161),(180,49),(110,85),(83,179),(80,167),(213,95),(178,52),(163,178),(167,56),(166,58),(115,38),(122,165),(92,159),(123,153),(65,68),(167,90),(239,54),
56:(88,81),(97,186),(220,55),(104,56),(159,108),(170,56),(106,150),(198,184),(89,60),(179,84),(161,71),(213,95),(135,38),(159,160),(180,50),(111,85),(84,179),(81,167),(213,94),(177,52),(162,178),(166,56),(166,59),(116,38),(123,165),(92,159),(124,153),(65,68),(167,91),(239,53),
57:(88,82),(97,185),(219,55),(105,56),(159,109),(169,56),(107,150),(197,184),(90,60),(179,85),(161,72),(213,94),(136,38),(159,159),(179,50),(112,85),(85,179),(82,167),(213,93),(177,53),(161,178),(166,57),(165,59),(117,38),(124,165),(92,159),(125,153),(65,68),(167,92),(239,52),
58:(89,82),(97,184),(218,55),(105,55),(159,110),(168,56),(107,151),(197,183),(91,60),(179,86),(161,73),(213,93),(137,38),(159,158),(179,51),(113,85),(86,179),(83,167),(213,92),(176,53),(160,178),(166,58),(165,60),(118,38),(125,165),(92,159),(126,153),(65,68),(167,93),(239,51),
59:(90,82),(97,183),(217,55),(105,54),(159,111),(167,56),(108,151),(196,183),(92,60),(179,87),(161,74),(213,92),(138,38),(159,157),(178,51),(114,85),(87,179),(84,167),(213,91),(175,53),(160,177),(166,59),(165,61),(119,38),(126,165),(92,159),(127,153),(65,68),(167,94),(239,50),
60:(91,82),(97,182),(216,55),(105,53),(159,112),(166,56),(108,152),(196,182),(93,60),(179,88),(161,75),(213,91),(139,38),(159,156),(178,52),(115,85),(88,179),(85,167),(212,91),(174,53),(159,177),(165,59),(165,62),(120,38),(127,165),(92,159),(128,153),(65,68),(167,95),(239,49),
61:(92,82),(97,181),(215,55),(106,53),(159,113),(166,57),(109,152),(195,182),(94,60),(179,89),(161,76),(212,91),(140,38),(159,155),(177,52),(116,85),(89,179),(86,167),(211,91),(174,54),(158,177),(165,60),(165,63),(121,38),(128,165),(92,159),(129,153),(65,68),(167,96),(239,48),
62:(93,82),(97,180),(214,55),(107,53),(159,114),(166,58),(109,153),(195,181),(95,60),(179,90),(161,77),(211,91),(141,38),(159,154),(177,53),(117,85),(90,179),(87,167),(210,91),(174,55),(157,177),(165,61),(165,64),(122,38),(129,165),(92,159),(130,153),(65,68),(167,97),(239,47),
63:(93,83),(97,179),(213,55),(108,53),(159,115),(166,59),(110,153),(194,181),(96,60),(179,91),(161,78),(210,91),(142,38),(159,153),(176,53),(118,85),(91,179),(88,167),(209,91),(174,56),(156,177),(165,62),(165,65),(123,38),(130,165),(92,159),(131,153),(65,68),(167,98),(239,46),
64:(93,84),(97,178),(212,55),(109,53),(159,116),(165,59),(111,153),(194,180),(96,59),(179,92),(161,79),(209,91),(143,38),(159,152),(175,53),(119,85),(92,179),(89,167),(208,91),(173,56),(155,177),(165,63),(165,66),(124,38),(131,165),(92,159),(132,153),(65,68),(167,99),(239,45),
65:(94,84),(97,177),(211,55),(110,53),(159,117),(165,60),(112,153),(193,180),(96,58),(179,93),(161,80),(208,91),(144,38),(159,151),(174,53),(120,85),(93,179),(90,167),(207,91),(172,56),(154,177),(165,64),(165,67),(125,38),(132,165),(92,159),(133,153),(65,68),(167,100),(239,44),
66:(95,84),(97,176),(210,55),(111,53),(159,118),(165,61),(113,153),(192,180),(96,57),(179,94),(161,81),(207,91),(145,38),(159,150),(174,54),(121,85),(94,179),(91,167),(206,91),(171,56),(153,177),(165,65),(165,68),(126,38),(133,165),(92,159),(134,153),(65,68),(167,101),(239,43),
67:(96,84),(98,176),(209,55),(112,53),(159,119),(165,62),(114,153),(192,179),(96,56),(179,95),(161,82),(206,91),(146,38),(159,149),(174,55),(122,85),(95,179),(92,167),(205,91),(170,56),(152,177),(165,66),(165,69),(127,38),(134,165),(92,159),(135,153),(65,68),(167,102),(239,42),
68:(97,84),(98,175),(208,55),(113,53),(159,120),(165,63),(115,153),(191,179),(97,56),(179,96),(160,82),(205,91),(147,38),(159,148),(174,56),(123,85),(96,179),(93,167),(204,91),(169,56),(151,177),(165,67),(164,69),(128,38),(135,165),(92,159),(136,153),(65,68),(167,103),(239,41),
69:(97,85),(99,175),(207,55),(114,53),(159,121),(165,64),(116,153),(191,178),(98,56),(179,97),(159,82),(204,91),(148,38),(159,147),(173,56),(124,85),(97,179),(94,167),(203,91),(168,56),(150,177),(165,68),(163,69),(129,38),(136,165),(92,159),(137,153),(65,68),(167,104),(239,40),
70:(98,85),(99,174),(206,55),(115,53),(159,122),(165,65),(117,153),(190,178),(99,56),(179,98),(158,82),(203,91),(149,38),(159,146),(172,56),(125,85),(98,179),(95,167),(202,91),(167,56),(149,177),(165,69),(163,70),(130,38),(137,165),(92,159),(138,153),(65,68),(167,105),(239,39),
71:(99,85),(100,174),(205,55),(116,53),(159,123),(165,66),(118,153),(189,178),(100,56),(179,99),(157,82),(202,91),(150,38),(159,145),(171,56),(126,85),(98,180),(96,167),(201,91),(166,56),(148,177),(164,69),(162,70),(131,38),(138,165),(92,159),(139,153),(65,68),(167,106),(239,38),
72:(100,85),(100,173),(204,55),(117,53),(159,124),(165,67),(119,153),(188,178),(101,56),(179,100),(157,83),(201,91),(151,38),(159,144),(170,56),(127,85),(98,181),(97,167),(201,90),(166,57),(147,177),(163,69),(161,70),(132,38),(139,165),(92,159),(140,153),(65,68),(167,107),(239,37),
73:(101,85),(101,173),(203,55),(118,53),(159,125),(165,68),(120,153),(187,178),(102,56),(179,101),(157,84),(201,90),(152,38),(159,143),(169,56),(128,85),(98,182),(98,167),(201,89),(166,58),(146,177),(163,70),(161,71),(133,38),(140,165),(92,159),(141,153),(65,68),(167,108),(239,36),
74:(102,85),(102,173),(202,55),(119,53),(159,126),(165,69),(121,153),(186,178),(103,56),(179,102),(157,85),(201,89),(152,39),(159,142),(168,56),(129,85),(98,183),(99,167),(201,88),(166,59),(145,177),(162,70),(161,72),(134,38),(141,165),(92,159),(142,153),(65,68),(167,109),(239,35),
75:(103,85),(103,173),(201,55),(120,53),(159,127),(164,69),(122,153),(185,178),(104,56),(179,103),(157,86),(201,88),(152,40),(159,141),(167,56),(130,85),(98,184),(100,167),(201,87),(165,59),(144,177),(161,70),(161,73),(135,38),(142,165),(92,159),(143,153),(65,68),(167,110),(239,34),
76:(104,85),(104,173),(200,55),(121,53),(159,128),(163,69),(123,153),(184,178),(105,56),(179,104),(157,87),(201,87),(153,40),(159,140),(166,56),(131,85),(98,184),(101,167),(201,86),(165,60),(143,177),(161,71),(161,74),(136,38),(143,165),(92,159),(144,153),(65,68),(167,111),(239,33),
77:(105,85),(105,173),(199,55),(121,52),(159,129),(163,70),(124,153),(183,178),(105,55),(179,105),(157,88),(201,86),(153,41),(159,139),(166,57),(131,86),(98,184),(102,167),(200,86),(165,61),(142,177),(161,72),(161,75),(137,38),(144,165),(92,159),(145,153),(65,68),(167,112),(239,32),
78:(106,85),(106,173),(198,55),(122,52),(159,130),(162,70),(125,153),(182,178),(105,54),(179,106),(157,89),(200,86),(154,41),(159,138),(166,58),(131,87),(98,184),(103,167),(199,86),(165,62),(141,177),(161,73),(161,76),(138,38),(145,165),(92,159),(146,153),(65,68),(167,113),(239,32),
79:(107,85),(107,173),(197,55),(123,52),(159,131),(161,70),(126,153),(181,178),(105,53),(179,107),(157,90),(199,86),(155,41),(159,137),(166,59),(131,88),(98,184),(104,167),(198,86),(165,63),(140,177),(161,74),(161,77),(139,38),(146,165),(92,159),(147,153),(65,68),(167,114),(239,32),
80:(108,85),(108,173),(196,55),(124,52),(159,132),(161,71),(127,153),(180,178),(106,53),(179,108),(156,90),(198,86),(156,41),(159,136),(165,59),(131,89),(98,184),(105,167),(197,86),(165,64),(139,177),(161,75),(161,78),(140,38),(147,165),(92,159),(148,153),(65,68),(167,115),(239,32),
81:(109,85),(109,173),(195,55),(124,51),(159,133),(161,72),(128,153),(179,178),(107,53),(180,108),(155,90),(197,86),(157,41),(159,135),(165,60),(131,90),(98,184),(106,167),(196,86),(165,65),(138,177),(161,76),(161,79),(141,38),(148,165),(92,159),(149,153),(65,68),(167,116),(239,32),
82:(110,85),(110,173),(194,55),(124,50),(159,134),(161,73),(129,153),(178,178),(108,53),(180,109),(154,90),(196,86),(158,41),(160,135),(165,61),(132,90),(98,184),(107,167),(195,86),(165,66),(137,177),(161,77),(161,80),(142,38),(149,165),(92,159),(150,153),(65,68),(167,117),(239,32),
83:(111,85),(111,173),(193,55),(124,49),(159,135),(161,74),(130,153),(177,178),(109,53),(181,109),(153,90),(195,86),(159,41),(160,134),(165,62),(133,90),(98,184),(108,167),(194,86),(165,67),(136,177),(161,78),(161,81),(143,38),(150,165),(92,159),(151,153),(65,68),(167,118),(239,32),
84:(112,85),(112,173),(192,55),(124,48),(159,136),(161,75),(131,153),(176,178),(110,53),(182,109),(152,90),(194,86),(159,42),(159,134),(165,63),(134,90),(98,184),(109,167),(193,86),(165,68),(135,177),(161,79),(161,82),(144,38),(151,165),(92,159),(152,153),(65,68),(167,119),(239,32),
85:(113,85),(113,173),(191,55),(125,48),(159,137),(161,76),(132,153),(175,178),(111,53),(182,110),(151,90),(193,86),(160,42),(159,133),(165,64),(135,90),(98,184),(110,167),(192,86),(165,69),(134,177),(161,80),(160,82),(145,38),(152,165),(92,159),(153,153),(65,68),(167,120),(239,32),
86:(114,85),(114,173),(190,55),(126,48),(158,137),(161,77),(133,153),(174,178),(112,53),(183,110),(151,91),(192,86),(160,43),(159,132),(165,65),(136,90),(98,184),(111,167),(191,86),(164,69),(133,177),(161,81),(159,82),(146,38),(153,165),(92,159),(154,153),(65,68),(167,121),(239,32),
87:(115,85),(115,173),(189,55),(127,48),(158,138),(161,78),(134,153),(173,178),(113,53),(183,111),(151,92),(191,86),(161,43),(158,132),(165,66),(137,90),(98,184),(112,167),(190,86),(163,69),(132,177),(161,82),(159,83),(147,38),(154,165),(92,159),(155,153),(65,68),(167,121),(239,32),
88:(116,85),(116,173),(188,55),(128,48),(157,138),(161,79),(135,153),(172,178),(114,53),(183,112),(150,92),(190,86),(161,44),(158,131),(165,67),(138,90),(98,184),(113,167),(189,86),(163,70),(132,176),(160,82),(159,84),(148,38),(155,165),(92,159),(156,153),(65,68),(167,121),(239,32),
89:(117,85),(117,173),(187,55),(129,48),(156,138),(161,80),(136,153),(171,178),(115,53),(183,113),(149,92),(189,86),(162,44),(158,130),(165,68),(139,90),(98,184),(114,167),(188,86),(162,70),(131,176),(159,82),(159,85),(149,38),(156,165),(92,159),(157,153),(65,68),(167,121),(239,32),
90:(118,85),(118,173),(186,55),(130,48),(156,139),(161,81),(137,153),(170,178),(116,53),(183,114),(148,92),(188,86),(162,45),(158,129),(165,69),(140,90),(98,184),(115,167),(187,86),(161,70),(131,175),(159,83),(159,86),(150,38),(157,165),(92,159),(158,153),(65,68),(167,121),(239,32),
91:(119,85),(119,173),(185,55),(131,48),(155,139),(161,82),(138,153),(169,178),(117,53),(183,115),(147,92),(187,86),(163,45),(157,129),(164,69),(141,90),(98,184),(116,167),(186,86),(161,71),(130,175),(159,84),(159,87),(151,38),(158,165),(92,159),(159,153),(65,68),(167,121),(239,32),
92:(120,85),(120,173),(184,55),(132,48),(154,139),(160,82),(139,153),(168,178),(118,53),(183,116),(146,92),(186,86),(163,46),(157,128),(163,69),(141,91),(98,184),(117,167),(185,86),(161,72),(129,175),(159,85),(159,88),(152,38),(159,165),(92,159),(159,152),(65,68),(167,121),(239,32),
93:(121,85),(121,173),(183,55),(133,48),(153,139),(159,82),(140,153),(167,178),(119,53),(183,117),(145,92),(185,86),(164,46),(157,127),(163,70),(141,92),(98,184),(118,167),(184,86),(161,73),(128,175),(159,86),(159,89),(152,39),(160,165),(92,159),(159,151),(65,68),(167,121),(239,32),
94:(122,85),(122,173),(182,55),(134,48),(153,140),(158,82),(141,153),(166,178),(120,53),(183,118),(145,93),(184,86),(164,47),(157,126),(162,70),(141,93),(98,184),(119,167),(183,86),(161,74),(127,175),(159,87),(159,90),(152,40),(161,165),(92,159),(159,150),(65,68),(167,121),(239,32),
95:(123,85),(123,173),(181,55),(135,48),(152,140),(157,82),(142,153),(165,178),(121,53),(183,119),(144,93),(183,86),(165,47),(156,126),(161,70),(142,93),(98,184),(120,167),(182,86),(161,75),(126,175),(159,88),(159,91),(153,40),(162,165),(92,159),(159,149),(65,68),(167,121),(239,32),
96:(124,85),(124,173),(180,55),(136,48),(151,140),(157,83),(143,153),(164,178),(121,52),(183,120),(144,94),(182,86),(165,48),(156,125),(161,71),(143,93),(98,184),(121,167),(181,86),(161,76),(125,175),(159,89),(159,92),(153,41),(163,165),(92,159),(159,148),(65,68),(167,121),(239,32),
97:(125,85),(125,173),(179,55),(137,48),(150,140),(157,84),(144,153),(163,178),(121,51),(183,121),(143,94),(181,86),(165,49),(156,124),(161,72),(144,93),(98,184),(122,167),(180,86),(161,77),(124,175),(159,90),(159,93),(154,41),(164,165),(92,159),(159,147),(65,68),(167,121),(239,32),
98:(126,85),(126,173),(178,55),(137,47),(150,141),(157,85),(145,153),(162,178),(121,50),(183,122),(142,94),(180,86),(165,50),(156,123),(161,73),(145,93),(98,184),(123,167),(179,86),(161,78),(123,175),(159,91),(159,94),(155,41),(165,165),(92,159),(159,146),(65,68),(167,121),(239,32),
99:(127,85),(127,173),(177,55),(138,47),(149,141),(157,86),(146,153),(161,178),(121,49),(183,123),(141,94),(179,86),(165,51),(156,122),(161,74),(146,93),(98,184),(124,167),(178,86),(161,79),(122,175),(159,92),(159,95),(156,41),(166,165),(92,159),(159,145),(65,68),(167,121),(239,32),
100:(128,85),(128,173),(176,55),(139,47),(148,141),(157,87),(147,153),(160,178),(121,49),(183,124),(140,94),(178,86),(165,52),(155,122),(161,75),(147,93),(98,184),(125,167),(177,86),(161,80),(121,175),(159,93),(159,96),(157,41),(167,165),(92,159),(159,144),(65,68),(167,121),(239,32),
101:(129,85),(129,173),(175,55),(140,47),(147,141),(157,88),(148,153),(160,177),(121,49),(183,125),(139,94),(177,86),(165,53),(155,121),(161,76),(148,93),(98,184),(126,167),(176,86),(161,81),(120,175),(159,94),(159,97),(158,41),(168,165),(92,159),(159,143),(65,68),(167,121),(239,32),
102:(130,85),(130,173),(174,55),(141,47),(147,142),(157,89),(149,153),(159,177),(121,49),(184,125),(138,94),(176,86),(165,54),(155,120),(161,77),(149,93),(98,184),(127,167),(175,86),(161,82),(119,175),(159,95),(159,98),(159,41),(169,165),(92,159),(159,142),(65,68),(167,121),(239,32),
103:(131,85),(131,173),(174,56),(142,47),(147,143),(157,90),(150,153),(158,177),(121,49),(185,125),(137,94),(175,86),(165,55),(154,120),(161,78),(150,93),(98,184),(128,167),(174,86),(160,82),(118,175),(159,96),(159,99),(159,42),(170,165),(92,159),(159,141),(65,68),(167,121),(239,32),
104:(131,86),(132,173),(173,56),(143,47),(147,144),(156,90),(151,153),(157,177),(121,49),(185,126),(136,94),(174,86),(165,56),(154,119),(161,79),(151,93),(98,184),(129,167),(173,86),(159,82),(117,175),(159,97),(159,100),(160,42),(171,165),(92,159),(159,140),(65,68),(167,121),(239,32),
105:(131,87),(133,173),(172,56),(144,47),(147,145),(155,90),(152,153),(156,177),(121,49),(185,127),(135,94),(173,86),(165,57),(153,119),(161,80),(152,93),(98,184),(130,167),(172,86),(159,83),(116,175),(159,98),(159,101),(160,43),(172,165),(92,159),(159,139),(65,68),(167,121),(239,32),
106:(131,88),(134,173),(171,56),(145,47),(147,146),(154,90),(153,153),(155,177),(121,49),(185,128),(134,94),(172,86),(165,58),(152,119),(161,81),(153,93),(98,184),(131,167),(171,86),(159,84),(115,175),(159,99),(159,102),(161,43),(173,165),(92,159),(159,138),(65,68),(167,121),(239,32),
107:(131,89),(135,173),(170,56),(146,47),(147,147),(153,90),(154,153),(154,177),(121,49),(185,129),(133,94),(171,86),(165,59),(152,118),(161,82),(154,93),(98,184),(132,167),(170,86),(159,85),(114,175),(159,100),(159,103),(161,44),(174,165),(92,159),(159,137),(65,68),(167,121),(239,32),
108:(131,90),(136,173),(169,56),(147,47),(147,148),(152,90),(155,153),(153,177),(121,49),(185,130),(132,94),(170,86),(165,60),(151,118),(160,82),(155,93),(98,184),(133,167),(169,86),(159,86),(113,175),(159,101),(159,104),(162,44),(175,165),(92,159),(159,136),(65,68),(167,121),(239,32),
109:(132,90),(137,173),(168,56),(148,47),(146,148),(151,90),(156,153),(152,177),(121,49),(185,131),(131,94),(169,86),(165,61),(151,117),(159,82),(156,93),(98,184),(134,167),(168,86),(159,87),(112,175),(159,102),(159,105),(162,45),(176,165),(92,159),(159,135),(65,68),(167,121),(239,32),
110:(133,90),(138,173),(167,56),(149,47),(145,148),(151,91),(157,153),(151,177),(121,49),(185,132),(130,94),(168,86),(165,62),(150,117),(158,82),(157,93),(98,184),(135,167),(167,86),(159,88),(111,175),(159,103),(159,106),(163,45),(177,165),(92,159),(159,134),(65,68),(167,121),(239,32),
111:(134,90),(139,173),(166,56),(150,47),(144,148),(151,92),(158,153),(150,177),(121,49),(185,133),(129,94),(167,86),(165,63),(150,116),(157,82),(158,93),(98,184),(136,167),(166,86),(159,89),(110,175),(159,104),(159,107),(163,46),(178,165),(92,159),(159,133),(65,68),(167,121),(239,32),
112:(135,90),(140,173),(166,57),(151,47),(143,148),(150,92),(159,153),(149,177),(121,49),(185,134),(128,94),(166,86),(165,64),(149,116),(157,83),(159,93),(98,184),(137,167),(165,86),(159,90),(109,175),(159,105),(159,108),(164,46),(179,165),(92,159),(159,132),(65,68),(167,121),(239,32),
113:(136,90),(141,173),(166,58),(152,47),(142,148),(149,92),(160,153),(148,177),(121,49),(185,135),(127,94),(165,86),(165,65),(149,115),(157,84),(159,94),(98,184),(138,167),(164,86),(159,91),(108,175),(159,106),(159,109),(164,47),(179,164),(92,159),(158,132),(65,68),(167,121),(239,32),
114:(137,90),(142,173),(166,59),(153,47),(141,148),(148,92),(161,153),(147,177),(121,49),(185,136),(126,94),(164,86),(165,66),(148,115),(157,85),(159,95),(98,184),(139,167),(163,86),(159,92),(107,175),(159,107),(159,110),(165,47),(179,163),(92,159),(158,131),(65,68),(167,121),(239,32),
115:(138,90),(143,173),(165,59),(154,47),(140,148),(147,92),(162,153),(146,177),(121,49),(185,137),(125,94),(163,86),(165,67),(148,114),(157,86),(159,96),(98,184),(140,167),(162,86),(159,93),(106,175),(159,108),(159,111),(166,47),(179,162),(92,159),(158,130),(65,68),(167,121),(239,32),
116:(139,90),(144,173),(165,60),(155,47),(139,148),(146,92),(163,153),(145,177),(121,49),(185,138),(124,94),(162,86),(165,68),(148,113),(157,87),(159,97),(98,184),(141,167),(161,86),(159,94),(105,175),(159,109),(159,112),(166,48),(179,161),(92,159),(158,129),(65,68),(167,121),(239,32),
117:(140,90),(145,173),(165,61),(156,47),(138,148),(145,92),(164,153),(144,177),(121,49),(186,138),(123,94),(161,86),(165,69),(147,113),(157,88),(159,98),(98,184),(142,167),(160,86),(159,95),(105,174),(159,110),(159,113),(166,49),(179,160),(92,159),(157,129),(65,68),(167,121),(239,32),
118:(141,90),(146,173),(165,62),(157,47),(138,149),(145,93),(165,153),(143,177),(121,49),(186,139),(122,94),(160,86),(164,69),(146,113),(157,89),(159,99),(98,184),(143,167),(159,86),(159,96),(104,174),(159,111),(159,114),(167,49),(179,159),(92,159),(157,128),(65,68),(167,121),(239,32),
119:(141,91),(147,173),(165,63),(158,47),(137,149),(144,93),(166,153),(142,177),(121,49),(186,140),(121,94),(160,87),(163,69),(145,113),(157,90),(159,100),(98,184),(144,167),(158,86),(159,97),(103,174),(159,112),(159,115),(167,50),(179,158),(92,159),(157,127),(65,68),(167,121),(239,32),
120:(141,92),(148,173),(165,64),(159,47),(136,149),(143,93),(167,153),(141,177),(121,49),(187,140),(120,94),(160,88),(163,70),(144,113),(156,90),(159,101),(98,184),(145,167),(157,86),(159,98),(102,174),(159,113),(159,116),(168,50),(179,157),(92,159),(157,126),(65,68),(167,121),(239,32),
121:(141,93),(149,173),(165,65),(160,47),(135,149),(142,93),(168,153),(140,177),(121,49),(187,141),(119,94),(160,89),(162,70),(143,113),(155,90),(159,102),(98,184),(146,167),(157,87),(159,99),(102,173),(159,114),(159,117),(168,51),(179,156),(92,159),(156,126),(65,68),(167,121),(239,32),
122:(141,94),(150,173),(165,66),(161,47),(134,149),(141,93),(169,153),(139,177),(121,49),(187,142),(118,94),(160,90),(161,70),(142,113),(154,90),(159,103),(98,184),(147,167),(157,88),(159,100),(101,173),(159,115),(159,118),(169,51),(179,155),(92,159),(156,125),(65,68),(167,121),(239,32),
123:(142,94),(151,173),(165,67),(162,47),(133,149),(140,93),(170,153),(138,177),(121,49),(187,143),(117,94),(160,91),(161,71),(141,113),(153,90),(159,104),(98,184),(148,167),(157,89),(159,101),(100,173),(159,116),(159,119),(169,52),(179,154),(92,159),(156,124),(65,68),(167,121),(239,32),
124:(143,94),(152,173),(165,68),(163,47),(132,149),(139,93),(171,153),(137,177),(121,49),(187,144),(116,94),(160,92),(161,72),(141,112),(152,90),(159,105),(98,184),(149,167),(157,90),(159,102),(99,173),(159,117),(159,120),(170,52),(179,153),(92,159),(156,123),(65,68),(167,121),(239,32),
125:(144,94),(153,173),(165,69),(164,47),(131,149),(138,93),(172,153),(136,177),(121,49),(187,145),(115,94),(160,93),(161,73),(140,112),(151,90),(159,106),(98,184),(150,167),(156,90),(159,103),(98,173),(159,118),(159,121),(170,53),(179,152),(92,159),(156,122),(65,68),(167,121),(239,32),
126:(145,94),(154,173),(164,69),(165,47),(130,149),(137,93),(173,153),(135,177),(121,49),(187,146),(114,94),(160,94),(161,74),(140,111),(151,91),(159,107),(98,184),(151,167),(155,90),(159,104),(97,173),(159,119),(159,122),(170,54),(179,151),(92,159),(155,122),(65,68),(167,121),(239,32),
127:(146,94),(155,173),(163,69),(166,47),(129,149),(136,93),(174,153),(134,177),(121,49),(187,147),(113,94),(160,95),(161,75),(140,110),(151,92),(159,108),(98,184),(152,167),(154,90),(159,105),(97,174),(159,120),(159,123),(170,55),(179,150),(92,159),(155,121),(65,68),(167,121),(239,32),
128:(147,94),(156,173),(163,70),(166,48),(128,149),(135,93),(175,153),(133,177),(121,49),(187,148),(112,94),(160,96),(161,76),(139,110),(150,92),(159,109),(98,184),(153,167),(153,90),(159,106),(97,175),(159,121),(159,124),(170,56),(179,149),(92,159),(155,120),(65,68),(167,121),(239,32),
129:(148,94),(157,173),(162,70),(166,49),(128,150),(134,93),(176,153),(132,177),(121,49),(187,149),(111,94),(160,97),(161,77),(139,109),(149,92),(159,110),(98,184),(154,167),(152,90),(159,107),(97,176),(159,122),(159,125),(171,56),(179,148),(92,159),(154,120),(65,68),(167,121),(239,32),
130:(149,94),(158,173),(161,70),(167,49),(128,151),(133,93),(177,153),(132,176),(121,49),(187,150),(110,94),(160,98),(161,78),(139,108),(148,92),(159,111),(98,184),(155,167),(151,90),(159,108),(97,177),(159,123),(159,126),(172,56),(179,147),(92,159),(154,119),(65,68),(167,121),(239,32),
131:(150,94),(159,173),(161,71),(167,50),(128,152),(132,93),(178,153),(131,176),(121,49),(187,151),(109,94),(160,99),(161,79),(138,108),(147,92),(159,112),(98,184),(156,167),(151,91),(159,109),(97,178),(159,124),(159,127),(173,56),(179,146),(92,159),(153,119),(65,68),(167,121),(239,32),
132:(151,94),(159,172),(161,72),(168,50),(127,152),(131,93),(179,153),(131,175),(121,49),(188,151),(108,94),(160,100),(161,80),(137,108),(146,92),(159,113),(98,184),(157,167),(151,92),(159,110),(97,179),(159,125),(159,128),(174,56),(179,145),(92,159),(152,119),(65,68),(167,121),(239,32),
133:(152,94),(159,171),(161,73),(168,51),(126,152),(130,93),(179,152),(130,175),(121,49),(189,151),(107,94),(160,101),(161,81),(136,108),(145,92),(159,114),(98,184),(158,167),(150,92),(159,111),(97,180),(159,126),(159,129),(175,56),(179,144),(92,159),(152,118),(65,68),(167,121),(239,32),
134:(153,94),(159,170),(161,74),(169,51),(125,152),(129,93),(179,151),(129,175),(121,49),(190,151),(106,94),(160,102),(161,82),(135,108),(145,93),(159,115),(98,184),(159,167),(149,92),(159,112),(97,181),(159,127),(159,130),(176,56),(179,143),(92,159),(151,118),(65,68),(167,121),(239,32),
135:(154,94),(159,169),(161,75),(169,52),(124,152),(128,93),(179,150),(128,175),(121,49),(191,151),(105,94),(160,103),(160,82),(134,108),(144,93),(159,116),(98,184),(160,167),(148,92),(159,113),(97,182),(159,128),(159,131),(177,56),(179,142),(92,159),(151,117),(65,68),(167,121),(239,32),
136:(155,94),(159,168),(161,76),(170,52),(123,152),(127,93),(179,149),(127,175),(121,49),(192,151),(104,94),(160,104),(159,82),(133,108),(143,93),(159,117),(98,184),(161,167),(147,92),(159,114),(97,183),(159,129),(159,132),(178,56),(179,141),(92,159),(150,117),(65,68),(167,121),(239,32),
137:(156,94),(159,167),(161,77),(170,53),(122,152),(126,93),(179,148),(126,175),(121,49),(192,152),(104,95),(160,105),(159,83),(132,108),(142,93),(159,118),(98,184),(162,167),(146,92),(159,115),(97,184),(159,130),(159,133),(179,56),(179,140),(92,159),(150,116),(65,68),(167,121),(239,32),
138:(157,94),(159,166),(161,78),(170,54),(121,152),(125,93),(179,147),(125,175),(121,49),(192,153),(104,95),(160,106),(159,84),(131,108),(141,93),(159,119),(98,184),(163,167),(145,92),(159,116),(97,185),(159,131),(159,134),(180,56),(179,139),(92,159),(149,116),(65,68),(167,121),(239,32),
139:(158,94),(159,165),(161,79),(170,55),(120,152),(124,93),(179,146),(124,175),(121,49),(192,154),(104,95),(160,107),(159,85),(130,108),(140,93),(159,120),(98,184),(164,167),(145,93),(159,117),(97,186),(159,132),(159,135),(181,56),(179,138),(92,159),(149,115),(65,68),(167,121),(239,32),
140:(159,94),(159,164),(161,80),(170,56),(119,152),(123,93),(179,145),(123,175),(121,49),(192,155),(104,95),(160,108),(159,86),(129,108),(139,93),(159,121),(98,184),(165,167),(144,93),(159,118),(97,187),(159,133),(159,136),(182,56),(179,137),(92,159),(148,115),(65,68),(167,121),(239,32),
141:(160,94),(159,163),(161,81),(171,56),(118,152),(122,93),(179,144),(122,175),(121,49),(192,156),(104,95),(160,109),(159,87),(128,108),(138,93),(159,122),(98,184),(166,167),(143,93),(159,119),(97,188),(159,134),(159,137),(183,56),(179,136),(92,159),(148,114),(65,68),(167,121),(239,32),
142:(161,94),(159,162),(161,82),(172,56),(117,152),(121,93),(179,143),(121,175),(121,49),(192,157),(104,95),(160,110),(159,88),(127,108),(137,93),(159,123),(98,184),(167,167),(142,93),(159,120),(97,189),(159,135),(158,137),(184,56),(179,135),(92,159),(148,113),(65,68),(167,121),(239,32),
143:(161,95),(159,161),(160,82),(173,56),(116,152),(120,93),(179,142),(120,175),(121,49),(192,157),(104,95),(160,111),(159,89),(126,108),(136,93),(159,124),(98,184),(168,167),(141,93),(159,121),(97,190),(159,136),(158,138),(185,56),(179,134),(92,159),(147,113),(65,68),(167,121),(239,32),
144:(161,95),(159,160),(159,82),(174,56),(116,153),(119,93),(179,141),(119,175),(121,49),(192,157),(104,95),(160,112),(159,90),(125,108),(135,93),(159,125),(98,184),(169,167),(140,93),(159,122),(97,191),(159,137),(157,138),(186,56),(179,133),(92,159),(146,113),(65,68),(167,121),(239,32),
145:(161,95),(159,159),(159,83),(175,56),(115,153),(118,93),(179,140),(118,175),(121,49),(192,157),(104,95),(160,113),(159,91),(124,108),(134,93),(159,126),(98,184),(170,167),(139,93),(159,123),(97,192),(158,137),(156,138),(187,56),(179,132),(92,159),(145,113),(65,68),(167,121),(239,32),
146:(161,95),(159,158),(159,84),(176,56),(114,153),(117,93),(179,139),(117,175),(121,49),(192,157),(104,95),(160,114),(159,92),(123,108),(133,93),(159,127),(98,184),(171,167),(138,93),(159,124),(97,193),(158,138),(156,139),(187,57),(179,131),(92,159),(144,113),(65,68),(167,121),(239,32),
147:(161,95),(159,157),(159,85),(177,56),(113,153),(116,93),(179,138),(116,175),(121,49),(192,157),(104,95),(160,115),(159,93),(122,108),(132,93),(159,128),(98,184),(171,166),(137,93),(159,125),(97,194),(157,138),(155,139),(188,57),(179,130),(92,159),(143,113),(65,68),(167,121),(239,32),
148:(161,95),(159,156),(159,86),(178,56),(112,153),(115,93),(179,137),(115,175),(121,49),(192,157),(104,95),(160,116),(159,94),(121,108),(131,93),(159,129),(98,184),(171,165),(136,93),(159,126),(97,195),(156,138),(154,139),(189,57),(179,129),(92,159),(142,113),(65,68),(167,121),(239,32),
149:(161,95),(159,155),(159,87),(179,56),(111,153),(114,93),(179,136),(114,175),(121,49),(192,157),(104,95),(160,117),(159,95),(120,108),(131,94),(159,130),(98,184),(171,164),(135,93),(159,127),(97,196),(156,139),(154,140),(190,57),(179,128),(92,159),(141,113),(65,68),(167,121),(239,32),
150:(161,95),(159,154),(159,88),(180,56),(110,153),(113,93),(179,135),(113,175),(121,49),(192,157),(104,95),(160,118),(159,96),(119,108),(131,95),(159,131),(98,184),(171,163),(134,93),(159,128),(97,197),(155,139),(154,141),(191,57),(179,127),(92,159),(141,112),(65,68),(167,121),(239,32),
151:(161,95),(159,153),(159,89),(181,56),(109,153),(112,93),(179,134),(112,175),(121,49),(192,157),(104,95),(160,119),(159,97),(118,108),(131,96),(159,132),(98,184),(171,162),(133,93),(159,129),(97,198),(154,139),(154,142),(192,57),(179,126),(92,159),(140,112),(65,68),(167,121),(239,32),
152:(161,95),(159,152),(159,90),(182,56),(108,153),(111,93),(179,133),(111,175),(121,49),(192,157),(104,95),(160,120),(159,98),(117,108),(131,97),(159,133),(98,184),(171,161),(132,93),(159,130),(97,199),(153,139),(154,143),(193,57),(179,125),(92,159),(140,111),(65,68),(167,121),(239,32),
153:(161,95),(159,151),(159,91),(183,56),(107,153),(110,93),(179,132),(110,175),(121,49),(192,157),(104,95),(160,121),(159,99),(116,108),(131,98),(159,134),(98,184),(171,160),(131,93),(159,131),(98,199),(153,140),(154,144),(194,57),(179,124),(92,159),(140,110),(65,68),(167,121),(239,32),
154:(161,95),(159,150),(159,92),(184,56),(106,153),(109,93),(179,131),(109,175),(121,49),(192,157),(104,95),(160,122),(159,100),(115,108),(131,99),(159,135),(98,184),(171,159),(130,93),(159,132),(98,200),(152,140),(154,145),(195,57),(179,123),(92,159),(139,110),(65,68),(167,121),(239,32),
155:(161,95),(159,149),(159,93),(185,56),(105,153),(108,93),(179,130),(108,175),(121,49),(192,157),(104,95),(160,123),(159,101),(114,108),(131,100),(159,136),(98,184),(171,158),(129,93),(159,133),(99,200),(151,140),(154,146),(196,57),(179,122),(92,159),(139,109),(65,68),(167,121),(239,32),
156:(161,95),(159,148),(159,94),(186,56),(104,153),(107,93),(179,129),(107,175),(121,49),(192,157),(104,95),(160,124),(159,102),(113,108),(131,101),(159,137),(98,184),(171,157),(128,93),(159,134),(99,201),(150,140),(154,147),(197,57),(179,121),(92,159),(139,108),(65,68),(167,121),(239,32),
157:(161,95),(159,147),(159,95),(187,56),(103,153),(106,93),(179,128),(106,175),(121,49),(192,157),(104,95),(160,125),(159,103),(112,108),(131,102),(158,137),(98,184),(171,156),(127,93),(159,135),(99,202),(150,141),(154,147),(198,57),(179,120),(92,159),(138,108),(65,68),(167,121),(239,32),
158:(161,95),(159,146),(159,96),(187,55),(102,153),(106,94),(179,127),(105,175),(121,49),(192,157),(104,95),(160,126),(159,104),(111,108),(131,103),(158,138),(98,184),(171,155),(126,93),(159,136),(99,203),(149,141),(154,147),(199,57),(179,119),(92,159),(137,108),(65,68),(167,121),(239,32),
159:(161,95),(159,145),(159,97),(188,55),(101,153),(106,95),(179,126),(105,174),(121,49),(192,157),(104,95),(160,127),(159,105),(110,108),(131,103),(157,138),(98,184),(171,154),(125,93),(159,137),(99,204),(148,141),(154,147),(200,57),(179,118),(92,159),(136,108),(65,68),(167,121),(239,32),
160:(161,95),(159,144),(159,98),(189,55),(100,153),(106,96),(179,125),(104,174),(121,49),(192,157),(104,95),(160,128),(159,106),(109,108),(131,103),(156,138),(98,184),(171,153),(124,93),(158,137),(99,205),(147,141),(154,147),(201,57),(179,117),(92,159),(135,108),(65,68),(167,121),(239,32),
161:(161,95),(159,143),(159,99),(190,55),(99,153),(106,97),(179,124),(103,174),(121,49),(192,157),(104,95),(160,129),(159,107),(108,108),(131,103),(156,139),(98,184),(171,152),(123,93),(158,138),(99,206),(147,142),(154,147),(202,57),(179,116),(92,159),(134,108),(65,68),(167,121),(239,32),
162:(161,95),(159,142),(159,100),(191,55),(98,153),(106,98),(179,123),(102,174),(121,49),(192,157),(104,95),(160,130),(159,108),(107,108),(131,103),(155,139),(98,184),(171,151),(122,93),(157,138),(99,207),(147,143),(154,147),(203,57),(179,115),(92,159),(133,108),(65,68),(167,121),(239,32),
163:(161,95),(159,141),(159,101),(192,55),(97,153),(106,99),(179,122),(102,173),(121,49),(192,157),(104,95),(160,131),(159,109),(106,108),(131,103),(154,139),(98,184),(171,150),(121,93),(156,138),(99,208),(147,144),(154,147),(204,57),(179,114),(92,159),(132,108),(65,68),(167,121),(239,32),
164:(161,95),(159,140),(159,102),(193,55),(97,154),(106,100),(179,121),(101,173),(121,49),(192,157),(104,95),(160,132),(159,110),(105,108),(131,103),(153,139),(98,184),(171,149),(120,93),(156,139),(100,208),(147,145),(154,147),(205,57),(179,113),(92,159),(131,108),(65,68),(167,121),(239,32),
165:(161,95),(159,139),(159,103),(194,55),(97,155),(106,101),(179,120),(100,173),(121,49),(192,157),(104,95),(160,133),(159,111),(104,108),(131,103),(153,140),(98,184),(171,148),(119,93),(155,139),(100,209),(147,146),(154,147),(206,57),(179,112),(92,159),(130,108),(65,68),(167,121),(239,32),
166:(161,95),(159,138),(159,104),(195,55),(97,156),(106,102),(179,119),(99,173),(121,49),(192,157),(104,95),(160,134),(159,112),(103,108),(131,103),(152,140),(98,184),(171,147),(118,93),(154,139),(101,209),(147,147),(154,147),(207,57),(179,111),(92,159),(129,108),(65,68),(167,121),(239,32),
167:(161,95),(159,137),(159,105),(196,55),(97,157),(106,103),(179,118),(98,173),(121,49),(192,157),(104,95),(160,135),(159,113),(102,108),(131,103),(151,140),(98,184),(171,146),(117,93),(153,139),(101,210),(147,148),(154,147),(208,57),(179,110),(92,159),(128,108),(65,68),(167,121),(239,32),
168:(161,95),(159,136),(159,106),(197,55),(97,158),(106,104),(179,117),(97,173),(121,49),(192,157),(104,95),(160,136),(159,114),(101,108),(131,103),(150,140),(98,184),(171,145),(116,93),(153,140),(102,210),(146,148),(154,147),(209,57),(179,109),(92,159),(127,108),(65,68),(167,121),(239,32),
169:(161,95),(159,135),(159,107),(198,55),(97,159),(106,104),(179,116),(96,173),(121,49),(192,157),(104,95),(159,136),(159,115),(100,108),(131,103),(150,141),(98,184),(171,144),(115,93),(152,140),(102,211),(145,148),(154,147),(210,57),(179,108),(92,159),(126,108),(65,68),(167,121),(239,32),
170:(161,95),(159,134),(159,108),(199,55),(97,160),(106,104),(179,115),(95,173),(121,49),(192,157),(104,95),(159,137),(159,116),(99,108),(131,103),(149,141),(98,184),(171,143),(114,93),(151,140),(103,211),(144,148),(154,147),(211,57),(179,107),(92,159),(125,108),(65,68),(167,121),(239,32),
171:(161,95),(159,133),(159,109),(200,55),(97,161),(106,104),(179,114),(94,173),(121,49),(192,157),(104,95),(158,137),(159,117),(98,108),(131,103),(148,141),(98,184),(171,142),(113,93),(150,140),(103,212),(143,148),(154,147),(212,57),(179,106),(92,159),(124,108),(65,68),(167,121),(239,32),
172:(161,95),(159,132),(159,110),(201,55),(97,162),(106,104),(179,113),(93,173),(121,49),(192,157),(104,95),(158,138),(159,118),(97,108),(131,103),(147,141),(98,184),(171,141),(112,93),(150,141),(104,212),(142,148),(154,147),(213,57),(179,105),(92,159),(123,108),(65,68),(167,121),(239,32),
173:(161,95),(158,132),(159,111),(202,55),(97,163),(106,104),(179,112),(92,173),(121,49),(192,157),(104,95),(157,138),(159,119),(96,108),(131,103),(147,142),(98,184),(171,140),(111,93),(149,141),(104,213),(141,148),(154,147),(213,58),(180,105),(92,159),(123,109),(65,68),(167,121),(239,32),
174:(161,95),(158,131),(159,112),(203,55),(97,164),(106,104),(179,111),(91,173),(121,49),(192,157),(104,95),(156,138),(159,120),(95,108),(131,103),(147,143),(98,184),(171,139),(110,93),(148,141),(105,213),(140,148),(154,147),(213,59),(180,104),(92,159),(123,109),(65,68),(167,121),(239,32),
175:(161,95),(158,130),(159,113),(204,55),(97,165),(106,104),(179,110),(90,173),(121,49),(192,157),(104,95),(156,139),(159,121),(94,108),(131,103),(147,144),(98,184),(171,138),(109,93),(147,141),(106,213),(139,148),(154,147),(213,60),(180,103),(92,159),(123,109),(65,68),(167,121),(239,32),
176:(161,95),(158,129),(159,114),(205,55),(97,166),(106,104),(179,109),(89,173),(121,49),(192,157),(104,95),(155,139),(159,122),(93,108),(131,103),(147,145),(98,184),(171,137),(108,93),(147,142),(107,213),(138,148),(154,147),(213,61),(180,102),(92,159),(123,109),(65,68),(167,121),(239,32),
177:(161,95),(157,129),(159,115),(206,55),(97,167),(106,104),(179,108),(88,173),(121,49),(192,157),(104,95),(154,139),(159,123),(92,108),(131,103),(147,146),(98,184),(171,136),(107,93),(147,143),(108,213),(138,149),(154,147),(213,62),(180,101),(92,159),(123,109),(65,68),(167,121),(239,32),
178:(161,95),(157,128),(159,116),(207,55),(97,168),(106,104),(179,107),(87,173),(121,49),(192,157),(104,95),(153,139),(159,124),(91,108),(131,103),(147,147),(98,184),(171,135),(106,93),(147,144),(109,213),(137,149),(154,147),(213,63),(180,100),(92,159),(123,109),(65,68),(167,121),(239,32),
179:(161,95),(157,127),(159,117),(208,55),(97,169),(106,104),(179,106),(86,173),(121,49),(192,157),(104,95),(153,140),(159,125),(90,108),(131,103),(147,148),(98,184),(171,134),(105,93),(147,145),(110,213),(136,149),(154,147),(213,64),(180,99),(92,159),(123,109),(65,68),(167,121),(239,32),
180:(161,95),(157,126),(159,118),(209,55),(97,170),(106,104),(179,105),(85,173),(121,49),(192,157),(104,95),(152,140),(159,126),(89,108),(131,103),(146,148),(98,184),(171,133),(104,93),(147,146),(111,213),(135,149),(154,147),(214,64),(180,98),(92,159),(123,109),(65,68),(167,121),(239,32),
181:(161,95),(156,126),(159,119),(210,55),(97,171),(106,104),(180,105),(84,173),(121,49),(192,157),(104,95),(151,140),(159,127),(88,108),(131,103),(145,148),(98,184),(171,132),(103,93),(147,147),(112,213),(134,149),(154,147),(214,65),(180,97),(92,159),(123,109),(65,68),(167,121),(239,32),
182:(161,95),(156,125),(159,120),(211,55),(97,172),(106,104),(180,104),(83,173),(121,49),(192,157),(104,95),(150,140),(159,128),(87,108),(131,103),(144,148),(98,184),(171,131),(102,93),(147,148),(113,213),(133,149),(154,147),(214,66),(180,96),(92,159),(123,109),(65,68),(167,121),(239,32),
183:(161,95),(156,124),(159,121),(212,55),(97,173),(106,104),(181,104),(82,173),(121,49),(192,157),(104,95),(150,141),(159,129),(86,108),(131,103),(143,148),(98,184),(171,130),(101,93),(146,148),(114,213),(132,149),(154,147),(214,67),(180,95),(92,159),(123,109),(65,68),(167,121),(239,32),
184:(161,95),(156,123),(159,122),(213,55),(97,174),(106,104),(181,103),(81,173),(121,49),(192,157),(104,95),(149,141),(159,130),(85,108),(131,103),(142,148),(98,184),(171,129),(100,93),(145,148),(115,213),(131,149),(154,147),(214,68),(180,94),(92,159),(123,109),(65,68),(167,121),(239,32),
185:(161,95),(156,122),(159,123),(214,55),(97,175),(106,104),(182,103),(80,173),(121,49),(192,157),(104,95),(148,141),(159,131),(85,107),(131,103),(141,148),(98,184),(171,128),(99,93),(144,148),(116,213),(130,149),(154,147),(214,69),(180,93),(92,159),(123,109),(65,68),(167,121),(239,32),
186:(161,95),(155,122),(159,124),(215,55),(97,176),(106,104),(182,102),(79,173),(121,49),(192,157),(104,95),(147,141),(159,132),(84,107),(131,103),(140,148),(98,184),(171,127),(98,93),(143,148),(117,213),(129,149),(154,147),(214,70),(180,92),(92,159),(123,109),(65,68),(167,121),(239,32),
187:(161,95),(155,121),(159,125),(216,55),(97,177),(106,104),(183,102),(78,173),(121,49),(192,157),(104,95),(147,142),(159,133),(83,107),(131,103),(139,148),(98,184),(171,126),(97,93),(142,148),(118,213),(128,149),(154,147),(214,71),(180,91),(92,159),(123,109),(65,68),(167,121),(239,32),
188:(161,95),(155,120),(159,126),(217,55),(97,178),(106,104),(184,102),(77,173),(121,49),(192,157),(104,95),(147,143),(159,134),(83,106),(131,103),(138,148),(98,184),(171,125),(96,93),(141,148),(119,213),(128,150),(154,147),(214,72),(180,90),(92,159),(123,109),(65,68),(167,121),(239,32),
189:(161,95),(154,120),(159,127),(218,55),(97,179),(106,104),(184,101),(76,173),(121,49),(192,157),(104,95),(147,144),(159,135),(82,106),(131,103),(138,149),(98,184),(171,124),(95,93),(140,148),(120,213),(128,151),(154,147),(214,73),(180,89),(92,159),(123,109),(65,68),(167,121),(239,32),
190:(161,95),(154,119),(159,128),(219,55),(97,180),(106,104),(184,100),(75,173),(121,49),(192,157),(104,95),(147,145),(159,136),(82,105),(131,103),(137,149),(98,184),(171,123),(94,93),(139,148),(121,213),(128,152),(154,147),(214,74),(180,88),(92,159),(123,109),(65,68),(167,121),(239,32),
191:(161,95),(153,119),(159,129),(220,55),(97,181),(106,104),(184,99),(74,173),(121,49),(192,157),(104,95),(147,146),(159,137),(81,105),(131,103),(136,149),(98,184),(171,122),(93,93),(138,148),(122,213),(127,152),(154,147),(214,75),(180,87),(92,159),(123,109),(65,68),(167,121),(239,32),
192:(161,95),(152,119),(159,130),(221,55),(97,182),(106,104),(184,98),(73,173),(121,49),(192,157),(104,95),(147,147),(158,137),(80,105),(131,103),(135,149),(98,184),(171,121),(92,93),(138,149),(123,213),(126,152),(154,147),(214,76),(180,86),(92,159),(123,109),(65,68),(167,121),(239,32),
193:(161,95),(152,118),(159,131),(222,55),(97,183),(106,104),(184,97),(72,173),(121,49),(192,157),(104,95),(147,148),(158,138),(80,104),(131,103),(134,149),(98,184),(171,120),(91,93),(137,149),(124,213),(125,152),(154,147),(214,77),(180,85),(92,159),(123,109),(65,68),(167,121),(239,32),
194:(161,95),(151,118),(159,132),(223,55),(97,184),(106,104),(184,96),(71,173),(121,49),(192,157),(104,95),(146,148),(157,138),(79,104),(131,103),(133,149),(98,184),(171,119),(90,93),(136,149),(125,213),(124,152),(154,147),(214,78),(180,84),(92,159),(123,109),(65,68),(167,121),(239,32),
195:(161,95),(151,117),(159,133),(224,55),(97,185),(106,104),(184,95),(70,173),(121,49),(192,157),(104,95),(145,148),(156,138),(79,103),(131,103),(132,149),(98,184),(171,118),(89,93),(135,149),(126,213),(123,152),(154,147),(214,79),(180,83),(92,159),(123,109),(65,68),(167,121),(239,32),
196:(161,95),(150,117),(159,134),(225,55),(97,186),(106,104),(184,94),(69,173),(121,49),(192,157),(104,95),(144,148),(156,139),(78,103),(131,103),(131,149),(98,184),(171,117),(88,93),(134,149),(127,213),(122,152),(154,147),(214,80),(180,82),(92,159),(123,109),(65,68),(167,121),(239,32),
197:(161,95),(150,116),(159,135),(226,55),(97,187),(106,104),(184,93),(68,173),(121,49),(192,157),(104,95),(143,148),(155,139),(77,103),(131,103),(130,149),(98,184),(171,116),(87,93),(133,149),(128,213),(121,152),(154,147),(214,80),(180,81),(92,159),(123,109),(65,68),(167,121),(239,32),
198:(161,95),(149,116),(159,136),(227,55),(97,188),(106,104),(184,92),(67,173),(121,49),(192,157),(104,95),(142,148),(154,139),(77,102),(131,103),(129,149),(98,184),(171,115),(86,93),(132,149),(129,213),(120,152),(154,147),(214,80),(180,80),(92,159),(123,109),(65,68),(167,121),(239,32),
199:(161,95),(149,115),(159,137),(228,55),(97,189),(106,104),(184,91),(66,173),(121,49),(192,157),(104,95),(141,148),(153,139),(76,102),(131,103),(129,150),(98,184),(171,114),(85,93),(131,149),(130,213),(119,152),(154,147),(214,80),(180,79),(92,159),(123,109),(65,68),(167,121),(239,32),
200:(161,95),(148,115),(158,137),(229,55),(97,190),(106,104),(184,90),(65,173),(121,49),(192,157),(104,95),(140,148),(153,140),(76,101),(131,103),(129,151),(98,184),(171,113),(84,93),(130,149),(131,213),(118,152),(154,147),(214,80),(180,78),(92,159),(123,109),(65,68),(167,121),(239,32),
201:(161,95),(148,114),(158,138),(230,55),(97,191),(106,104),(184,89),(64,173),(121,49),(192,157),(104,95),(139,148),(152,140),(76,100),(131,103),(129,152),(98,184),(171,112),(83,93),(129,149),(131,214),(117,152),(154,147),(214,80),(180,77),(92,159),(123,109),(65,68),(167,121),(239,32),
202:(161,95),(148,113),(157,138),(231,55),(97,192),(106,104),(184,88),(63,173),(121,49),(192,157),(104,95),(138,148),(151,140),(76,99),(131,103),(129,153),(98,184),(171,111),(82,93),(128,149),(132,214),(116,152),(154,147),(214,80),(180,76),(92,159),(123,109),(65,68),(167,121),(239,32),
203:(161,95),(147,113),(156,138),(232,55),(97,193),(106,104),(184,87),(62,173),(121,49),(192,157),(104,95),(138,149),(150,140),(75,99),(131,103),(129,154),(98,184),(171,110),(81,93),(128,150),(133,214),(116,153),(154,147),(214,80),(180,75),(92,159),(123,109),(65,68),(167,121),(239,32),
204:(161,95),(146,113),(156,139),(233,55),(97,194),(106,104),(184,86),(61,173),(121,49),(192,157),(104,95),(137,149),(150,141),(75,98),(131,103),(129,155),(98,184),(171,109),(80,93),(128,151),(134,214),(115,153),(154,147),(214,80),(180,74),(92,159),(123,109),(65,68),(167,121),(239,32),
205:(161,95),(145,113),(155,139),(234,55),(97,195),(106,104),(184,85),(60,173),(121,49),(192,157),(104,95),(136,149),(149,141),(75,97),(131,103),(129,156),(98,184),(171,108),(79,93),(128,152),(135,214),(114,153),(154,147),(214,80),(180,73),(92,159),(123,109),(65,68),(167,121),(239,32),
206:(161,95),(144,113),(154,139),(235,55),(97,196),(106,104),(184,84),(59,173),(121,49),(192,157),(104,95),(135,149),(148,141),(74,97),(131,103),(129,157),(98,184),(171,107),(78,93),(127,152),(136,214),(113,153),(154,147),(214,80),(180,72),(92,159),(123,109),(65,68),(167,121),(239,32),
207:(161,95),(143,113),(153,139),(236,55),(97,197),(106,104),(184,83),(58,173),(121,49),(192,157),(104,95),(134,149),(147,141),(74,96),(131,103),(129,158),(98,184),(171,106),(77,93),(126,152),(137,214),(112,153),(154,147),(214,80),(180,71),(92,159),(123,109),(65,68),(167,121),(239,32),
208:(161,95),(142,113),(153,140),(237,55),(97,198),(106,104),(184,82),(57,173),(121,49),(192,157),(104,95),(133,149),(147,142),(73,96),(131,103),(129,158),(98,184),(171,105),(76,93),(125,152),(138,214),(111,153),(154,147),(214,80),(180,70),(92,159),(123,109),(65,68),(167,121),(239,32),
209:(161,95),(141,113),(152,140),(238,55),(97,199),(106,104),(184,81),(56,173),(121,49),(192,157),(104,95),(132,149),(147,143),(72,96),(131,103),(129,158),(98,184),(171,104),(75,93),(124,152),(139,214),(110,153),(154,147),(214,80),(180,69),(92,159),(123,109),(65,68),(167,121),(239,32),
210:(161,95),(141,112),(151,140),(239,55),(98,199),(106,104),(184,80),(55,173),(121,49),(192,157),(104,95),(131,149),(147,144),(71,96),(131,103),(129,158),(98,184),(171,103),(74,93),(123,152),(140,214),(109,153),(154,147),(214,80),(180,68),(92,159),(123,109),(65,68),(167,121),(239,32),
211:(161,95),(140,112),(150,140),(240,55),(98,200),(106,104),(184,79),(54,173),(121,49),(192,157),(104,95),(130,149),(147,145),(70,96),(131,103),(129,158),(98,184),(171,102),(73,93),(122,152),(141,214),(108,153),(154,147),(214,80),(180,67),(92,159),(123,109),(65,68),(167,121),(239,32),
212:(161,95),(140,111),(150,141),(241,55),(99,200),(106,104),(184,78),(53,173),(121,49),(192,157),(104,95),(129,149),(147,146),(70,95),(131,103),(129,158),(98,184),(171,101),(72,93),(121,152),(142,214),(107,153),(154,147),(214,80),(180,66),(92,159),(123,109),(65,68),(167,121),(239,32),
213:(161,95),(140,110),(149,141),(242,55),(99,201),(106,104),(184,77),(52,173),(121,49),(192,157),(104,95),(128,149),(147,147),(69,95),(131,103),(129,158),(98,184),(171,101),(71,93),(120,152),(143,214),(106,153),(154,147),(214,80),(180,65),(92,159),(123,109),(65,68),(167,121),(239,32),
214:(161,95),(139,110),(148,141),(243,55),(99,202),(106,104),(184,76),(51,173),(121,49),(192,157),(104,95),(128,150),(147,148),(68,95),(131,103),(129,158),(98,184),(171,101),(70,93),(119,152),(144,214),(105,153),(154,147),(214,80),(180,64),(92,159),(123,109),(65,68),(167,121),(239,32),
215:(161,95),(139,109),(147,141),(244,55),(99,203),(106,104),(184,75),(50,173),(121,49),(192,157),(104,95),(128,151),(146,148),(67,95),(131,103),(129,158),(98,184),(171,101),(69,93),(118,152),(145,214),(104,153),(154,147),(214,80),(180,63),(92,159),(123,109),(65,68),(167,121),(239,32),
216:(161,95),(139,108),(147,142),(245,55),(99,204),(106,104),(184,74),(49,173),(121,49),(192,157),(104,95),(128,152),(145,148),(66,95),(131,103),(129,158),(98,184),(171,101),(68,93),(117,152),(146,214),(103,153),(154,147),(214,80),(180,62),(92,159),(123,109),(65,68),(167,121),(239,32),
217:(161,95),(138,108),(147,143),(246,55),(99,205),(106,104),(184,73),(48,173),(121,49),(192,157),(104,95),(127,152),(144,148),(65,95),(131,103),(129,158),(98,184),(171,101),(67,93),(116,152),(147,214),(102,153),(154,147),(214,80),(180,61),(92,159),(123,109),(65,68),(167,121),(239,32),
218:(161,95),(137,108),(147,144),(246,54),(99,206),(106,104),(184,72),(48,172),(121,49),(192,157),(104,95),(126,152),(143,148),(64,95),(131,103),(129,158),(98,184),(171,101),(66,93),(116,153),(147,215),(101,153),(154,147),(214,80),(180,60),(92,159),(123,109),(65,68),(167,121),(239,32),
219:(161,95),(136,108),(147,145),(246,53),(99,207),(106,104),(184,71),(48,171),(121,49),(192,157),(104,95),(125,152),(142,148),(63,95),(131,103),(129,158),(98,184),(171,101),(65,93),(115,153),(147,216),(100,153),(154,147),(214,80),(180,59),(92,159),(123,109),(65,68),(167,121),(239,32),
220:(161,95),(135,108),(147,146),(246,52),(99,208),(106,104),(184,70),(48,170),(121,49),(192,157),(104,95),(124,152),(141,148),(62,95),(131,103),(129,158),(98,184),(171,101),(65,92),(114,153),(147,217),(99,153),(154,147),(214,80),(180,58),(92,159),(123,109),(65,68),(167,121),(239,32),
221:(161,95),(134,108),(147,147),(246,51),(100,208),(106,104),(184,69),(48,169),(121,49),(192,157),(104,95),(123,152),(140,148),(62,94),(131,103),(129,158),(98,184),(171,101),(65,91),(113,153),(147,218),(98,153),(154,147),(214,80),(180,57),(92,159),(123,109),(65,68),(167,121),(239,32),
222:(161,95),(133,108),(147,148),(246,50),(100,209),(106,104),(184,69),(48,168),(121,49),(192,157),(104,95),(122,152),(139,148),(62,93),(131,103),(129,158),(98,184),(171,101),(65,90),(112,153),(147,219),(97,153),(154,147),(214,80),(180,56),(92,159),(123,109),(65,68),(167,121),(239,32),
223:(161,95),(132,108),(146,148),(246,49),(101,209),(106,104),(184,69),(48,167),(121,49),(192,157),(104,95),(121,152),(138,148),(62,92),(131,103),(129,158),(98,184),(171,101),(65,89),(111,153),(147,220),(96,153),(154,147),(214,80),(180,55),(92,159),(123,109),(65,68),(167,121),(239,32),
224:(161,95),(131,108),(145,148),(246,48),(101,210),(106,104),(184,69),(48,166),(121,49),(192,157),(104,95),(120,152),(138,149),(62,91),(131,103),(129,158),(98,184),(171,101),(65,88),(110,153),(148,220),(95,153),(154,147),(214,80),(180,54),(92,159),(123,109),(65,68),(167,121),(239,32),
225:(161,95),(130,108),(144,148),(246,47),(102,210),(106,104),(184,69),(48,165),(121,49),(192,157),(104,95),(119,152),(137,149),(62,90),(131,103),(129,158),(98,184),(171,101),(65,87),(109,153),(148,221),(94,153),(154,147),(214,80),(180,53),(92,159),(123,109),(65,68),(167,121),(239,32),
226:(161,95),(129,108),(143,148),(246,46),(102,211),(106,104),(184,69),(48,164),(121,49),(192,157),(104,95),(118,152),(136,149),(62,89),(131,103),(129,158),(98,184),(171,101),(65,86),(108,153),(148,222),(93,153),(154,147),(214,80),(180,52),(92,159),(123,109),(65,68),(167,121),(239,32),
227:(161,95),(128,108),(142,148),(246,45),(103,211),(106,104),(184,69),(48,163),(121,49),(192,157),(104,95),(117,152),(135,149),(62,88),(131,103),(129,158),(98,184),(171,101),(65,85),(107,153),(148,223),(92,153),(154,147),(214,80),(180,51),(92,159),(123,109),(65,68),(167,121),(239,32),
228:(161,95),(127,108),(141,148),(246,44),(103,212),(106,104),(184,69),(48,162),(121,49),(192,157),(104,95),(116,152),(134,149),(62,87),(131,103),(129,158),(98,184),(171,101),(65,84),(106,153),(148,224),(91,153),(154,147),(214,80),(180,50),(92,159),(123,109),(65,68),(167,121),(239,32),
229:(161,95),(126,108),(140,148),(246,43),(104,212),(106,104),(184,69),(48,161),(121,49),(192,157),(104,95),(116,153),(133,149),(62,86),(131,103),(129,158),(98,184),(171,101),(65,83),(105,153),(148,225),(90,153),(154,147),(214,80),(180,49),(92,159),(123,109),(65,68),(167,121),(239,32),
230:(161,95),(125,108),(139,148),(246,42),(104,213),(106,104),(184,69),(48,160),(121,49),(192,157),(104,95),(115,153),(132,149),(62,85),(131,103),(129,158),(98,184),(171,101),(65,82),(104,153),(148,226),(89,153),(154,147),(214,80),(180,48),(92,159),(123,109),(65,68),(167,121),(239,32),
231:(161,95),(124,108),(138,148),(246,41),(105,213),(106,104),(184,69),(48,159),(121,49),(192,157),(104,95),(114,153),(131,149),(62,84),(131,103),(129,158),(98,184),(171,101),(65,81),(103,153),(148,226),(88,153),(154,147),(214,80),(180,47),(92,159),(123,109),(65,68),(167,121),(239,32),
232:(161,95),(123,108),(138,149),(246,40),(106,213),(106,104),(184,69),(48,158),(121,49),(192,157),(104,95),(113,153),(130,149),(62,83),(131,103),(129,158),(98,184),(171,101),(65,80),(102,153),(148,226),(87,153),(154,147),(214,80),(180,46),(92,159),(123,109),(65,68),(167,121),(239,32),
233:(161,95),(122,108),(137,149),(246,39),(107,213),(106,104),(184,69),(48,157),(121,49),(192,157),(104,95),(112,153),(129,149),(62,82),(131,103),(129,158),(98,184),(171,101),(65,79),(101,153),(148,226),(86,153),(154,147),(214,80),(179,46),(92,159),(123,109),(65,68),(167,121),(239,32),
234:(161,95),(121,108),(136,149),(246,38),(108,213),(106,104),(184,69),(48,156),(121,49),(192,157),(104,95),(111,153),(128,149),(62,81),(131,103),(129,158),(98,184),(171,101),(65,78),(100,153),(148,226),(85,153),(154,147),(214,80),(179,45),(92,159),(123,109),(65,68),(167,121),(239,32),
235:(161,95),(120,108),(135,149),(246,37),(109,213),(106,104),(184,69),(48,155),(121,49),(192,157),(104,95),(110,153),(128,150),(62,80),(131,103),(129,158),(98,184),(171,101),(65,77),(99,153),(148,226),(84,153),(154,147),(214,80),(178,45),(92,159),(123,109),(65,68),(167,121),(239,32),
236:(161,95),(119,108),(134,149),(246,36),(110,213),(106,104),(184,69),(48,154),(121,49),(192,157),(104,95),(109,153),(128,151),(62,79),(131,103),(129,158),(98,184),(171,101),(65,76),(98,153),(148,226),(83,153),(154,147),(214,80),(178,44),(92,159),(123,109),(65,68),(167,121),(239,32),
237:(161,95),(118,108),(133,149),(246,36),(111,213),(106,104),(184,69),(48,153),(121,49),(192,157),(104,95),(108,153),(128,152),(62,78),(131,103),(129,158),(98,184),(171,101),(65,75),(97,153),(148,226),(82,153),(154,147),(214,80),(177,44),(92,159),(123,109),(65,68),(167,121),(239,32),
238:(161,95),(117,108),(132,149),(246,36),(112,213),(106,104),(184,69),(48,152),(121,49),(192,157),(104,95),(107,153),(127,152),(62,77),(131,103),(129,158),(98,184),(171,101),(64,75),(96,153),(148,226),(81,153),(154,147),(214,80),(176,44),(92,159),(123,109),(65,68),(167,121),(239,32),
239:(161,95),(116,108),(131,149),(246,36),(113,213),(106,104),(184,69),(48,151),(121,49),(192,157),(104,95),(106,153),(126,152),(62,76),(131,103),(129,158),(98,184),(171,101),(64,74),(96,154),(148,226),(80,153),(154,147),(214,80),(175,44),(92,159),(123,109),(65,68),(167,121),(239,32),
240:(161,95),(115,108),(130,149),(246,36),(114,213),(106,104),(184,69),(48,150),(121,49),(192,157),(104,95),(105,153),(125,152),(62,75),(131,103),(129,158),(98,184),(171,101),(64,73),(96,155),(148,226),(79,153),(154,147),(214,80),(174,44),(92,159),(123,109),(65,68),(167,121),(239,32),
241:(161,95),(114,108),(129,149),(246,36),(115,213),(106,104),(184,69),(48,149),(121,49),(192,157),(104,95),(104,153),(124,152),(62,74),(131,103),(129,158),(98,184),(171,101),(64,72),(96,156),(148,226),(78,153),(154,147),(214,80),(173,44),(92,159),(123,109),(65,68),(167,121),(239,32),
242:(161,95),(113,108),(128,149),(246,36),(116,213),(106,104),(184,69),(48,148),(121,49),(192,157),(104,95),(103,153),(123,152),(62,73),(131,103),(129,158),(98,184),(171,101),(64,71),(96,157),(148,226),(77,153),(154,147),(214,80),(173,43),(92,159),(123,109),(65,68),(167,121),(239,32),
243:(161,95),(112,108),(128,150),(246,36),(117,213),(106,104),(184,69),(48,148),(121,49),(192,157),(104,95),(102,153),(122,152),(62,72),(131,103),(129,158),(98,184),(171,101),(64,70),(96,158),(148,226),(76,153),(154,147),(214,80),(172,43),(92,159),(123,109),(65,68),(167,121),(239,32),
244:(161,95),(111,108),(128,151),(246,36),(118,213),(106,104),(184,69),(48,148),(121,49),(192,157),(104,95),(101,153),(121,152),(62,71),(131,103),(129,158),(98,184),(171,101),(63,70),(96,159),(148,226),(75,153),(154,147),(214,80),(171,43),(92,159),(123,109),(65,68),(167,121),(239,32),
245:(161,95),(110,108),(128,152),(246,36),(119,213),(106,104),(184,69),(48,148),(121,49),(192,157),(104,95),(100,153),(120,152),(62,70),(131,103),(129,158),(98,184),(171,101),(63,69),(96,160),(148,226),(74,153),(154,147),(214,80),(170,43),(92,159),(123,109),(65,68),(167,121),(239,32),
246:(161,95),(109,108),(127,152),(246,36),(120,213),(106,104),(184,69),(48,148),(121,49),(192,157),(104,95),(99,153),(119,152),(62,69),(131,103),(129,158),(98,184),(171,101),(63,68),(96,161),(148,226),(73,153),(154,147),(214,80),(170,42),(92,159),(123,109),(65,68),(167,121),(239,32),
247:(161,95),(108,108),(126,152),(246,36),(121,213),(106,104),(184,69),(48,148),(121,49),(192,157),(104,95),(98,153),(118,152),(62,68),(131,103),(129,158),(98,184),(171,101),(63,67),(96,162),(148,226),(72,153),(154,147),(214,80),(170,41),(92,159),(123,109),(65,68),(167,121),(239,32),
248:(161,95),(107,108),(125,152),(246,36),(122,213),(106,104),(184,69),(48,148),(121,49),(192,157),(104,95),(97,153),(117,152),(62,67),(131,103),(129,158),(98,184),(171,101),(63,67),(96,163),(148,226),(71,153),(154,147),(214,80),(170,40),(92,159),(123,109),(65,68),(167,121),(239,32),
249:(161,95),(106,108),(124,152),(246,36),(123,213),(106,104),(184,69),(48,148),(121,49),(192,157),(104,95),(96,153),(116,152),(62,66),(131,103),(129,158),(98,184),(171,101),(62,67),(96,164),(148,226),(70,153),(154,147),(214,80),(170,39),(92,159),(123,109),(65,68),(167,121),(239,32),
250:(161,95),(105,108),(123,152),(246,36),(124,213),(106,104),(184,69),(48,148),(121,49),(192,157),(104,95),(95,153),(116,153),(62,65),(131,103),(129,158),(98,184),(171,101),(61,67),(96,165),(148,226),(69,153),(154,147),(214,80),(170,38),(92,159),(123,109),(65,68),(167,121),(239,32),
251:(161,95),(104,108),(122,152),(246,36),(125,213),(106,104),(184,69),(48,148),(121,49),(192,157),(104,95),(94,153),(115,153),(62,64),(131,103),(129,158),(98,184),(171,101),(60,67),(96,166),(148,226),(68,153),(154,147),(214,80),(170,37),(92,159),(123,109),(65,68),(167,121),(239,32),
252:(161,95),(103,108),(121,152),(246,36),(126,213),(106,104),(184,69),(48,148),(121,49),(192,157),(104,95),(93,153),(114,153),(62,63),(131,103),(129,158),(98,184),(171,101),(59,67),(96,167),(148,226),(67,153),(154,147),(214,80),(170,36),(92,159),(123,109),(65,68),(167,121),(239,32),
253:(161,95),(102,108),(120,152),(246,36),(127,213),(106,104),(184,69),(48,148),(121,49),(192,157),(104,95),(92,153),(113,153),(62,62),(131,103),(129,158),(98,184),(171,101),(58,67),(96,168),(148,226),(66,153),(154,147),(214,80),(170,35),(92,159),(123,109),(65,68),(167,121),(239,32),
254:(161,95),(101,108),(119,152),(246,36),(128,213),(106,104),(184,69),(48,148),(121,49),(192,157),(104,95),(91,153),(112,153),(62,61),(131,103),(129,158),(98,184),(171,101),(57,67),(96,169),(148,226),(65,153),(154,147),(214,80),(170,34),(92,159),(123,109),(65,68),(167,121),(239,32),
255:(161,95),(100,108),(118,152),(246,36),(129,213),(106,104),(184,69),(48,148),(121,49),(192,157),(104,95),(90,153),(111,153),(62,60),(131,103),(129,158),(98,184),(171,101),(56,67),(96,170),(148,226),(64,153),(154,147),(214,80),(170,33),(92,159),(123,109),(65,68),(167,121),(239,32),
256:(161,95),(99,108),(117,152),(246,36),(130,213),(106,104),(184,69),(48,148),(121,49),(192,157),(104,95),(89,153),(110,153),(62,59),(131,103),(129,158),(98,184),(171,101),(55,67),(96,171),(148,226),(63,153),(154,147),(214,80),(170,32),(92,159),(123,109),(65,68),(167,121),(239,32),
257:(161,95),(98,108),(116,152),(246,36),(131,213),(106,104),(184,69),(48,148),(121,49),(192,157),(104,95),(88,153),(109,153),(62,58),(131,103),(129,158),(98,184),(171,101),(54,67),(96,172),(148,226),(62,153),(154,147),(214,80),(170,31),(92,159),(123,109),(65,68),(167,121),(239,32),
258:(161,95),(97,108),(116,153),(246,36),(131,214),(106,104),(184,69),(48,148),(121,49),(192,157),(104,95),(87,153),(108,153),(62,57),(131,103),(129,158),(98,184),(171,101),(53,67),(96,173),(148,226),(61,153),(154,147),(214,80),(170,31),(92,159),(123,109),(65,68),(167,121),(239,32),
259:(161,95),(96,108),(115,153),(246,36),(132,214),(106,104),(184,69),(48,148),(121,49),(192,157),(104,95),(86,153),(107,153),(62,56),(131,103),(129,158),(98,184),(171,101),(52,67),(96,174),(148,226),(60,153),(154,147),(214,80),(170,31),(92,159),(123,109),(65,68),(167,121),(239,32),
260:(161,95),(95,108),(114,153),(246,36),(133,214),(106,104),(184,69),(48,148),(121,49),(192,157),(104,95),(85,153),(106,153),(62,55),(131,103),(129,158),(98,184),(171,101),(51,67),(96,175),(148,226),(59,153),(154,147),(214,80),(170,31),(92,159),(123,109),(65,68),(167,121),(239,32),
261:(161,95),(94,108),(113,153),(246,36),(134,214),(106,104),(184,69),(48,148),(121,49),(192,157),(104,95),(84,153),(105,153),(62,54),(131,103),(129,158),(98,184),(171,101),(50,67),(96,176),(148,226),(58,153),(154,147),(214,80),(170,31),(92,159),(123,109),(65,68),(167,121),(239,32),
262:(161,95),(93,108),(112,153),(246,36),(135,214),(106,104),(184,69),(48,148),(121,49),(192,157),(104,95),(83,153),(104,153),(62,53),(131,103),(129,158),(98,184),(171,101),(49,67),(96,177),(148,226),(57,153),(154,147),(214,80),(170,31),(92,159),(123,109),(65,68),(167,121),(239,32),
263:(161,95),(92,108),(111,153),(246,36),(136,214),(106,104),(184,69),(48,148),(121,49),(192,157),(104,95),(82,153),(103,153),(62,52),(131,103),(129,158),(98,184),(171,101),(48,67),(96,178),(148,226),(56,153),(154,147),(214,80),(170,31),(92,159),(123,109),(65,68),(167,121),(239,32),
264:(161,95),(91,108),(110,153),(246,36),(137,214),(106,104),(184,69),(48,148),(121,49),(192,157),(104,95),(81,153),(102,153),(62,51),(131,103),(129,158),(98,184),(171,101),(47,67),(96,179),(148,226),(55,153),(154,147),(214,80),(170,31),(92,159),(123,109),(65,68),(167,121),(239,32),
265:(161,95),(90,108),(109,153),(246,36),(138,214),(106,104),(184,69),(48,148),(121,49),(192,157),(104,95),(80,153),(101,153),(62,50),(131,103),(129,158),(98,184),(171,101),(46,67),(96,180),(148,226),(54,153),(154,147),(214,80),(170,31),(92,159),(123,109),(65,68),(167,121),(239,32),
266:(161,95),(89,108),(108,153),(246,36),(139,214),(106,104),(184,69),(48,148),(121,49),(192,157),(104,95),(79,153),(100,153),(62,49),(131,103),(129,158),(98,184),(171,101),(46,67),(96,181),(148,226),(53,153),(154,147),(214,80),(170,31),(92,159),(123,109),(65,68),(167,121),(239,32),
267:(161,95),(88,108),(107,153),(246,36),(140,214),(106,104),(184,69),(48,148),(121,49),(192,157),(104,95),(78,153),(99,153),(62,48),(131,103),(129,158),(98,184),(171,101),(46,67),(96,182),(148,226),(52,153),(154,147),(214,80),(170,31),(92,159),(123,109),(65,68),(167,121),(239,32),
268:(161,95),(87,108),(106,153),(246,36),(141,214),(106,104),(184,69),(48,148),(121,49),(192,157),(104,95),(77,153),(98,153),(62,47),(131,103),(129,158),(98,184),(171,101),(46,67),(96,183),(148,226),(51,153),(154,147),(214,80),(170,31),(92,159),(123,109),(65,68),(167,121),(239,32),
269:(161,95),(86,108),(105,153),(246,36),(142,214),(106,104),(184,69),(48,148),(121,49),(192,157),(104,95),(76,153),(97,153),(62,46),(131,103),(129,158),(98,184),(171,101),(46,67),(96,184),(148,226),(50,153),(154,147),(214,80),(170,31),(92,159),(123,109),(65,68),(167,121),(239,32),
270:(161,95),(85,108),(104,153),(246,36),(143,214),(106,104),(184,69),(48,148),(121,49),(192,157),(104,95),(75,153),(96,153),(62,45),(131,103),(129,158),(98,184),(171,101),(46,67),(96,185),(148,226),(50,152),(154,147),(214,80),(170,31),(92,159),(123,109),(65,68),(167,121),(239,32),
271:(161,95),(85,107),(103,153),(246,36),(144,214),(106,104),(184,69),(48,148),(121,49),(192,157),(104,95),(74,153),(95,153),(62,44),(131,103),(129,158),(98,184),(171,101),(46,67),(96,186),(148,226),(50,151),(154,147),(214,80),(170,31),(92,159),(123,109),(65,68),(167,121),(239,32),
272:(161,95),(84,107),(102,153),(246,36),(145,214),(106,104),(184,69),(48,148),(121,49),(192,157),(104,95),(73,153),(94,153),(62,43),(131,103),(129,158),(98,184),(171,101),(46,67),(96,187),(148,226),(50,150),(154,147),(214,80),(170,31),(92,159),(123,109),(65,68),(167,121),(239,32),
273:(161,95),(83,107),(101,153),(246,36),(146,214),(106,104),(184,69),(48,148),(121,49),(192,157),(104,95),(72,153),(93,153),(62,42),(131,103),(129,158),(98,184),(171,101),(46,67),(96,188),(148,226),(50,149),(154,147),(214,80),(170,31),(92,159),(123,109),(65,68),(167,121),(239,32),
274:(161,95),(83,106),(100,153),(246,36),(147,214),(106,104),(184,69),(48,148),(121,49),(192,157),(104,95),(71,153),(92,153),(62,41),(131,103),(129,158),(98,184),(171,101),(46,67),(96,188),(148,226),(50,148),(154,147),(214,80),(170,31),(92,159),(123,109),(65,68),(167,121),(239,32),
275:(161,95),(82,106),(99,153),(246,36),(148,214),(106,104),(184,69),(48,148),(121,49),(192,157),(104,95),(70,153),(91,153),(62,41),(131,103),(129,158),(98,184),(171,101),(46,67),(96,188),(148,226),(50,147),(154,147),(214,80),(170,31),(92,159),(123,109),(65,68),(167,121),(239,32),
276:(161,95),(82,105),(98,153),(246,36),(148,215),(106,104),(184,69),(48,148),(121,49),(192,157),(104,95),(70,154),(90,153),(62,41),(131,103),(129,158),(98,184),(171,101),(46,67),(96,188),(148,226),(50,146),(154,147),(214,80),(170,31),(92,159),(123,109),(65,68),(167,121),(239,32),
277:(161,95),(81,105),(97,153),(246,36),(148,216),(106,104),(184,69),(48,148),(121,49),(192,157),(104,95),(70,155),(89,153),(62,41),(131,103),(129,158),(98,184),(171,101),(46,67),(96,188),(148,226),(50,145),(154,147),(214,80),(170,31),(92,159),(123,109),(65,68),(167,121),(239,32),
278:(161,95),(80,105),(96,153),(246,36),(148,217),(106,104),(184,69),(48,148),(121,49),(192,157),(104,95),(70,156),(88,153),(62,41),(131,103),(129,158),(98,184),(171,101),(46,67),(96,188),(148,226),(50,145),(154,147),(214,80),(170,31),(92,159),(123,109),(65,68),(167,121),(239,32),
279:(161,95),(80,104),(95,153),(246,36),(148,218),(106,104),(184,69),(48,148),(121,49),(192,157),(104,95),(70,157),(87,153),(62,41),(131,103),(129,158),(98,184),(171,101),(46,67),(96,188),(148,226),(50,145),(154,147),(214,80),(170,31),(92,159),(123,109),(65,68),(167,121),(239,32),
280:(161,95),(79,104),(94,153),(246,36),(148,219),(106,104),(184,69),(48,148),(121,49),(192,157),(104,95),(70,158),(86,153),(62,41),(131,103),(129,158),(98,184),(171,101),(46,67),(96,188),(148,226),(50,145),(154,147),(214,80),(170,31),(92,159),(123,109),(65,68),(167,121),(239,32),
281:(161,95),(79,103),(93,153),(246,36),(148,219),(106,104),(184,69),(48,148),(121,49),(192,157),(104,95),(70,159),(85,153),(62,41),(131,103),(129,158),(98,184),(171,101),(46,67),(96,188),(148,226),(50,145),(154,147),(214,80),(170,31),(92,159),(123,109),(65,68),(167,121),(239,32),
282:(161,95),(78,103),(92,153),(246,36),(148,219),(106,104),(184,69),(48,148),(121,49),(192,157),(104,95),(70,160),(84,153),(62,41),(131,103),(129,158),(98,184),(171,101),(46,67),(96,188),(148,226),(50,145),(154,147),(214,80),(170,31),(92,159),(123,109),(65,68),(167,121),(239,32),
283:(161,95),(77,103),(91,153),(246,36),(148,219),(106,104),(184,69),(48,148),(121,49),(192,157),(104,95),(70,161),(83,153),(62,41),(131,103),(129,158),(98,184),(171,101),(46,67),(96,188),(148,226),(50,145),(154,147),(214,80),(170,31),(92,159),(123,109),(65,68),(167,121),(239,32),
284:(161,95),(77,102),(90,153),(246,36),(148,219),(106,104),(184,69),(48,148),(121,49),(192,157),(104,95),(70,162),(82,153),(62,41),(131,103),(129,158),(98,184),(171,101),(46,67),(96,188),(148,226),(50,145),(154,147),(214,80),(170,31),(92,159),(123,109),(65,68),(167,121),(239,32),
285:(161,95),(76,102),(89,153),(246,36),(148,219),(106,104),(184,69),(48,148),(121,49),(192,157),(104,95),(70,163),(81,153),(62,41),(131,103),(129,158),(98,184),(171,101),(46,67),(96,188),(148,226),(50,145),(154,147),(214,80),(170,31),(92,159),(123,109),(65,68),(167,121),(239,32),
286:(161,95),(76,101),(88,153),(246,36),(148,219),(106,104),(184,69),(48,148),(121,49),(192,157),(104,95),(70,164),(80,153),(62,41),(131,103),(129,158),(98,184),(171,101),(46,67),(96,188),(148,226),(50,145),(154,147),(214,80),(170,31),(92,159),(123,109),(65,68),(167,121),(239,32),
287:(161,95),(76,100),(87,153),(246,36),(148,219),(106,104),(184,69),(48,148),(121,49),(192,157),(104,95),(70,165),(79,153),(62,41),(131,103),(129,158),(98,184),(171,101),(46,67),(96,188),(148,226),(50,145),(154,147),(214,80),(170,31),(92,159),(123,109),(65,68),(167,121),(239,32),
288:(161,95),(76,99),(86,153),(246,36),(148,219),(106,104),(184,69),(48,148),(121,49),(192,157),(104,95),(70,166),(78,153),(62,41),(131,103),(129,158),(98,184),(171,101),(46,67),(96,188),(148,226),(50,145),(154,147),(214,80),(170,31),(92,159),(123,109),(65,68),(167,121),(239,32),
289:(161,95),(75,99),(85,153),(246,36),(148,219),(106,104),(184,69),(48,148),(121,49),(192,157),(104,95),(70,167),(77,153),(62,41),(131,103),(129,158),(98,184),(171,101),(46,67),(96,188),(148,226),(50,145),(154,147),(214,80),(170,31),(92,159),(123,109),(65,68),(167,121),(239,32),
290:(161,95),(75,98),(84,153),(246,36),(148,219),(106,104),(184,69),(48,148),(121,49),(192,157),(104,95),(70,168),(76,153),(62,41),(131,103),(129,158),(98,184),(171,101),(46,67),(96,188),(148,226),(50,145),(154,147),(214,80),(170,31),(92,159),(123,109),(65,68),(167,121),(239,32),
291:(161,95),(75,97),(83,153),(246,36),(148,219),(106,104),(184,69),(48,148),(121,49),(192,157),(104,95),(70,168),(75,153),(62,41),(131,103),(129,158),(98,184),(171,101),(46,67),(96,188),(148,226),(50,145),(154,147),(214,80),(170,31),(92,159),(123,109),(65,68),(167,121),(239,32),
292:(161,95),(74,97),(82,153),(246,36),(148,219),(106,104),(184,69),(48,148),(121,49),(192,157),(104,95),(70,168),(74,153),(62,41),(131,103),(129,158),(98,184),(171,101),(46,67),(96,188),(148,226),(50,145),(154,147),(214,80),(170,31),(92,159),(123,109),(65,68),(167,121),(239,32),
293:(161,95),(74,96),(81,153),(246,36),(148,219),(106,104),(184,69),(48,148),(121,49),(192,157),(104,95),(70,168),(73,153),(62,41),(131,103),(129,158),(98,184),(171,101),(46,67),(96,188),(148,226),(50,145),(154,147),(214,80),(170,31),(92,159),(123,109),(65,68),(167,121),(239,32),
294:(161,95),(73,96),(80,153),(246,36),(148,219),(106,104),(184,69),(48,148),(121,49),(192,157),(104,95),(70,168),(72,153),(62,41),(131,103),(129,158),(98,184),(171,101),(46,67),(96,188),(148,226),(50,145),(154,147),(214,80),(170,31),(92,159),(123,109),(65,68),(167,121),(239,32),
295:(161,95),(72,96),(79,153),(246,36),(148,219),(106,104),(184,69),(48,148),(121,49),(192,157),(104,95),(70,168),(71,153),(62,41),(131,103),(129,158),(98,184),(171,101),(46,67),(96,188),(148,226),(50,145),(154,147),(214,80),(170,31),(92,159),(123,109),(65,68),(167,121),(239,32),
296:(161,95),(71,96),(78,153),(246,36),(148,219),(106,104),(184,69),(48,148),(121,49),(192,157),(104,95),(70,168),(70,153),(62,41),(131,103),(129,158),(98,184),(171,101),(46,67),(96,188),(148,226),(50,145),(154,147),(214,80),(170,31),(92,159),(123,109),(65,68),(167,121),(239,32),
297:(161,95),(70,96),(77,153),(246,36),(148,219),(106,104),(184,69),(48,148),(121,49),(192,157),(104,95),(70,168),(69,153),(62,41),(131,103),(129,158),(98,184),(171,101),(46,67),(96,188),(148,226),(50,145),(154,147),(214,80),(170,31),(92,159),(123,109),(65,68),(167,121),(239,32),
298:(161,95),(70,95),(76,153),(246,36),(148,219),(106,104),(184,69),(48,148),(121,49),(192,157),(104,95),(70,168),(68,153),(62,41),(131,103),(129,158),(98,184),(171,101),(46,67),(96,188),(148,226),(50,145),(154,147),(214,80),(170,31),(92,159),(123,109),(65,68),(167,121),(239,32),
299:(161,95),(70,94),(75,153),(246,36),(148,219),(106,104),(184,69),(48,148),(121,49),(192,157),(104,95),(70,168),(67,153),(62,41),(131,103),(129,158),(98,184),(171,101),(46,67),(96,188),(148,226),(50,145),(154,147),(214,80),(170,31),(92,159),(123,109),(65,68),(167,121),(239,32),
300:(161,95),(70,93),(74,153),(246,36),(148,219),(106,104),(184,69),(48,148),(121,49),(192,157),(104,95),(70,168),(66,153),(62,41),(131,103),(129,158),(98,184),(171,101),(46,67),(96,188),(148,226),(50,145),(154,147),(214,80),(170,31),(92,159),(123,109),(65,68),(167,121),(239,32),
301:(161,95),(70,92),(73,153),(246,36),(148,219),(106,104),(184,69),(48,148),(121,49),(192,157),(104,95),(70,168),(65,153),(62,41),(131,103),(129,158),(98,184),(171,101),(46,67),(96,188),(148,226),(50,145),(154,147),(214,80),(170,31),(92,159),(123,109),(65,68),(167,121),(239,32),
302:(161,95),(70,92),(72,153),(246,36),(148,219),(106,104),(184,69),(48,148),(121,49),(192,157),(104,95),(70,168),(64,153),(62,41),(131,103),(129,158),(98,184),(171,101),(46,67),(96,188),(148,226),(50,145),(154,147),(214,80),(170,31),(92,159),(123,109),(65,68),(167,121),(239,32),
303:(161,95),(70,92),(72,154),(246,36),(148,219),(106,104),(184,69),(48,148),(121,49),(192,157),(104,95),(70,168),(63,153),(62,41),(131,103),(129,158),(98,184),(171,101),(46,67),(96,188),(148,226),(50,145),(154,147),(214,80),(170,31),(92,159),(123,109),(65,68),(167,121),(239,32),
304:(161,95),(70,92),(72,155),(246,36),(148,219),(106,104),(184,69),(48,148),(121,49),(192,157),(104,95),(70,168),(62,153),(62,41),(131,103),(129,158),(98,184),(171,101),(46,67),(96,188),(148,226),(50,145),(154,147),(214,80),(170,31),(92,159),(123,109),(65,68),(167,121),(239,32),
305:(161,95),(70,92),(72,156),(246,36),(148,219),(106,104),(184,69),(48,148),(121,49),(192,157),(104,95),(70,168),(61,153),(62,41),(131,103),(129,158),(98,184),(171,101),(46,67),(96,188),(148,226),(50,145),(154,147),(214,80),(170,31),(92,159),(123,109),(65,68),(167,121),(239,32),
306:(161,95),(70,92),(72,157),(246,36),(148,219),(106,104),(184,69),(48,148),(121,49),(192,157),(104,95),(70,168),(60,153),(62,41),(131,103),(129,158),(98,184),(171,101),(46,67),(96,188),(148,226),(50,145),(154,147),(214,80),(170,31),(92,159),(123,109),(65,68),(167,121),(239,32),
307:(161,95),(70,92),(72,158),(246,36),(148,219),(106,104),(184,69),(48,148),(121,49),(192,157),(104,95),(70,168),(59,153),(62,41),(131,103),(129,158),(98,184),(171,101),(46,67),(96,188),(148,226),(50,145),(154,147),(214,80),(170,31),(92,159),(123,109),(65,68),(167,121),(239,32),
308:(161,95),(70,92),(72,159),(246,36),(148,219),(106,104),(184,69),(48,148),(121,49),(192,157),(104,95),(70,168),(58,153),(62,41),(131,103),(129,158),(98,184),(171,101),(46,67),(96,188),(148,226),(50,145),(154,147),(214,80),(170,31),(92,159),(123,109),(65,68),(167,121),(239,32),
309:(161,95),(70,92),(72,159),(246,36),(148,219),(106,104),(184,69),(48,148),(121,49),(192,157),(104,95),(70,168),(57,153),(62,41),(131,103),(129,158),(98,184),(171,101),(46,67),(96,188),(148,226),(50,145),(154,147),(214,80),(170,31),(92,159),(123,109),(65,68),(167,121),(239,32),
310:(161,95),(70,92),(72,159),(246,36),(148,219),(106,104),(184,69),(48,148),(121,49),(192,157),(104,95),(70,168),(56,153),(62,41),(131,103),(129,158),(98,184),(171,101),(46,67),(96,188),(148,226),(50,145),(154,147),(214,80),(170,31),(92,159),(123,109),(65,68),(167,121),(239,32),
311:(161,95),(70,92),(72,159),(246,36),(148,219),(106,104),(184,69),(48,148),(121,49),(192,157),(104,95),(70,168),(55,153),(62,41),(131,103),(129,158),(98,184),(171,101),(46,67),(96,188),(148,226),(50,145),(154,147),(214,80),(170,31),(92,159),(123,109),(65,68),(167,121),(239,32),
312:(161,95),(70,92),(72,159),(246,36),(148,219),(106,104),(184,69),(48,148),(121,49),(192,157),(104,95),(70,168),(54,153),(62,41),(131,103),(129,158),(98,184),(171,101),(46,67),(96,188),(148,226),(50,145),(154,147),(214,80),(170,31),(92,159),(123,109),(65,68),(167,121),(239,32),
313:(161,95),(70,92),(72,159),(246,36),(148,219),(106,104),(184,69),(48,148),(121,49),(192,157),(104,95),(70,168),(53,153),(62,41),(131,103),(129,158),(98,184),(171,101),(46,67),(96,188),(148,226),(50,145),(154,147),(214,80),(170,31),(92,159),(123,109),(65,68),(167,121),(239,32),
314:(161,95),(70,92),(72,159),(246,36),(148,219),(106,104),(184,69),(48,148),(121,49),(192,157),(104,95),(70,168),(52,153),(62,41),(131,103),(129,158),(98,184),(171,101),(46,67),(96,188),(148,226),(50,145),(154,147),(214,80),(170,31),(92,159),(123,109),(65,68),(167,121),(239,32),
315:(161,95),(70,92),(72,159),(246,36),(148,219),(106,104),(184,69),(48,148),(121,49),(192,157),(104,95),(70,168),(51,153),(62,41),(131,103),(129,158),(98,184),(171,101),(46,67),(96,188),(148,226),(50,145),(154,147),(214,80),(170,31),(92,159),(123,109),(65,68),(167,121),(239,32),
316:(161,95),(70,92),(72,159),(246,36),(148,219),(106,104),(184,69),(48,148),(121,49),(192,157),(104,95),(70,168),(50,153),(62,41),(131,103),(129,158),(98,184),(171,101),(46,67),(96,188),(148,226),(50,145),(154,147),(214,80),(170,31),(92,159),(123,109),(65,68),(167,121),(239,32),
317:(161,95),(70,92),(72,159),(246,36),(148,219),(106,104),(184,69),(48,148),(121,49),(192,157),(104,95),(70,168),(49,153),(62,41),(131,103),(129,158),(98,184),(171,101),(46,67),(96,188),(148,226),(50,145),(154,147),(214,80),(170,31),(92,159),(123,109),(65,68),(167,121),(239,32),
318:(161,95),(70,92),(72,159),(246,36),(148,219),(106,104),(184,69),(48,148),(121,49),(192,157),(104,95),(70,168),(48,153),(62,41),(131,103),(129,158),(98,184),(171,101),(46,67),(96,188),(148,226),(50,145),(154,147),(214,80),(170,31),(92,159),(123,109),(65,68),(167,121),(239,32),
319:(161,95),(70,92),(72,159),(246,36),(148,219),(106,104),(184,69),(48,148),(121,49),(192,157),(104,95),(70,168),(47,153),(62,41),(131,103),(129,158),(98,184),(171,101),(46,67),(96,188),(148,226),(50,145),(154,147),(214,80),(170,31),(92,159),(123,109),(65,68),(167,121),(239,32),
320:(161,95),(70,92),(72,159),(246,36),(148,219),(106,104),(184,69),(48,148),(121,49),(192,157),(104,95),(70,168),(46,153),(62,41),(131,103),(129,158),(98,184),(171,101),(46,67),(96,188),(148,226),(50,145),(154,147),(214,80),(170,31),(92,159),(123,109),(65,68),(167,121),(239,32),
321:(161,95),(70,92),(72,159),(246,36),(148,219),(106,104),(184,69),(48,148),(121,49),(192,157),(104,95),(70,168),(45,153),(62,41),(131,103),(129,158),(98,184),(171,101),(46,67),(96,188),(148,226),(50,145),(154,147),(214,80),(170,31),(92,159),(123,109),(65,68),(167,121),(239,32),
322:(161,95),(70,92),(72,159),(246,36),(148,219),(106,104),(184,69),(48,148),(121,49),(192,157),(104,95),(70,168),(44,153),(62,41),(131,103),(129,158),(98,184),(171,101),(46,67),(96,188),(148,226),(50,145),(154,147),(214,80),(170,31),(92,159),(123,109),(65,68),(167,121),(239,32),
323:(161,95),(70,92),(72,159),(246,36),(148,219),(106,104),(184,69),(48,148),(121,49),(192,157),(104,95),(70,168),(43,153),(62,41),(131,103),(129,158),(98,184),(171,101),(46,67),(96,188),(148,226),(50,145),(154,147),(214,80),(170,31),(92,159),(123,109),(65,68),(167,121),(239,32),
324:(161,95),(70,92),(72,159),(246,36),(148,219),(106,104),(184,69),(48,148),(121,49),(192,157),(104,95),(70,168),(42,153),(62,41),(131,103),(129,158),(98,184),(171,101),(46,67),(96,188),(148,226),(50,145),(154,147),(214,80),(170,31),(92,159),(123,109),(65,68),(167,121),(239,32),
325:(161,95),(70,92),(72,159),(246,36),(148,219),(106,104),(184,69),(48,148),(121,49),(192,157),(104,95),(70,168),(41,153),(62,41),(131,103),(129,158),(98,184),(171,101),(46,67),(96,188),(148,226),(50,145),(154,147),(214,80),(170,31),(92,159),(123,109),(65,68),(167,121),(239,32),
326:(161,95),(70,92),(72,159),(246,36),(148,219),(106,104),(184,69),(48,148),(121,49),(192,157),(104,95),(70,168),(40,153),(62,41),(131,103),(129,158),(98,184),(171,101),(46,67),(96,188),(148,226),(50,145),(154,147),(214,80),(170,31),(92,159),(123,109),(65,68),(167,121),(239,32),
327:(161,95),(70,92),(72,159),(246,36),(148,219),(106,104),(184,69),(48,148),(121,49),(192,157),(104,95),(70,168),(39,153),(62,41),(131,103),(129,158),(98,184),(171,101),(46,67),(96,188),(148,226),(50,145),(154,147),(214,80),(170,31),(92,159),(123,109),(65,68),(167,121),(239,32),
328:(161,95),(70,92),(72,159),(246,36),(148,219),(106,104),(184,69),(48,148),(121,49),(192,157),(104,95),(70,168),(38,153),(62,41),(131,103),(129,158),(98,184),(171,101),(46,67),(96,188),(148,226),(50,145),(154,147),(214,80),(170,31),(92,159),(123,109),(65,68),(167,121),(239,32),
329:(161,95),(70,92),(72,159),(246,36),(148,219),(106,104),(184,69),(48,148),(121,49),(192,157),(104,95),(70,168),(37,153),(62,41),(131,103),(129,158),(98,184),(171,101),(46,67),(96,188),(148,226),(50,145),(154,147),(214,80),(170,31),(92,159),(123,109),(65,68),(167,121),(239,32),
330:(161,95),(70,92),(72,159),(246,36),(148,219),(106,104),(184,69),(48,148),(121,49),(192,157),(104,95),(70,168),(36,153),(62,41),(131,103),(129,158),(98,184),(171,101),(46,67),(96,188),(148,226),(50,145),(154,147),(214,80),(170,31),(92,159),(123,109),(65,68),(167,121),(239,32),
331:(161,95),(70,92),(72,159),(246,36),(148,219),(106,104),(184,69),(48,148),(121,49),(192,157),(104,95),(70,168),(35,153),(62,41),(131,103),(129,158),(98,184),(171,101),(46,67),(96,188),(148,226),(50,145),(154,147),(214,80),(170,31),(92,159),(123,109),(65,68),(167,121),(239,32),
332:(161,95),(70,92),(72,159),(246,36),(148,219),(106,104),(184,69),(48,148),(121,49),(192,157),(104,95),(70,168),(34,153),(62,41),(131,103),(129,158),(98,184),(171,101),(46,67),(96,188),(148,226),(50,145),(154,147),(214,80),(170,31),(92,159),(123,109),(65,68),(167,121),(239,32),
333:(161,95),(70,92),(72,159),(246,36),(148,219),(106,104),(184,69),(48,148),(121,49),(192,157),(104,95),(70,168),(33,153),(62,41),(131,103),(129,158),(98,184),(171,101),(46,67),(96,188),(148,226),(50,145),(154,147),(214,80),(170,31),(92,159),(123,109),(65,68),(167,121),(239,32),
334:(161,95),(70,92),(72,159),(246,36),(148,219),(106,104),(184,69),(48,148),(121,49),(192,157),(104,95),(70,168),(32,153),(62,41),(131,103),(129,158),(98,184),(171,101),(46,67),(96,188),(148,226),(50,145),(154,147),(214,80),(170,31),(92,159),(123,109),(65,68),(167,121),(239,32),
335:(161,95),(70,92),(72,159),(246,36),(148,219),(106,104),(184,69),(48,148),(121,49),(192,157),(104,95),(70,168),(31,153),(62,41),(131,103),(129,158),(98,184),(171,101),(46,67),(96,188),(148,226),(50,145),(154,147),(214,80),(170,31),(92,159),(123,109),(65,68),(167,121),(239,32),
336:(161,95),(70,92),(72,159),(246,36),(148,219),(106,104),(184,69),(48,148),(121,49),(192,157),(104,95),(70,168),(30,153),(62,41),(131,103),(129,158),(98,184),(171,101),(46,67),(96,188),(148,226),(50,145),(154,147),(214,80),(170,31),(92,159),(123,109),(65,68),(167,121),(239,32),
337:(161,95),(70,92),(72,159),(246,36),(148,219),(106,104),(184,69),(48,148),(121,49),(192,157),(104,95),(70,168),(29,153),(62,41),(131,103),(129,158),(98,184),(171,101),(46,67),(96,188),(148,226),(50,145),(154,147),(214,80),(170,31),(92,159),(123,109),(65,68),(167,121),(239,32),
338:(161,95),(70,92),(72,159),(246,36),(148,219),(106,104),(184,69),(48,148),(121,49),(192,157),(104,95),(70,168),(28,153),(62,41),(131,103),(129,158),(98,184),(171,101),(46,67),(96,188),(148,226),(50,145),(154,147),(214,80),(170,31),(92,159),(123,109),(65,68),(167,121),(239,32),
339:(161,95),(70,92),(72,159),(246,36),(148,219),(106,104),(184,69),(48,148),(121,49),(192,157),(104,95),(70,168),(27,153),(62,41),(131,103),(129,158),(98,184),(171,101),(46,67),(96,188),(148,226),(50,145),(154,147),(214,80),(170,31),(92,159),(123,109),(65,68),(167,121),(239,32),
340:(161,95),(70,92),(72,159),(246,36),(148,219),(106,104),(184,69),(48,148),(121,49),(192,157),(104,95),(70,168),(26,153),(62,41),(131,103),(129,158),(98,184),(171,101),(46,67),(96,188),(148,226),(50,145),(154,147),(214,80),(170,31),(92,159),(123,109),(65,68),(167,121),(239,32),
341:(161,95),(70,92),(72,159),(246,36),(148,219),(106,104),(184,69),(48,148),(121,49),(192,157),(104,95),(70,168),(25,153),(62,41),(131,103),(129,158),(98,184),(171,101),(46,67),(96,188),(148,226),(50,145),(154,147),(214,80),(170,31),(92,159),(123,109),(65,68),(167,121),(239,32),
342:(161,95),(70,92),(72,159),(246,36),(148,219),(106,104),(184,69),(48,148),(121,49),(192,157),(104,95),(70,168),(24,153),(62,41),(131,103),(129,158),(98,184),(171,101),(46,67),(96,188),(148,226),(50,145),(154,147),(214,80),(170,31),(92,159),(123,109),(65,68),(167,121),(239,32),
343:(161,95),(70,92),(72,159),(246,36),(148,219),(106,104),(184,69),(48,148),(121,49),(192,157),(104,95),(70,168),(23,153),(62,41),(131,103),(129,158),(98,184),(171,101),(46,67),(96,188),(148,226),(50,145),(154,147),(214,80),(170,31),(92,159),(123,109),(65,68),(167,121),(239,32),
344:(161,95),(70,92),(72,159),(246,36),(148,219),(106,104),(184,69),(48,148),(121,49),(192,157),(104,95),(70,168),(22,153),(62,41),(131,103),(129,158),(98,184),(171,101),(46,67),(96,188),(148,226),(50,145),(154,147),(214,80),(170,31),(92,159),(123,109),(65,68),(167,121),(239,32),
345:(161,95),(70,92),(72,159),(246,36),(148,219),(106,104),(184,69),(48,148),(121,49),(192,157),(104,95),(70,168),(21,153),(62,41),(131,103),(129,158),(98,184),(171,101),(46,67),(96,188),(148,226),(50,145),(154,147),(214,80),(170,31),(92,159),(123,109),(65,68),(167,121),(239,32),
346:(161,95),(70,92),(72,159),(246,36),(148,219),(106,104),(184,69),(48,148),(121,49),(192,157),(104,95),(70,168),(20,153),(62,41),(131,103),(129,158),(98,184),(171,101),(46,67),(96,188),(148,226),(50,145),(154,147),(214,80),(170,31),(92,159),(123,109),(65,68),(167,121),(239,32),
347:(161,95),(70,92),(72,159),(246,36),(148,219),(106,104),(184,69),(48,148),(121,49),(192,157),(104,95),(70,168),(20,152),(62,41),(131,103),(129,158),(98,184),(171,101),(46,67),(96,188),(148,226),(50,145),(154,147),(214,80),(170,31),(92,159),(123,109),(65,68),(167,121),(239,32),
