instance=temp_instance.txt
agents=30
map_file=den520d.map
solver=PIBT
solved=1
soc=6141
lb_soc=5885
makespan=347
lb_makespan=347
comp_time=30
preprocessing_comp_time=17
starts=(72,43),(76,221),(244,23),(48,56),(165,58),(213,43),(63,137),(243,195),(69,96),(214,63),(205,59),(236,128),(80,37),(113,170),(153,21),(64,76),(30,179),(25,167),(233,130),(221,40),(217,179),(162,32),(217,54),(61,37),(67,165),(85,205),(75,146),(63,71),(188,56),(215,85),
goals=(161,95),(70,92),(72,159),(246,36),(148,219),(106,104),(184,69),(48,148),(121,49),(192,157),(104,95),(70,168),(20,152),(62,41),(131,103),(129,158),(98,184),(171,101),(46,67),(96,188),(148,226),(50,145),(154,147),(214,80),(170,31),(92,159),(123,109),(65,68),(167,121),(239,32),
solution=
0:(72,43),(76,221),(244,23),(48,56),(165,58),(213,43),(63,137),(243,195),(69,96),(214,63),(205,59),(236,128),(80,37),(113,170),(153,21),(64,76),(30,179),(25,167),(233,130),(221,40),(217,179),(162,32),(217,54),(61,37),(67,165),(85,205),(75,146),(63,71),(188,56),(215,85),
1:(71,43),(76,220),(243,23),(48,55),(165,59),(212,43),(64,137),(243,194),(70,96),(214,64),(205,60),(235,128),(80,38),(113,169),(153,22),(65,76),(31,179),(25,166),(232,130),(221,41),(216,179),(162,33),(216,54),(61,38),(68,165),(85,204),(75,147),(63,70),(188,57),(215,84),
2:(71,44),(77,220),(243,24),(48,54),(165,60),(211,43),(65,137),(243,193),(71,96),(214,65),(205,61),(234,128),(81,38),(113,168),(153,23),(65,77),(32,179),(25,165),(232,129),(220,41),(215,179),(163,33),(216,55),(62,38),(68,164),(86,204),(75,148),(64,70),(188,58),(215,83),
3:(71,45),(78,220),(242,24),(48,53),(165,61),(210,43),(66,137),(243,192),(71,95),(214,66),(204,61),(234,127),(81,39),(114,168),(153,24),(66,77),(33,179),(25,164),(231,129),(219,41),(214,179),(163,34),(215,55),(62,39),(68,163),(86,203),(76,148),(65,70),(187,58),(215,82),
4:(71,46),(79,220),(242,25),(49,53),(165,62),(209,43),(67,137),(243,191),(71,94),(213,66),(203,61),(234,126),(81,40),(114,167),(153,25),(66,78),(34,179),(26,164),(230,129),(219,42),(213,179),(164,34),(214,55),(63,39),(69,163),(86,202),(77,148),(65,69),(186,58),(215,81),
5:(71,47),(80,220),(242,26),(50,53),(165,63),(208,43),(67,138),(242,191),(71,93),(213,67),(202,61),(234,125),(82,40),(114,166),(154,25),(67,78),(35,179),(26,163),(230,128),(219,43),(213,178),(165,34),(213,55),(64,39),(70,163),(87,202),(77,149),(65,68),(186,59),(216,81),
6:(71,48),(80,219),(242,27),(50,52),(165,64),(207,43),(67,139),(241,191),(71,92),(212,67),(202,62),(234,124),(82,41),(115,166),(154,26),(68,78),(35,178),(27,163),(229,128),(218,43),(212,178),(166,34),(212,55),(64,40),(71,163),(87,201),(78,149),(65,68),(186,60),(216,80),
7:(71,49),(80,218),(242,28),(51,52),(165,65),(206,43),(68,139),(240,191),(71,91),(211,67),(201,62),(233,124),(82,42),(116,166),(155,26),(68,79),(36,178),(27,162),(229,127),(217,43),(212,177),(167,34),(211,55),(64,41),(72,163),(87,200),(78,150),(65,68),(186,61),(216,79),
8:(71,50),(80,217),(242,29),(51,51),(165,66),(205,43),(68,140),(239,191),(71,90),(211,68),(200,62),(233,123),(83,42),(116,165),(156,26),(68,80),(37,178),(28,162),(228,127),(216,43),(211,177),(168,34),(211,56),(65,41),(73,163),(88,200),(78,151),(65,68),(185,61),(217,79),
9:(71,51),(80,216),(242,30),(52,51),(165,67),(204,43),(69,140),(239,190),(71,89),(210,68),(200,63),(233,122),(83,43),(116,164),(156,27),(69,80),(38,178),(28,161),(227,127),(215,43),(210,177),(168,35),(210,56),(65,42),(74,163),(89,200),(78,152),(65,68),(185,62),(218,79),
10:(71,52),(81,216),(242,31),(52,50),(165,68),(203,43),(70,140),(238,190),(71,88),(210,69),(200,64),(233,121),(84,43),(116,163),(156,28),(69,81),(39,178),(28,160),(227,126),(214,43),(209,177),(168,36),(209,56),(66,42),(74,162),(89,199),(79,152),(65,68),(185,63),(218,78),
11:(71,53),(82,216),(242,32),(53,50),(165,69),(202,43),(71,140),(238,189),(71,87),(210,70),(200,65),(233,120),(85,43),(117,163),(157,28),(70,81),(40,178),(28,159),(226,126),(213,43),(208,177),(168,37),(209,57),(66,43),(75,162),(89,198),(79,153),(65,68),(184,63),(218,77),
12:(71,54),(83,216),(242,33),(53,49),(165,70),(201,43),(71,141),(237,189),(71,86),(209,70),(200,66),(233,119),(86,43),(118,163),(157,29),(71,81),(41,178),(28,158),(226,125),(212,43),(207,177),(168,38),(209,58),(66,44),(76,162),(89,197),(80,153),(65,68),(184,64),(218,76),
13:(71,55),(83,215),(241,33),(53,48),(164,70),(200,43),(72,141),(237,188),(71,85),(209,71),(200,67),(232,119),(87,43),(118,162),(157,30),(71,82),(42,178),(29,158),(226,124),(211,43),(207,176),(168,39),(208,58),(67,44),(76,161),(89,196),(81,153),(65,68),(183,64),(218,75),
14:(71,56),(84,215),(240,33),(54,48),(163,70),(199,43),(73,141),(236,188),(71,84),(208,71),(200,68),(231,119),(87,44),(119,162),(158,30),(71,83),(43,178),(29,157),(225,124),(210,43),(206,176),(169,39),(207,58),(68,44),(76,160),(89,195),(82,153),(65,68),(183,65),(219,75),
15:(71,57),(85,215),(239,33),(55,48),(163,71),(198,43),(73,142),(235,188),(71,83),(207,71),(199,68),(231,118),(88,44),(120,162),(159,30),(72,83),(44,178),(29,156),(225,123),(209,43),(206,175),(169,40),(206,58),(69,44),(77,160),(89,194),(83,153),(65,68),(182,65),(219,74),
16:(71,58),(85,214),(238,33),(56,48),(162,71),(197,43),(74,142),(235,187),(71,82),(207,72),(198,68),(230,118),(88,45),(120,161),(159,31),(73,83),(45,178),(30,156),(225,122),(208,43),(205,175),(169,41),(206,59),(70,44),(77,159),(89,193),(84,153),(65,68),(182,66),(220,74),
17:(71,59),(85,213),(237,33),(56,47),(161,71),(196,43),(75,142),(235,186),(71,81),(206,72),(197,68),(229,118),(88,46),(120,160),(159,32),(74,83),(46,178),(31,156),(225,121),(207,43),(204,175),(170,41),(205,59),(71,44),(78,159),(89,192),(85,153),(65,68),(182,67),(221,74),
18:(71,60),(85,212),(236,33),(57,47),(161,72),(195,43),(76,142),(234,186),(71,80),(205,72),(196,68),(229,117),(89,46),(121,160),(159,33),(75,83),(47,178),(31,155),(225,120),(206,43),(204,174),(171,41),(205,60),(72,44),(78,158),(89,191),(86,153),(65,68),(181,67),(222,74),
19:(71,61),(86,212),(235,33),(58,47),(161,73),(194,43),(77,142),(233,186),(71,79),(204,72),(196,69),(228,117),(89,47),(121,159),(159,34),(76,83),(48,178),(32,155),(225,119),(205,43),(203,174),(172,41),(204,60),(73,44),(78,157),(89,190),(87,153),(65,68),(180,67),(222,73),
20:(71,62),(86,211),(234,33),(59,47),(161,74),(193,43),(77,143),(233,185),(71,78),(204,73),(196,70),(227,117),(90,47),(121,158),(160,34),(76,84),(48,179),(32,154),(225,118),(204,43),(203,173),(172,42),(203,60),(73,45),(79,157),(89,189),(88,153),(65,68),(180,68),(223,73),
21:(71,63),(87,211),(234,34),(60,47),(161,75),(193,44),(78,143),(232,185),(71,77),(203,73),(195,70),(227,116),(91,47),(121,157),(160,35),(76,85),(49,179),(32,153),(224,118),(203,43),(202,173),(173,42),(202,60),(74,45),(79,156),(90,189),(89,153),(65,68),(180,69),(223,72),
22:(71,64),(87,210),(234,35),(61,47),(161,76),(192,44),(78,144),(231,185),(71,76),(202,73),(195,71),(227,115),(92,47),(122,157),(160,36),(77,85),(50,179),(33,153),(224,117),(202,43),(201,173),(173,43),(201,60),(74,46),(79,155),(91,189),(90,153),(65,68),(179,69),(223,71),
23:(71,65),(87,209),(234,36),(62,47),(161,77),(191,44),(79,144),(230,185),(71,75),(202,74),(195,72),(227,114),(93,47),(123,157),(161,36),(77,86),(50,180),(34,153),(224,116),(201,43),(200,173),(174,43),(201,61),(74,47),(79,154),(91,188),(91,153),(65,68),(178,69),(223,70),
24:(71,66),(87,208),(233,36),(63,47),(161,78),(190,44),(79,145),(229,185),(71,74),(201,74),(194,72),(226,114),(94,47),(123,156),(162,36),(78,86),(51,180),(35,153),(224,115),(200,43),(199,173),(175,43),(201,62),(75,47),(79,153),(92,188),(92,153),(65,68),(177,69),(224,70),
25:(71,67),(88,208),(233,37),(64,47),(161,79),(189,44),(80,145),(229,184),(71,73),(201,75),(194,73),(226,113),(95,47),(124,156),(162,37),(79,86),(51,181),(36,153),(224,114),(199,43),(198,173),(175,44),(200,62),(76,47),(80,153),(92,187),(93,153),(65,68),(177,70),(225,70),
26:(71,68),(89,208),(233,38),(65,47),(161,80),(188,44),(80,146),(229,183),(71,72),(200,75),(194,74),(225,113),(96,47),(125,156),(163,37),(79,87),(51,182),(37,153),(224,113),(198,43),(197,173),(176,44),(200,63),(77,47),(81,153),(92,186),(94,153),(65,68),(177,71),(226,70),
27:(71,69),(90,208),(233,39),(66,47),(161,81),(187,44),(80,147),(228,183),(71,71),(200,76),(194,75),(225,112),(97,47),(125,155),(163,38),(80,87),(52,182),(38,153),(223,113),(197,43),(196,173),(177,44),(200,64),(78,47),(82,153),(92,185),(95,153),(65,68),(176,71),(226,69),
28:(71,70),(91,208),(233,40),(67,47),(161,82),(187,45),(81,147),(227,183),(71,71),(200,77),(193,75),(225,111),(98,47),(126,155),(164,38),(80,88),(53,182),(39,153),(222,113),(196,43),(195,173),(178,44),(200,65),(79,47),(83,153),(92,184),(96,153),(65,68),(176,72),(226,68),
29:(71,71),(92,208),(233,41),(68,47),(161,83),(186,45),(81,148),(226,183),(71,72),(199,77),(192,75),(225,110),(99,47),(127,155),(164,39),(80,89),(54,182),(40,153),(221,113),(195,43),(194,173),(179,44),(199,65),(80,47),(84,153),(92,183),(97,153),(65,68),(176,73),(227,68),
30:(71,72),(93,208),(233,42),(69,47),(161,84),(185,45),(82,148),(226,182),(71,73),(199,78),(191,75),(225,109),(100,47),(127,154),(165,39),(81,89),(55,182),(41,153),(220,113),(194,43),(193,173),(180,44),(199,66),(81,47),(85,153),(92,182),(98,153),(65,68),(176,74),(227,67),
31:(71,73),(93,207),(233,43),(70,47),(160,84),(185,46),(82,149),(225,182),(71,74),(199,79),(191,76),(225,108),(101,47),(128,154),(166,39),(82,89),(56,182),(42,153),(220,112),(194,44),(192,173),(180,45),(199,67),(82,47),(86,153),(92,181),(99,153),(65,68),(176,75),(228,67),
32:(72,73),(93,206),(233,44),(71,47),(160,85),(185,47),(83,149),(225,181),(71,73),(199,80),(190,76),(225,107),(102,47),(128,153),(167,39),(82,90),(57,182),(43,153),(220,111),(193,44),(191,173),(180,46),(199,68),(83,47),(87,153),(92,180),(100,153),(65,68),(176,76),(229,67),
33:(72,74),(93,205),(233,45),(72,47),(159,85),(184,47),(84,149),(225,180),(71,72),(198,80),(190,77),(225,106),(103,47),(129,153),(168,39),(83,90),(58,182),(44,153),(219,111),(192,44),(190,173),(180,47),(198,68),(84,47),(88,153),(92,179),(101,153),(65,68),(176,77),(229,66),
34:(72,75),(94,205),(233,46),(73,47),(159,86),(184,48),(85,149),(225,179),(71,71),(197,80),(189,77),(225,105),(104,47),(130,153),(169,39),(83,91),(59,182),(45,153),(218,111),(191,44),(189,173),(180,48),(198,69),(85,47),(89,153),(92,178),(102,153),(65,68),(176,78),(230,66),
35:(72,76),(95,205),(233,47),(74,47),(159,87),(183,48),(86,149),(224,179),(71,70),(196,80),(189,78),(225,104),(105,47),(131,153),(170,39),(83,92),(60,182),(46,153),(218,110),(190,44),(188,173),(180,49),(197,69),(86,47),(90,153),(92,177),(103,153),(65,68),(175,78),(230,65),
36:(72,77),(95,204),(233,48),(75,47),(159,88),(183,49),(87,149),(223,179),(71,69),(195,80),(189,79),(225,103),(106,47),(131,152),(170,40),(84,92),(61,182),(47,153),(217,110),(189,44),(187,173),(180,50),(197,70),(87,47),(91,153),(92,176),(104,153),(65,68),(175,79),(231,65),
37:(72,78),(96,204),(233,49),(76,47),(159,89),(182,49),(88,149),(222,179),(71,68),(195,81),(189,80),(224,103),(107,47),(131,151),(171,40),(84,93),(62,182),(48,153),(217,109),(188,44),(186,173),(180,51),(197,71),(88,47),(92,153),(92,175),(105,153),(65,68),(174,79),(232,65),
38:(72,79),(97,204),(233,50),(77,47),(159,90),(181,49),(89,149),(222,178),(72,68),(195,82),(188,80),(224,102),(108,47),(131,150),(171,41),(84,94),(63,182),(49,153),(217,108),(187,44),(185,173),(180,52),(197,72),(89,47),(93,153),(92,174),(106,153),(65,68),(174,80),(232,64),
39:(73,79),(97,203),(233,51),(78,47),(159,91),(181,50),(90,149),(222,177),(72,67),(195,83),(188,81),(224,101),(109,47),(131,149),(171,42),(84,95),(63,183),(50,153),(217,107),(186,44),(184,173),(179,52),(197,73),(90,47),(94,153),(92,173),(107,153),(65,68),(173,80),(232,63),
40:(73,80),(97,202),(233,52),(79,47),(159,92),(181,51),(91,149),(221,177),(72,66),(194,83),(188,82),(223,101),(110,47),(132,149),(172,42),(84,96),(64,183),(51,153),(217,106),(186,45),(183,173),(178,52),(197,74),(91,47),(95,153),(92,172),(108,153),(65,68),(173,81),(232,62),
41:(73,81),(97,201),(233,53),(80,47),(159,93),(180,51),(92,149),(220,177),(73,66),(194,84),(188,83),(223,100),(111,47),(133,149),(173,42),(84,97),(65,183),(52,153),(217,105),(185,45),(182,173),(177,52),(197,75),(92,47),(96,153),(92,171),(109,153),(65,68),(173,82),(233,62),
42:(73,82),(97,200),(232,53),(81,47),(159,94),(180,52),(92,150),(219,177),(73,65),(193,84),(188,84),(222,100),(112,47),(134,149),(173,43),(85,97),(65,184),(53,153),(217,104),(184,45),(181,173),(177,53),(197,76),(93,47),(97,153),(92,170),(110,153),(65,68),(172,82),(234,62),
43:(74,82),(97,199),(231,53),(82,47),(159,95),(180,53),(93,150),(218,177),(73,64),(193,85),(187,84),(221,100),(113,47),(135,149),(174,43),(86,97),(66,184),(54,153),(217,103),(183,45),(180,173),(177,54),(196,76),(94,47),(98,153),(92,169),(111,153),(65,68),(171,82),(234,61),
44:(74,83),(97,198),(231,54),(83,47),(159,96),(180,54),(93,151),(217,177),(73,63),(192,85),(186,84),(221,99),(114,47),(136,149),(174,44),(86,98),(67,184),(55,153),(216,103),(182,45),(179,173),(177,55),(196,77),(95,47),(99,153),(92,168),(112,153),(65,68),(171,83),(234,60),
45:(75,83),(97,197),(230,54),(84,47),(159,97),(179,54),(94,151),(216,177),(73,62),(191,85),(186,85),(220,99),(115,47),(137,149),(175,44),(86,99),(68,184),(56,153),(216,102),(181,45),(178,173),(177,56),(196,78),(96,47),(100,153),(92,167),(113,153),(65,68),(171,84),(234,59),
46:(75,84),(97,196),(230,55),(85,47),(159,98),(179,55),(95,151),(215,177),(73,61),(190,85),(185,85),(220,98),(116,47),(138,149),(176,44),(86,100),(69,184),(57,153),(216,101),(180,45),(177,173),(176,56),(196,79),(97,47),(101,153),(92,166),(114,153),(65,68),(171,85),(234,58),
47:(75,85),(97,195),(230,56),(86,47),(159,99),(178,55),(95,152),(214,177),(74,61),(189,85),(184,85),(219,98),(117,47),(138,148),(177,44),(86,101),(70,184),(58,153),(216,100),(180,46),(176,173),(175,56),(195,79),(98,47),(102,153),(92,165),(115,153),(65,68),(170,85),(234,57),
48:(76,85),(97,194),(230,57),(87,47),(159,100),(177,55),(96,152),(213,177),(74,60),(189,86),(183,85),(219,97),(118,47),(139,148),(178,44),(87,101),(71,184),(59,153),(216,99),(180,47),(175,173),(174,56),(194,79),(99,47),(103,153),(92,164),(116,153),(65,68),(170,86),(235,57),
49:(77,85),(97,193),(229,57),(88,47),(159,101),(176,55),(97,152),(212,177),(75,60),(189,87),(182,85),(218,97),(119,47),(140,148),(178,45),(87,102),(72,184),(60,153),(216,98),(180,48),(174,173),(173,56),(194,80),(100,47),(104,153),(92,163),(116,152),(65,68),(170,87),(235,56),
50:(77,86),(97,192),(228,57),(89,47),(159,102),(176,56),(97,153),(211,177),(75,59),(188,87),(181,85),(218,96),(120,47),(141,148),(179,45),(87,103),(73,184),(61,153),(216,97),(180,49),(173,173),(173,57),(194,81),(101,47),(105,153),(92,162),(117,152),(65,68),(170,88),(235,55),
51:(77,87),(97,191),(228,58),(90,47),(159,103),(176,57),(98,153),(210,177),(76,59),(187,87),(181,86),(217,96),(121,47),(142,148),(179,46),(87,104),(74,184),(62,153),(216,96),(180,50),(172,173),(173,58),(194,82),(102,47),(106,153),(92,161),(118,152),(65,68),(169,88),(236,55),
52:(77,88),(97,190),(227,58),(91,47),(159,104),(176,58),(99,153),(209,177),(76,58),(186,87),(180,86),(217,95),(122,47),(143,148),(180,46),(88,104),(75,184),(63,153),(216,95),(179,50),(171,173),(172,58),(193,82),(103,47),(107,153),(92,160),(119,152),(65,68),(168,88),(236,54),
53:(77,89),(97,189),(226,58),(92,47),(159,105),(176,59),(100,153),(208,177),(77,58),(185,87),(180,87),(217,94),(123,47),(144,148),(180,47),(89,104),(76,184),(64,153),(215,95),(179,51),(170,173),(172,59),(193,83),(104,47),(108,153),(92,159),(120,152),(65,68),(168,89),(236,53),
54:(78,89),(97,188),(226,59),(93,47),(159,106),(176,60),(101,153),(207,177),(77,57),(184,87),(180,88),(216,94),(124,47),(145,148),(180,48),(89,105),(77,184),(65,153),(214,95),(178,51),(169,173),(171,59),(193,84),(105,47),(109,153),(92,159),(121,152),(65,68),(167,89),(236,52),
55:(78,90),(97,187),(225,59),(94,47),(159,107),(176,61),(102,153),(206,177),(78,57),(184,88),(179,88),(216,93),(125,47),(146,148),(180,49),(89,106),(78,184),(66,153),(214,94),(178,52),(168,173),(171,60),(192,84),(106,47),(110,153),(92,159),(122,152),(65,68),(167,90),(236,51),
56:(78,91),(97,186),(224,59),(95,47),(159,108),(176,62),(103,153),(205,177),(79,57),(183,88),(179,89),(216,92),(126,47),(147,148),(180,50),(89,107),(79,184),(67,153),(214,93),(178,53),(167,173),(170,60),(192,85),(107,47),(111,153),(92,159),(123,152),(65,68),(167,91),(237,51),
57:(79,91),(97,185),(223,59),(96,47),(159,109),(175,62),(104,153),(204,177),(80,57),(182,88),(179,90),(215,92),(127,47),(148,148),(180,51),(89,108),(80,184),(68,153),(213,93),(177,53),(166,173),(169,60),(191,85),(108,47),(112,153),(92,159),(124,152),(65,68),(167,92),(238,51),
58:(80,91),(97,184),(223,60),(97,47),(159,110),(174,62),(105,153),(203,177),(80,56),(181,88),(178,90),(214,92),(128,47),(149,148),(180,52),(90,108),(81,184),(69,153),(213,92),(177,54),(165,173),(168,60),(191,86),(109,47),(113,153),(92,159),(125,152),(65,68),(167,93),(239,51),
59:(80,92),(97,183),(222,60),(98,47),(159,111),(173,62),(106,153),(202,177),(80,55),(180,88),(178,91),(214,91),(129,47),(150,148),(179,52),(91,108),(82,184),(70,153),(213,91),(176,54),(164,173),(167,60),(191,87),(110,47),(114,153),(92,159),(126,152),(65,68),(167,94),(239,50),
60:(80,93),(97,182),(221,60),(99,47),(159,112),(173,63),(107,153),(201,177),(80,54),(180,89),(178,92),(214,90),(130,47),(151,148),(178,52),(92,108),(83,184),(71,153),(212,91),(176,55),(163,173),(166,60),(190,87),(111,47),(115,153),(92,159),(127,152),(65,68),(167,95),(239,49),
61:(80,94),(97,181),(221,61),(100,47),(159,113),(173,64),(108,153),(200,177),(80,53),(180,90),(178,93),(214,89),(131,47),(151,147),(177,52),(93,108),(84,184),(72,153),(211,91),(175,55),(162,173),(165,60),(190,88),(112,47),(116,153),(92,159),(128,152),(65,68),(167,96),(239,48),
62:(80,95),(97,180),(220,61),(101,47),(159,114),(173,65),(109,153),(199,177),(80,52),(179,90),(178,94),(213,89),(132,47),(152,147),(177,53),(94,108),(85,184),(73,153),(211,90),(174,55),(161,173),(165,61),(189,88),(113,47),(116,152),(92,159),(128,151),(65,68),(167,97),(239,47),
63:(81,95),(97,179),(220,62),(102,47),(159,115),(172,65),(110,153),(199,176),(80,51),(179,91),(177,94),(212,89),(133,47),(152,146),(177,54),(95,108),(86,184),(74,153),(210,90),(174,56),(160,173),(165,62),(189,89),(114,47),(117,152),(92,159),(129,151),(65,68),(167,98),(239,46),
64:(82,95),(97,178),(220,63),(103,47),(159,116),(172,66),(111,153),(199,175),(81,51),(179,92),(176,94),(212,88),(134,47),(152,145),(176,54),(96,108),(87,184),(75,153),(210,89),(174,57),(159,173),(165,63),(188,89),(115,47),(118,152),(92,159),(129,150),(65,68),(167,99),(239,45),
65:(83,95),(97,177),(219,63),(104,47),(159,117),(171,66),(112,153),(198,175),(81,50),(179,93),(175,94),(212,87),(135,47),(153,145),(176,55),(97,108),(88,184),(76,153),(209,89),(173,57),(158,173),(165,64),(188,90),(116,47),(119,152),(92,159),(130,150),(65,68),(167,100),(239,44),
66:(84,95),(97,176),(218,63),(105,47),(159,118),(171,67),(113,153),(197,175),(81,49),(179,94),(174,94),(211,87),(136,47),(153,144),(176,56),(98,108),(89,184),(77,153),(209,88),(173,58),(157,173),(165,65),(188,91),(117,47),(120,152),(92,159),(130,149),(65,68),(167,101),(239,43),
67:(85,95),(97,175),(218,64),(106,47),(159,119),(170,67),(114,153),(197,174),(82,49),(179,95),(174,95),(210,87),(137,47),(154,144),(175,56),(99,108),(90,184),(78,153),(208,88),(173,59),(156,173),(165,66),(187,91),(118,47),(121,152),(92,159),(131,149),(65,68),(167,102),(239,42),
68:(86,95),(98,175),(218,65),(107,47),(159,120),(169,67),(115,153),(196,174),(83,49),(179,96),(173,95),(209,87),(138,47),(155,144),(175,57),(100,108),(91,184),(79,153),(208,87),(172,59),(155,173),(165,67),(187,92),(119,47),(122,152),(92,159),(132,149),(65,68),(167,103),(239,41),
69:(87,95),(98,174),(217,65),(108,47),(159,121),(168,67),(116,153),(196,173),(84,49),(179,97),(172,95),(209,86),(139,47),(155,143),(175,58),(101,108),(92,184),(80,153),(207,87),(171,59),(154,173),(165,68),(187,93),(120,47),(123,152),(92,159),(133,149),(65,68),(167,104),(239,40),
70:(88,95),(99,174),(217,66),(109,47),(159,122),(167,67),(116,152),(195,173),(85,49),(179,98),(171,95),(208,86),(140,47),(156,143),(175,59),(102,108),(93,184),(81,153),(206,87),(171,60),(153,173),(165,69),(187,94),(121,47),(124,152),(92,159),(134,149),(65,68),(167,105),(239,39),
71:(89,95),(99,173),(217,67),(110,47),(159,123),(166,67),(117,152),(194,173),(86,49),(179,99),(170,95),(207,86),(141,47),(156,142),(174,59),(103,108),(94,184),(82,153),(205,87),(170,60),(152,173),(165,70),(186,94),(122,47),(125,152),(92,159),(135,149),(65,68),(167,106),(239,38),
72:(90,95),(100,173),(216,67),(111,47),(159,124),(166,68),(118,152),(194,172),(87,49),(179,100),(169,95),(206,86),(142,47),(157,142),(173,59),(104,108),(95,184),(83,153),(204,87),(169,60),(151,173),(164,70),(185,94),(123,47),(126,152),(92,159),(136,149),(65,68),(167,107),(239,37),
73:(91,95),(101,173),(216,68),(112,47),(159,125),(165,68),(119,152),(193,172),(88,49),(179,101),(168,95),(205,86),(143,47),(157,141),(172,59),(105,108),(96,184),(84,153),(203,87),(168,60),(150,173),(163,70),(184,94),(124,47),(127,152),(92,159),(137,149),(65,68),(167,108),(239,36),
74:(92,95),(102,173),(216,69),(113,47),(159,126),(165,69),(120,152),(193,171),(89,49),(179,102),(167,95),(204,86),(143,48),(158,141),(171,59),(106,108),(97,184),(85,153),(203,86),(167,60),(149,173),(162,70),(184,95),(125,47),(128,152),(92,159),(138,149),(65,68),(167,109),(239,35),
75:(93,95),(103,173),(215,69),(114,47),(159,127),(164,69),(121,152),(193,170),(90,49),(179,103),(166,95),(203,86),(144,48),(159,141),(170,59),(107,108),(98,184),(86,153),(202,86),(167,61),(148,173),(162,71),(183,95),(126,47),(129,152),(92,159),(139,149),(65,68),(167,110),(239,34),
76:(94,95),(103,172),(215,70),(115,47),(159,128),(163,69),(122,152),(192,170),(91,49),(179,104),(165,95),(202,86),(145,48),(159,140),(169,59),(108,108),(98,184),(87,153),(201,86),(166,61),(147,173),(161,71),(182,95),(127,47),(129,151),(92,159),(139,148),(65,68),(167,111),(239,33),
77:(95,95),(103,171),(215,71),(116,47),(159,129),(163,70),(123,152),(192,169),(92,49),(179,105),(164,95),(201,86),(146,48),(159,139),(168,59),(109,108),(98,184),(88,153),(200,86),(165,61),(146,173),(161,72),(182,96),(128,47),(130,151),(92,159),(140,148),(65,68),(167,112),(239,32),
78:(96,95),(103,170),(214,71),(117,47),(159,130),(162,70),(124,152),(192,168),(93,49),(179,106),(163,95),(200,86),(147,48),(159,138),(167,59),(110,108),(98,184),(89,153),(199,86),(165,62),(145,173),(161,73),(181,96),(129,47),(131,151),(92,159),(141,148),(65,68),(167,113),(239,32),
79:(97,95),(103,169),(214,72),(118,47),(159,131),(161,70),(125,152),(191,168),(94,49),(179,107),(162,95),(199,86),(148,48),(159,137),(167,60),(111,108),(98,184),(90,153),(198,86),(165,63),(144,173),(161,74),(181,97),(130,47),(132,151),(92,159),(142,148),(65,68),(167,114),(239,32),
80:(98,95),(103,168),(214,73),(119,47),(159,132),(161,71),(126,152),(190,168),(95,49),(179,108),(161,95),(198,86),(149,48),(159,136),(166,60),(112,108),(98,184),(91,153),(197,86),(165,64),(143,173),(161,75),(180,97),(131,47),(133,151),(92,159),(143,148),(65,68),(167,115),(239,32),
81:(99,95),(103,167),(213,73),(120,47),(159,133),(161,72),(127,152),(190,167),(96,49),(180,108),(160,95),(197,86),(150,48),(159,135),(165,60),(113,108),(98,184),(92,153),(196,86),(165,65),(142,173),(161,76),(179,97),(132,47),(134,151),(92,159),(144,148),(65,68),(167,116),(239,32),
82:(100,95),(104,167),(212,73),(121,47),(159,134),(161,73),(128,152),(189,167),(97,49),(180,109),(159,95),(196,86),(150,49),(159,135),(165,61),(114,108),(98,184),(93,153),(195,86),(165,66),(141,173),(161,77),(178,97),(133,47),(134,150),(92,159),(145,148),(65,68),(167,117),(239,32),
83:(101,95),(105,167),(212,74),(122,47),(159,135),(161,74),(129,152),(188,167),(98,49),(180,110),(158,95),(195,86),(151,49),(159,136),(165,62),(115,108),(98,184),(94,153),(194,86),(165,67),(140,173),(161,78),(177,97),(134,47),(134,149),(92,159),(146,148),(65,68),(167,118),(239,32),
84:(102,95),(106,167),(212,75),(123,47),(159,136),(161,75),(129,151),(188,166),(99,49),(180,111),(157,95),(194,86),(152,49),(160,136),(165,63),(116,108),(98,184),(95,153),(193,86),(165,68),(139,173),(161,79),(176,97),(135,47),(135,149),(92,159),(147,148),(65,68),(167,119),(239,32),
85:(103,95),(107,167),(211,75),(124,47),(159,137),(161,76),(130,151),(187,166),(100,49),(180,112),(156,95),(193,86),(153,49),(160,135),(165,64),(117,108),(98,184),(96,153),(192,86),(165,69),(138,173),(161,80),(175,97),(136,47),(136,149),(92,159),(148,148),(65,68),(167,120),(239,32),
86:(104,95),(108,167),(210,75),(125,47),(158,137),(161,77),(130,150),(187,165),(101,49),(181,112),(155,95),(192,86),(154,49),(159,135),(165,65),(118,108),(98,184),(97,153),(191,86),(165,70),(137,173),(161,81),(175,98),(137,47),(137,149),(92,159),(149,148),(65,68),(167,121),(239,32),
87:(105,95),(109,167),(210,76),(126,47),(158,138),(161,78),(130,149),(186,165),(102,49),(182,112),(154,95),(191,86),(154,50),(159,134),(165,66),(119,108),(98,184),(98,153),(191,87),(164,70),(136,173),(161,82),(175,99),(138,47),(138,149),(92,159),(150,148),(65,68),(167,121),(239,32),
88:(106,95),(109,166),(210,77),(127,47),(157,138),(161,79),(131,149),(186,164),(103,49),(183,112),(153,95),(190,86),(155,50),(159,133),(165,67),(120,108),(98,184),(99,153),(191,88),(163,70),(135,173),(161,83),(175,100),(139,47),(138,148),(92,159),(151,148),(65,68),(167,121),(239,32),
89:(107,95),(110,166),(210,78),(128,47),(157,139),(161,80),(132,149),(186,163),(104,49),(183,113),(152,95),(190,87),(155,51),(159,132),(165,68),(121,108),(98,184),(100,153),(191,89),(162,70),(134,173),(161,84),(175,101),(140,47),(139,148),(92,159),(151,147),(65,68),(167,121),(239,32),
90:(108,95),(111,166),(210,79),(129,47),(157,140),(161,81),(133,149),(185,163),(105,49),(183,114),(151,95),(189,87),(156,51),(159,131),(165,69),(122,108),(98,184),(101,153),(191,90),(161,70),(133,173),(161,85),(174,101),(141,47),(140,148),(92,159),(152,147),(65,68),(167,121),(239,32),
91:(109,95),(111,165),(209,79),(130,47),(156,140),(161,82),(134,149),(185,162),(106,49),(183,115),(150,95),(188,87),(156,52),(159,130),(164,69),(123,108),(98,184),(102,153),(190,90),(161,71),(132,173),(161,86),(174,102),(142,47),(141,148),(92,159),(153,147),(65,68),(167,121),(239,32),
92:(110,95),(112,165),(208,79),(131,47),(156,141),(160,82),(135,149),(184,162),(107,49),(183,116),(149,95),(188,88),(157,52),(159,129),(164,70),(124,108),(98,184),(103,153),(189,90),(161,72),(131,173),(160,86),(173,102),(143,47),(142,148),(92,159),(153,146),(65,68),(167,121),(239,32),
93:(111,95),(112,164),(208,80),(132,47),(155,141),(160,83),(136,149),(183,162),(108,49),(183,117),(148,95),(187,88),(157,53),(158,129),(163,70),(125,108),(98,184),(104,153),(189,91),(161,73),(130,173),(160,87),(172,102),(144,47),(143,148),(92,159),(154,146),(65,68),(167,121),(239,32),
94:(112,95),(112,163),(208,81),(133,47),(154,141),(159,83),(137,149),(182,162),(109,49),(183,118),(147,95),(186,88),(158,53),(157,129),(162,70),(126,108),(98,184),(105,153),(188,91),(161,74),(129,173),(159,87),(171,102),(144,48),(144,148),(92,159),(155,146),(65,68),(167,121),(239,32),
95:(113,95),(112,162),(208,82),(134,47),(154,142),(159,84),(138,149),(182,161),(110,49),(183,119),(146,95),(185,88),(159,53),(157,128),(162,71),(127,108),(98,184),(106,153),(187,91),(161,75),(128,173),(159,88),(170,102),(145,48),(145,148),(92,159),(156,146),(65,68),(167,121),(239,32),
96:(114,95),(113,162),(208,83),(135,47),(153,142),(158,84),(139,149),(181,161),(111,49),(183,120),(145,95),(184,88),(159,54),(157,127),(161,71),(128,108),(98,184),(107,153),(187,92),(161,76),(127,173),(159,89),(170,103),(146,48),(146,148),(92,159),(157,146),(65,68),(167,121),(239,32),
97:(115,95),(114,162),(207,83),(136,47),(152,142),(158,85),(140,149),(181,160),(112,49),(183,121),(144,95),(183,88),(159,55),(157,126),(161,72),(129,108),(98,184),(108,153),(186,92),(161,77),(126,173),(159,90),(170,104),(147,48),(147,148),(92,159),(157,145),(65,68),(167,121),(239,32),
98:(116,95),(114,161),(207,84),(137,47),(152,143),(158,86),(141,149),(180,160),(113,49),(183,122),(143,95),(183,89),(159,56),(157,125),(161,73),(130,108),(98,184),(109,153),(186,93),(161,78),(125,173),(159,91),(169,104),(148,48),(148,148),(92,159),(158,145),(65,68),(167,121),(239,32),
99:(117,95),(114,160),(206,84),(138,47),(152,144),(158,87),(142,149),(180,159),(114,49),(183,123),(142,95),(182,89),(160,56),(157,124),(161,74),(131,108),(98,184),(110,153),(185,93),(161,79),(124,173),(159,92),(169,105),(149,48),(148,147),(92,159),(159,145),(65,68),(167,121),(239,32),
100:(118,95),(114,159),(206,85),(139,47),(152,145),(157,87),(142,148),(179,159),(115,49),(183,124),(141,95),(181,89),(160,57),(156,124),(161,75),(132,108),(98,184),(111,153),(184,93),(161,80),(123,173),(159,93),(169,106),(150,48),(149,147),(92,159),(159,144),(65,68),(167,121),(239,32),
101:(119,95),(114,158),(206,86),(140,47),(151,145),(157,88),(143,148),(179,158),(116,49),(183,125),(140,95),(181,90),(160,58),(156,123),(161,76),(133,108),(98,184),(112,153),(183,93),(161,81),(122,173),(159,94),(169,107),(150,49),(149,146),(92,159),(159,143),(65,68),(167,121),(239,32),
102:(120,95),(114,157),(205,86),(141,47),(151,146),(157,89),(144,148),(178,158),(117,49),(184,125),(139,95),(180,90),(161,58),(156,122),(161,77),(134,108),(98,184),(113,153),(182,93),(161,82),(121,173),(159,95),(169,108),(151,49),(150,146),(92,159),(159,142),(65,68),(167,121),(239,32),
103:(121,95),(114,156),(204,86),(142,47),(151,147),(157,90),(145,148),(178,157),(118,49),(185,125),(138,95),(179,90),(162,58),(155,122),(161,78),(135,108),(98,184),(114,153),(181,93),(161,83),(120,173),(159,96),(169,109),(152,49),(150,145),(92,159),(159,141),(65,68),(167,121),(239,32),
104:(122,95),(115,156),(203,86),(143,47),(150,147),(157,91),(146,148),(178,156),(119,49),(185,126),(137,95),(178,90),(163,58),(155,121),(161,79),(136,108),(98,184),(115,153),(180,93),(160,83),(119,173),(159,97),(169,110),(153,49),(150,144),(92,159),(159,140),(65,68),(167,121),(239,32),
105:(123,95),(115,155),(202,86),(143,48),(149,147),(157,92),(147,148),(177,156),(120,49),(185,127),(136,95),(177,90),(164,58),(155,120),(161,80),(137,108),(98,184),(116,153),(179,93),(160,84),(118,173),(159,98),(169,111),(153,50),(151,144),(92,159),(159,139),(65,68),(167,121),(239,32),
106:(124,95),(115,154),(201,86),(144,48),(149,148),(156,92),(148,148),(177,155),(121,49),(185,128),(135,95),(177,91),(165,58),(155,119),(161,81),(138,108),(98,184),(117,153),(178,93),(160,85),(117,173),(159,99),(168,111),(154,50),(151,143),(92,159),(159,138),(65,68),(167,121),(239,32),
107:(125,95),(116,154),(200,86),(145,48),(149,149),(155,92),(148,147),(177,154),(121,49),(185,129),(134,95),(177,92),(165,59),(155,118),(161,82),(139,108),(98,184),(118,153),(177,93),(160,86),(116,173),(159,100),(167,111),(155,50),(151,142),(92,159),(159,137),(65,68),(167,121),(239,32),
108:(126,95),(116,153),(199,86),(146,48),(148,149),(155,93),(148,146),(177,153),(121,49),(185,130),(133,95),(176,92),(165,60),(155,117),(160,82),(140,108),(98,184),(118,152),(176,93),(159,86),(115,173),(159,101),(167,112),(155,51),(151,141),(92,159),(159,136),(65,68),(167,121),(239,32),
109:(127,95),(117,153),(198,86),(147,48),(148,150),(155,94),(149,146),(176,153),(121,49),(185,131),(132,95),(175,92),(165,61),(155,116),(160,83),(141,108),(98,184),(119,152),(175,93),(159,87),(114,173),(159,102),(167,113),(156,51),(152,141),(92,159),(159,135),(65,68),(167,121),(239,32),
110:(128,95),(117,152),(197,86),(148,48),(148,151),(154,94),(150,146),(175,153),(121,49),(185,132),(131,95),(174,92),(165,62),(154,116),(160,84),(141,109),(98,184),(120,152),(174,93),(159,88),(113,173),(159,103),(167,114),(156,52),(152,140),(92,159),(159,134),(65,68),(167,121),(239,32),
111:(129,95),(118,152),(196,86),(149,48),(147,151),(153,94),(151,146),(174,153),(121,49),(185,133),(130,95),(173,92),(165,63),(153,116),(160,85),(142,109),(98,184),(121,152),(173,93),(159,89),(112,173),(159,104),(167,115),(157,52),(153,140),(92,159),(159,133),(65,68),(167,121),(239,32),
112:(130,95),(119,152),(195,86),(150,48),(146,151),(153,95),(151,145),(173,153),(121,49),(185,134),(131,95),(172,92),(165,64),(152,116),(160,86),(142,110),(98,184),(122,152),(172,93),(159,90),(111,173),(159,105),(166,115),(157,53),(154,140),(92,159),(159,132),(65,68),(167,121),(239,32),
113:(131,95),(120,152),(194,86),(151,48),(145,151),(152,95),(152,145),(172,153),(121,49),(185,135),(131,96),(171,92),(165,65),(152,115),(159,86),(143,110),(98,184),(123,152),(171,93),(159,91),(110,173),(159,106),(166,116),(158,53),(155,140),(92,159),(159,131),(65,68),(167,121),(239,32),
114:(132,95),(121,152),(193,86),(151,49),(145,152),(152,96),(152,144),(171,153),(121,49),(185,136),(130,96),(170,92),(165,66),(152,114),(159,87),(143,111),(98,184),(124,152),(170,93),(159,92),(109,173),(159,107),(165,116),(159,53),(156,140),(92,159),(159,130),(65,68),(167,121),(239,32),
115:(133,95),(122,152),(192,86),(151,50),(144,152),(152,97),(153,144),(170,153),(121,49),(185,137),(129,96),(169,92),(165,67),(152,113),(158,87),(144,111),(98,184),(125,152),(169,93),(159,93),(108,173),(159,108),(165,117),(160,53),(156,139),(92,159),(158,130),(65,68),(167,121),(239,32),
116:(134,95),(123,152),(191,86),(152,50),(144,153),(152,98),(153,143),(169,153),(121,49),(185,138),(129,95),(168,92),(165,68),(151,113),(157,87),(145,111),(98,184),(126,152),(168,93),(159,94),(107,173),(159,109),(164,117),(160,54),(156,138),(92,159),(158,129),(65,68),(167,121),(239,32),
117:(135,95),(124,152),(190,86),(153,50),(144,154),(152,99),(153,142),(168,153),(121,49),(185,139),(128,95),(167,92),(165,69),(150,113),(157,88),(146,111),(98,184),(127,152),(167,93),(159,95),(106,173),(159,110),(164,118),(160,55),(157,138),(92,159),(157,129),(65,68),(167,121),(239,32),
118:(136,95),(125,152),(189,86),(154,50),(144,155),(152,100),(154,142),(167,153),(121,49),(185,140),(127,95),(166,92),(164,69),(150,112),(157,89),(146,112),(98,184),(128,152),(166,93),(159,96),(105,173),(159,111),(164,119),(161,55),(158,138),(92,159),(157,128),(65,68),(167,121),(239,32),
119:(137,95),(126,152),(189,87),(155,50),(143,155),(152,101),(155,142),(166,153),(121,49),(186,140),(126,95),(165,92),(163,69),(150,111),(157,90),(147,112),(98,184),(129,152),(165,93),(159,97),(104,173),(159,112),(164,120),(161,56),(158,137),(92,159),(157,127),(65,68),(167,121),(239,32),
120:(138,95),(127,152),(189,88),(155,51),(143,156),(152,102),(156,142),(165,153),(121,49),(186,141),(125,95),(164,92),(163,70),(149,111),(156,90),(147,113),(98,184),(129,151),(164,93),(159,98),(103,173),(159,113),(164,121),(161,57),(159,137),(92,159),(157,126),(65,68),(167,121),(239,32),
121:(139,95),(128,152),(188,88),(155,52),(143,157),(152,103),(156,141),(164,153),(121,49),(187,141),(124,95),(163,92),(163,71),(149,110),(155,90),(148,113),(98,184),(130,151),(163,93),(159,99),(102,173),(159,114),(164,122),(162,57),(159,136),(92,159),(157,125),(65,68),(167,121),(239,32),
122:(140,95),(129,152),(188,89),(156,52),(143,158),(152,104),(157,141),(163,153),(121,49),(187,142),(123,95),(162,92),(162,71),(148,110),(154,90),(149,113),(98,184),(130,150),(162,93),(159,100),(101,173),(159,115),(164,123),(162,58),(160,136),(92,159),(157,124),(65,68),(167,121),(239,32),
123:(141,95),(129,151),(187,89),(157,52),(143,159),(151,104),(157,140),(162,153),(121,49),(187,143),(122,95),(161,92),(161,71),(148,109),(153,90),(149,114),(98,184),(130,149),(161,93),(159,101),(100,173),(159,116),(164,124),(163,58),(161,136),(92,159),(156,124),(65,68),(167,121),(239,32),
124:(142,95),(129,150),(186,89),(157,53),(142,159),(150,104),(157,139),(161,153),(121,49),(187,144),(121,95),(160,92),(161,72),(147,109),(153,91),(149,115),(98,184),(131,149),(160,93),(159,102),(100,174),(159,117),(163,124),(164,58),(161,135),(92,159),(156,123),(65,68),(167,121),(239,32),
125:(143,95),(130,150),(185,89),(158,53),(141,159),(149,104),(157,138),(160,153),(121,49),(187,145),(120,95),(159,92),(161,73),(146,109),(152,91),(149,116),(98,184),(132,149),(159,93),(159,103),(99,174),(159,118),(163,125),(165,58),(162,135),(92,159),(156,122),(65,68),(167,121),(239,32),
126:(144,95),(130,149),(185,90),(158,54),(140,159),(148,104),(158,138),(159,153),(121,49),(187,146),(119,95),(159,93),(161,74),(145,109),(151,91),(150,116),(98,184),(133,149),(158,93),(159,104),(98,174),(159,119),(162,125),(166,58),(163,135),(92,159),(155,122),(65,68),(167,121),(239,32),
127:(145,95),(131,149),(184,90),(159,54),(140,160),(147,104),(159,138),(158,153),(121,49),(187,147),(118,95),(159,94),(161,75),(145,108),(151,92),(151,116),(98,184),(134,149),(157,93),(159,105),(97,174),(159,120),(161,125),(166,59),(164,135),(92,159),(155,121),(65,68),(167,121),(239,32),
128:(146,95),(132,149),(184,91),(159,55),(139,160),(146,104),(160,138),(157,153),(121,49),(187,148),(117,95),(159,95),(161,76),(145,107),(151,93),(152,116),(98,184),(135,149),(156,93),(159,106),(97,175),(159,121),(160,125),(167,59),(165,135),(92,159),(155,120),(65,68),(167,121),(239,32),
129:(147,95),(133,149),(184,92),(160,55),(138,160),(145,104),(161,138),(156,153),(121,49),(187,149),(116,95),(159,96),(161,77),(145,106),(150,93),(152,117),(98,184),(136,149),(155,93),(159,107),(97,176),(159,122),(159,125),(167,60),(165,134),(92,159),(155,119),(65,68),(167,121),(239,32),
130:(148,95),(134,149),(184,93),(160,56),(138,161),(144,104),(161,137),(155,153),(121,49),(187,150),(115,95),(159,97),(161,78),(145,105),(149,93),(152,118),(98,184),(137,149),(154,93),(159,108),(97,177),(159,123),(159,126),(167,61),(165,133),(92,159),(155,118),(65,68),(167,121),(239,32),
131:(149,95),(135,149),(183,93),(161,56),(138,162),(143,104),(161,136),(154,153),(121,49),(187,151),(114,95),(159,98),(161,79),(144,105),(149,94),(153,118),(98,184),(138,149),(153,93),(159,109),(97,178),(159,124),(159,127),(167,62),(166,133),(92,159),(155,117),(65,68),(167,121),(239,32),
132:(150,95),(136,149),(182,93),(162,56),(138,163),(142,104),(162,136),(153,153),(121,49),(188,151),(113,95),(159,99),(161,80),(143,105),(148,94),(153,119),(98,184),(138,148),(152,93),(159,110),(97,179),(159,125),(159,128),(168,62),(166,132),(92,159),(154,117),(65,68),(167,121),(239,32),
133:(151,95),(137,149),(181,93),(163,56),(137,163),(141,104),(162,135),(152,153),(121,49),(188,152),(112,95),(159,100),(161,81),(143,104),(148,95),(154,119),(98,184),(139,148),(151,93),(159,111),(97,180),(159,126),(159,129),(169,62),(167,132),(92,159),(153,117),(65,68),(167,121),(239,32),
134:(152,95),(138,149),(181,94),(164,56),(137,164),(140,104),(163,135),(151,153),(121,49),(188,153),(111,95),(159,101),(161,82),(143,103),(147,95),(154,120),(98,184),(140,148),(150,93),(159,112),(97,181),(159,127),(159,130),(170,62),(167,131),(92,159),(153,116),(65,68),(167,121),(239,32),
135:(153,95),(138,148),(181,95),(165,56),(137,165),(139,104),(164,135),(150,153),(121,49),(189,153),(110,95),(159,102),(160,82),(143,102),(147,96),(155,120),(98,184),(141,148),(149,93),(159,113),(97,182),(159,128),(159,131),(171,62),(167,130),(92,159),(152,116),(65,68),(167,121),(239,32),
136:(154,95),(139,148),(181,96),(166,56),(136,165),(138,104),(164,134),(149,153),(121,49),(189,154),(109,95),(159,103),(159,82),(143,101),(146,96),(156,120),(98,184),(142,148),(148,93),(159,114),(97,183),(159,129),(159,132),(172,62),(168,130),(92,159),(151,116),(65,68),(167,121),(239,32),
137:(155,95),(140,148),(180,96),(167,56),(136,166),(137,104),(165,134),(148,153),(121,49),(189,155),(108,95),(159,104),(159,83),(143,100),(145,96),(156,121),(98,184),(143,148),(147,93),(159,115),(97,184),(159,130),(159,133),(172,63),(169,130),(92,159),(151,115),(65,68),(167,121),(239,32),
138:(156,95),(141,148),(179,96),(168,56),(136,167),(136,104),(165,133),(147,153),(121,49),(190,155),(107,95),(159,105),(159,84),(142,100),(144,96),(156,122),(98,184),(144,148),(146,93),(159,116),(97,185),(159,131),(159,134),(172,64),(170,130),(92,159),(150,115),(65,68),(167,121),(239,32),
139:(157,95),(142,148),(179,97),(169,56),(135,167),(135,104),(166,133),(146,153),(121,49),(191,155),(106,95),(159,106),(159,85),(141,100),(144,97),(157,122),(98,184),(145,148),(145,93),(159,117),(97,186),(159,132),(159,135),(172,65),(170,129),(92,159),(149,115),(65,68),(167,121),(239,32),
140:(158,95),(143,148),(178,97),(170,56),(135,168),(134,104),(167,133),(145,153),(121,49),(191,156),(105,95),(159,107),(159,86),(141,99),(144,98),(157,123),(98,184),(146,148),(144,93),(159,118),(97,187),(159,133),(159,136),(172,66),(171,129),(92,159),(149,114),(65,68),(167,121),(239,32),
141:(159,95),(144,148),(177,97),(171,56),(134,168),(133,104),(167,132),(144,153),(121,49),(191,157),(104,95),(159,108),(159,87),(140,99),(143,98),(158,123),(98,184),(147,148),(143,93),(159,119),(97,188),(159,134),(159,137),(172,67),(171,128),(92,159),(148,114),(65,68),(167,121),(239,32),
142:(160,95),(145,148),(177,98),(172,56),(134,169),(132,104),(167,131),(143,153),(121,49),(192,157),(104,95),(159,109),(159,88),(140,98),(142,98),(158,124),(98,184),(148,148),(142,93),(159,120),(97,189),(159,135),(158,137),(172,68),(171,127),(92,159),(148,113),(65,68),(167,121),(239,32),
143:(161,95),(146,148),(176,98),(173,56),(133,169),(131,104),(167,130),(142,153),(121,49),(192,157),(104,95),(159,110),(159,89),(140,97),(142,99),(158,125),(98,184),(148,147),(141,93),(159,121),(97,190),(159,136),(158,138),(173,68),(171,126),(92,159),(147,113),(65,68),(167,121),(239,32),
144:(161,95),(147,148),(176,99),(174,56),(132,169),(130,104),(167,129),(141,153),(121,49),(192,157),(104,95),(159,111),(159,90),(140,96),(142,100),(159,125),(98,184),(148,146),(140,93),(159,122),(97,191),(159,137),(158,139),(174,68),(171,125),(92,159),(147,112),(65,68),(167,121),(239,32),
145:(161,95),(147,147),(176,100),(174,55),(131,169),(129,104),(167,128),(140,153),(121,49),(192,157),(104,95),(159,112),(159,91),(140,95),(142,101),(159,126),(98,184),(149,146),(139,93),(159,123),(97,192),(159,138),(157,139),(175,68),(171,124),(92,159),(147,111),(65,68),(167,121),(239,32),
146:(161,95),(147,146),(175,100),(175,55),(130,169),(128,104),(168,128),(139,153),(121,49),(192,157),(104,95),(159,113),(159,92),(139,95),(141,101),(159,127),(98,184),(149,145),(139,92),(159,124),(97,193),(159,139),(157,140),(175,69),(172,124),(92,159),(146,111),(65,68),(167,121),(239,32),
147:(161,95),(148,146),(174,100),(176,55),(130,170),(127,104),(168,127),(138,153),(121,49),(192,157),(104,95),(159,114),(159,93),(139,94),(140,101),(159,128),(98,184),(150,145),(138,92),(159,125),(97,194),(159,140),(157,141),(175,70),(172,123),(92,159),(146,110),(65,68),(167,121),(239,32),
148:(161,95),(148,145),(173,100),(177,55),(130,171),(126,104),(168,126),(137,153),(121,49),(192,157),(104,95),(159,115),(159,94),(139,93),(140,102),(159,129),(98,184),(150,144),(137,92),(159,126),(97,195),(159,141),(157,142),(175,71),(172,122),(92,159),(146,109),(65,68),(167,121),(239,32),
149:(161,95),(149,145),(172,100),(178,55),(129,171),(125,104),(168,125),(136,153),(121,49),(192,157),(104,95),(159,116),(159,95),(138,93),(140,103),(159,130),(98,184),(151,144),(137,91),(159,127),(97,196),(158,141),(156,142),(175,72),(172,121),(92,159),(145,109),(65,68),(167,121),(239,32),
150:(161,95),(149,144),(172,101),(179,55),(128,171),(124,104),(169,125),(135,153),(121,49),(192,157),(104,95),(159,117),(159,96),(138,92),(139,103),(159,131),(98,184),(151,143),(137,90),(159,128),(97,197),(158,142),(156,143),(175,73),(172,120),(92,159),(145,108),(65,68),(167,121),(239,32),
151:(161,95),(149,143),(172,102),(180,55),(128,172),(123,104),(169,124),(134,153),(121,49),(192,157),(104,95),(159,118),(159,97),(137,92),(138,103),(159,132),(98,184),(151,142),(136,90),(159,129),(97,198),(158,143),(156,144),(175,74),(173,120),(92,159),(144,108),(65,68),(167,121),(239,32),
152:(161,95),(149,142),(171,102),(181,55),(128,173),(122,104),(169,123),(133,153),(121,49),(192,157),(104,95),(159,119),(159,98),(136,92),(137,103),(159,133),(98,184),(152,142),(135,90),(159,130),(97,199),(158,144),(156,145),(175,75),(173,119),(92,159),(143,108),(65,68),(167,121),(239,32),
153:(161,95),(149,141),(171,103),(182,55),(127,173),(121,104),(170,123),(132,153),(121,49),(192,157),(104,95),(159,120),(159,99),(136,91),(136,103),(159,134),(98,184),(153,142),(134,90),(159,131),(98,199),(158,145),(155,145),(175,76),(174,119),(92,159),(142,108),(65,68),(167,121),(239,32),
154:(161,95),(150,141),(170,103),(183,55),(126,173),(120,104),(170,122),(131,153),(121,49),(192,157),(104,95),(159,121),(159,100),(136,90),(135,103),(159,135),(98,184),(154,142),(133,90),(159,132),(98,200),(158,146),(154,145),(175,77),(174,118),(92,159),(141,108),(65,68),(167,121),(239,32),
155:(161,95),(151,141),(170,104),(184,55),(125,173),(119,104),(170,121),(130,153),(121,49),(192,157),(104,95),(159,122),(159,101),(135,90),(134,103),(159,136),(98,184),(155,142),(132,90),(159,133),(99,200),(157,146),(154,146),(175,78),(174,117),(92,159),(140,108),(65,68),(167,121),(239,32),
156:(161,95),(151,140),(170,105),(185,55),(124,173),(118,104),(170,120),(129,153),(121,49),(192,157),(104,95),(159,123),(159,102),(134,90),(133,103),(159,137),(98,184),(156,142),(131,90),(159,134),(99,201),(156,146),(154,147),(175,79),(174,116),(92,159),(139,108),(65,68),(167,121),(239,32),
157:(161,95),(152,140),(170,106),(186,55),(123,173),(117,104),(171,120),(128,153),(121,49),(192,157),(104,95),(159,124),(159,103),(133,90),(132,103),(158,137),(98,184),(156,141),(131,89),(159,135),(99,202),(156,147),(154,147),(176,79),(175,116),(92,159),(138,108),(65,68),(167,121),(239,32),
158:(161,95),(153,140),(170,107),(187,55),(122,173),(116,104),(172,120),(127,153),(121,49),(192,157),(104,95),(159,125),(159,104),(132,90),(131,103),(158,138),(98,184),(156,140),(131,88),(159,136),(99,203),(155,147),(154,147),(177,79),(175,115),(92,159),(137,108),(65,68),(167,121),(239,32),
159:(161,95),(154,140),(170,108),(188,55),(121,173),(115,104),(172,119),(126,153),(121,49),(192,157),(104,95),(159,126),(159,105),(131,90),(131,103),(157,138),(98,184),(157,140),(130,88),(159,137),(99,204),(155,148),(154,147),(178,79),(176,115),(92,159),(136,108),(65,68),(167,121),(239,32),
160:(161,95),(154,139),(170,109),(189,55),(120,173),(114,104),(173,119),(125,153),(121,49),(192,157),(104,95),(159,127),(159,106),(131,89),(131,103),(157,139),(98,184),(158,140),(130,87),(159,138),(99,205),(155,149),(154,147),(179,79),(177,115),(92,159),(135,108),(65,68),(167,121),(239,32),
161:(161,95),(155,139),(170,110),(190,55),(119,173),(113,104),(173,118),(124,153),(121,49),(192,157),(104,95),(159,128),(159,107),(131,88),(131,103),(157,140),(98,184),(158,139),(129,87),(158,138),(99,206),(155,150),(154,147),(180,79),(177,114),(92,159),(135,109),(65,68),(167,121),(239,32),
162:(161,95),(156,139),(170,111),(191,55),(118,173),(112,104),(174,118),(123,153),(121,49),(192,157),(104,95),(159,129),(159,108),(131,87),(131,103),(156,140),(98,184),(159,139),(128,87),(157,138),(99,207),(154,150),(154,147),(181,79),(178,114),(92,159),(134,109),(65,68),(167,121),(239,32),
163:(161,95),(157,139),(169,111),(192,55),(117,173),(111,104),(175,118),(122,153),(121,49),(192,157),(104,95),(159,130),(159,109),(130,87),(131,103),(156,141),(98,184),(160,139),(127,87),(156,138),(99,208),(153,150),(154,147),(182,79),(179,114),(92,159),(133,109),(65,68),(167,121),(239,32),
164:(161,95),(158,139),(168,111),(193,55),(116,173),(110,104),(176,118),(121,153),(121,49),(192,157),(104,95),(159,131),(159,110),(129,87),(131,103),(156,142),(98,184),(160,138),(126,87),(156,139),(100,208),(153,151),(154,147),(182,80),(179,113),(92,159),(132,109),(65,68),(167,121),(239,32),
165:(161,95),(159,139),(168,112),(194,55),(115,173),(109,104),(176,117),(120,153),(121,49),(192,157),(104,95),(159,132),(159,111),(129,86),(131,103),(155,142),(98,184),(160,137),(125,87),(155,139),(100,209),(152,151),(154,147),(183,80),(179,112),(92,159),(131,109),(65,68),(167,121),(239,32),
166:(161,95),(159,138),(167,112),(195,55),(114,173),(108,104),(177,117),(119,153),(121,49),(192,157),(104,95),(159,133),(159,112),(129,85),(131,103),(155,143),(98,184),(160,136),(125,86),(154,139),(101,209),(152,152),(154,147),(184,80),(179,111),(92,159),(130,109),(65,68),(167,121),(239,32),
167:(161,95),(159,137),(167,113),(196,55),(113,173),(107,104),(177,116),(118,153),(121,49),(192,157),(104,95),(159,134),(159,113),(128,85),(131,103),(155,144),(98,184),(161,136),(124,86),(153,139),(101,210),(151,152),(154,147),(185,80),(179,110),(92,159),(129,109),(65,68),(167,121),(239,32),
168:(161,95),(159,136),(166,113),(197,55),(112,173),(106,104),(177,115),(117,153),(121,49),(192,157),(104,95),(159,135),(159,114),(127,85),(131,103),(155,145),(98,184),(162,136),(124,85),(153,140),(101,211),(150,152),(154,147),(186,80),(179,109),(92,159),(128,109),(65,68),(167,121),(239,32),
169:(161,95),(159,135),(165,113),(198,55),(111,173),(106,104),(178,115),(116,153),(121,49),(192,157),(104,95),(160,135),(159,115),(126,85),(131,103),(154,145),(98,184),(163,136),(123,85),(152,140),(101,212),(150,153),(154,147),(187,80),(179,108),(92,159),(127,109),(65,68),(167,121),(239,32),
170:(161,95),(159,134),(164,113),(199,55),(110,173),(106,104),(179,115),(115,153),(121,49),(192,157),(104,95),(160,136),(159,116),(125,85),(131,103),(154,146),(98,184),(164,136),(122,85),(151,140),(101,213),(149,153),(154,147),(188,80),(179,107),(92,159),(126,109),(65,68),(167,121),(239,32),
171:(161,95),(159,133),(163,113),(200,55),(109,173),(106,104),(179,114),(114,153),(121,49),(192,157),(104,95),(160,137),(159,117),(124,85),(131,103),(153,146),(98,184),(165,136),(121,85),(150,140),(101,214),(148,153),(154,147),(189,80),(179,106),(92,159),(125,109),(65,68),(167,121),(239,32),
172:(161,95),(159,132),(163,114),(201,55),(108,173),(106,104),(179,113),(113,153),(121,49),(192,157),(104,95),(159,137),(159,118),(123,85),(131,103),(152,146),(98,184),(165,135),(120,85),(150,141),(102,214),(147,153),(154,147),(190,80),(179,105),(92,159),(124,109),(65,68),(167,121),(239,32),
173:(161,95),(158,132),(163,115),(202,55),(107,173),(106,104),(179,112),(112,153),(121,49),(192,157),(104,95),(158,137),(159,119),(122,85),(131,103),(151,146),(98,184),(165,134),(119,85),(150,142),(102,215),(146,153),(154,147),(191,80),(179,104),(92,159),(123,109),(65,68),(167,121),(239,32),
174:(161,95),(158,131),(162,115),(203,55),(106,173),(106,104),(179,111),(111,153),(121,49),(192,157),(104,95),(158,138),(159,120),(121,85),(131,103),(150,146),(98,184),(166,134),(118,85),(149,142),(102,216),(145,153),(154,147),(192,80),(179,103),(92,159),(123,109),(65,68),(167,121),(239,32),
175:(161,95),(158,130),(161,115),(204,55),(105,173),(106,104),(179,110),(110,153),(121,49),(192,157),(104,95),(158,139),(159,121),(120,85),(131,103),(149,146),(98,184),(167,134),(117,85),(149,143),(103,216),(144,153),(154,147),(193,80),(179,102),(92,159),(123,109),(65,68),(167,121),(239,32),
176:(161,95),(158,129),(161,116),(205,55),(104,173),(106,104),(179,109),(109,153),(121,49),(192,157),(104,95),(158,140),(159,122),(119,85),(131,103),(149,147),(98,184),(167,133),(116,85),(148,143),(104,216),(143,153),(154,147),(194,80),(180,102),(92,159),(123,109),(65,68),(167,121),(239,32),
177:(161,95),(158,128),(161,117),(206,55),(103,173),(106,104),(179,108),(109,152),(121,49),(192,157),(104,95),(157,140),(159,123),(118,85),(131,103),(148,147),(98,184),(167,132),(115,85),(148,144),(104,217),(142,153),(154,147),(195,80),(180,101),(92,159),(123,109),(65,68),(167,121),(239,32),
178:(161,95),(158,127),(160,117),(207,55),(102,173),(106,104),(179,107),(108,152),(121,49),(192,157),(104,95),(157,141),(159,124),(117,85),(131,103),(147,147),(98,184),(167,131),(114,85),(147,144),(105,217),(141,153),(154,147),(196,80),(180,100),(92,159),(123,109),(65,68),(167,121),(239,32),
179:(161,95),(158,126),(159,117),(208,55),(101,173),(106,104),(179,106),(108,151),(121,49),(192,157),(104,95),(156,141),(159,125),(116,85),(131,103),(147,148),(98,184),(167,130),(113,85),(147,145),(106,217),(140,153),(154,147),(197,80),(180,99),(92,159),(123,109),(65,68),(167,121),(239,32),
180:(161,95),(157,126),(159,118),(209,55),(100,173),(106,104),(179,105),(107,151),(121,49),(192,157),(104,95),(156,142),(159,126),(115,85),(131,103),(147,149),(98,184),(168,130),(112,85),(147,146),(106,218),(139,153),(154,147),(198,80),(180,98),(92,159),(123,109),(65,68),(167,121),(239,32),
181:(161,95),(157,125),(159,119),(210,55),(99,173),(106,104),(180,105),(107,150),(121,49),(192,157),(104,95),(156,143),(159,127),(114,85),(131,103),(147,150),(98,184),(169,130),(111,85),(147,147),(106,219),(138,153),(154,147),(199,80),(180,97),(92,159),(123,109),(65,68),(167,121),(239,32),
182:(161,95),(156,125),(159,120),(211,55),(98,173),(106,104),(180,104),(106,150),(121,49),(192,157),(104,95),(155,143),(159,128),(113,85),(131,103),(147,151),(98,184),(170,130),(110,85),(147,148),(106,220),(137,153),(154,147),(200,80),(180,96),(92,159),(123,109),(65,68),(167,121),(239,32),
183:(161,95),(156,124),(159,121),(212,55),(97,173),(106,104),(181,104),(106,149),(121,49),(192,157),(104,95),(154,143),(159,129),(112,85),(131,103),(146,151),(98,184),(170,129),(109,85),(147,149),(106,221),(136,153),(154,147),(201,80),(180,95),(92,159),(123,109),(65,68),(167,121),(239,32),
184:(161,95),(156,123),(159,122),(213,55),(97,174),(106,104),(181,103),(105,149),(121,49),(192,157),(104,95),(154,144),(159,130),(111,85),(131,103),(146,152),(98,184),(171,129),(108,85),(146,149),(107,221),(135,153),(154,147),(202,80),(180,94),(92,159),(123,109),(65,68),(167,121),(239,32),
185:(161,95),(156,122),(159,123),(214,55),(97,175),(106,104),(182,103),(105,148),(121,49),(192,157),(104,95),(154,145),(159,131),(110,85),(131,103),(146,153),(98,184),(171,128),(107,85),(146,150),(107,222),(134,153),(154,147),(203,80),(180,93),(92,159),(123,109),(65,68),(167,121),(239,32),
186:(161,95),(156,121),(159,124),(215,55),(97,176),(106,104),(182,102),(104,148),(121,49),(192,157),(104,95),(154,146),(159,132),(109,85),(131,103),(146,154),(98,184),(171,127),(106,85),(146,151),(108,222),(133,153),(154,147),(204,80),(180,92),(92,159),(123,109),(65,68),(167,121),(239,32),
187:(161,95),(155,121),(159,125),(216,55),(97,177),(106,104),(182,101),(103,148),(121,49),(192,157),(104,95),(153,146),(159,133),(108,85),(131,103),(145,154),(98,184),(171,126),(105,85),(145,151),(108,223),(132,153),(154,147),(205,80),(180,91),(92,159),(123,109),(65,68),(167,121),(239,32),
188:(161,95),(155,120),(159,126),(217,55),(97,178),(106,104),(182,100),(102,148),(121,49),(192,157),(104,95),(153,147),(159,134),(107,85),(131,103),(145,155),(98,184),(171,125),(104,85),(145,152),(109,223),(131,153),(154,147),(206,80),(180,90),(92,159),(123,109),(65,68),(167,121),(239,32),
189:(161,95),(155,119),(159,127),(218,55),(97,179),(106,104),(182,99),(101,148),(121,49),(192,157),(104,95),(153,148),(159,135),(106,85),(131,103),(144,155),(98,184),(171,124),(103,85),(144,152),(109,224),(130,153),(154,147),(207,80),(180,89),(92,159),(123,109),(65,68),(167,121),(239,32),
190:(161,95),(154,119),(159,128),(219,55),(97,180),(106,104),(182,98),(100,148),(121,49),(192,157),(104,95),(152,148),(159,136),(105,85),(131,103),(144,156),(98,184),(171,123),(102,85),(144,153),(109,225),(129,153),(154,147),(208,80),(180,88),(92,159),(123,109),(65,68),(167,121),(239,32),
191:(161,95),(154,118),(159,129),(220,55),(97,181),(106,104),(183,98),(99,148),(121,49),(192,157),(104,95),(152,149),(159,137),(104,85),(131,103),(143,156),(98,184),(171,122),(101,85),(144,154),(110,225),(128,153),(154,147),(209,80),(180,87),(92,159),(123,109),(65,68),(167,121),(239,32),
192:(161,95),(153,118),(159,130),(221,55),(97,182),(106,104),(184,98),(98,148),(121,49),(192,157),(104,95),(151,149),(159,138),(103,85),(131,103),(143,157),(98,184),(171,121),(100,85),(144,155),(110,226),(127,153),(154,147),(210,80),(180,86),(92,159),(123,109),(65,68),(167,121),(239,32),
193:(161,95),(152,118),(159,131),(222,55),(97,183),(106,104),(184,97),(97,148),(121,49),(192,157),(104,95),(150,149),(159,139),(102,85),(131,103),(143,158),(98,184),(171,120),(99,85),(144,156),(111,226),(126,153),(154,147),(211,80),(180,85),(92,159),(123,109),(65,68),(167,121),(239,32),
194:(161,95),(151,118),(159,132),(223,55),(97,184),(106,104),(184,96),(96,148),(121,49),(192,157),(104,95),(149,149),(159,140),(101,85),(131,103),(142,158),(98,184),(171,119),(98,85),(144,157),(112,226),(125,153),(154,147),(212,80),(180,84),(92,159),(123,109),(65,68),(167,121),(239,32),
195:(161,95),(151,117),(159,133),(224,55),(97,185),(106,104),(184,95),(95,148),(121,49),(192,157),(104,95),(148,149),(158,140),(100,85),(131,103),(141,158),(98,184),(171,118),(97,85),(144,158),(113,226),(124,153),(154,147),(213,80),(180,83),(92,159),(123,109),(65,68),(167,121),(239,32),
196:(161,95),(150,117),(159,134),(225,55),(97,186),(106,104),(184,94),(94,148),(121,49),(192,157),(104,95),(147,149),(157,140),(99,85),(131,103),(140,158),(98,184),(171,117),(97,84),(143,158),(114,226),(123,153),(154,147),(214,80),(180,82),(92,159),(123,109),(65,68),(167,121),(239,32),
197:(161,95),(150,116),(159,135),(226,55),(97,187),(106,104),(184,93),(93,148),(121,49),(192,157),(104,95),(146,149),(157,141),(98,85),(131,103),(139,158),(98,184),(171,116),(96,84),(142,158),(115,226),(122,153),(154,147),(214,80),(180,81),(92,159),(123,109),(65,68),(167,121),(239,32),
198:(161,95),(149,116),(159,136),(227,55),(97,188),(106,104),(184,92),(92,148),(121,49),(192,157),(104,95),(146,150),(157,142),(97,85),(131,103),(138,158),(98,184),(171,115),(95,84),(141,158),(116,226),(121,153),(154,147),(214,80),(180,80),(92,159),(123,109),(65,68),(167,121),(239,32),
199:(161,95),(149,115),(159,137),(228,55),(97,189),(106,104),(184,91),(91,148),(121,49),(192,157),(104,95),(145,150),(156,142),(97,84),(131,103),(137,158),(98,184),(171,114),(94,84),(140,158),(117,226),(120,153),(154,147),(214,80),(180,79),(92,159),(123,109),(65,68),(167,121),(239,32),
200:(161,95),(148,115),(159,138),(229,55),(97,190),(106,104),(184,90),(90,148),(121,49),(192,157),(104,95),(144,150),(155,142),(96,84),(131,103),(136,158),(98,184),(171,113),(93,84),(139,158),(118,226),(119,153),(154,147),(214,80),(180,78),(92,159),(123,109),(65,68),(167,121),(239,32),
201:(161,95),(148,114),(158,138),(230,55),(97,191),(106,104),(184,89),(89,148),(121,49),(192,157),(104,95),(143,150),(155,143),(95,84),(131,103),(135,158),(98,184),(171,112),(92,84),(139,159),(119,226),(118,153),(154,147),(214,80),(180,77),(92,159),(123,109),(65,68),(167,121),(239,32),
202:(161,95),(148,113),(158,139),(230,54),(97,192),(106,104),(184,88),(88,148),(121,49),(192,157),(104,95),(143,151),(155,144),(94,84),(131,103),(134,158),(98,184),(171,111),(91,84),(138,159),(120,226),(117,153),(154,147),(214,80),(180,76),(92,159),(123,109),(65,68),(167,121),(239,32),
203:(161,95),(147,113),(157,139),(231,54),(97,193),(106,104),(184,87),(87,148),(121,49),(192,157),(104,95),(143,152),(155,145),(93,84),(131,103),(133,158),(98,184),(171,110),(91,83),(137,159),(121,226),(116,153),(154,147),(214,80),(180,75),(92,159),(123,109),(65,68),(167,121),(239,32),
204:(161,95),(146,113),(156,139),(231,53),(97,194),(106,104),(184,86),(86,148),(121,49),(192,157),(104,95),(142,152),(155,146),(92,84),(131,103),(132,158),(98,184),(171,109),(90,83),(136,159),(122,226),(115,153),(154,147),(214,80),(180,74),(92,159),(123,109),(65,68),(167,121),(239,32),
205:(161,95),(145,113),(155,139),(232,53),(97,195),(106,104),(184,85),(85,148),(121,49),(192,157),(104,95),(142,153),(155,147),(92,83),(131,103),(131,158),(98,184),(171,108),(90,82),(136,160),(123,226),(114,153),(154,147),(214,80),(180,73),(92,159),(123,109),(65,68),(167,121),(239,32),
206:(161,95),(145,112),(154,139),(233,53),(97,196),(106,104),(184,84),(84,148),(121,49),(192,157),(104,95),(142,154),(155,148),(92,82),(131,103),(130,158),(98,184),(171,107),(89,82),(135,160),(124,226),(113,153),(154,147),(214,80),(180,72),(92,159),(123,109),(65,68),(167,121),(239,32),
207:(161,95),(144,112),(154,140),(233,52),(97,197),(106,104),(184,83),(83,148),(121,49),(192,157),(104,95),(142,155),(155,149),(91,82),(131,103),(129,158),(98,184),(171,106),(88,82),(134,160),(125,226),(112,153),(154,147),(214,80),(180,71),(92,159),(123,109),(65,68),(167,121),(239,32),
208:(161,95),(144,111),(153,140),(234,52),(97,198),(106,104),(184,82),(82,148),(121,49),(192,157),(104,95),(142,156),(155,150),(90,82),(131,103),(129,158),(98,184),(171,105),(87,82),(134,161),(126,226),(111,153),(154,147),(214,80),(180,70),(92,159),(123,109),(65,68),(167,121),(239,32),
209:(161,95),(144,110),(152,140),(234,51),(97,199),(106,104),(184,81),(81,148),(121,49),(192,157),(104,95),(141,156),(154,150),(89,82),(131,103),(129,158),(98,184),(171,104),(87,81),(134,162),(127,226),(110,153),(154,147),(214,80),(180,69),(92,159),(123,109),(65,68),(167,121),(239,32),
210:(161,95),(144,109),(151,140),(235,51),(97,200),(106,104),(184,80),(80,148),(121,49),(192,157),(104,95),(140,156),(154,151),(88,82),(131,103),(129,158),(98,184),(171,103),(86,81),(133,162),(128,226),(109,153),(154,147),(214,80),(180,68),(92,159),(123,109),(65,68),(167,121),(239,32),
211:(161,95),(144,108),(150,140),(235,50),(98,200),(106,104),(184,79),(79,148),(121,49),(192,157),(104,95),(139,156),(154,152),(87,82),(131,103),(129,158),(98,184),(171,102),(86,80),(132,162),(129,226),(109,152),(154,147),(214,80),(180,67),(92,159),(123,109),(65,68),(167,121),(239,32),
212:(161,95),(143,108),(150,141),(235,49),(99,200),(106,104),(184,78),(78,148),(121,49),(192,157),(104,95),(138,156),(153,152),(87,81),(131,103),(129,158),(98,184),(171,101),(85,80),(132,163),(130,226),(108,152),(154,147),(214,80),(180,66),(92,159),(123,109),(65,68),(167,121),(239,32),
213:(161,95),(143,107),(150,142),(236,49),(99,201),(106,104),(184,77),(77,148),(121,49),(192,157),(104,95),(138,157),(153,153),(86,81),(131,103),(129,158),(98,184),(171,101),(84,80),(132,164),(131,226),(107,152),(154,147),(214,80),(180,65),(92,159),(123,109),(65,68),(167,121),(239,32),
214:(161,95),(143,106),(149,142),(236,48),(99,202),(106,104),(184,76),(76,148),(121,49),(192,157),(104,95),(137,157),(152,153),(85,81),(131,103),(129,158),(98,184),(171,101),(83,80),(132,165),(132,226),(106,152),(154,147),(214,80),(180,64),(92,159),(123,109),(65,68),(167,121),(239,32),
215:(161,95),(143,105),(149,143),(237,48),(99,203),(106,104),(184,75),(75,148),(121,49),(192,157),(104,95),(136,157),(151,153),(84,81),(131,103),(129,158),(98,184),(171,101),(82,80),(131,165),(133,226),(105,152),(154,147),(214,80),(180,63),(92,159),(123,109),(65,68),(167,121),(239,32),
216:(161,95),(143,104),(148,143),(238,48),(99,204),(106,104),(184,74),(74,148),(121,49),(192,157),(104,95),(135,157),(150,153),(84,80),(131,103),(129,158),(98,184),(171,101),(81,80),(131,166),(134,226),(104,152),(154,147),(214,80),(180,62),(92,159),(123,109),(65,68),(167,121),(239,32),
217:(161,95),(143,103),(148,144),(238,47),(99,205),(106,104),(184,73),(73,148),(121,49),(192,157),(104,95),(134,157),(149,153),(83,80),(131,103),(129,158),(98,184),(171,101),(81,79),(131,167),(135,226),(104,151),(154,147),(214,80),(180,61),(92,159),(123,109),(65,68),(167,121),(239,32),
218:(161,95),(143,102),(147,144),(238,46),(99,206),(106,104),(184,72),(72,148),(121,49),(192,157),(104,95),(134,158),(148,153),(83,79),(131,103),(129,158),(98,184),(171,101),(81,78),(130,167),(136,226),(104,150),(154,147),(214,80),(180,60),(92,159),(123,109),(65,68),(167,121),(239,32),
219:(161,95),(142,102),(147,145),(238,45),(99,207),(106,104),(184,71),(71,148),(121,49),(192,157),(104,95),(133,158),(147,153),(82,79),(131,103),(129,158),(98,184),(171,101),(81,77),(129,167),(137,226),(103,150),(154,147),(214,80),(180,59),(92,159),(123,109),(65,68),(167,121),(239,32),
220:(161,95),(142,101),(147,146),(238,44),(99,208),(106,104),(184,70),(70,148),(121,49),(192,157),(104,95),(132,158),(146,153),(81,79),(131,103),(129,158),(98,184),(171,101),(80,77),(129,168),(138,226),(102,150),(154,147),(214,80),(180,58),(92,159),(123,109),(65,68),(167,121),(239,32),
221:(161,95),(142,100),(147,147),(238,43),(99,209),(106,104),(184,69),(69,148),(121,49),(192,157),(104,95),(131,158),(145,153),(80,79),(131,103),(129,158),(98,184),(171,101),(79,77),(129,169),(139,226),(101,150),(154,147),(214,80),(180,57),(92,159),(123,109),(65,68),(167,121),(239,32),
222:(161,95),(141,100),(147,148),(238,42),(100,209),(106,104),(184,69),(68,148),(121,49),(192,157),(104,95),(130,158),(144,153),(79,79),(131,103),(129,158),(98,184),(171,101),(79,76),(128,169),(140,226),(100,150),(154,147),(214,80),(180,56),(92,159),(123,109),(65,68),(167,121),(239,32),
223:(161,95),(141,99),(146,148),(239,42),(100,210),(106,104),(184,69),(67,148),(121,49),(192,157),(104,95),(130,159),(143,153),(78,79),(131,103),(129,158),(98,184),(171,101),(79,75),(128,170),(141,226),(100,149),(154,147),(214,80),(180,55),(92,159),(123,109),(65,68),(167,121),(239,32),
224:(161,95),(141,98),(146,149),(239,41),(101,210),(106,104),(184,69),(66,148),(121,49),(192,157),(104,95),(130,160),(142,153),(78,78),(131,103),(129,158),(98,184),(171,101),(78,75),(128,171),(142,226),(100,148),(154,147),(214,80),(180,54),(92,159),(123,109),(65,68),(167,121),(239,32),
225:(161,95),(140,98),(145,149),(239,40),(101,211),(106,104),(184,69),(65,148),(121,49),(192,157),(104,95),(130,161),(141,153),(78,77),(131,103),(129,158),(98,184),(171,101),(77,75),(127,171),(143,226),(100,147),(154,147),(214,80),(180,53),(92,159),(123,109),(65,68),(167,121),(239,32),
226:(161,95),(139,98),(145,150),(239,39),(102,211),(106,104),(184,69),(64,148),(121,49),(192,157),(104,95),(129,161),(140,153),(77,77),(131,103),(129,158),(98,184),(171,101),(76,75),(126,171),(144,226),(99,147),(154,147),(214,80),(180,52),(92,159),(123,109),(65,68),(167,121),(239,32),
227:(161,95),(138,98),(144,150),(240,39),(103,211),(106,104),(184,69),(63,148),(121,49),(192,157),(104,95),(128,161),(139,153),(76,77),(131,103),(129,158),(98,184),(171,101),(75,75),(126,172),(145,226),(98,147),(154,147),(214,80),(180,51),(92,159),(123,109),(65,68),(167,121),(239,32),
228:(161,95),(138,97),(144,151),(241,39),(103,212),(106,104),(184,69),(62,148),(121,49),(192,157),(104,95),(128,162),(138,153),(76,76),(131,103),(129,158),(98,184),(171,101),(74,75),(126,173),(146,226),(97,147),(154,147),(214,80),(180,50),(92,159),(123,109),(65,68),(167,121),(239,32),
229:(161,95),(138,96),(143,151),(241,38),(103,213),(106,104),(184,69),(61,148),(121,49),(192,157),(104,95),(128,163),(137,153),(76,75),(131,103),(129,158),(98,184),(171,101),(74,74),(125,173),(147,226),(97,146),(154,147),(214,80),(180,49),(92,159),(123,109),(65,68),(167,121),(239,32),
230:(161,95),(137,96),(142,151),(241,37),(103,214),(106,104),(184,69),(60,148),(121,49),(192,157),(104,95),(128,164),(136,153),(76,74),(131,103),(129,158),(98,184),(171,101),(73,74),(124,173),(148,226),(97,145),(154,147),(214,80),(180,48),(92,159),(123,109),(65,68),(167,121),(239,32),
231:(161,95),(137,95),(142,152),(242,37),(103,215),(106,104),(184,69),(59,148),(121,49),(192,157),(104,95),(128,165),(135,153),(75,74),(131,103),(129,158),(98,184),(171,101),(72,74),(123,173),(148,226),(96,145),(154,147),(214,80),(180,47),(92,159),(123,109),(65,68),(167,121),(239,32),
232:(161,95),(136,95),(142,153),(243,37),(104,215),(106,104),(184,69),(58,148),(121,49),(192,157),(104,95),(128,166),(134,153),(74,74),(131,103),(129,158),(98,184),(171,101),(72,73),(122,173),(148,226),(95,145),(154,147),(214,80),(180,46),(92,159),(123,109),(65,68),(167,121),(239,32),
233:(161,95),(135,95),(141,153),(244,37),(104,216),(106,104),(184,69),(57,148),(121,49),(192,157),(104,95),(127,166),(133,153),(74,73),(131,103),(129,158),(98,184),(171,101),(71,73),(121,173),(148,226),(94,145),(154,147),(214,80),(180,45),(92,159),(123,109),(65,68),(167,121),(239,32),
234:(161,95),(134,95),(141,154),(244,36),(105,216),(106,104),(184,69),(56,148),(121,49),(192,157),(104,95),(126,166),(132,153),(73,73),(131,103),(129,158),(98,184),(171,101),(71,72),(120,173),(148,226),(93,145),(154,147),(214,80),(180,44),(92,159),(123,109),(65,68),(167,121),(239,32),
235:(161,95),(134,94),(140,154),(245,36),(106,216),(106,104),(184,69),(55,148),(121,49),(192,157),(104,95),(126,167),(131,153),(72,73),(131,103),(129,158),(98,184),(171,101),(71,71),(119,173),(148,226),(92,145),(154,147),(214,80),(180,43),(92,159),(123,109),(65,68),(167,121),(239,32),
236:(161,95),(134,93),(140,155),(246,36),(106,217),(106,104),(184,69),(54,148),(121,49),(192,157),(104,95),(125,167),(130,153),(71,73),(131,103),(129,158),(98,184),(171,101),(70,71),(118,173),(148,226),(91,145),(154,147),(214,80),(180,42),(92,159),(123,109),(65,68),(167,121),(239,32),
237:(161,95),(133,93),(140,156),(246,36),(107,217),(106,104),(184,69),(53,148),(121,49),(192,157),(104,95),(125,168),(129,153),(71,72),(131,103),(129,158),(98,184),(171,101),(69,71),(117,173),(148,226),(90,145),(154,147),(214,80),(179,42),(92,159),(123,109),(65,68),(167,121),(239,32),
238:(161,95),(133,92),(140,157),(246,36),(107,218),(106,104),(184,69),(52,148),(121,49),(192,157),(104,95),(124,168),(128,153),(70,72),(131,103),(129,158),(98,184),(171,101),(68,71),(116,173),(148,226),(89,145),(154,147),(214,80),(179,41),(92,159),(123,109),(65,68),(167,121),(239,32),
239:(161,95),(132,92),(139,157),(246,36),(107,219),(106,104),(184,69),(51,148),(121,49),(192,157),(104,95),(123,168),(127,153),(70,71),(131,103),(129,158),(98,184),(171,101),(67,71),(115,173),(148,226),(88,145),(154,147),(214,80),(179,40),(92,159),(123,109),(65,68),(167,121),(239,32),
240:(161,95),(131,92),(139,158),(246,36),(108,219),(106,104),(184,69),(50,148),(121,49),(192,157),(104,95),(122,168),(126,153),(70,70),(131,103),(129,158),(98,184),(171,101),(66,71),(114,173),(148,226),(87,145),(154,147),(214,80),(179,39),(92,159),(123,109),(65,68),(167,121),(239,32),
241:(161,95),(130,92),(139,159),(246,36),(109,219),(106,104),(184,69),(49,148),(121,49),(192,157),(104,95),(121,168),(125,153),(70,69),(131,103),(129,158),(98,184),(171,101),(65,71),(113,173),(148,226),(86,145),(154,147),(214,80),(178,39),(92,159),(123,109),(65,68),(167,121),(239,32),
242:(161,95),(129,92),(138,159),(246,36),(110,219),(106,104),(184,69),(48,148),(121,49),(192,157),(104,95),(120,168),(124,153),(70,68),(131,103),(129,158),(98,184),(171,101),(65,70),(112,173),(148,226),(85,145),(154,147),(214,80),(178,38),(92,159),(123,109),(65,68),(167,121),(239,32),
243:(161,95),(128,92),(137,159),(246,36),(111,219),(106,104),(184,69),(48,148),(121,49),(192,157),(104,95),(119,168),(123,153),(70,67),(131,103),(129,158),(98,184),(171,101),(65,69),(111,173),(148,226),(84,145),(154,147),(214,80),(178,37),(92,159),(123,109),(65,68),(167,121),(239,32),
244:(161,95),(127,92),(136,159),(246,36),(112,219),(106,104),(184,69),(48,148),(121,49),(192,157),(104,95),(118,168),(122,153),(69,67),(131,103),(129,158),(98,184),(171,101),(64,69),(110,173),(148,226),(83,145),(154,147),(214,80),(177,37),(92,159),(123,109),(65,68),(167,121),(239,32),
245:(161,95),(126,92),(135,159),(246,36),(113,219),(106,104),(184,69),(48,148),(121,49),(192,157),(104,95),(117,168),(121,153),(69,66),(131,103),(129,158),(98,184),(171,101),(63,69),(109,173),(148,226),(82,145),(154,147),(214,80),(177,36),(92,159),(123,109),(65,68),(167,121),(239,32),
246:(161,95),(125,92),(134,159),(246,36),(114,219),(106,104),(184,69),(48,148),(121,49),(192,157),(104,95),(116,168),(120,153),(68,66),(131,103),(129,158),(98,184),(171,101),(62,69),(108,173),(148,226),(81,145),(154,147),(214,80),(176,36),(92,159),(123,109),(65,68),(167,121),(239,32),
247:(161,95),(124,92),(133,159),(246,36),(115,219),(106,104),(184,69),(48,148),(121,49),(192,157),(104,95),(115,168),(119,153),(67,66),(131,103),(129,158),(98,184),(171,101),(62,68),(107,173),(148,226),(80,145),(154,147),(214,80),(176,35),(92,159),(123,109),(65,68),(167,121),(239,32),
248:(161,95),(123,92),(132,159),(246,36),(116,219),(106,104),(184,69),(48,148),(121,49),(192,157),(104,95),(114,168),(118,153),(67,65),(131,103),(129,158),(98,184),(171,101),(61,68),(106,173),(148,226),(79,145),(154,147),(214,80),(176,34),(92,159),(123,109),(65,68),(167,121),(239,32),
249:(161,95),(122,92),(131,159),(246,36),(117,219),(106,104),(184,69),(48,148),(121,49),(192,157),(104,95),(113,168),(117,153),(67,64),(131,103),(129,158),(98,184),(171,101),(60,68),(105,173),(148,226),(78,145),(154,147),(214,80),(176,33),(92,159),(123,109),(65,68),(167,121),(239,32),
250:(161,95),(121,92),(130,159),(246,36),(118,219),(106,104),(184,69),(48,148),(121,49),(192,157),(104,95),(112,168),(116,153),(67,63),(131,103),(129,158),(98,184),(171,101),(59,68),(104,173),(148,226),(77,145),(154,147),(214,80),(176,32),(92,159),(123,109),(65,68),(167,121),(239,32),
251:(161,95),(120,92),(129,159),(246,36),(119,219),(106,104),(184,69),(48,148),(121,49),(192,157),(104,95),(111,168),(115,153),(67,62),(131,103),(129,158),(98,184),(171,101),(58,68),(103,173),(148,226),(76,145),(154,147),(214,80),(175,32),(92,159),(123,109),(65,68),(167,121),(239,32),
252:(161,95),(119,92),(128,159),(246,36),(120,219),(106,104),(184,69),(48,148),(121,49),(192,157),(104,95),(110,168),(114,153),(66,62),(131,103),(129,158),(98,184),(171,101),(57,68),(102,173),(148,226),(75,145),(154,147),(214,80),(175,31),(92,159),(123,109),(65,68),(167,121),(239,32),
253:(161,95),(118,92),(127,159),(246,36),(121,219),(106,104),(184,69),(48,148),(121,49),(192,157),(104,95),(109,168),(113,153),(66,61),(131,103),(129,158),(98,184),(171,101),(56,68),(101,173),(148,226),(74,145),(154,147),(214,80),(174,31),(92,159),(123,109),(65,68),(167,121),(239,32),
254:(161,95),(117,92),(126,159),(246,36),(122,219),(106,104),(184,69),(48,148),(121,49),(192,157),(104,95),(108,168),(112,153),(66,60),(131,103),(129,158),(98,184),(171,101),(55,68),(100,173),(148,226),(73,145),(154,147),(214,80),(173,31),(92,159),(123,109),(65,68),(167,121),(239,32),
255:(161,95),(116,92),(125,159),(246,36),(123,219),(106,104),(184,69),(48,148),(121,49),(192,157),(104,95),(107,168),(111,153),(65,60),(131,103),(129,158),(98,184),(171,101),(54,68),(99,173),(148,226),(72,145),(154,147),(214,80),(172,31),(92,159),(123,109),(65,68),(167,121),(239,32),
256:(161,95),(115,92),(124,159),(246,36),(124,219),(106,104),(184,69),(48,148),(121,49),(192,157),(104,95),(106,168),(110,153),(65,59),(131,103),(129,158),(98,184),(171,101),(54,67),(99,174),(148,226),(71,145),(154,147),(214,80),(171,31),(92,159),(123,109),(65,68),(167,121),(239,32),
257:(161,95),(114,92),(123,159),(246,36),(125,219),(106,104),(184,69),(48,148),(121,49),(192,157),(104,95),(105,168),(109,153),(64,59),(131,103),(129,158),(98,184),(171,101),(53,67),(99,175),(148,226),(70,145),(154,147),(214,80),(170,31),(92,159),(123,109),(65,68),(167,121),(239,32),
258:(161,95),(113,92),(122,159),(246,36),(126,219),(106,104),(184,69),(48,148),(121,49),(192,157),(104,95),(104,168),(108,153),(64,58),(131,103),(129,158),(98,184),(171,101),(52,67),(98,175),(148,226),(69,145),(154,147),(214,80),(170,31),(92,159),(123,109),(65,68),(167,121),(239,32),
259:(161,95),(112,92),(121,159),(246,36),(127,219),(106,104),(184,69),(48,148),(121,49),(192,157),(104,95),(103,168),(107,153),(64,57),(131,103),(129,158),(98,184),(171,101),(51,67),(98,176),(148,226),(68,145),(154,147),(214,80),(170,31),(92,159),(123,109),(65,68),(167,121),(239,32),
260:(161,95),(111,92),(120,159),(246,36),(128,219),(106,104),(184,69),(48,148),(121,49),(192,157),(104,95),(102,168),(106,153),(64,56),(131,103),(129,158),(98,184),(171,101),(50,67),(97,176),(148,226),(67,145),(154,147),(214,80),(170,31),(92,159),(123,109),(65,68),(167,121),(239,32),
261:(161,95),(110,92),(119,159),(246,36),(129,219),(106,104),(184,69),(48,148),(121,49),(192,157),(104,95),(101,168),(105,153),(63,56),(131,103),(129,158),(98,184),(171,101),(49,67),(96,176),(148,226),(66,145),(154,147),(214,80),(170,31),(92,159),(123,109),(65,68),(167,121),(239,32),
262:(161,95),(109,92),(118,159),(246,36),(130,219),(106,104),(184,69),(48,148),(121,49),(192,157),(104,95),(100,168),(104,153),(63,55),(131,103),(129,158),(98,184),(171,101),(48,67),(96,177),(148,226),(65,145),(154,147),(214,80),(170,31),(92,159),(123,109),(65,68),(167,121),(239,32),
263:(161,95),(108,92),(117,159),(246,36),(131,219),(106,104),(184,69),(48,148),(121,49),(192,157),(104,95),(99,168),(104,152),(62,55),(131,103),(129,158),(98,184),(171,101),(47,67),(96,178),(148,226),(64,145),(154,147),(214,80),(170,31),(92,159),(123,109),(65,68),(167,121),(239,32),
264:(161,95),(107,92),(116,159),(246,36),(132,219),(106,104),(184,69),(48,148),(121,49),(192,157),(104,95),(98,168),(103,152),(62,54),(131,103),(129,158),(98,184),(171,101),(46,67),(96,179),(148,226),(63,145),(154,147),(214,80),(170,31),(92,159),(123,109),(65,68),(167,121),(239,32),
265:(161,95),(106,92),(115,159),(246,36),(133,219),(106,104),(184,69),(48,148),(121,49),(192,157),(104,95),(97,168),(102,152),(62,53),(131,103),(129,158),(98,184),(171,101),(46,67),(96,180),(148,226),(62,145),(154,147),(214,80),(170,31),(92,159),(123,109),(65,68),(167,121),(239,32),
266:(161,95),(105,92),(114,159),(246,36),(134,219),(106,104),(184,69),(48,148),(121,49),(192,157),(104,95),(96,168),(101,152),(62,52),(131,103),(129,158),(98,184),(171,101),(46,67),(96,181),(148,226),(61,145),(154,147),(214,80),(170,31),(92,159),(123,109),(65,68),(167,121),(239,32),
267:(161,95),(104,92),(113,159),(246,36),(135,219),(106,104),(184,69),(48,148),(121,49),(192,157),(104,95),(95,168),(100,152),(62,51),(131,103),(129,158),(98,184),(171,101),(46,67),(96,182),(148,226),(60,145),(154,147),(214,80),(170,31),(92,159),(123,109),(65,68),(167,121),(239,32),
268:(161,95),(103,92),(112,159),(246,36),(136,219),(106,104),(184,69),(48,148),(121,49),(192,157),(104,95),(94,168),(99,152),(62,50),(131,103),(129,158),(98,184),(171,101),(46,67),(96,183),(148,226),(59,145),(154,147),(214,80),(170,31),(92,159),(123,109),(65,68),(167,121),(239,32),
269:(161,95),(102,92),(111,159),(246,36),(137,219),(106,104),(184,69),(48,148),(121,49),(192,157),(104,95),(93,168),(98,152),(62,49),(131,103),(129,158),(98,184),(171,101),(46,67),(96,184),(148,226),(58,145),(154,147),(214,80),(170,31),(92,159),(123,109),(65,68),(167,121),(239,32),
270:(161,95),(101,92),(110,159),(246,36),(138,219),(106,104),(184,69),(48,148),(121,49),(192,157),(104,95),(92,168),(97,152),(62,48),(131,103),(129,158),(98,184),(171,101),(46,67),(96,185),(148,226),(57,145),(154,147),(214,80),(170,31),(92,159),(123,109),(65,68),(167,121),(239,32),
271:(161,95),(100,92),(109,159),(246,36),(139,219),(106,104),(184,69),(48,148),(121,49),(192,157),(104,95),(91,168),(96,152),(62,47),(131,103),(129,158),(98,184),(171,101),(46,67),(96,186),(148,226),(56,145),(154,147),(214,80),(170,31),(92,159),(123,109),(65,68),(167,121),(239,32),
272:(161,95),(99,92),(108,159),(246,36),(140,219),(106,104),(184,69),(48,148),(121,49),(192,157),(104,95),(90,168),(95,152),(62,46),(131,103),(129,158),(98,184),(171,101),(46,67),(96,187),(148,226),(55,145),(154,147),(214,80),(170,31),(92,159),(123,109),(65,68),(167,121),(239,32),
273:(161,95),(98,92),(107,159),(246,36),(141,219),(106,104),(184,69),(48,148),(121,49),(192,157),(104,95),(89,168),(94,152),(62,45),(131,103),(129,158),(98,184),(171,101),(46,67),(96,188),(148,226),(54,145),(154,147),(214,80),(170,31),(92,159),(123,109),(65,68),(167,121),(239,32),
274:(161,95),(97,92),(106,159),(246,36),(142,219),(106,104),(184,69),(48,148),(121,49),(192,157),(104,95),(88,168),(93,152),(62,44),(131,103),(129,158),(98,184),(171,101),(46,67),(96,188),(148,226),(53,145),(154,147),(214,80),(170,31),(92,159),(123,109),(65,68),(167,121),(239,32),
275:(161,95),(96,92),(105,159),(246,36),(143,219),(106,104),(184,69),(48,148),(121,49),(192,157),(104,95),(87,168),(92,152),(62,43),(131,103),(129,158),(98,184),(171,101),(46,67),(96,188),(148,226),(52,145),(154,147),(214,80),(170,31),(92,159),(123,109),(65,68),(167,121),(239,32),
276:(161,95),(95,92),(104,159),(246,36),(144,219),(106,104),(184,69),(48,148),(121,49),(192,157),(104,95),(86,168),(91,152),(62,42),(131,103),(129,158),(98,184),(171,101),(46,67),(96,188),(148,226),(51,145),(154,147),(214,80),(170,31),(92,159),(123,109),(65,68),(167,121),(239,32),
277:(161,95),(94,92),(103,159),(246,36),(145,219),(106,104),(184,69),(48,148),(121,49),(192,157),(104,95),(85,168),(90,152),(62,41),(131,103),(129,158),(98,184),(171,101),(46,67),(96,188),(148,226),(50,145),(154,147),(214,80),(170,31),(92,159),(123,109),(65,68),(167,121),(239,32),
278:(161,95),(93,92),(102,159),(246,36),(146,219),(106,104),(184,69),(48,148),(121,49),(192,157),(104,95),(84,168),(89,152),(62,41),(131,103),(129,158),(98,184),(171,101),(46,67),(96,188),(148,226),(50,145),(154,147),(214,80),(170,31),(92,159),(123,109),(65,68),(167,121),(239,32),
279:(161,95),(92,92),(101,159),(246,36),(147,219),(106,104),(184,69),(48,148),(121,49),(192,157),(104,95),(83,168),(88,152),(62,41),(131,103),(129,158),(98,184),(171,101),(46,67),(96,188),(148,226),(50,145),(154,147),(214,80),(170,31),(92,159),(123,109),(65,68),(167,121),(239,32),
280:(161,95),(91,92),(100,159),(246,36),(148,219),(106,104),(184,69),(48,148),(121,49),(192,157),(104,95),(82,168),(87,152),(62,41),(131,103),(129,158),(98,184),(171,101),(46,67),(96,188),(148,226),(50,145),(154,147),(214,80),(170,31),(92,159),(123,109),(65,68),(167,121),(239,32),
281:(161,95),(90,92),(99,159),(246,36),(148,219),(106,104),(184,69),(48,148),(121,49),(192,157),(104,95),(81,168),(86,152),(62,41),(131,103),(129,158),(98,184),(171,101),(46,67),(96,188),(148,226),(50,145),(154,147),(214,80),(170,31),(92,159),(123,109),(65,68),(167,121),(239,32),
282:(161,95),(89,92),(98,159),(246,36),(148,219),(106,104),(184,69),(48,148),(121,49),(192,157),(104,95),(80,168),(85,152),(62,41),(131,103),(129,158),(98,184),(171,101),(46,67),(96,188),(148,226),(50,145),(154,147),(214,80),(170,31),(92,159),(123,109),(65,68),(167,121),(239,32),
283:(161,95),(88,92),(97,159),(246,36),(148,219),(106,104),(184,69),(48,148),(121,49),(192,157),(104,95),(79,168),(84,152),(62,41),(131,103),(129,158),(98,184),(171,101),(46,67),(96,188),(148,226),(50,145),(154,147),(214,80),(170,31),(92,159),(123,109),(65,68),(167,121),(239,32),
284:(161,95),(87,92),(96,159),(246,36),(148,219),(106,104),(184,69),(48,148),(121,49),(192,157),(104,95),(78,168),(83,152),(62,41),(131,103),(129,158),(98,184),(171,101),(46,67),(96,188),(148,226),(50,145),(154,147),(214,80),(170,31),(92,159),(123,109),(65,68),(167,121),(239,32),
285:(161,95),(86,92),(95,159),(246,36),(148,219),(106,104),(184,69),(48,148),(121,49),(192,157),(104,95),(77,168),(82,152),(62,41),(131,103),(129,158),(98,184),(171,101),(46,67),(96,188),(148,226),(50,145),(154,147),(214,80),(170,31),(92,159),(123,109),(65,68),(167,121),(239,32),
286:(161,95),(85,92),(94,159),(246,36),(148,219),(106,104),(184,69),(48,148),(121,49),(192,157),(104,95),(76,168),(81,152),(62,41),(131,103),(129,158),(98,184),(171,101),(46,67),(96,188),(148,226),(50,145),(154,147),(214,80),(170,31),(92,159),(123,109),(65,68),(167,121),(239,32),
287:(161,95),(84,92),(93,159),(246,36),(148,219),(106,104),(184,69),(48,148),(121,49),(192,157),(104,95),(75,168),(80,152),(62,41),(131,103),(129,158),(98,184),(171,101),(46,67),(96,188),(148,226),(50,145),(154,147),(214,80),(170,31),(92,159),(123,109),(65,68),(167,121),(239,32),
288:(161,95),(83,92),(92,159),(246,36),(148,219),(106,104),(184,69),(48,148),(121,49),(192,157),(104,95),(74,168),(79,152),(62,41),(131,103),(129,158),(98,184),(171,101),(46,67),(96,188),(148,226),(50,145),(154,147),(214,80),(170,31),(91,159),(123,109),(65,68),(167,121),(239,32),
289:(161,95),(82,92),(91,159),(246,36),(148,219),(106,104),(184,69),(48,148),(121,49),(192,157),(104,95),(73,168),(78,152),(62,41),(131,103),(129,158),(98,184),(171,101),(46,67),(96,188),(148,226),(50,145),(154,147),(214,80),(170,31),(91,158),(123,109),(65,68),(167,121),(239,32),
290:(161,95),(81,92),(90,159),(246,36),(148,219),(106,104),(184,69),(48,148),(121,49),(192,157),(104,95),(72,168),(77,152),(62,41),(131,103),(129,158),(98,184),(171,101),(46,67),(96,188),(148,226),(50,145),(154,147),(214,80),(170,31),(92,158),(123,109),(65,68),(167,121),(239,32),
291:(161,95),(80,92),(89,159),(246,36),(148,219),(106,104),(184,69),(48,148),(121,49),(192,157),(104,95),(71,168),(76,152),(62,41),(131,103),(129,158),(98,184),(171,101),(46,67),(96,188),(148,226),(50,145),(154,147),(214,80),(170,31),(92,159),(123,109),(65,68),(167,121),(239,32),
292:(161,95),(79,92),(88,159),(246,36),(148,219),(106,104),(184,69),(48,148),(121,49),(192,157),(104,95),(70,168),(75,152),(62,41),(131,103),(129,158),(98,184),(171,101),(46,67),(96,188),(148,226),(50,145),(154,147),(214,80),(170,31),(92,159),(123,109),(65,68),(167,121),(239,32),
293:(161,95),(78,92),(87,159),(246,36),(148,219),(106,104),(184,69),(48,148),(121,49),(192,157),(104,95),(70,168),(74,152),(62,41),(131,103),(129,158),(98,184),(171,101),(46,67),(96,188),(148,226),(50,145),(154,147),(214,80),(170,31),(92,159),(123,109),(65,68),(167,121),(239,32),
294:(161,95),(77,92),(86,159),(246,36),(148,219),(106,104),(184,69),(48,148),(121,49),(192,157),(104,95),(70,168),(73,152),(62,41),(131,103),(129,158),(98,184),(171,101),(46,67),(96,188),(148,226),(50,145),(154,147),(214,80),(170,31),(92,159),(123,109),(65,68),(167,121),(239,32),
295:(161,95),(76,92),(85,159),(246,36),(148,219),(106,104),(184,69),(48,148),(121,49),(192,157),(104,95),(70,168),(72,152),(62,41),(131,103),(129,158),(98,184),(171,101),(46,67),(96,188),(148,226),(50,145),(154,147),(214,80),(170,31),(92,159),(123,109),(65,68),(167,121),(239,32),
296:(161,95),(75,92),(84,159),(246,36),(148,219),(106,104),(184,69),(48,148),(121,49),(192,157),(104,95),(70,168),(71,152),(62,41),(131,103),(129,158),(98,184),(171,101),(46,67),(96,188),(148,226),(50,145),(154,147),(214,80),(170,31),(92,159),(123,109),(65,68),(167,121),(239,32),
297:(161,95),(74,92),(83,159),(246,36),(148,219),(106,104),(184,69),(48,148),(121,49),(192,157),(104,95),(70,168),(70,152),(62,41),(131,103),(129,158),(98,184),(171,101),(46,67),(96,188),(148,226),(50,145),(154,147),(214,80),(170,31),(92,159),(123,109),(65,68),(167,121),(239,32),
298:(161,95),(73,92),(82,159),(246,36),(148,219),(106,104),(184,69),(48,148),(121,49),(192,157),(104,95),(70,168),(69,152),(62,41),(131,103),(129,158),(98,184),(171,101),(46,67),(96,188),(148,226),(50,145),(154,147),(214,80),(170,31),(92,159),(123,109),(65,68),(167,121),(239,32),
299:(161,95),(72,92),(81,159),(246,36),(148,219),(106,104),(184,69),(48,148),(121,49),(192,157),(104,95),(70,168),(68,152),(62,41),(131,103),(129,158),(98,184),(171,101),(46,67),(96,188),(148,226),(50,145),(154,147),(214,80),(170,31),(92,159),(123,109),(65,68),(167,121),(239,32),
300:(161,95),(71,92),(80,159),(246,36),(148,219),(106,104),(184,69),(48,148),(121,49),(192,157),(104,95),(70,168),(67,152),(62,41),(131,103),(129,158),(98,184),(171,101),(46,67),(96,188),(148,226),(50,145),(154,147),(214,80),(170,31),(92,159),(123,109),(65,68),(167,121),(239,32),
301:(161,95),(70,92),(79,159),(246,36),(148,219),(106,104),(184,69),(48,148),(121,49),(192,157),(104,95),(70,168),(66,152),(62,41),(131,103),(129,158),(98,184),(171,101),(46,67),(96,188),(148,226),(50,145),(154,147),(214,80),(170,31),(92,159),(123,109),(65,68),(167,121),(239,32),
302:(161,95),(70,92),(78,159),(246,36),(148,219),(106,104),(184,69),(48,148),(121,49),(192,157),(104,95),(70,168),(65,152),(62,41),(131,103),(129,158),(98,184),(171,101),(46,67),(96,188),(148,226),(50,145),(154,147),(214,80),(170,31),(92,159),(123,109),(65,68),(167,121),(239,32),
303:(161,95),(70,92),(77,159),(246,36),(148,219),(106,104),(184,69),(48,148),(121,49),(192,157),(104,95),(70,168),(64,152),(62,41),(131,103),(129,158),(98,184),(171,101),(46,67),(96,188),(148,226),(50,145),(154,147),(214,80),(170,31),(92,159),(123,109),(65,68),(167,121),(239,32),
304:(161,95),(70,92),(76,159),(246,36),(148,219),(106,104),(184,69),(48,148),(121,49),(192,157),(104,95),(70,168),(63,152),(62,41),(131,103),(129,158),(98,184),(171,101),(46,67),(96,188),(148,226),(50,145),(154,147),(214,80),(170,31),(92,159),(123,109),(65,68),(167,121),(239,32),
305:(161,95),(70,92),(75,159),(246,36),(148,219),(106,104),(184,69),(48,148),(121,49),(192,157),(104,95),(70,168),(62,152),(62,41),(131,103),(129,158),(98,184),(171,101),(46,67),(96,188),(148,226),(50,145),(154,147),(214,80),(170,31),(92,159),(123,109),(65,68),(167,121),(239,32),
306:(161,95),(70,92),(74,159),(246,36),(148,219),(106,104),(184,69),(48,148),(121,49),(192,157),(104,95),(70,168),(61,152),(62,41),(131,103),(129,158),(98,184),(171,101),(46,67),(96,188),(148,226),(50,145),(154,147),(214,80),(170,31),(92,159),(123,109),(65,68),(167,121),(239,32),
307:(161,95),(70,92),(73,159),(246,36),(148,219),(106,104),(184,69),(48,148),(121,49),(192,157),(104,95),(70,168),(60,152),(62,41),(131,103),(129,158),(98,184),(171,101),(46,67),(96,188),(148,226),(50,145),(154,147),(214,80),(170,31),(92,159),(123,109),(65,68),(167,121),(239,32),
308:(161,95),(70,92),(72,159),(246,36),(148,219),(106,104),(184,69),(48,148),(121,49),(192,157),(104,95),(70,168),(59,152),(62,41),(131,103),(129,158),(98,184),(171,101),(46,67),(96,188),(148,226),(50,145),(154,147),(214,80),(170,31),(92,159),(123,109),(65,68),(167,121),(239,32),
309:(161,95),(70,92),(72,159),(246,36),(148,219),(106,104),(184,69),(48,148),(121,49),(192,157),(104,95),(70,168),(58,152),(62,41),(131,103),(129,158),(98,184),(171,101),(46,67),(96,188),(148,226),(50,145),(154,147),(214,80),(170,31),(92,159),(123,109),(65,68),(167,121),(239,32),
310:(161,95),(70,92),(72,159),(246,36),(148,219),(106,104),(184,69),(48,148),(121,49),(192,157),(104,95),(70,168),(57,152),(62,41),(131,103),(129,158),(98,184),(171,101),(46,67),(96,188),(148,226),(50,145),(154,147),(214,80),(170,31),(92,159),(123,109),(65,68),(167,121),(239,32),
311:(161,95),(70,92),(72,159),(246,36),(148,219),(106,104),(184,69),(48,148),(121,49),(192,157),(104,95),(70,168),(56,152),(62,41),(131,103),(129,158),(98,184),(171,101),(46,67),(96,188),(148,226),(50,145),(154,147),(214,80),(170,31),(92,159),(123,109),(65,68),(167,121),(239,32),
312:(161,95),(70,92),(72,159),(246,36),(148,219),(106,104),(184,69),(48,148),(121,49),(192,157),(104,95),(70,168),(55,152),(62,41),(131,103),(129,158),(98,184),(171,101),(46,67),(96,188),(148,226),(50,145),(154,147),(214,80),(170,31),(92,159),(123,109),(65,68),(167,121),(239,32),
313:(161,95),(70,92),(72,159),(246,36),(148,219),(106,104),(184,69),(48,148),(121,49),(192,157),(104,95),(70,168),(54,152),(62,41),(131,103),(129,158),(98,184),(171,101),(46,67),(96,188),(148,226),(50,145),(154,147),(214,80),(170,31),(92,159),(123,109),(65,68),(167,121),(239,32),
314:(161,95),(70,92),(72,159),(246,36),(148,219),(106,104),(184,69),(48,148),(121,49),(192,157),(104,95),(70,168),(53,152),(62,41),(131,103),(129,158),(98,184),(171,101),(46,67),(96,188),(148,226),(50,145),(154,147),(214,80),(170,31),(92,159),(123,109),(65,68),(167,121),(239,32),
315:(161,95),(70,92),(72,159),(246,36),(148,219),(106,104),(184,69),(48,148),(121,49),(192,157),(104,95),(70,168),(52,152),(62,41),(131,103),(129,158),(98,184),(171,101),(46,67),(96,188),(148,226),(50,145),(154,147),(214,80),(170,31),(92,159),(123,109),(65,68),(167,121),(239,32),
316:(161,95),(70,92),(72,159),(246,36),(148,219),(106,104),(184,69),(48,148),(121,49),(192,157),(104,95),(70,168),(51,152),(62,41),(131,103),(129,158),(98,184),(171,101),(46,67),(96,188),(148,226),(50,145),(154,147),(214,80),(170,31),(92,159),(123,109),(65,68),(167,121),(239,32),
317:(161,95),(70,92),(72,159),(246,36),(148,219),(106,104),(184,69),(48,148),(121,49),(192,157),(104,95),(70,168),(50,152),(62,41),(131,103),(129,158),(98,184),(171,101),(46,67),(96,188),(148,226),(50,145),(154,147),(214,80),(170,31),(92,159),(123,109),(65,68),(167,121),(239,32),
318:(161,95),(70,92),(72,159),(246,36),(148,219),(106,104),(184,69),(48,148),(121,49),(192,157),(104,95),(70,168),(49,152),(62,41),(131,103),(129,158),(98,184),(171,101),(46,67),(96,188),(148,226),(50,145),(154,147),(214,80),(170,31),(92,159),(123,109),(65,68),(167,121),(239,32),
319:(161,95),(70,92),(72,159),(246,36),(148,219),(106,104),(184,69),(48,148),(121,49),(192,157),(104,95),(70,168),(48,152),(62,41),(131,103),(129,158),(98,184),(171,101),(46,67),(96,188),(148,226),(50,145),(154,147),(214,80),(170,31),(92,159),(123,109),(65,68),(167,121),(239,32),
320:(161,95),(70,92),(72,159),(246,36),(148,219),(106,104),(184,69),(48,148),(121,49),(192,157),(104,95),(70,168),(47,152),(62,41),(131,103),(129,158),(98,184),(171,101),(46,67),(96,188),(148,226),(50,145),(154,147),(214,80),(170,31),(92,159),(123,109),(65,68),(167,121),(239,32),
321:(161,95),(70,92),(72,159),(246,36),(148,219),(106,104),(184,69),(48,148),(121,49),(192,157),(104,95),(70,168),(46,152),(62,41),(131,103),(129,158),(98,184),(171,101),(46,67),(96,188),(148,226),(50,145),(154,147),(214,80),(170,31),(92,159),(123,109),(65,68),(167,121),(239,32),
322:(161,95),(70,92),(72,159),(246,36),(148,219),(106,104),(184,69),(48,148),(121,49),(192,157),(104,95),(70,168),(45,152),(62,41),(131,103),(129,158),(98,184),(171,101),(46,67),(96,188),(148,226),(50,145),(154,147),(214,80),(170,31),(92,159),(123,109),(65,68),(167,121),(239,32),
323:(161,95),(70,92),(72,159),(246,36),(148,219),(106,104),(184,69),(48,148),(121,49),(192,157),(104,95),(70,168),(44,152),(62,41),(131,103),(129,158),(98,184),(171,101),(46,67),(96,188),(148,226),(50,145),(154,147),(214,80),(170,31),(92,159),(123,109),(65,68),(167,121),(239,32),
324:(161,95),(70,92),(72,159),(246,36),(148,219),(106,104),(184,69),(48,148),(121,49),(192,157),(104,95),(70,168),(43,152),(62,41),(131,103),(129,158),(98,184),(171,101),(46,67),(96,188),(148,226),(50,145),(154,147),(214,80),(170,31),(92,159),(123,109),(65,68),(167,121),(239,32),
325:(161,95),(70,92),(72,159),(246,36),(148,219),(106,104),(184,69),(48,148),(121,49),(192,157),(104,95),(70,168),(42,152),(62,41),(131,103),(129,158),(98,184),(171,101),(46,67),(96,188),(148,226),(50,145),(154,147),(214,80),(170,31),(92,159),(123,109),(65,68),(167,121),(239,32),
326:(161,95),(70,92),(72,159),(246,36),(148,219),(106,104),(184,69),(48,148),(121,49),(192,157),(104,95),(70,168),(41,152),(62,41),(131,103),(129,158),(98,184),(171,101),(46,67),(96,188),(148,226),(50,145),(154,147),(214,80),(170,31),(92,159),(123,109),(65,68),(167,121),(239,32),
327:(161,95),(70,92),(72,159),(246,36),(148,219),(106,104),(184,69),(48,148),(121,49),(192,157),(104,95),(70,168),(40,152),(62,41),(131,103),(129,158),(98,184),(171,101),(46,67),(96,188),(148,226),(50,145),(154,147),(214,80),(170,31),(92,159),(123,109),(65,68),(167,121),(239,32),
328:(161,95),(70,92),(72,159),(246,36),(148,219),(106,104),(184,69),(48,148),(121,49),(192,157),(104,95),(70,168),(39,152),(62,41),(131,103),(129,158),(98,184),(171,101),(46,67),(96,188),(148,226),(50,145),(154,147),(214,80),(170,31),(92,159),(123,109),(65,68),(167,121),(239,32),
329:(161,95),(70,92),(72,159),(246,36),(148,219),(106,104),(184,69),(48,148),(121,49),(192,157),(104,95),(70,168),(38,152),(62,41),(131,103),(129,158),(98,184),(171,101),(46,67),(96,188),(148,226),(50,145),(154,147),(214,80),(170,31),(92,159),(123,109),(65,68),(167,121),(239,32),
330:(161,95),(70,92),(72,159),(246,36),(148,219),(106,104),(184,69),(48,148),(121,49),(192,157),(104,95),(70,168),(37,152),(62,41),(131,103),(129,158),(98,184),(171,101),(46,67),(96,188),(148,226),(50,145),(154,147),(214,80),(170,31),(92,159),(123,109),(65,68),(167,121),(239,32),
331:(161,95),(70,92),(72,159),(246,36),(148,219),(106,104),(184,69),(48,148),(121,49),(192,157),(104,95),(70,168),(36,152),(62,41),(131,103),(129,158),(98,184),(171,101),(46,67),(96,188),(148,226),(50,145),(154,147),(214,80),(170,31),(92,159),(123,109),(65,68),(167,121),(239,32),
332:(161,95),(70,92),(72,159),(246,36),(148,219),(106,104),(184,69),(48,148),(121,49),(192,157),(104,95),(70,168),(35,152),(62,41),(131,103),(129,158),(98,184),(171,101),(46,67),(96,188),(148,226),(50,145),(154,147),(214,80),(170,31),(92,159),(123,109),(65,68),(167,121),(239,32),
333:(161,95),(70,92),(72,159),(246,36),(148,219),(106,104),(184,69),(48,148),(121,49),(192,157),(104,95),(70,168),(34,152),(62,41),(131,103),(129,158),(98,184),(171,101),(46,67),(96,188),(148,226),(50,145),(154,147),(214,80),(170,31),(92,159),(123,109),(65,68),(167,121),(239,32),
334:(161,95),(70,92),(72,159),(246,36),(148,219),(106,104),(184,69),(48,148),(121,49),(192,157),(104,95),(70,168),(33,152),(62,41),(131,103),(129,158),(98,184),(171,101),(46,67),(96,188),(148,226),(50,145),(154,147),(214,80),(170,31),(92,159),(123,109),(65,68),(167,121),(239,32),
335:(161,95),(70,92),(72,159),(246,36),(148,219),(106,104),(184,69),(48,148),(121,49),(192,157),(104,95),(70,168),(32,152),(62,41),(131,103),(129,158),(98,184),(171,101),(46,67),(96,188),(148,226),(50,145),(154,147),(214,80),(170,31),(92,159),(123,109),(65,68),(167,121),(239,32),
336:(161,95),(70,92),(72,159),(246,36),(148,219),(106,104),(184,69),(48,148),(121,49),(192,157),(104,95),(70,168),(31,152),(62,41),(131,103),(129,158),(98,184),(171,101),(46,67),(96,188),(148,226),(50,145),(154,147),(214,80),(170,31),(92,159),(123,109),(65,68),(167,121),(239,32),
337:(161,95),(70,92),(72,159),(246,36),(148,219),(106,104),(184,69),(48,148),(121,49),(192,157),(104,95),(70,168),(30,152),(62,41),(131,103),(129,158),(98,184),(171,101),(46,67),(96,188),(148,226),(50,145),(154,147),(214,80),(170,31),(92,159),(123,109),(65,68),(167,121),(239,32),
338:(161,95),(70,92),(72,159),(246,36),(148,219),(106,104),(184,69),(48,148),(121,49),(192,157),(104,95),(70,168),(29,152),(62,41),(131,103),(129,158),(98,184),(171,101),(46,67),(96,188),(148,226),(50,145),(154,147),(214,80),(170,31),(92,159),(123,109),(65,68),(167,121),(239,32),
339:(161,95),(70,92),(72,159),(246,36),(148,219),(106,104),(184,69),(48,148),(121,49),(192,157),(104,95),(70,168),(28,152),(62,41),(131,103),(129,158),(98,184),(171,101),(46,67),(96,188),(148,226),(50,145),(154,147),(214,80),(170,31),(92,159),(123,109),(65,68),(167,121),(239,32),
340:(161,95),(70,92),(72,159),(246,36),(148,219),(106,104),(184,69),(48,148),(121,49),(192,157),(104,95),(70,168),(27,152),(62,41),(131,103),(129,158),(98,184),(171,101),(46,67),(96,188),(148,226),(50,145),(154,147),(214,80),(170,31),(92,159),(123,109),(65,68),(167,121),(239,32),
341:(161,95),(70,92),(72,159),(246,36),(148,219),(106,104),(184,69),(48,148),(121,49),(192,157),(104,95),(70,168),(26,152),(62,41),(131,103),(129,158),(98,184),(171,101),(46,67),(96,188),(148,226),(50,145),(154,147),(214,80),(170,31),(92,159),(123,109),(65,68),(167,121),(239,32),
342:(161,95),(70,92),(72,159),(246,36),(148,219),(106,104),(184,69),(48,148),(121,49),(192,157),(104,95),(70,168),(25,152),(62,41),(131,103),(129,158),(98,184),(171,101),(46,67),(96,188),(148,226),(50,145),(154,147),(214,80),(170,31),(92,159),(123,109),(65,68),(167,121),(239,32),
343:(161,95),(70,92),(72,159),(246,36),(148,219),(106,104),(184,69),(48,148),(121,49),(192,157),(104,95),(70,168),(24,152),(62,41),(131,103),(129,158),(98,184),(171,101),(46,67),(96,188),(148,226),(50,145),(154,147),(214,80),(170,31),(92,159),(123,109),(65,68),(167,121),(239,32),
344:(161,95),(70,92),(72,159),(246,36),(148,219),(106,104),(184,69),(48,148),(121,49),(192,157),(104,95),(70,168),(23,152),(62,41),(131,103),(129,158),(98,184),(171,101),(46,67),(96,188),(148,226),(50,145),(154,147),(214,80),(170,31),(92,159),(123,109),(65,68),(167,121),(239,32),
345:(161,95),(70,92),(72,159),(246,36),(148,219),(106,104),(184,69),(48,148),(121,49),(192,157),(104,95),(70,168),(22,152),(62,41),(131,103),(129,158),(98,184),(171,101),(46,67),(96,188),(148,226),(50,145),(154,147),(214,80),(170,31),(92,159),(123,109),(65,68),(167,121),(239,32),
346:(161,95),(70,92),(72,159),(246,36),(148,219),(106,104),(184,69),(48,148),(121,49),(192,157),(104,95),(70,168),(21,152),(62,41),(131,103),(129,158),(98,184),(171,101),(46,67),(96,188),(148,226),(50,145),(154,147),(214,80),(170,31),(92,159),(123,109),(65,68),(167,121),(239,32),
347:(161,95),(70,92),(72,159),(246,36),(148,219),(106,104),(184,69),(48,148),(121,49),(192,157),(104,95),(70,168),(20,152),(62,41),(131,103),(129,158),(98,184),(171,101),(46,67),(96,188),(148,226),(50,145),(154,147),(214,80),(170,31),(92,159),(123,109),(65,68),(167,121),(239,32),
