instance=temp_instance.txt
agents=20
map_file=warehouse-20-40-10-2-2.map
solver=HCA
solved=1
soc=2763
lb_soc=2763
makespan=332
lb_makespan=332
comp_time=46
preprocessing_comp_time=13
starts=(160,122),(25,70),(23,30),(122,68),(274,114),(177,134),(42,153),(69,26),(301,47),(303,5),(70,89),(48,162),(257,137),(117,114),(28,56),(33,39),(5,153),(44,16),(64,62),(2,5),
goals=(50,133),(19,58),(140,141),(50,38),(141,81),(256,129),(232,162),(134,75),(228,137),(338,39),(94,49),(121,70),(3,109),(14,112),(170,47),(57,22),(76,118),(332,60),(69,65),(242,4),
solution=
0:(160,122),(25,70),(23,30),(122,68),(274,114),(177,134),(42,153),(69,26),(301,47),(303,5),(70,89),(48,162),(257,137),(117,114),(28,56),(33,39),(5,153),(44,16),(64,62),(2,5),
1:(159,122),(24,70),(24,30),(121,68),(273,114),(178,134),(43,153),(70,26),(300,47),(304,5),(71,89),(49,162),(256,137),(116,114),(29,56),(34,39),(6,153),(45,16),(63,62),(3,5),
2:(158,122),(23,70),(25,30),(121,67),(272,114),(179,134),(44,153),(71,26),(299,47),(305,5),(72,89),(50,162),(255,137),(115,114),(30,56),(35,39),(7,153),(46,16),(62,62),(4,5),
3:(157,122),(22,70),(26,30),(121,66),(271,114),(180,134),(45,153),(72,26),(298,47),(306,5),(73,89),(51,162),(254,137),(114,114),(31,56),(36,39),(8,153),(47,16),(62,63),(5,5),
4:(156,122),(21,70),(27,30),(120,66),(270,114),(181,134),(46,153),(73,26),(297,47),(307,5),(74,89),(52,162),(253,137),(113,114),(32,56),(37,39),(9,153),(48,16),(62,64),(6,5),
5:(155,122),(20,70),(28,30),(119,66),(269,114),(182,134),(47,153),(74,26),(296,47),(308,5),(75,89),(53,162),(252,137),(112,114),(33,56),(38,39),(10,153),(49,16),(62,65),(7,5),
6:(154,122),(19,70),(29,30),(118,66),(268,114),(183,134),(48,153),(75,26),(295,47),(309,5),(76,89),(54,162),(251,137),(111,114),(34,56),(39,39),(11,153),(50,16),(63,65),(8,5),
7:(153,122),(19,69),(30,30),(117,66),(267,114),(184,134),(49,153),(76,26),(294,47),(310,5),(77,89),(55,162),(250,137),(110,114),(35,56),(40,39),(12,153),(50,17),(64,65),(9,5),
8:(152,122),(19,68),(31,30),(116,66),(266,114),(185,134),(50,153),(77,26),(293,47),(311,5),(78,89),(56,162),(249,137),(109,114),(36,56),(41,39),(13,153),(51,17),(65,65),(10,5),
9:(151,122),(19,67),(32,30),(115,66),(265,114),(186,134),(51,153),(78,26),(292,47),(312,5),(79,89),(57,162),(248,137),(108,114),(37,56),(42,39),(14,153),(52,17),(66,65),(11,5),
10:(150,122),(19,66),(33,30),(114,66),(264,114),(187,134),(52,153),(79,26),(291,47),(313,5),(80,89),(58,162),(247,137),(107,114),(38,56),(43,39),(15,153),(53,17),(67,65),(12,5),
11:(149,122),(19,65),(34,30),(113,66),(263,114),(188,134),(53,153),(80,26),(290,47),(314,5),(81,89),(59,162),(246,137),(106,114),(39,56),(44,39),(16,153),(54,17),(68,65),(13,5),
12:(148,122),(19,64),(35,30),(112,66),(262,114),(189,134),(54,153),(81,26),(289,47),(315,5),(82,89),(60,162),(245,137),(105,114),(40,56),(45,39),(17,153),(55,17),(69,65),(14,5),
13:(147,122),(19,63),(36,30),(111,66),(261,114),(190,134),(55,153),(82,26),(289,48),(316,5),(83,89),(61,162),(244,137),(104,114),(41,56),(46,39),(18,153),(56,17),(69,65),(15,5),
14:(146,122),(19,62),(37,30),(110,66),(260,114),(191,134),(56,153),(83,26),(289,49),(317,5),(84,89),(62,162),(243,137),(103,114),(42,56),(47,39),(19,153),(57,17),(69,65),(16,5),
15:(145,122),(19,61),(38,30),(109,66),(259,114),(192,134),(57,153),(84,26),(288,49),(318,5),(85,89),(63,162),(242,137),(102,114),(43,56),(48,39),(20,153),(58,17),(69,65),(17,5),
16:(144,122),(19,60),(39,30),(108,66),(258,114),(193,134),(58,153),(85,26),(287,49),(319,5),(86,89),(64,162),(241,137),(101,114),(44,56),(49,39),(21,153),(59,17),(69,65),(18,5),
17:(143,122),(19,59),(40,30),(107,66),(257,114),(194,134),(59,153),(86,26),(286,49),(320,5),(86,88),(65,162),(240,137),(100,114),(45,56),(49,38),(22,153),(60,17),(69,65),(19,5),
18:(142,122),(19,58),(41,30),(106,66),(256,114),(195,134),(60,153),(87,26),(285,49),(321,5),(86,87),(66,162),(239,137),(99,114),(46,56),(49,37),(23,153),(61,17),(69,65),(20,5),
19:(141,122),(19,58),(42,30),(105,66),(255,114),(196,134),(61,153),(88,26),(284,49),(322,5),(86,86),(67,162),(238,137),(98,114),(47,56),(50,37),(24,153),(62,17),(69,65),(21,5),
20:(140,122),(19,58),(43,30),(104,66),(254,114),(197,134),(62,153),(89,26),(283,49),(323,5),(86,85),(68,162),(237,137),(97,114),(48,56),(50,36),(25,153),(63,17),(69,65),(22,5),
21:(139,122),(19,58),(44,30),(103,66),(253,114),(198,134),(63,153),(90,26),(282,49),(324,5),(86,84),(69,162),(236,137),(96,114),(49,56),(50,35),(26,153),(64,17),(69,65),(23,5),
22:(138,122),(19,58),(45,30),(102,66),(252,114),(199,134),(64,153),(91,26),(281,49),(325,5),(86,83),(70,162),(235,137),(95,114),(50,56),(50,34),(27,153),(65,17),(69,65),(24,5),
23:(137,122),(19,58),(46,30),(101,66),(251,114),(200,134),(65,153),(92,26),(280,49),(326,5),(86,82),(71,162),(234,137),(94,114),(50,55),(50,33),(28,153),(66,17),(69,65),(25,5),
24:(136,122),(19,58),(47,30),(100,66),(250,114),(201,134),(66,153),(93,26),(279,49),(327,5),(86,81),(72,162),(233,137),(93,114),(50,54),(50,32),(29,153),(67,17),(69,65),(26,5),
25:(135,122),(19,58),(48,30),(99,66),(249,114),(202,134),(67,153),(94,26),(278,49),(328,5),(86,80),(73,162),(232,137),(92,114),(51,54),(50,31),(30,153),(68,17),(69,65),(27,5),
26:(134,122),(19,58),(49,30),(98,66),(248,114),(203,134),(68,153),(95,26),(277,49),(329,5),(86,79),(74,162),(231,137),(91,114),(52,54),(50,30),(31,153),(69,17),(69,65),(28,5),
27:(133,122),(19,58),(50,30),(97,66),(247,114),(204,134),(69,153),(96,26),(276,49),(330,5),(86,78),(75,162),(230,137),(90,114),(53,54),(50,29),(32,153),(70,17),(69,65),(29,5),
28:(132,122),(19,58),(51,30),(96,66),(246,114),(205,134),(70,153),(97,26),(275,49),(331,5),(86,77),(76,162),(229,137),(89,114),(54,54),(50,28),(33,153),(71,17),(69,65),(30,5),
29:(131,122),(19,58),(52,30),(95,66),(245,114),(206,134),(71,153),(98,26),(274,49),(332,5),(86,76),(77,162),(229,136),(88,114),(55,54),(50,27),(34,153),(72,17),(69,65),(31,5),
30:(130,122),(19,58),(53,30),(94,66),(244,114),(207,134),(72,153),(99,26),(273,49),(333,5),(86,75),(78,162),(229,135),(87,114),(56,54),(50,26),(35,153),(73,17),(69,65),(32,5),
31:(129,122),(19,58),(54,30),(93,66),(243,114),(208,134),(73,153),(100,26),(272,49),(334,5),(86,74),(79,162),(229,134),(86,114),(57,54),(50,25),(36,153),(74,17),(69,65),(33,5),
32:(128,122),(19,58),(55,30),(92,66),(242,114),(209,134),(74,153),(101,26),(271,49),(335,5),(86,73),(80,162),(228,134),(85,114),(58,54),(50,24),(37,153),(75,17),(69,65),(34,5),
33:(127,122),(19,58),(56,30),(91,66),(241,114),(210,134),(75,153),(102,26),(270,49),(336,5),(86,72),(81,162),(227,134),(84,114),(59,54),(50,23),(38,153),(76,17),(69,65),(35,5),
34:(126,122),(19,58),(57,30),(90,66),(240,114),(211,134),(76,153),(103,26),(269,49),(337,5),(86,71),(82,162),(226,134),(83,114),(60,54),(50,22),(39,153),(77,17),(69,65),(36,5),
35:(125,122),(19,58),(58,30),(89,66),(239,114),(212,134),(77,153),(104,26),(268,49),(338,5),(86,70),(83,162),(225,134),(82,114),(61,54),(51,22),(40,153),(78,17),(69,65),(37,5),
36:(124,122),(19,58),(59,30),(88,66),(238,114),(213,134),(78,153),(105,26),(267,49),(338,6),(86,69),(84,162),(224,134),(81,114),(62,54),(52,22),(41,153),(79,17),(69,65),(38,5),
37:(123,122),(19,58),(60,30),(87,66),(237,114),(214,134),(79,153),(106,26),(266,49),(338,7),(86,68),(85,162),(223,134),(80,114),(63,54),(53,22),(41,152),(80,17),(69,65),(39,5),
38:(122,122),(19,58),(61,30),(86,66),(236,114),(215,134),(80,153),(107,26),(265,49),(338,8),(86,67),(86,162),(222,134),(79,114),(64,54),(54,22),(42,152),(81,17),(69,65),(40,5),
39:(121,122),(19,58),(62,30),(85,66),(235,114),(216,134),(81,153),(108,26),(264,49),(338,9),(86,66),(87,162),(221,134),(78,114),(65,54),(55,22),(43,152),(82,17),(69,65),(41,5),
40:(120,122),(19,58),(63,30),(84,66),(234,114),(217,134),(82,153),(109,26),(263,49),(338,10),(86,65),(88,162),(220,134),(77,114),(66,54),(56,22),(44,152),(83,17),(69,65),(42,5),
41:(119,122),(19,58),(64,30),(83,66),(233,114),(218,134),(83,153),(110,26),(262,49),(338,11),(86,64),(89,162),(219,134),(76,114),(67,54),(57,22),(45,152),(84,17),(69,65),(43,5),
42:(118,122),(19,58),(65,30),(82,66),(232,114),(218,133),(84,153),(111,26),(261,49),(338,12),(86,63),(90,162),(218,134),(75,114),(68,54),(57,22),(46,152),(85,17),(69,65),(44,5),
43:(117,122),(19,58),(66,30),(81,66),(231,114),(219,133),(85,153),(112,26),(260,49),(338,13),(86,62),(91,162),(217,134),(74,114),(69,54),(57,22),(47,152),(86,17),(69,65),(45,5),
44:(116,122),(19,58),(67,30),(80,66),(230,114),(220,133),(86,153),(113,26),(259,49),(338,14),(86,61),(92,162),(216,134),(73,114),(70,54),(57,22),(48,152),(87,17),(69,65),(46,5),
45:(115,122),(19,58),(68,30),(79,66),(229,114),(221,133),(87,153),(114,26),(258,49),(338,15),(86,60),(93,162),(215,134),(72,114),(71,54),(57,22),(49,152),(88,17),(69,65),(47,5),
46:(114,122),(19,58),(69,30),(78,66),(228,114),(222,133),(88,153),(115,26),(257,49),(338,16),(86,59),(94,162),(214,134),(71,114),(72,54),(57,22),(50,152),(89,17),(69,65),(48,5),
47:(113,122),(19,58),(70,30),(77,66),(227,114),(223,133),(89,153),(116,26),(256,49),(338,17),(86,58),(95,162),(213,134),(70,114),(73,54),(57,22),(50,151),(90,17),(69,65),(49,5),
48:(112,122),(19,58),(71,30),(76,66),(226,114),(224,133),(90,153),(117,26),(255,49),(338,18),(86,57),(96,162),(212,134),(69,114),(74,54),(57,22),(50,150),(91,17),(69,65),(50,5),
49:(111,122),(19,58),(72,30),(75,66),(225,114),(225,133),(91,153),(118,26),(254,49),(338,19),(86,56),(97,162),(211,134),(68,114),(75,54),(57,22),(51,150),(92,17),(69,65),(51,5),
50:(110,122),(19,58),(73,30),(74,66),(224,114),(226,133),(92,153),(119,26),(253,49),(338,20),(86,55),(98,162),(210,134),(67,114),(76,54),(57,22),(52,150),(93,17),(69,65),(52,5),
51:(109,122),(19,58),(74,30),(73,66),(223,114),(227,133),(93,153),(120,26),(252,49),(338,21),(86,54),(99,162),(209,134),(66,114),(77,54),(57,22),(53,150),(94,17),(69,65),(53,5),
52:(108,122),(19,58),(75,30),(72,66),(222,114),(228,133),(94,153),(121,26),(251,49),(338,22),(86,53),(100,162),(208,134),(65,114),(78,54),(57,22),(54,150),(95,17),(69,65),(54,5),
53:(107,122),(19,58),(76,30),(71,66),(221,114),(229,133),(95,153),(122,26),(250,49),(338,23),(86,52),(101,162),(207,134),(64,114),(79,54),(57,22),(55,150),(96,17),(69,65),(55,5),
54:(106,122),(19,58),(77,30),(70,66),(220,114),(230,133),(96,153),(123,26),(249,49),(338,24),(86,51),(102,162),(206,134),(63,114),(80,54),(57,22),(56,150),(97,17),(69,65),(56,5),
55:(105,122),(19,58),(78,30),(69,66),(219,114),(231,133),(97,153),(124,26),(248,49),(338,25),(86,50),(103,162),(205,134),(62,114),(81,54),(57,22),(57,150),(98,17),(69,65),(57,5),
56:(104,122),(19,58),(79,30),(68,66),(218,114),(232,133),(98,153),(125,26),(247,49),(338,26),(87,50),(104,162),(204,134),(61,114),(82,54),(57,22),(58,150),(99,17),(69,65),(58,5),
57:(103,122),(19,58),(80,30),(67,66),(217,114),(233,133),(99,153),(126,26),(246,49),(338,27),(88,50),(105,162),(203,134),(60,114),(83,54),(57,22),(59,150),(100,17),(69,65),(59,5),
58:(102,122),(19,58),(81,30),(66,66),(216,114),(234,133),(100,153),(127,26),(245,49),(338,28),(89,50),(106,162),(202,134),(59,114),(84,54),(57,22),(60,150),(101,17),(69,65),(60,5),
59:(101,122),(19,58),(82,30),(65,66),(215,114),(235,133),(101,153),(128,26),(244,49),(338,29),(90,50),(107,162),(201,134),(58,114),(85,54),(57,22),(61,150),(102,17),(69,65),(61,5),
60:(100,122),(19,58),(83,30),(64,66),(214,114),(236,133),(102,153),(129,26),(243,49),(338,30),(91,50),(108,162),(200,134),(57,114),(86,54),(57,22),(62,150),(103,17),(69,65),(62,5),
61:(99,122),(19,58),(84,30),(63,66),(213,114),(237,133),(103,153),(130,26),(242,49),(338,31),(92,50),(109,162),(199,134),(56,114),(87,54),(57,22),(63,150),(104,17),(69,65),(63,5),
62:(98,122),(19,58),(85,30),(62,66),(212,114),(238,133),(104,153),(131,26),(241,49),(338,32),(93,50),(110,162),(198,134),(55,114),(88,54),(57,22),(64,150),(105,17),(69,65),(64,5),
63:(97,122),(19,58),(86,30),(61,66),(211,114),(239,133),(105,153),(132,26),(240,49),(338,33),(94,50),(111,162),(197,134),(54,114),(89,54),(57,22),(65,150),(106,17),(69,65),(65,5),
64:(96,122),(19,58),(87,30),(60,66),(210,114),(240,133),(106,153),(133,26),(239,49),(338,34),(94,49),(112,162),(196,134),(53,114),(90,54),(57,22),(66,150),(107,17),(69,65),(66,5),
65:(95,122),(19,58),(88,30),(59,66),(209,114),(241,133),(107,153),(134,26),(238,49),(338,35),(94,49),(113,162),(195,134),(52,114),(91,54),(57,22),(67,150),(108,17),(69,65),(67,5),
66:(94,122),(19,58),(89,30),(58,66),(208,114),(242,133),(108,153),(134,27),(237,49),(338,36),(94,49),(114,162),(194,134),(51,114),(92,54),(57,22),(68,150),(109,17),(69,65),(68,5),
67:(93,122),(19,58),(90,30),(57,66),(207,114),(243,133),(109,153),(134,28),(236,49),(338,37),(94,49),(115,162),(193,134),(50,114),(93,54),(57,22),(69,150),(110,17),(69,65),(69,5),
68:(92,122),(19,58),(91,30),(56,66),(206,114),(244,133),(110,153),(134,29),(235,49),(338,38),(94,49),(116,162),(192,134),(49,114),(94,54),(57,22),(70,150),(111,17),(69,65),(70,5),
69:(91,122),(19,58),(92,30),(55,66),(205,114),(245,133),(111,153),(134,30),(234,49),(338,39),(94,49),(117,162),(191,134),(48,114),(95,54),(57,22),(71,150),(112,17),(69,65),(71,5),
70:(90,122),(19,58),(93,30),(54,66),(204,114),(246,133),(112,153),(134,31),(233,49),(338,39),(94,49),(118,162),(190,134),(47,114),(96,54),(57,22),(72,150),(113,17),(69,65),(72,5),
71:(89,122),(19,58),(94,30),(53,66),(203,114),(247,133),(113,153),(134,32),(232,49),(338,39),(94,49),(119,162),(189,134),(46,114),(97,54),(57,22),(73,150),(114,17),(69,65),(73,5),
72:(88,122),(19,58),(95,30),(52,66),(202,114),(248,133),(114,153),(134,33),(231,49),(338,39),(94,49),(120,162),(188,134),(45,114),(98,54),(57,22),(74,150),(115,17),(69,65),(74,5),
73:(87,122),(19,58),(96,30),(51,66),(201,114),(249,133),(115,153),(134,34),(230,49),(338,39),(94,49),(121,162),(187,134),(44,114),(99,54),(57,22),(74,149),(116,17),(69,65),(75,5),
74:(86,122),(19,58),(97,30),(50,66),(200,114),(250,133),(116,153),(134,35),(229,49),(338,39),(94,49),(121,161),(186,134),(43,114),(100,54),(57,22),(74,148),(117,17),(69,65),(76,5),
75:(85,122),(19,58),(98,30),(50,65),(199,114),(251,133),(117,153),(134,36),(229,50),(338,39),(94,49),(121,160),(185,134),(42,114),(101,54),(57,22),(74,147),(118,17),(69,65),(77,5),
76:(84,122),(19,58),(99,30),(50,64),(198,114),(252,133),(118,153),(134,37),(229,51),(338,39),(94,49),(121,159),(184,134),(41,114),(102,54),(57,22),(74,146),(119,17),(69,65),(78,5),
77:(83,122),(19,58),(100,30),(50,63),(197,114),(253,133),(119,153),(134,38),(229,52),(338,39),(94,49),(121,158),(183,134),(40,114),(103,54),(57,22),(74,145),(120,17),(69,65),(79,5),
78:(82,122),(19,58),(101,30),(50,62),(196,114),(254,133),(120,153),(134,39),(229,53),(338,39),(94,49),(121,157),(182,134),(39,114),(104,54),(57,22),(74,144),(121,17),(69,65),(80,5),
79:(81,122),(19,58),(102,30),(50,61),(195,114),(254,132),(121,153),(134,40),(229,54),(338,39),(94,49),(121,156),(181,134),(38,114),(105,54),(57,22),(74,143),(122,17),(69,65),(81,5),
80:(80,122),(19,58),(103,30),(50,60),(194,114),(254,131),(122,153),(134,41),(229,55),(338,39),(94,49),(121,155),(180,134),(37,114),(106,54),(57,22),(74,142),(123,17),(69,65),(82,5),
81:(79,122),(19,58),(104,30),(50,59),(193,114),(254,130),(123,153),(134,42),(229,56),(338,39),(94,49),(121,154),(179,134),(36,114),(107,54),(57,22),(74,141),(124,17),(69,65),(83,5),
82:(78,122),(19,58),(105,30),(50,58),(192,114),(255,130),(124,153),(134,43),(229,57),(338,39),(94,49),(121,153),(178,134),(35,114),(108,54),(57,22),(74,140),(125,17),(69,65),(84,5),
83:(77,122),(19,58),(106,30),(50,57),(191,114),(256,130),(125,153),(134,44),(229,58),(338,39),(94,49),(121,152),(178,133),(34,114),(109,54),(57,22),(74,139),(126,17),(69,65),(85,5),
84:(76,122),(19,58),(107,30),(50,56),(190,114),(256,129),(126,153),(134,45),(229,59),(338,39),(94,49),(121,151),(177,133),(33,114),(110,54),(57,22),(74,138),(127,17),(69,65),(86,5),
85:(75,122),(19,58),(108,30),(50,55),(189,114),(256,129),(127,153),(134,46),(229,60),(338,39),(94,49),(121,150),(176,133),(32,114),(111,54),(57,22),(74,137),(128,17),(69,65),(87,5),
86:(74,122),(19,58),(109,30),(50,54),(188,114),(256,129),(128,153),(134,47),(229,61),(338,39),(94,49),(121,149),(175,133),(31,114),(112,54),(57,22),(74,136),(129,17),(69,65),(88,5),
87:(73,122),(19,58),(110,30),(50,53),(187,114),(256,129),(129,153),(134,48),(229,62),(338,39),(94,49),(121,148),(174,133),(30,114),(113,54),(57,22),(74,135),(130,17),(69,65),(89,5),
88:(72,122),(19,58),(111,30),(50,52),(186,114),(256,129),(130,153),(134,49),(229,63),(338,39),(94,49),(121,147),(173,133),(29,114),(114,54),(57,22),(74,134),(131,17),(69,65),(90,5),
89:(71,122),(19,58),(112,30),(50,51),(185,114),(256,129),(131,153),(134,50),(229,64),(338,39),(94,49),(121,146),(172,133),(28,114),(115,54),(57,22),(74,133),(132,17),(69,65),(91,5),
90:(70,122),(19,58),(113,30),(50,50),(184,114),(256,129),(132,153),(134,51),(229,65),(338,39),(94,49),(121,145),(171,133),(27,114),(116,54),(57,22),(74,132),(133,17),(69,65),(92,5),
91:(69,122),(19,58),(114,30),(50,49),(183,114),(256,129),(133,153),(134,52),(229,66),(338,39),(94,49),(121,144),(170,133),(26,114),(117,54),(57,22),(74,131),(134,17),(69,65),(93,5),
92:(68,122),(19,58),(115,30),(50,48),(182,114),(256,129),(134,153),(134,53),(229,67),(338,39),(94,49),(121,143),(169,133),(25,114),(118,54),(57,22),(74,130),(135,17),(69,65),(94,5),
93:(67,122),(19,58),(116,30),(50,47),(181,114),(256,129),(135,153),(134,54),(229,68),(338,39),(94,49),(121,142),(168,133),(24,114),(119,54),(57,22),(74,129),(136,17),(69,65),(95,5),
94:(66,122),(19,58),(117,30),(50,46),(180,114),(256,129),(136,153),(134,55),(229,69),(338,39),(94,49),(121,141),(167,133),(23,114),(120,54),(57,22),(74,128),(137,17),(69,65),(96,5),
95:(65,122),(19,58),(118,30),(50,45),(179,114),(256,129),(137,153),(134,56),(229,70),(338,39),(94,49),(121,140),(166,133),(22,114),(121,54),(57,22),(74,127),(138,17),(69,65),(97,5),
96:(64,122),(19,58),(119,30),(50,44),(178,114),(256,129),(138,153),(134,57),(229,71),(338,39),(94,49),(121,139),(165,133),(21,114),(122,54),(57,22),(74,126),(139,17),(69,65),(98,5),
97:(63,122),(19,58),(120,30),(50,43),(177,114),(256,129),(139,153),(134,58),(229,72),(338,39),(94,49),(121,138),(164,133),(20,114),(123,54),(57,22),(74,125),(140,17),(69,65),(99,5),
98:(62,122),(19,58),(121,30),(50,42),(176,114),(256,129),(140,153),(134,59),(229,73),(338,39),(94,49),(121,137),(163,133),(19,114),(124,54),(57,22),(74,124),(141,17),(69,65),(100,5),
99:(61,122),(19,58),(122,30),(50,41),(175,114),(256,129),(141,153),(134,60),(229,74),(338,39),(94,49),(121,136),(162,133),(18,114),(125,54),(57,22),(74,123),(142,17),(69,65),(101,5),
100:(60,122),(19,58),(123,30),(50,40),(174,114),(256,129),(142,153),(134,61),(229,75),(338,39),(94,49),(121,135),(161,133),(17,114),(126,54),(57,22),(74,122),(143,17),(69,65),(102,5),
101:(59,122),(19,58),(124,30),(50,39),(173,114),(256,129),(143,153),(134,62),(229,76),(338,39),(94,49),(121,134),(160,133),(16,114),(127,54),(57,22),(74,121),(144,17),(69,65),(103,5),
102:(58,122),(19,58),(125,30),(50,38),(172,114),(256,129),(144,153),(134,63),(229,77),(338,39),(94,49),(121,133),(159,133),(15,114),(128,54),(57,22),(74,120),(145,17),(69,65),(104,5),
103:(57,122),(19,58),(126,30),(50,38),(171,114),(256,129),(145,153),(134,64),(229,78),(338,39),(94,49),(121,132),(158,133),(14,114),(129,54),(57,22),(74,119),(146,17),(69,65),(105,5),
104:(56,122),(19,58),(127,30),(50,38),(170,114),(256,129),(146,153),(134,65),(229,79),(338,39),(94,49),(121,131),(157,133),(14,113),(130,54),(57,22),(74,118),(147,17),(69,65),(106,5),
105:(55,122),(19,58),(128,30),(50,38),(169,114),(256,129),(147,153),(134,66),(229,80),(338,39),(94,49),(121,130),(156,133),(14,112),(131,54),(57,22),(75,118),(148,17),(69,65),(107,5),
106:(54,122),(19,58),(129,30),(50,38),(168,114),(256,129),(148,153),(134,67),(229,81),(338,39),(94,49),(121,129),(155,133),(14,112),(132,54),(57,22),(76,118),(149,17),(69,65),(108,5),
107:(53,122),(19,58),(130,30),(50,38),(167,114),(256,129),(149,153),(134,68),(229,82),(338,39),(94,49),(121,128),(154,133),(14,112),(133,54),(57,22),(76,118),(150,17),(69,65),(109,5),
108:(52,122),(19,58),(131,30),(50,38),(166,114),(256,129),(150,153),(134,69),(229,83),(338,39),(94,49),(121,127),(153,133),(14,112),(134,54),(57,22),(76,118),(151,17),(69,65),(110,5),
109:(51,122),(19,58),(132,30),(50,38),(165,114),(256,129),(151,153),(134,70),(229,84),(338,39),(94,49),(121,126),(152,133),(14,112),(135,54),(57,22),(76,118),(152,17),(69,65),(111,5),
110:(50,122),(19,58),(133,30),(50,38),(164,114),(256,129),(152,153),(134,71),(229,85),(338,39),(94,49),(121,125),(151,133),(14,112),(136,54),(57,22),(76,118),(153,17),(69,65),(112,5),
111:(50,123),(19,58),(133,31),(50,38),(163,114),(256,129),(153,153),(134,72),(229,86),(338,39),(94,49),(121,124),(150,133),(14,112),(137,54),(57,22),(76,118),(154,17),(69,65),(113,5),
112:(50,124),(19,58),(133,32),(50,38),(162,114),(256,129),(154,153),(134,73),(229,87),(338,39),(94,49),(121,123),(149,133),(14,112),(138,54),(57,22),(76,118),(155,17),(69,65),(114,5),
113:(50,125),(19,58),(133,33),(50,38),(161,114),(256,129),(155,153),(134,74),(229,88),(338,39),(94,49),(121,122),(148,133),(14,112),(139,54),(57,22),(76,118),(156,17),(69,65),(115,5),
114:(50,126),(19,58),(133,34),(50,38),(160,114),(256,129),(156,153),(134,75),(229,89),(338,39),(94,49),(121,121),(147,133),(14,112),(140,54),(57,22),(76,118),(157,17),(69,65),(116,5),
115:(50,127),(19,58),(133,35),(50,38),(159,114),(256,129),(157,153),(134,75),(229,90),(338,39),(94,49),(121,120),(146,133),(14,112),(141,54),(57,22),(76,118),(158,17),(69,65),(117,5),
116:(50,128),(19,58),(133,36),(50,38),(158,114),(256,129),(158,153),(134,75),(229,91),(338,39),(94,49),(121,119),(145,133),(14,112),(142,54),(57,22),(76,118),(159,17),(69,65),(118,5),
117:(50,129),(19,58),(133,37),(50,38),(157,114),(256,129),(159,153),(134,75),(229,92),(338,39),(94,49),(121,118),(144,133),(14,112),(143,54),(57,22),(76,118),(160,17),(69,65),(119,5),
118:(50,130),(19,58),(133,38),(50,38),(156,114),(256,129),(160,153),(134,75),(229,93),(338,39),(94,49),(121,117),(143,133),(14,112),(144,54),(57,22),(76,118),(161,17),(69,65),(120,5),
119:(50,131),(19,58),(133,39),(50,38),(155,114),(256,129),(161,153),(134,75),(229,94),(338,39),(94,49),(121,116),(142,133),(14,112),(145,54),(57,22),(76,118),(162,17),(69,65),(121,5),
120:(50,132),(19,58),(133,40),(50,38),(154,114),(256,129),(162,153),(134,75),(229,95),(338,39),(94,49),(121,115),(141,133),(14,112),(146,54),(57,22),(76,118),(163,17),(69,65),(122,5),
121:(50,133),(19,58),(133,41),(50,38),(153,114),(256,129),(163,153),(134,75),(229,96),(338,39),(94,49),(121,114),(140,133),(14,112),(147,54),(57,22),(76,118),(164,17),(69,65),(123,5),
122:(50,133),(19,58),(133,42),(50,38),(152,114),(256,129),(164,153),(134,75),(229,97),(338,39),(94,49),(121,113),(139,133),(14,112),(148,54),(57,22),(76,118),(165,17),(69,65),(124,5),
123:(50,133),(19,58),(133,43),(50,38),(151,114),(256,129),(165,153),(134,75),(229,98),(338,39),(94,49),(121,112),(138,133),(14,112),(149,54),(57,22),(76,118),(166,17),(69,65),(125,5),
124:(50,133),(19,58),(133,44),(50,38),(150,114),(256,129),(166,153),(134,75),(229,99),(338,39),(94,49),(121,111),(137,133),(14,112),(150,54),(57,22),(76,118),(167,17),(69,65),(126,5),
125:(50,133),(19,58),(133,45),(50,38),(149,114),(256,129),(167,153),(134,75),(229,100),(338,39),(94,49),(121,110),(136,133),(14,112),(151,54),(57,22),(76,118),(168,17),(69,65),(127,5),
126:(50,133),(19,58),(133,46),(50,38),(148,114),(256,129),(168,153),(134,75),(229,101),(338,39),(94,49),(121,109),(135,133),(14,112),(152,54),(57,22),(76,118),(169,17),(69,65),(128,5),
127:(50,133),(19,58),(133,47),(50,38),(147,114),(256,129),(169,153),(134,75),(229,102),(338,39),(94,49),(121,108),(134,133),(14,112),(153,54),(57,22),(76,118),(170,17),(69,65),(129,5),
128:(50,133),(19,58),(133,48),(50,38),(146,114),(256,129),(170,153),(134,75),(229,103),(338,39),(94,49),(121,107),(133,133),(14,112),(154,54),(57,22),(76,118),(171,17),(69,65),(130,5),
129:(50,133),(19,58),(133,49),(50,38),(145,114),(256,129),(171,153),(134,75),(229,104),(338,39),(94,49),(121,106),(132,133),(14,112),(155,54),(57,22),(76,118),(172,17),(69,65),(131,5),
130:(50,133),(19,58),(133,50),(50,38),(145,113),(256,129),(172,153),(134,75),(229,105),(338,39),(94,49),(121,105),(131,133),(14,112),(156,54),(57,22),(76,118),(173,17),(69,65),(132,5),
131:(50,133),(19,58),(133,51),(50,38),(145,112),(256,129),(173,153),(134,75),(229,106),(338,39),(94,49),(121,104),(130,133),(14,112),(157,54),(57,22),(76,118),(174,17),(69,65),(133,5),
132:(50,133),(19,58),(133,52),(50,38),(145,111),(256,129),(174,153),(134,75),(229,107),(338,39),(94,49),(121,103),(129,133),(14,112),(158,54),(57,22),(76,118),(175,17),(69,65),(134,5),
133:(50,133),(19,58),(133,53),(50,38),(145,110),(256,129),(175,153),(134,75),(229,108),(338,39),(94,49),(121,102),(128,133),(14,112),(159,54),(57,22),(76,118),(176,17),(69,65),(135,5),
134:(50,133),(19,58),(133,54),(50,38),(145,109),(256,129),(176,153),(134,75),(229,109),(338,39),(94,49),(121,101),(127,133),(14,112),(160,54),(57,22),(76,118),(177,17),(69,65),(136,5),
135:(50,133),(19,58),(133,55),(50,38),(145,108),(256,129),(177,153),(134,75),(229,110),(338,39),(94,49),(121,100),(126,133),(14,112),(161,54),(57,22),(76,118),(178,17),(69,65),(137,5),
136:(50,133),(19,58),(133,56),(50,38),(145,107),(256,129),(178,153),(134,75),(229,111),(338,39),(94,49),(121,99),(125,133),(14,112),(162,54),(57,22),(76,118),(179,17),(69,65),(138,5),
137:(50,133),(19,58),(133,57),(50,38),(145,106),(256,129),(179,153),(134,75),(229,112),(338,39),(94,49),(121,98),(124,133),(14,112),(163,54),(57,22),(76,118),(180,17),(69,65),(139,5),
138:(50,133),(19,58),(133,58),(50,38),(145,105),(256,129),(180,153),(134,75),(229,113),(338,39),(94,49),(121,97),(123,133),(14,112),(164,54),(57,22),(76,118),(181,17),(69,65),(140,5),
139:(50,133),(19,58),(133,59),(50,38),(145,104),(256,129),(181,153),(134,75),(229,114),(338,39),(94,49),(121,96),(122,133),(14,112),(165,54),(57,22),(76,118),(182,17),(69,65),(141,5),
140:(50,133),(19,58),(133,60),(50,38),(145,103),(256,129),(182,153),(134,75),(229,115),(338,39),(94,49),(121,95),(121,133),(14,112),(166,54),(57,22),(76,118),(183,17),(69,65),(142,5),
141:(50,133),(19,58),(133,61),(50,38),(145,102),(256,129),(183,153),(134,75),(229,116),(338,39),(94,49),(121,94),(120,133),(14,112),(167,54),(57,22),(76,118),(184,17),(69,65),(143,5),
142:(50,133),(19,58),(133,62),(50,38),(145,101),(256,129),(184,153),(134,75),(229,117),(338,39),(94,49),(121,93),(119,133),(14,112),(168,54),(57,22),(76,118),(185,17),(69,65),(144,5),
143:(50,133),(19,58),(133,63),(50,38),(145,100),(256,129),(185,153),(134,75),(229,118),(338,39),(94,49),(121,92),(118,133),(14,112),(169,54),(57,22),(76,118),(186,17),(69,65),(145,5),
144:(50,133),(19,58),(133,64),(50,38),(145,99),(256,129),(186,153),(134,75),(229,119),(338,39),(94,49),(121,91),(117,133),(14,112),(170,54),(57,22),(76,118),(187,17),(69,65),(146,5),
145:(50,133),(19,58),(133,65),(50,38),(145,98),(256,129),(187,153),(134,75),(229,120),(338,39),(94,49),(121,90),(116,133),(14,112),(170,53),(57,22),(76,118),(188,17),(69,65),(147,5),
146:(50,133),(19,58),(133,66),(50,38),(145,97),(256,129),(188,153),(134,75),(229,121),(338,39),(94,49),(121,89),(115,133),(14,112),(170,52),(57,22),(76,118),(189,17),(69,65),(148,5),
147:(50,133),(19,58),(133,67),(50,38),(145,96),(256,129),(189,153),(134,75),(229,122),(338,39),(94,49),(121,88),(114,133),(14,112),(170,51),(57,22),(76,118),(190,17),(69,65),(149,5),
148:(50,133),(19,58),(133,68),(50,38),(145,95),(256,129),(190,153),(134,75),(229,123),(338,39),(94,49),(121,87),(113,133),(14,112),(170,50),(57,22),(76,118),(191,17),(69,65),(150,5),
149:(50,133),(19,58),(133,69),(50,38),(145,94),(256,129),(191,153),(134,75),(229,124),(338,39),(94,49),(121,86),(112,133),(14,112),(170,49),(57,22),(76,118),(192,17),(69,65),(151,5),
150:(50,133),(19,58),(133,70),(50,38),(145,93),(256,129),(192,153),(134,75),(229,125),(338,39),(94,49),(121,85),(111,133),(14,112),(170,48),(57,22),(76,118),(193,17),(69,65),(152,5),
151:(50,133),(19,58),(133,71),(50,38),(145,92),(256,129),(193,153),(134,75),(229,126),(338,39),(94,49),(121,84),(110,133),(14,112),(170,47),(57,22),(76,118),(194,17),(69,65),(153,5),
152:(50,133),(19,58),(133,72),(50,38),(145,91),(256,129),(194,153),(134,75),(229,127),(338,39),(94,49),(121,83),(109,133),(14,112),(170,47),(57,22),(76,118),(195,17),(69,65),(154,5),
153:(50,133),(19,58),(133,73),(50,38),(145,90),(256,129),(195,153),(134,75),(229,128),(338,39),(94,49),(121,82),(108,133),(14,112),(170,47),(57,22),(76,118),(196,17),(69,65),(155,5),
154:(50,133),(19,58),(133,74),(50,38),(145,89),(256,129),(196,153),(134,75),(229,129),(338,39),(94,49),(121,81),(107,133),(14,112),(170,47),(57,22),(76,118),(197,17),(69,65),(156,5),
155:(50,133),(19,58),(133,75),(50,38),(145,88),(256,129),(197,153),(134,75),(229,130),(338,39),(94,49),(121,80),(106,133),(14,112),(170,47),(57,22),(76,118),(198,17),(69,65),(157,5),
156:(50,133),(19,58),(133,76),(50,38),(145,87),(256,129),(198,153),(134,75),(229,131),(338,39),(94,49),(121,79),(105,133),(14,112),(170,47),(57,22),(76,118),(199,17),(69,65),(158,5),
157:(50,133),(19,58),(134,76),(50,38),(145,86),(256,129),(199,153),(134,75),(229,132),(338,39),(94,49),(121,78),(104,133),(14,112),(170,47),(57,22),(76,118),(200,17),(69,65),(159,5),
158:(50,133),(19,58),(134,77),(50,38),(145,85),(256,129),(200,153),(134,75),(229,133),(338,39),(94,49),(121,77),(103,133),(14,112),(170,47),(57,22),(76,118),(201,17),(69,65),(160,5),
159:(50,133),(19,58),(134,78),(50,38),(145,84),(256,129),(201,153),(134,75),(229,134),(338,39),(94,49),(121,76),(102,133),(14,112),(170,47),(57,22),(76,118),(202,17),(69,65),(161,5),
160:(50,133),(19,58),(134,79),(50,38),(145,83),(256,129),(202,153),(134,75),(229,135),(338,39),(94,49),(121,75),(101,133),(14,112),(170,47),(57,22),(76,118),(203,17),(69,65),(162,5),
161:(50,133),(19,58),(134,80),(50,38),(145,82),(256,129),(203,153),(134,75),(229,136),(338,39),(94,49),(121,74),(100,133),(14,112),(170,47),(57,22),(76,118),(204,17),(69,65),(163,5),
162:(50,133),(19,58),(134,81),(50,38),(144,82),(256,129),(204,153),(134,75),(229,137),(338,39),(94,49),(121,73),(99,133),(14,112),(170,47),(57,22),(76,118),(205,17),(69,65),(164,5),
163:(50,133),(19,58),(134,82),(50,38),(143,82),(256,129),(205,153),(134,75),(228,137),(338,39),(94,49),(121,72),(98,133),(14,112),(170,47),(57,22),(76,118),(206,17),(69,65),(165,5),
164:(50,133),(19,58),(134,83),(50,38),(142,82),(256,129),(206,153),(134,75),(228,137),(338,39),(94,49),(121,71),(97,133),(14,112),(170,47),(57,22),(76,118),(207,17),(69,65),(166,5),
165:(50,133),(19,58),(134,84),(50,38),(141,82),(256,129),(207,153),(134,75),(228,137),(338,39),(94,49),(121,70),(96,133),(14,112),(170,47),(57,22),(76,118),(208,17),(69,65),(167,5),
166:(50,133),(19,58),(134,85),(50,38),(141,81),(256,129),(208,153),(134,75),(228,137),(338,39),(94,49),(121,70),(95,133),(14,112),(170,47),(57,22),(76,118),(209,17),(69,65),(168,5),
167:(50,133),(19,58),(134,86),(50,38),(141,81),(256,129),(209,153),(134,75),(228,137),(338,39),(94,49),(121,70),(94,133),(14,112),(170,47),(57,22),(76,118),(210,17),(69,65),(169,5),
168:(50,133),(19,58),(134,87),(50,38),(141,81),(256,129),(210,153),(134,75),(228,137),(338,39),(94,49),(121,70),(93,133),(14,112),(170,47),(57,22),(76,118),(211,17),(69,65),(170,5),
169:(50,133),(19,58),(134,88),(50,38),(141,81),(256,129),(211,153),(134,75),(228,137),(338,39),(94,49),(121,70),(92,133),(14,112),(170,47),(57,22),(76,118),(212,17),(69,65),(171,5),
170:(50,133),(19,58),(134,89),(50,38),(141,81),(256,129),(212,153),(134,75),(228,137),(338,39),(94,49),(121,70),(91,133),(14,112),(170,47),(57,22),(76,118),(213,17),(69,65),(172,5),
171:(50,133),(19,58),(134,90),(50,38),(141,81),(256,129),(213,153),(134,75),(228,137),(338,39),(94,49),(121,70),(90,133),(14,112),(170,47),(57,22),(76,118),(214,17),(69,65),(173,5),
172:(50,133),(19,58),(134,91),(50,38),(141,81),(256,129),(214,153),(134,75),(228,137),(338,39),(94,49),(121,70),(89,133),(14,112),(170,47),(57,22),(76,118),(215,17),(69,65),(174,5),
173:(50,133),(19,58),(134,92),(50,38),(141,81),(256,129),(215,153),(134,75),(228,137),(338,39),(94,49),(121,70),(88,133),(14,112),(170,47),(57,22),(76,118),(216,17),(69,65),(175,5),
174:(50,133),(19,58),(134,93),(50,38),(141,81),(256,129),(216,153),(134,75),(228,137),(338,39),(94,49),(121,70),(87,133),(14,112),(170,47),(57,22),(76,118),(217,17),(69,65),(176,5),
175:(50,133),(19,58),(134,94),(50,38),(141,81),(256,129),(217,153),(134,75),(228,137),(338,39),(94,49),(121,70),(86,133),(14,112),(170,47),(57,22),(76,118),(218,17),(69,65),(177,5),
176:(50,133),(19,58),(134,95),(50,38),(141,81),(256,129),(218,153),(134,75),(228,137),(338,39),(94,49),(121,70),(85,133),(14,112),(170,47),(57,22),(76,118),(219,17),(69,65),(178,5),
177:(50,133),(19,58),(134,96),(50,38),(141,81),(256,129),(219,153),(134,75),(228,137),(338,39),(94,49),(121,70),(84,133),(14,112),(170,47),(57,22),(76,118),(220,17),(69,65),(179,5),
178:(50,133),(19,58),(134,97),(50,38),(141,81),(256,129),(220,153),(134,75),(228,137),(338,39),(94,49),(121,70),(83,133),(14,112),(170,47),(57,22),(76,118),(221,17),(69,65),(180,5),
179:(50,133),(19,58),(134,98),(50,38),(141,81),(256,129),(221,153),(134,75),(228,137),(338,39),(94,49),(121,70),(82,133),(14,112),(170,47),(57,22),(76,118),(222,17),(69,65),(181,5),
180:(50,133),(19,58),(134,99),(50,38),(141,81),(256,129),(222,153),(134,75),(228,137),(338,39),(94,49),(121,70),(81,133),(14,112),(170,47),(57,22),(76,118),(223,17),(69,65),(182,5),
181:(50,133),(19,58),(134,100),(50,38),(141,81),(256,129),(223,153),(134,75),(228,137),(338,39),(94,49),(121,70),(80,133),(14,112),(170,47),(57,22),(76,118),(224,17),(69,65),(183,5),
182:(50,133),(19,58),(134,101),(50,38),(141,81),(256,129),(224,153),(134,75),(228,137),(338,39),(94,49),(121,70),(79,133),(14,112),(170,47),(57,22),(76,118),(225,17),(69,65),(184,5),
183:(50,133),(19,58),(134,102),(50,38),(141,81),(256,129),(225,153),(134,75),(228,137),(338,39),(94,49),(121,70),(78,133),(14,112),(170,47),(57,22),(76,118),(226,17),(69,65),(185,5),
184:(50,133),(19,58),(134,103),(50,38),(141,81),(256,129),(226,153),(134,75),(228,137),(338,39),(94,49),(121,70),(77,133),(14,112),(170,47),(57,22),(76,118),(227,17),(69,65),(186,5),
185:(50,133),(19,58),(134,104),(50,38),(141,81),(256,129),(227,153),(134,75),(228,137),(338,39),(94,49),(121,70),(76,133),(14,112),(170,47),(57,22),(76,118),(228,17),(69,65),(187,5),
186:(50,133),(19,58),(134,105),(50,38),(141,81),(256,129),(228,153),(134,75),(228,137),(338,39),(94,49),(121,70),(75,133),(14,112),(170,47),(57,22),(76,118),(229,17),(69,65),(188,5),
187:(50,133),(19,58),(134,106),(50,38),(141,81),(256,129),(229,153),(134,75),(228,137),(338,39),(94,49),(121,70),(74,133),(14,112),(170,47),(57,22),(76,118),(230,17),(69,65),(189,5),
188:(50,133),(19,58),(134,107),(50,38),(141,81),(256,129),(230,153),(134,75),(228,137),(338,39),(94,49),(121,70),(73,133),(14,112),(170,47),(57,22),(76,118),(231,17),(69,65),(190,5),
189:(50,133),(19,58),(134,108),(50,38),(141,81),(256,129),(230,154),(134,75),(228,137),(338,39),(94,49),(121,70),(72,133),(14,112),(170,47),(57,22),(76,118),(232,17),(69,65),(191,5),
190:(50,133),(19,58),(134,109),(50,38),(141,81),(256,129),(230,155),(134,75),(228,137),(338,39),(94,49),(121,70),(71,133),(14,112),(170,47),(57,22),(76,118),(233,17),(69,65),(192,5),
191:(50,133),(19,58),(134,110),(50,38),(141,81),(256,129),(230,156),(134,75),(228,137),(338,39),(94,49),(121,70),(70,133),(14,112),(170,47),(57,22),(76,118),(234,17),(69,65),(193,5),
192:(50,133),(19,58),(134,111),(50,38),(141,81),(256,129),(230,157),(134,75),(228,137),(338,39),(94,49),(121,70),(69,133),(14,112),(170,47),(57,22),(76,118),(235,17),(69,65),(194,5),
193:(50,133),(19,58),(134,112),(50,38),(141,81),(256,129),(230,158),(134,75),(228,137),(338,39),(94,49),(121,70),(68,133),(14,112),(170,47),(57,22),(76,118),(236,17),(69,65),(195,5),
194:(50,133),(19,58),(134,113),(50,38),(141,81),(256,129),(230,159),(134,75),(228,137),(338,39),(94,49),(121,70),(67,133),(14,112),(170,47),(57,22),(76,118),(237,17),(69,65),(196,5),
195:(50,133),(19,58),(134,114),(50,38),(141,81),(256,129),(230,160),(134,75),(228,137),(338,39),(94,49),(121,70),(66,133),(14,112),(170,47),(57,22),(76,118),(238,17),(69,65),(197,5),
196:(50,133),(19,58),(134,115),(50,38),(141,81),(256,129),(230,161),(134,75),(228,137),(338,39),(94,49),(121,70),(65,133),(14,112),(170,47),(57,22),(76,118),(239,17),(69,65),(198,5),
197:(50,133),(19,58),(134,116),(50,38),(141,81),(256,129),(231,161),(134,75),(228,137),(338,39),(94,49),(121,70),(64,133),(14,112),(170,47),(57,22),(76,118),(240,17),(69,65),(199,5),
198:(50,133),(19,58),(134,117),(50,38),(141,81),(256,129),(232,161),(134,75),(228,137),(338,39),(94,49),(121,70),(63,133),(14,112),(170,47),(57,22),(76,118),(241,17),(69,65),(200,5),
199:(50,133),(19,58),(134,118),(50,38),(141,81),(256,129),(232,162),(134,75),(228,137),(338,39),(94,49),(121,70),(62,133),(14,112),(170,47),(57,22),(76,118),(242,17),(69,65),(201,5),
200:(50,133),(19,58),(134,119),(50,38),(141,81),(256,129),(232,162),(134,75),(228,137),(338,39),(94,49),(121,70),(61,133),(14,112),(170,47),(57,22),(76,118),(243,17),(69,65),(202,5),
201:(50,133),(19,58),(134,120),(50,38),(141,81),(256,129),(232,162),(134,75),(228,137),(338,39),(94,49),(121,70),(61,132),(14,112),(170,47),(57,22),(76,118),(244,17),(69,65),(203,5),
202:(50,133),(19,58),(134,121),(50,38),(141,81),(256,129),(232,162),(134,75),(228,137),(338,39),(94,49),(121,70),(61,131),(14,112),(170,47),(57,22),(76,118),(245,17),(69,65),(204,5),
203:(50,133),(19,58),(134,122),(50,38),(141,81),(256,129),(232,162),(134,75),(228,137),(338,39),(94,49),(121,70),(61,130),(14,112),(170,47),(57,22),(76,118),(246,17),(69,65),(205,5),
204:(50,133),(19,58),(134,123),(50,38),(141,81),(256,129),(232,162),(134,75),(228,137),(338,39),(94,49),(121,70),(60,130),(14,112),(170,47),(57,22),(76,118),(247,17),(69,65),(206,5),
205:(50,133),(19,58),(134,124),(50,38),(141,81),(256,129),(232,162),(134,75),(228,137),(338,39),(94,49),(121,70),(59,130),(14,112),(170,47),(57,22),(76,118),(248,17),(69,65),(207,5),
206:(50,133),(19,58),(134,125),(50,38),(141,81),(256,129),(232,162),(134,75),(228,137),(338,39),(94,49),(121,70),(58,130),(14,112),(170,47),(57,22),(76,118),(249,17),(69,65),(208,5),
207:(50,133),(19,58),(134,126),(50,38),(141,81),(256,129),(232,162),(134,75),(228,137),(338,39),(94,49),(121,70),(57,130),(14,112),(170,47),(57,22),(76,118),(250,17),(69,65),(209,5),
208:(50,133),(19,58),(134,127),(50,38),(141,81),(256,129),(232,162),(134,75),(228,137),(338,39),(94,49),(121,70),(56,130),(14,112),(170,47),(57,22),(76,118),(251,17),(69,65),(210,5),
209:(50,133),(19,58),(134,128),(50,38),(141,81),(256,129),(232,162),(134,75),(228,137),(338,39),(94,49),(121,70),(55,130),(14,112),(170,47),(57,22),(76,118),(252,17),(69,65),(211,5),
210:(50,133),(19,58),(134,129),(50,38),(141,81),(256,129),(232,162),(134,75),(228,137),(338,39),(94,49),(121,70),(54,130),(14,112),(170,47),(57,22),(76,118),(253,17),(69,65),(212,5),
211:(50,133),(19,58),(134,130),(50,38),(141,81),(256,129),(232,162),(134,75),(228,137),(338,39),(94,49),(121,70),(53,130),(14,112),(170,47),(57,22),(76,118),(254,17),(69,65),(213,5),
212:(50,133),(19,58),(134,131),(50,38),(141,81),(256,129),(232,162),(134,75),(228,137),(338,39),(94,49),(121,70),(52,130),(14,112),(170,47),(57,22),(76,118),(255,17),(69,65),(214,5),
213:(50,133),(19,58),(134,132),(50,38),(141,81),(256,129),(232,162),(134,75),(228,137),(338,39),(94,49),(121,70),(51,130),(14,112),(170,47),(57,22),(76,118),(256,17),(69,65),(215,5),
214:(50,133),(19,58),(134,133),(50,38),(141,81),(256,129),(232,162),(134,75),(228,137),(338,39),(94,49),(121,70),(50,130),(14,112),(170,47),(57,22),(76,118),(257,17),(69,65),(216,5),
215:(50,133),(19,58),(134,134),(50,38),(141,81),(256,129),(232,162),(134,75),(228,137),(338,39),(94,49),(121,70),(49,130),(14,112),(170,47),(57,22),(76,118),(258,17),(69,65),(217,5),
216:(50,133),(19,58),(134,135),(50,38),(141,81),(256,129),(232,162),(134,75),(228,137),(338,39),(94,49),(121,70),(48,130),(14,112),(170,47),(57,22),(76,118),(259,17),(69,65),(218,5),
217:(50,133),(19,58),(134,136),(50,38),(141,81),(256,129),(232,162),(134,75),(228,137),(338,39),(94,49),(121,70),(47,130),(14,112),(170,47),(57,22),(76,118),(260,17),(69,65),(219,5),
218:(50,133),(19,58),(134,137),(50,38),(141,81),(256,129),(232,162),(134,75),(228,137),(338,39),(94,49),(121,70),(46,130),(14,112),(170,47),(57,22),(76,118),(261,17),(69,65),(220,5),
219:(50,133),(19,58),(134,138),(50,38),(141,81),(256,129),(232,162),(134,75),(228,137),(338,39),(94,49),(121,70),(45,130),(14,112),(170,47),(57,22),(76,118),(262,17),(69,65),(221,5),
220:(50,133),(19,58),(134,139),(50,38),(141,81),(256,129),(232,162),(134,75),(228,137),(338,39),(94,49),(121,70),(44,130),(14,112),(170,47),(57,22),(76,118),(263,17),(69,65),(222,5),
221:(50,133),(19,58),(134,140),(50,38),(141,81),(256,129),(232,162),(134,75),(228,137),(338,39),(94,49),(121,70),(43,130),(14,112),(170,47),(57,22),(76,118),(264,17),(69,65),(223,5),
222:(50,133),(19,58),(134,141),(50,38),(141,81),(256,129),(232,162),(134,75),(228,137),(338,39),(94,49),(121,70),(42,130),(14,112),(170,47),(57,22),(76,118),(265,17),(69,65),(224,5),
223:(50,133),(19,58),(135,141),(50,38),(141,81),(256,129),(232,162),(134,75),(228,137),(338,39),(94,49),(121,70),(41,130),(14,112),(170,47),(57,22),(76,118),(266,17),(69,65),(225,5),
224:(50,133),(19,58),(136,141),(50,38),(141,81),(256,129),(232,162),(134,75),(228,137),(338,39),(94,49),(121,70),(40,130),(14,112),(170,47),(57,22),(76,118),(267,17),(69,65),(226,5),
225:(50,133),(19,58),(137,141),(50,38),(141,81),(256,129),(232,162),(134,75),(228,137),(338,39),(94,49),(121,70),(39,130),(14,112),(170,47),(57,22),(76,118),(268,17),(69,65),(227,5),
226:(50,133),(19,58),(138,141),(50,38),(141,81),(256,129),(232,162),(134,75),(228,137),(338,39),(94,49),(121,70),(38,130),(14,112),(170,47),(57,22),(76,118),(269,17),(69,65),(228,5),
227:(50,133),(19,58),(139,141),(50,38),(141,81),(256,129),(232,162),(134,75),(228,137),(338,39),(94,49),(121,70),(37,130),(14,112),(170,47),(57,22),(76,118),(270,17),(69,65),(229,5),
228:(50,133),(19,58),(140,141),(50,38),(141,81),(256,129),(232,162),(134,75),(228,137),(338,39),(94,49),(121,70),(36,130),(14,112),(170,47),(57,22),(76,118),(271,17),(69,65),(230,5),
229:(50,133),(19,58),(140,141),(50,38),(141,81),(256,129),(232,162),(134,75),(228,137),(338,39),(94,49),(121,70),(35,130),(14,112),(170,47),(57,22),(76,118),(272,17),(69,65),(231,5),
230:(50,133),(19,58),(140,141),(50,38),(141,81),(256,129),(232,162),(134,75),(228,137),(338,39),(94,49),(121,70),(34,130),(14,112),(170,47),(57,22),(76,118),(273,17),(69,65),(232,5),
231:(50,133),(19,58),(140,141),(50,38),(141,81),(256,129),(232,162),(134,75),(228,137),(338,39),(94,49),(121,70),(33,130),(14,112),(170,47),(57,22),(76,118),(274,17),(69,65),(233,5),
232:(50,133),(19,58),(140,141),(50,38),(141,81),(256,129),(232,162),(134,75),(228,137),(338,39),(94,49),(121,70),(32,130),(14,112),(170,47),(57,22),(76,118),(275,17),(69,65),(234,5),
233:(50,133),(19,58),(140,141),(50,38),(141,81),(256,129),(232,162),(134,75),(228,137),(338,39),(94,49),(121,70),(31,130),(14,112),(170,47),(57,22),(76,118),(276,17),(69,65),(235,5),
234:(50,133),(19,58),(140,141),(50,38),(141,81),(256,129),(232,162),(134,75),(228,137),(338,39),(94,49),(121,70),(30,130),(14,112),(170,47),(57,22),(76,118),(277,17),(69,65),(236,5),
235:(50,133),(19,58),(140,141),(50,38),(141,81),(256,129),(232,162),(134,75),(228,137),(338,39),(94,49),(121,70),(29,130),(14,112),(170,47),(57,22),(76,118),(278,17),(69,65),(237,5),
236:(50,133),(19,58),(140,141),(50,38),(141,81),(256,129),(232,162),(134,75),(228,137),(338,39),(94,49),(121,70),(28,130),(14,112),(170,47),(57,22),(76,118),(279,17),(69,65),(238,5),
237:(50,133),(19,58),(140,141),(50,38),(141,81),(256,129),(232,162),(134,75),(228,137),(338,39),(94,49),(121,70),(27,130),(14,112),(170,47),(57,22),(76,118),(280,17),(69,65),(239,5),
238:(50,133),(19,58),(140,141),(50,38),(141,81),(256,129),(232,162),(134,75),(228,137),(338,39),(94,49),(121,70),(26,130),(14,112),(170,47),(57,22),(76,118),(281,17),(69,65),(240,5),
239:(50,133),(19,58),(140,141),(50,38),(141,81),(256,129),(232,162),(134,75),(228,137),(338,39),(94,49),(121,70),(25,130),(14,112),(170,47),(57,22),(76,118),(282,17),(69,65),(241,5),
240:(50,133),(19,58),(140,141),(50,38),(141,81),(256,129),(232,162),(134,75),(228,137),(338,39),(94,49),(121,70),(24,130),(14,112),(170,47),(57,22),(76,118),(283,17),(69,65),(242,5),
241:(50,133),(19,58),(140,141),(50,38),(141,81),(256,129),(232,162),(134,75),(228,137),(338,39),(94,49),(121,70),(23,130),(14,112),(170,47),(57,22),(76,118),(284,17),(69,65),(242,4),
242:(50,133),(19,58),(140,141),(50,38),(141,81),(256,129),(232,162),(134,75),(228,137),(338,39),(94,49),(121,70),(22,130),(14,112),(170,47),(57,22),(76,118),(285,17),(69,65),(242,4),
243:(50,133),(19,58),(140,141),(50,38),(141,81),(256,129),(232,162),(134,75),(228,137),(338,39),(94,49),(121,70),(21,130),(14,112),(170,47),(57,22),(76,118),(286,17),(69,65),(242,4),
244:(50,133),(19,58),(140,141),(50,38),(141,81),(256,129),(232,162),(134,75),(228,137),(338,39),(94,49),(121,70),(20,130),(14,112),(170,47),(57,22),(76,118),(287,17),(69,65),(242,4),
245:(50,133),(19,58),(140,141),(50,38),(141,81),(256,129),(232,162),(134,75),(228,137),(338,39),(94,49),(121,70),(19,130),(14,112),(170,47),(57,22),(76,118),(288,17),(69,65),(242,4),
246:(50,133),(19,58),(140,141),(50,38),(141,81),(256,129),(232,162),(134,75),(228,137),(338,39),(94,49),(121,70),(18,130),(14,112),(170,47),(57,22),(76,118),(289,17),(69,65),(242,4),
247:(50,133),(19,58),(140,141),(50,38),(141,81),(256,129),(232,162),(134,75),(228,137),(338,39),(94,49),(121,70),(17,130),(14,112),(170,47),(57,22),(76,118),(290,17),(69,65),(242,4),
248:(50,133),(19,58),(140,141),(50,38),(141,81),(256,129),(232,162),(134,75),(228,137),(338,39),(94,49),(121,70),(16,130),(14,112),(170,47),(57,22),(76,118),(291,17),(69,65),(242,4),
249:(50,133),(19,58),(140,141),(50,38),(141,81),(256,129),(232,162),(134,75),(228,137),(338,39),(94,49),(121,70),(15,130),(14,112),(170,47),(57,22),(76,118),(292,17),(69,65),(242,4),
250:(50,133),(19,58),(140,141),(50,38),(141,81),(256,129),(232,162),(134,75),(228,137),(338,39),(94,49),(121,70),(14,130),(14,112),(170,47),(57,22),(76,118),(293,17),(69,65),(242,4),
251:(50,133),(19,58),(140,141),(50,38),(141,81),(256,129),(232,162),(134,75),(228,137),(338,39),(94,49),(121,70),(13,130),(14,112),(170,47),(57,22),(76,118),(294,17),(69,65),(242,4),
252:(50,133),(19,58),(140,141),(50,38),(141,81),(256,129),(232,162),(134,75),(228,137),(338,39),(94,49),(121,70),(12,130),(14,112),(170,47),(57,22),(76,118),(295,17),(69,65),(242,4),
253:(50,133),(19,58),(140,141),(50,38),(141,81),(256,129),(232,162),(134,75),(228,137),(338,39),(94,49),(121,70),(11,130),(14,112),(170,47),(57,22),(76,118),(296,17),(69,65),(242,4),
254:(50,133),(19,58),(140,141),(50,38),(141,81),(256,129),(232,162),(134,75),(228,137),(338,39),(94,49),(121,70),(10,130),(14,112),(170,47),(57,22),(76,118),(297,17),(69,65),(242,4),
255:(50,133),(19,58),(140,141),(50,38),(141,81),(256,129),(232,162),(134,75),(228,137),(338,39),(94,49),(121,70),(9,130),(14,112),(170,47),(57,22),(76,118),(298,17),(69,65),(242,4),
256:(50,133),(19,58),(140,141),(50,38),(141,81),(256,129),(232,162),(134,75),(228,137),(338,39),(94,49),(121,70),(8,130),(14,112),(170,47),(57,22),(76,118),(299,17),(69,65),(242,4),
257:(50,133),(19,58),(140,141),(50,38),(141,81),(256,129),(232,162),(134,75),(228,137),(338,39),(94,49),(121,70),(7,130),(14,112),(170,47),(57,22),(76,118),(300,17),(69,65),(242,4),
258:(50,133),(19,58),(140,141),(50,38),(141,81),(256,129),(232,162),(134,75),(228,137),(338,39),(94,49),(121,70),(6,130),(14,112),(170,47),(57,22),(76,118),(301,17),(69,65),(242,4),
259:(50,133),(19,58),(140,141),(50,38),(141,81),(256,129),(232,162),(134,75),(228,137),(338,39),(94,49),(121,70),(5,130),(14,112),(170,47),(57,22),(76,118),(302,17),(69,65),(242,4),
260:(50,133),(19,58),(140,141),(50,38),(141,81),(256,129),(232,162),(134,75),(228,137),(338,39),(94,49),(121,70),(4,130),(14,112),(170,47),(57,22),(76,118),(303,17),(69,65),(242,4),
261:(50,133),(19,58),(140,141),(50,38),(141,81),(256,129),(232,162),(134,75),(228,137),(338,39),(94,49),(121,70),(3,130),(14,112),(170,47),(57,22),(76,118),(304,17),(69,65),(242,4),
262:(50,133),(19,58),(140,141),(50,38),(141,81),(256,129),(232,162),(134,75),(228,137),(338,39),(94,49),(121,70),(3,129),(14,112),(170,47),(57,22),(76,118),(305,17),(69,65),(242,4),
263:(50,133),(19,58),(140,141),(50,38),(141,81),(256,129),(232,162),(134,75),(228,137),(338,39),(94,49),(121,70),(3,128),(14,112),(170,47),(57,22),(76,118),(306,17),(69,65),(242,4),
264:(50,133),(19,58),(140,141),(50,38),(141,81),(256,129),(232,162),(134,75),(228,137),(338,39),(94,49),(121,70),(3,127),(14,112),(170,47),(57,22),(76,118),(307,17),(69,65),(242,4),
265:(50,133),(19,58),(140,141),(50,38),(141,81),(256,129),(232,162),(134,75),(228,137),(338,39),(94,49),(121,70),(3,126),(14,112),(170,47),(57,22),(76,118),(308,17),(69,65),(242,4),
266:(50,133),(19,58),(140,141),(50,38),(141,81),(256,129),(232,162),(134,75),(228,137),(338,39),(94,49),(121,70),(3,125),(14,112),(170,47),(57,22),(76,118),(309,17),(69,65),(242,4),
267:(50,133),(19,58),(140,141),(50,38),(141,81),(256,129),(232,162),(134,75),(228,137),(338,39),(94,49),(121,70),(3,124),(14,112),(170,47),(57,22),(76,118),(310,17),(69,65),(242,4),
268:(50,133),(19,58),(140,141),(50,38),(141,81),(256,129),(232,162),(134,75),(228,137),(338,39),(94,49),(121,70),(3,123),(14,112),(170,47),(57,22),(76,118),(311,17),(69,65),(242,4),
269:(50,133),(19,58),(140,141),(50,38),(141,81),(256,129),(232,162),(134,75),(228,137),(338,39),(94,49),(121,70),(3,122),(14,112),(170,47),(57,22),(76,118),(312,17),(69,65),(242,4),
270:(50,133),(19,58),(140,141),(50,38),(141,81),(256,129),(232,162),(134,75),(228,137),(338,39),(94,49),(121,70),(3,121),(14,112),(170,47),(57,22),(76,118),(313,17),(69,65),(242,4),
271:(50,133),(19,58),(140,141),(50,38),(141,81),(256,129),(232,162),(134,75),(228,137),(338,39),(94,49),(121,70),(3,120),(14,112),(170,47),(57,22),(76,118),(314,17),(69,65),(242,4),
272:(50,133),(19,58),(140,141),(50,38),(141,81),(256,129),(232,162),(134,75),(228,137),(338,39),(94,49),(121,70),(3,119),(14,112),(170,47),(57,22),(76,118),(315,17),(69,65),(242,4),
273:(50,133),(19,58),(140,141),(50,38),(141,81),(256,129),(232,162),(134,75),(228,137),(338,39),(94,49),(121,70),(3,118),(14,112),(170,47),(57,22),(76,118),(316,17),(69,65),(242,4),
274:(50,133),(19,58),(140,141),(50,38),(141,81),(256,129),(232,162),(134,75),(228,137),(338,39),(94,49),(121,70),(3,117),(14,112),(170,47),(57,22),(76,118),(317,17),(69,65),(242,4),
275:(50,133),(19,58),(140,141),(50,38),(141,81),(256,129),(232,162),(134,75),(228,137),(338,39),(94,49),(121,70),(3,116),(14,112),(170,47),(57,22),(76,118),(318,17),(69,65),(242,4),
276:(50,133),(19,58),(140,141),(50,38),(141,81),(256,129),(232,162),(134,75),(228,137),(338,39),(94,49),(121,70),(3,115),(14,112),(170,47),(57,22),(76,118),(319,17),(69,65),(242,4),
277:(50,133),(19,58),(140,141),(50,38),(141,81),(256,129),(232,162),(134,75),(228,137),(338,39),(94,49),(121,70),(3,114),(14,112),(170,47),(57,22),(76,118),(320,17),(69,65),(242,4),
278:(50,133),(19,58),(140,141),(50,38),(141,81),(256,129),(232,162),(134,75),(228,137),(338,39),(94,49),(121,70),(3,113),(14,112),(170,47),(57,22),(76,118),(321,17),(69,65),(242,4),
279:(50,133),(19,58),(140,141),(50,38),(141,81),(256,129),(232,162),(134,75),(228,137),(338,39),(94,49),(121,70),(3,112),(14,112),(170,47),(57,22),(76,118),(322,17),(69,65),(242,4),
280:(50,133),(19,58),(140,141),(50,38),(141,81),(256,129),(232,162),(134,75),(228,137),(338,39),(94,49),(121,70),(3,111),(14,112),(170,47),(57,22),(76,118),(323,17),(69,65),(242,4),
281:(50,133),(19,58),(140,141),(50,38),(141,81),(256,129),(232,162),(134,75),(228,137),(338,39),(94,49),(121,70),(3,110),(14,112),(170,47),(57,22),(76,118),(324,17),(69,65),(242,4),
282:(50,133),(19,58),(140,141),(50,38),(141,81),(256,129),(232,162),(134,75),(228,137),(338,39),(94,49),(121,70),(3,109),(14,112),(170,47),(57,22),(76,118),(325,17),(69,65),(242,4),
283:(50,133),(19,58),(140,141),(50,38),(141,81),(256,129),(232,162),(134,75),(228,137),(338,39),(94,49),(121,70),(3,109),(14,112),(170,47),(57,22),(76,118),(326,17),(69,65),(242,4),
284:(50,133),(19,58),(140,141),(50,38),(141,81),(256,129),(232,162),(134,75),(228,137),(338,39),(94,49),(121,70),(3,109),(14,112),(170,47),(57,22),(76,118),(327,17),(69,65),(242,4),
285:(50,133),(19,58),(140,141),(50,38),(141,81),(256,129),(232,162),(134,75),(228,137),(338,39),(94,49),(121,70),(3,109),(14,112),(170,47),(57,22),(76,118),(328,17),(69,65),(242,4),
286:(50,133),(19,58),(140,141),(50,38),(141,81),(256,129),(232,162),(134,75),(228,137),(338,39),(94,49),(121,70),(3,109),(14,112),(170,47),(57,22),(76,118),(329,17),(69,65),(242,4),
287:(50,133),(19,58),(140,141),(50,38),(141,81),(256,129),(232,162),(134,75),(228,137),(338,39),(94,49),(121,70),(3,109),(14,112),(170,47),(57,22),(76,118),(330,17),(69,65),(242,4),
288:(50,133),(19,58),(140,141),(50,38),(141,81),(256,129),(232,162),(134,75),(228,137),(338,39),(94,49),(121,70),(3,109),(14,112),(170,47),(57,22),(76,118),(331,17),(69,65),(242,4),
289:(50,133),(19,58),(140,141),(50,38),(141,81),(256,129),(232,162),(134,75),(228,137),(338,39),(94,49),(121,70),(3,109),(14,112),(170,47),(57,22),(76,118),(332,17),(69,65),(242,4),
290:(50,133),(19,58),(140,141),(50,38),(141,81),(256,129),(232,162),(134,75),(228,137),(338,39),(94,49),(121,70),(3,109),(14,112),(170,47),(57,22),(76,118),(332,18),(69,65),(242,4),
291:(50,133),(19,58),(140,141),(50,38),(141,81),(256,129),(232,162),(134,75),(228,137),(338,39),(94,49),(121,70),(3,109),(14,112),(170,47),(57,22),(76,118),(332,19),(69,65),(242,4),
292:(50,133),(19,58),(140,141),(50,38),(141,81),(256,129),(232,162),(134,75),(228,137),(338,39),(94,49),(121,70),(3,109),(14,112),(170,47),(57,22),(76,118),(332,20),(69,65),(242,4),
293:(50,133),(19,58),(140,141),(50,38),(141,81),(256,129),(232,162),(134,75),(228,137),(338,39),(94,49),(121,70),(3,109),(14,112),(170,47),(57,22),(76,118),(332,21),(69,65),(242,4),
294:(50,133),(19,58),(140,141),(50,38),(141,81),(256,129),(232,162),(134,75),(228,137),(338,39),(94,49),(121,70),(3,109),(14,112),(170,47),(57,22),(76,118),(332,22),(69,65),(242,4),
295:(50,133),(19,58),(140,141),(50,38),(141,81),(256,129),(232,162),(134,75),(228,137),(338,39),(94,49),(121,70),(3,109),(14,112),(170,47),(57,22),(76,118),(332,23),(69,65),(242,4),
296:(50,133),(19,58),(140,141),(50,38),(141,81),(256,129),(232,162),(134,75),(228,137),(338,39),(94,49),(121,70),(3,109),(14,112),(170,47),(57,22),(76,118),(332,24),(69,65),(242,4),
297:(50,133),(19,58),(140,141),(50,38),(141,81),(256,129),(232,162),(134,75),(228,137),(338,39),(94,49),(121,70),(3,109),(14,112),(170,47),(57,22),(76,118),(332,25),(69,65),(242,4),
298:(50,133),(19,58),(140,141),(50,38),(141,81),(256,129),(232,162),(134,75),(228,137),(338,39),(94,49),(121,70),(3,109),(14,112),(170,47),(57,22),(76,118),(332,26),(69,65),(242,4),
299:(50,133),(19,58),(140,141),(50,38),(141,81),(256,129),(232,162),(134,75),(228,137),(338,39),(94,49),(121,70),(3,109),(14,112),(170,47),(57,22),(76,118),(332,27),(69,65),(242,4),
300:(50,133),(19,58),(140,141),(50,38),(141,81),(256,129),(232,162),(134,75),(228,137),(338,39),(94,49),(121,70),(3,109),(14,112),(170,47),(57,22),(76,118),(332,28),(69,65),(242,4),
301:(50,133),(19,58),(140,141),(50,38),(141,81),(256,129),(232,162),(134,75),(228,137),(338,39),(94,49),(121,70),(3,109),(14,112),(170,47),(57,22),(76,118),(332,29),(69,65),(242,4),
302:(50,133),(19,58),(140,141),(50,38),(141,81),(256,129),(232,162),(134,75),(228,137),(338,39),(94,49),(121,70),(3,109),(14,112),(170,47),(57,22),(76,118),(332,30),(69,65),(242,4),
303:(50,133),(19,58),(140,141),(50,38),(141,81),(256,129),(232,162),(134,75),(228,137),(338,39),(94,49),(121,70),(3,109),(14,112),(170,47),(57,22),(76,118),(332,31),(69,65),(242,4),
304:(50,133),(19,58),(140,141),(50,38),(141,81),(256,129),(232,162),(134,75),(228,137),(338,39),(94,49),(121,70),(3,109),(14,112),(170,47),(57,22),(76,118),(332,32),(69,65),(242,4),
305:(50,133),(19,58),(140,141),(50,38),(141,81),(256,129),(232,162),(134,75),(228,137),(338,39),(94,49),(121,70),(3,109),(14,112),(170,47),(57,22),(76,118),(332,33),(69,65),(242,4),
306:(50,133),(19,58),(140,141),(50,38),(141,81),(256,129),(232,162),(134,75),(228,137),(338,39),(94,49),(121,70),(3,109),(14,112),(170,47),(57,22),(76,118),(332,34),(69,65),(242,4),
307:(50,133),(19,58),(140,141),(50,38),(141,81),(256,129),(232,162),(134,75),(228,137),(338,39),(94,49),(121,70),(3,109),(14,112),(170,47),(57,22),(76,118),(332,35),(69,65),(242,4),
308:(50,133),(19,58),(140,141),(50,38),(141,81),(256,129),(232,162),(134,75),(228,137),(338,39),(94,49),(121,70),(3,109),(14,112),(170,47),(57,22),(76,118),(332,36),(69,65),(242,4),
309:(50,133),(19,58),(140,141),(50,38),(141,81),(256,129),(232,162),(134,75),(228,137),(338,39),(94,49),(121,70),(3,109),(14,112),(170,47),(57,22),(76,118),(332,37),(69,65),(242,4),
310:(50,133),(19,58),(140,141),(50,38),(141,81),(256,129),(232,162),(134,75),(228,137),(338,39),(94,49),(121,70),(3,109),(14,112),(170,47),(57,22),(76,118),(332,38),(69,65),(242,4),
311:(50,133),(19,58),(140,141),(50,38),(141,81),(256,129),(232,162),(134,75),(228,137),(338,39),(94,49),(121,70),(3,109),(14,112),(170,47),(57,22),(76,118),(332,39),(69,65),(242,4),
312:(50,133),(19,58),(140,141),(50,38),(141,81),(256,129),(232,162),(134,75),(228,137),(338,39),(94,49),(121,70),(3,109),(14,112),(170,47),(57,22),(76,118),(332,40),(69,65),(242,4),
313:(50,133),(19,58),(140,141),(50,38),(141,81),(256,129),(232,162),(134,75),(228,137),(338,39),(94,49),(121,70),(3,109),(14,112),(170,47),(57,22),(76,118),(332,41),(69,65),(242,4),
314:(50,133),(19,58),(140,141),(50,38),(141,81),(256,129),(232,162),(134,75),(228,137),(338,39),(94,49),(121,70),(3,109),(14,112),(170,47),(57,22),(76,118),(332,42),(69,65),(242,4),
315:(50,133),(19,58),(140,141),(50,38),(141,81),(256,129),(232,162),(134,75),(228,137),(338,39),(94,49),(121,70),(3,109),(14,112),(170,47),(57,22),(76,118),(332,43),(69,65),(242,4),
316:(50,133),(19,58),(140,141),(50,38),(141,81),(256,129),(232,162),(134,75),(228,137),(338,39),(94,49),(121,70),(3,109),(14,112),(170,47),(57,22),(76,118),(332,44),(69,65),(242,4),
317:(50,133),(19,58),(140,141),(50,38),(141,81),(256,129),(232,162),(134,75),(228,137),(338,39),(94,49),(121,70),(3,109),(14,112),(170,47),(57,22),(76,118),(332,45),(69,65),(242,4),
318:(50,133),(19,58),(140,141),(50,38),(141,81),(256,129),(232,162),(134,75),(228,137),(338,39),(94,49),(121,70),(3,109),(14,112),(170,47),(57,22),(76,118),(332,46),(69,65),(242,4),
319:(50,133),(19,58),(140,141),(50,38),(141,81),(256,129),(232,162),(134,75),(228,137),(338,39),(94,49),(121,70),(3,109),(14,112),(170,47),(57,22),(76,118),(332,47),(69,65),(242,4),
320:(50,133),(19,58),(140,141),(50,38),(141,81),(256,129),(232,162),(134,75),(228,137),(338,39),(94,49),(121,70),(3,109),(14,112),(170,47),(57,22),(76,118),(332,48),(69,65),(242,4),
321:(50,133),(19,58),(140,141),(50,38),(141,81),(256,129),(232,162),(134,75),(228,137),(338,39),(94,49),(121,70),(3,109),(14,112),(170,47),(57,22),(76,118),(332,49),(69,65),(242,4),
322:(50,133),(19,58),(140,141),(50,38),(141,81),(256,129),(232,162),(134,75),(228,137),(338,39),(94,49),(121,70),(3,109),(14,112),(170,47),(57,22),(76,118),(332,50),(69,65),(242,4),
323:(50,133),(19,58),(140,141),(50,38),(141,81),(256,129),(232,162),(134,75),(228,137),(338,39),(94,49),(121,70),(3,109),(14,112),(170,47),(57,22),(76,118),(332,51),(69,65),(242,4),
324:(50,133),(19,58),(140,141),(50,38),(141,81),(256,129),(232,162),(134,75),(228,137),(338,39),(94,49),(121,70),(3,109),(14,112),(170,47),(57,22),(76,118),(332,52),(69,65),(242,4),
325:(50,133),(19,58),(140,141),(50,38),(141,81),(256,129),(232,162),(134,75),(228,137),(338,39),(94,49),(121,70),(3,109),(14,112),(170,47),(57,22),(76,118),(332,53),(69,65),(242,4),
326:(50,133),(19,58),(140,141),(50,38),(141,81),(256,129),(232,162),(134,75),(228,137),(338,39),(94,49),(121,70),(3,109),(14,112),(170,47),(57,22),(76,118),(332,54),(69,65),(242,4),
327:(50,133),(19,58),(140,141),(50,38),(141,81),(256,129),(232,162),(134,75),(228,137),(338,39),(94,49),(121,70),(3,109),(14,112),(170,47),(57,22),(76,118),(332,55),(69,65),(242,4),
328:(50,133),(19,58),(140,141),(50,38),(141,81),(256,129),(232,162),(134,75),(228,137),(338,39),(94,49),(121,70),(3,109),(14,112),(170,47),(57,22),(76,118),(332,56),(69,65),(242,4),
329:(50,133),(19,58),(140,141),(50,38),(141,81),(256,129),(232,162),(134,75),(228,137),(338,39),(94,49),(121,70),(3,109),(14,112),(170,47),(57,22),(76,118),(332,57),(69,65),(242,4),
330:(50,133),(19,58),(140,141),(50,38),(141,81),(256,129),(232,162),(134,75),(228,137),(338,39),(94,49),(121,70),(3,109),(14,112),(170,47),(57,22),(76,118),(332,58),(69,65),(242,4),
331:(50,133),(19,58),(140,141),(50,38),(141,81),(256,129),(232,162),(134,75),(228,137),(338,39),(94,49),(121,70),(3,109),(14,112),(170,47),(57,22),(76,118),(332,59),(69,65),(242,4),
332:(50,133),(19,58),(140,141),(50,38),(141,81),(256,129),(232,162),(134,75),(228,137),(338,39),(94,49),(121,70),(3,109),(14,112),(170,47),(57,22),(76,118),(332,60),(69,65),(242,4),
