instance=temp_instance.txt
agents=30
map_file=den520d.map
solver=HCA
solved=1
soc=4903
lb_soc=4900
makespan=341
lb_makespan=341
comp_time=62
preprocessing_comp_time=17
starts=(13,154),(155,209),(187,81),(12,151),(87,97),(17,202),(126,51),(234,57),(61,167),(223,92),(209,76),(58,78),(182,155),(106,99),(67,36),(78,189),(58,53),(63,94),(209,177),(75,136),(250,23),(190,178),(61,177),(114,34),(235,68),(218,218),(55,72),(37,158),(136,1),(77,48),
goals=(188,170),(180,159),(14,195),(49,156),(134,42),(33,189),(182,80),(239,61),(186,68),(178,143),(133,230),(160,153),(126,175),(87,162),(156,99),(121,221),(159,30),(170,64),(16,193),(150,154),(171,127),(78,145),(203,192),(18,156),(162,19),(241,99),(79,86),(117,114),(102,210),(247,61),
solution=
0:(13,154),(155,209),(187,81),(12,151),(87,97),(17,202),(126,51),(234,57),(61,167),(223,92),(209,76),(58,78),(182,155),(106,99),(67,36),(78,189),(58,53),(63,94),(209,177),(75,136),(250,23),(190,178),(61,177),(114,34),(235,68),(218,218),(55,72),(37,158),(136,1),(77,48),
1:(14,154),(154,209),(186,81),(13,151),(86,97),(18,202),(125,51),(235,57),(62,167),(222,92),(208,76),(59,78),(181,155),(107,99),(68,36),(79,189),(59,53),(64,94),(208,177),(76,136),(249,23),(189,178),(62,177),(115,34),(234,68),(217,218),(56,72),(38,158),(137,1),(78,48),
2:(15,154),(153,209),(185,81),(14,151),(85,97),(18,201),(124,51),(236,57),(63,167),(221,92),(207,76),(60,78),(180,155),(108,99),(69,36),(80,189),(60,53),(65,94),(207,177),(77,136),(248,23),(188,178),(63,177),(116,34),(233,68),(216,218),(57,72),(39,158),(138,1),(79,48),
3:(16,154),(152,209),(184,81),(15,151),(84,97),(18,200),(124,50),(237,57),(64,167),(220,92),(206,76),(61,78),(179,155),(109,99),(70,36),(81,189),(61,53),(66,94),(206,177),(78,136),(247,23),(187,178),(64,177),(117,34),(232,68),(215,218),(58,72),(40,158),(138,2),(80,48),
4:(17,154),(151,209),(183,81),(16,151),(83,97),(18,199),(124,49),(238,57),(65,167),(219,92),(205,76),(62,78),(178,155),(110,99),(71,36),(82,189),(62,53),(67,94),(205,177),(79,136),(246,23),(186,178),(65,177),(118,34),(231,68),(215,217),(59,72),(41,158),(138,3),(81,48),
5:(18,154),(150,209),(182,81),(17,151),(82,97),(18,198),(124,48),(239,57),(66,167),(218,92),(204,76),(63,78),(177,155),(111,99),(71,37),(83,189),(63,53),(68,94),(204,177),(80,136),(245,23),(185,178),(66,177),(119,34),(230,68),(215,216),(60,72),(42,158),(138,4),(82,48),
6:(19,154),(149,209),(181,81),(18,151),(81,97),(18,197),(125,48),(239,58),(67,167),(217,92),(203,76),(64,78),(176,155),(112,99),(71,38),(84,189),(64,53),(69,94),(203,177),(81,136),(244,23),(184,178),(67,177),(120,34),(229,68),(215,215),(61,72),(43,158),(138,5),(83,48),
7:(20,154),(148,209),(180,81),(19,151),(80,97),(18,196),(126,48),(239,59),(68,167),(216,92),(202,76),(65,78),(175,155),(113,99),(71,39),(85,189),(65,53),(70,94),(202,177),(82,136),(243,23),(183,178),(68,177),(121,34),(228,68),(214,215),(62,72),(44,158),(138,6),(84,48),
8:(21,154),(147,209),(179,81),(20,151),(79,97),(18,195),(127,48),(239,60),(69,167),(215,92),(201,76),(66,78),(174,155),(114,99),(71,40),(86,189),(66,53),(71,94),(201,177),(83,136),(242,23),(182,178),(69,177),(122,34),(227,68),(213,215),(63,72),(45,158),(138,7),(85,48),
9:(22,154),(146,209),(178,81),(21,151),(78,97),(18,194),(128,48),(239,61),(70,167),(214,92),(200,76),(67,78),(173,155),(115,99),(71,41),(87,189),(67,53),(72,94),(200,177),(84,136),(241,23),(181,178),(70,177),(123,34),(226,68),(212,215),(64,72),(46,158),(138,8),(86,48),
10:(23,154),(145,209),(177,81),(22,151),(77,97),(18,193),(129,48),(239,61),(71,167),(213,92),(199,76),(68,78),(172,155),(116,99),(71,42),(88,189),(68,53),(73,94),(199,177),(85,136),(240,23),(180,178),(71,177),(124,34),(225,68),(211,215),(65,72),(47,158),(138,9),(87,48),
11:(24,154),(144,209),(176,81),(23,151),(76,97),(18,192),(130,48),(239,61),(72,167),(213,91),(198,76),(69,78),(171,155),(117,99),(71,43),(89,189),(69,53),(74,94),(198,177),(86,136),(239,23),(179,178),(72,177),(125,34),(224,68),(210,215),(66,72),(48,158),(138,10),(88,48),
12:(25,154),(143,209),(175,81),(24,151),(75,97),(18,191),(131,48),(239,61),(73,167),(212,91),(197,76),(70,78),(170,155),(118,99),(71,44),(90,189),(70,53),(75,94),(197,177),(87,136),(238,23),(178,178),(73,177),(126,34),(223,68),(209,215),(67,72),(49,158),(138,11),(89,48),
13:(26,154),(142,209),(174,81),(25,151),(74,97),(18,190),(132,48),(239,61),(74,167),(211,91),(196,76),(71,78),(169,155),(119,99),(71,45),(91,189),(71,53),(76,94),(196,177),(88,136),(237,23),(177,178),(74,177),(127,34),(222,68),(209,214),(68,72),(50,158),(138,12),(90,48),
14:(27,154),(141,209),(173,81),(26,151),(74,96),(18,189),(133,48),(239,61),(75,167),(210,91),(195,76),(72,78),(168,155),(120,99),(71,46),(92,189),(72,53),(77,94),(195,177),(89,136),(236,23),(176,178),(75,177),(128,34),(221,68),(208,214),(69,72),(51,158),(138,13),(91,48),
15:(28,154),(140,209),(172,81),(27,151),(73,96),(18,188),(134,48),(239,61),(76,167),(209,91),(194,76),(73,78),(167,155),(121,99),(71,47),(93,189),(73,53),(78,94),(194,177),(90,136),(235,23),(175,178),(76,177),(129,34),(220,68),(208,213),(70,72),(52,158),(138,14),(92,48),
16:(29,154),(139,209),(171,81),(28,151),(72,96),(18,187),(135,48),(239,61),(77,167),(208,91),(193,76),(74,78),(166,155),(122,99),(71,48),(94,189),(74,53),(79,94),(193,177),(91,136),(234,23),(174,178),(77,177),(130,34),(219,68),(208,212),(71,72),(53,158),(138,15),(93,48),
17:(30,154),(139,210),(170,81),(29,151),(71,96),(18,186),(136,48),(239,61),(78,167),(207,91),(192,76),(75,78),(165,155),(123,99),(71,49),(95,189),(75,53),(80,94),(192,177),(91,137),(234,24),(173,178),(78,177),(131,34),(218,68),(207,212),(71,73),(54,158),(139,15),(94,48),
18:(31,154),(139,211),(169,81),(30,151),(71,95),(19,186),(137,48),(239,61),(79,167),(206,91),(191,76),(76,78),(164,155),(124,99),(71,50),(96,189),(76,53),(81,94),(191,177),(92,137),(234,25),(172,178),(79,177),(132,34),(217,68),(207,211),(72,73),(55,158),(139,16),(95,48),
19:(32,154),(139,212),(168,81),(31,151),(71,94),(20,186),(137,47),(239,61),(80,167),(205,91),(190,76),(77,78),(163,155),(125,99),(71,51),(97,189),(77,53),(82,94),(190,177),(93,137),(234,26),(171,178),(80,177),(132,35),(216,68),(207,210),(73,73),(56,158),(140,16),(96,48),
20:(33,154),(138,212),(167,81),(32,151),(71,93),(20,185),(138,47),(239,61),(81,167),(204,91),(189,76),(78,78),(162,155),(126,99),(71,52),(97,190),(78,53),(83,94),(189,177),(94,137),(234,27),(170,178),(81,177),(133,35),(215,68),(207,209),(74,73),(57,158),(141,16),(97,48),
21:(34,154),(137,212),(166,81),(33,151),(71,92),(20,184),(139,47),(239,61),(82,167),(203,91),(188,76),(79,78),(161,155),(127,99),(71,53),(97,191),(79,53),(84,94),(188,177),(95,137),(234,28),(169,178),(82,177),(134,35),(214,68),(206,209),(74,74),(58,158),(142,16),(98,48),
22:(35,154),(136,212),(165,81),(34,151),(71,91),(20,183),(140,47),(239,61),(83,167),(202,91),(187,76),(80,78),(160,155),(128,99),(71,54),(97,192),(80,53),(85,94),(187,177),(95,138),(234,29),(168,178),(83,177),(135,35),(213,68),(205,209),(75,74),(59,158),(143,16),(99,48),
23:(36,154),(135,212),(164,81),(35,151),(71,90),(21,183),(141,47),(239,61),(84,167),(201,91),(186,76),(81,78),(159,155),(129,99),(71,55),(97,193),(81,53),(86,94),(186,177),(96,138),(234,30),(167,178),(84,177),(136,35),(212,68),(204,209),(76,74),(60,158),(143,17),(100,48),
24:(37,154),(134,212),(163,81),(36,151),(71,89),(22,183),(142,47),(239,61),(85,167),(201,90),(185,76),(82,78),(158,155),(130,99),(71,56),(97,194),(82,53),(87,94),(185,177),(97,138),(234,31),(166,178),(85,177),(137,35),(211,68),(203,209),(76,75),(61,158),(144,17),(101,48),
25:(38,154),(134,213),(162,81),(37,151),(71,88),(23,183),(143,47),(239,61),(86,167),(201,89),(184,76),(83,78),(157,155),(131,99),(71,57),(97,195),(83,53),(88,94),(184,177),(97,139),(234,32),(165,178),(86,177),(138,35),(210,68),(202,209),(77,75),(62,158),(145,17),(102,48),
26:(39,154),(134,214),(161,81),(38,151),(71,87),(24,183),(144,47),(239,61),(87,167),(201,88),(183,76),(84,78),(156,155),(132,99),(71,58),(97,196),(84,53),(89,94),(183,177),(98,139),(234,33),(164,178),(87,177),(139,35),(209,68),(202,208),(78,75),(63,158),(146,17),(103,48),
27:(40,154),(133,214),(161,82),(39,151),(71,86),(25,183),(145,47),(239,61),(88,167),(201,87),(182,76),(85,78),(155,155),(133,99),(71,59),(97,197),(85,53),(90,94),(182,177),(98,140),(234,34),(163,178),(88,177),(140,35),(208,68),(201,208),(79,75),(64,158),(147,17),(104,48),
28:(41,154),(132,214),(160,82),(40,151),(71,85),(26,183),(146,47),(239,61),(89,167),(201,86),(181,76),(85,79),(154,155),(134,99),(71,60),(97,198),(86,53),(91,94),(181,177),(99,140),(234,35),(162,178),(89,177),(141,35),(207,68),(201,207),(79,76),(65,158),(148,17),(105,48),
29:(42,154),(131,214),(159,82),(41,151),(71,84),(27,183),(147,47),(239,61),(90,167),(200,86),(180,76),(85,80),(153,155),(135,99),(71,61),(97,199),(87,53),(92,94),(180,177),(100,140),(234,36),(161,178),(90,177),(142,35),(206,68),(200,207),(79,77),(66,158),(149,17),(106,48),
30:(43,154),(130,214),(159,83),(42,151),(71,83),(28,183),(148,47),(239,61),(91,167),(199,86),(179,76),(86,80),(152,155),(136,99),(71,62),(98,199),(88,53),(93,94),(179,177),(100,141),(233,36),(160,178),(91,177),(143,35),(205,68),(199,207),(79,78),(67,158),(150,17),(107,48),
31:(44,154),(129,214),(159,84),(43,151),(71,82),(29,183),(149,47),(239,61),(92,167),(198,86),(178,76),(87,80),(151,155),(137,99),(71,63),(98,200),(89,53),(94,94),(178,177),(101,141),(233,37),(160,177),(92,177),(144,35),(204,68),(199,206),(79,79),(68,158),(151,17),(108,48),
32:(45,154),(128,214),(159,85),(44,151),(71,81),(30,183),(150,47),(239,61),(93,167),(197,86),(177,76),(88,80),(150,155),(138,99),(71,64),(99,200),(90,53),(95,94),(177,177),(102,141),(233,38),(159,177),(93,177),(145,35),(203,68),(199,205),(79,80),(69,158),(152,17),(109,48),
33:(46,154),(127,214),(159,86),(45,151),(71,80),(31,183),(151,47),(239,61),(94,167),(196,86),(176,76),(88,81),(149,155),(139,99),(71,65),(99,201),(91,53),(96,94),(176,177),(103,141),(233,39),(158,177),(94,177),(146,35),(202,68),(199,204),(79,81),(70,158),(153,17),(110,48),
34:(47,154),(126,214),(159,87),(46,151),(71,79),(32,183),(152,47),(239,61),(95,167),(195,86),(175,76),(88,82),(148,155),(140,99),(71,66),(99,202),(92,53),(97,94),(175,177),(104,141),(233,40),(157,177),(95,177),(147,35),(201,68),(199,203),(79,82),(71,158),(154,17),(111,48),
35:(48,154),(125,214),(159,88),(47,151),(71,78),(33,183),(153,47),(239,61),(96,167),(194,86),(174,76),(89,82),(147,155),(141,99),(71,67),(99,203),(93,53),(98,94),(174,177),(105,141),(233,41),(156,177),(96,177),(147,36),(200,68),(199,202),(79,83),(72,158),(155,17),(112,48),
36:(49,154),(124,214),(159,89),(48,151),(71,77),(33,184),(154,47),(239,61),(97,167),(193,86),(173,76),(90,82),(146,155),(142,99),(71,68),(99,204),(94,53),(99,94),(173,177),(105,142),(233,42),(155,177),(97,177),(148,36),(199,68),(199,201),(79,84),(73,158),(156,17),(113,48),
37:(50,154),(123,214),(159,90),(49,151),(71,76),(33,185),(155,47),(239,61),(98,167),(192,86),(172,76),(91,82),(145,155),(143,99),(71,69),(99,205),(95,53),(100,94),(172,177),(105,143),(233,43),(154,177),(97,176),(149,36),(198,68),(199,200),(79,85),(74,158),(157,17),(114,48),
38:(51,154),(122,214),(159,91),(49,152),(71,75),(33,186),(156,47),(239,61),(99,167),(191,86),(171,76),(92,82),(144,155),(144,99),(71,70),(99,206),(96,53),(101,94),(171,177),(105,144),(233,44),(153,177),(98,176),(149,37),(197,68),(199,199),(79,86),(75,158),(158,17),(115,48),
39:(52,154),(121,214),(159,92),(49,153),(71,74),(33,187),(157,47),(239,61),(100,167),(190,86),(170,76),(93,82),(143,155),(145,99),(71,71),(99,207),(97,53),(102,94),(170,177),(105,145),(233,45),(152,177),(98,175),(150,37),(196,68),(199,198),(79,86),(76,158),(159,17),(116,48),
40:(53,154),(120,214),(159,93),(49,154),(71,73),(33,188),(158,47),(239,61),(101,167),(189,86),(169,76),(93,83),(142,155),(146,99),(71,72),(99,208),(98,53),(103,94),(169,177),(105,146),(233,46),(151,177),(99,175),(151,37),(195,68),(199,197),(79,86),(77,158),(160,17),(117,48),
41:(54,154),(119,214),(159,94),(49,155),(71,74),(33,189),(159,47),(239,61),(102,167),(188,86),(168,76),(93,84),(141,155),(147,99),(71,73),(100,208),(99,53),(104,94),(168,177),(105,147),(233,47),(150,177),(99,174),(151,38),(194,68),(199,196),(79,86),(78,158),(161,17),(118,48),
42:(55,154),(118,214),(159,95),(49,156),(71,73),(33,189),(160,47),(239,61),(103,167),(187,86),(168,77),(94,84),(140,155),(148,99),(72,73),(100,209),(100,53),(105,94),(167,177),(105,148),(233,48),(149,177),(100,174),(152,38),(193,68),(199,195),(79,86),(79,158),(162,17),(119,48),
43:(56,154),(117,214),(159,96),(49,156),(71,72),(33,189),(161,47),(239,61),(104,167),(186,86),(167,77),(95,84),(139,155),(149,99),(73,73),(101,209),(101,53),(106,94),(166,177),(106,148),(233,49),(148,177),(100,173),(152,39),(192,68),(199,194),(79,86),(80,158),(163,17),(120,48),
44:(57,154),(116,214),(159,97),(49,156),(71,71),(33,189),(162,47),(239,61),(105,167),(185,86),(166,77),(96,84),(138,155),(150,99),(74,73),(101,210),(102,53),(107,94),(165,177),(106,149),(233,50),(147,177),(101,173),(152,40),(191,68),(199,193),(79,86),(81,158),(164,17),(121,48),
45:(58,154),(115,214),(159,98),(49,156),(71,70),(33,189),(163,47),(239,61),(106,167),(184,86),(165,77),(97,84),(137,155),(151,99),(74,74),(101,211),(103,53),(108,94),(164,177),(106,150),(233,51),(146,177),(102,173),(153,40),(190,68),(199,192),(79,86),(82,158),(165,17),(122,48),
46:(59,154),(114,214),(159,99),(49,156),(71,69),(33,189),(164,47),(239,61),(107,167),(183,86),(165,78),(97,85),(136,155),(152,99),(75,74),(102,211),(104,53),(109,94),(163,177),(107,150),(233,52),(145,177),(103,173),(153,41),(189,68),(199,191),(79,86),(83,158),(166,17),(122,47),
47:(60,154),(113,214),(159,100),(49,156),(71,68),(33,189),(165,47),(239,61),(108,167),(182,86),(165,79),(98,85),(135,155),(153,99),(76,74),(103,211),(105,53),(110,94),(162,177),(107,151),(233,53),(144,177),(104,173),(154,41),(188,68),(199,190),(79,86),(84,158),(167,17),(123,47),
48:(61,154),(112,214),(159,101),(49,156),(72,68),(33,189),(166,47),(239,61),(109,167),(181,86),(164,79),(99,85),(134,155),(154,99),(76,75),(103,212),(106,53),(111,94),(161,177),(108,151),(232,53),(143,177),(105,173),(155,41),(187,68),(199,189),(79,86),(85,158),(168,17),(124,47),
49:(62,154),(111,214),(159,102),(49,156),(72,67),(33,189),(166,48),(239,61),(110,167),(180,86),(163,79),(100,85),(133,155),(155,99),(77,75),(104,212),(107,53),(112,94),(160,177),(108,152),(231,53),(142,177),(106,173),(156,41),(187,67),(199,188),(79,86),(86,158),(169,17),(125,47),
50:(63,154),(110,214),(159,103),(49,156),(72,66),(33,189),(166,49),(239,61),(111,167),(179,86),(162,79),(101,85),(132,155),(155,100),(78,75),(104,213),(108,53),(113,94),(159,177),(109,152),(230,53),(141,177),(107,173),(157,41),(186,67),(199,187),(79,86),(87,158),(170,17),(126,47),
51:(64,154),(109,214),(159,104),(49,156),(73,66),(33,189),(167,49),(239,61),(112,167),(178,86),(161,79),(102,85),(131,155),(156,100),(79,75),(105,213),(109,53),(114,94),(158,177),(109,153),(230,54),(140,177),(108,173),(158,41),(185,67),(198,187),(79,86),(88,158),(171,17),(127,47),
52:(65,154),(108,214),(159,105),(49,156),(73,65),(33,189),(167,50),(239,61),(113,167),(178,87),(161,80),(103,85),(130,155),(157,100),(80,75),(106,213),(110,53),(115,94),(157,177),(110,153),(230,55),(139,177),(109,173),(159,41),(184,67),(198,186),(79,86),(89,158),(172,17),(128,47),
53:(66,154),(107,214),(159,106),(49,156),(73,64),(33,189),(168,50),(239,61),(114,167),(178,88),(161,81),(104,85),(129,155),(158,100),(81,75),(107,213),(111,53),(116,94),(156,177),(111,153),(229,55),(138,177),(110,173),(159,42),(183,67),(198,185),(79,86),(90,158),(173,17),(129,47),
54:(67,154),(106,214),(159,107),(49,156),(73,63),(33,189),(168,51),(239,61),(115,167),(178,89),(161,82),(105,85),(128,155),(159,100),(81,76),(108,213),(112,53),(117,94),(155,177),(112,153),(228,55),(137,177),(111,173),(160,42),(182,67),(198,184),(79,86),(91,158),(174,17),(130,47),
55:(68,154),(105,214),(159,108),(49,156),(74,63),(33,189),(169,51),(239,61),(116,167),(178,90),(160,82),(106,85),(127,155),(159,101),(82,76),(109,213),(113,53),(118,94),(154,177),(113,153),(227,55),(136,177),(112,173),(160,43),(181,67),(197,184),(79,86),(92,158),(175,17),(131,47),
56:(69,154),(104,214),(159,109),(49,156),(74,62),(33,189),(169,52),(239,61),(117,167),(178,91),(159,82),(107,85),(126,155),(159,102),(83,76),(110,213),(114,53),(119,94),(153,177),(114,153),(226,55),(135,177),(113,173),(161,43),(180,67),(197,183),(79,86),(93,158),(176,17),(132,47),
57:(70,154),(103,214),(159,110),(49,156),(74,61),(33,189),(170,52),(239,61),(118,167),(178,92),(159,83),(108,85),(126,156),(159,103),(84,76),(111,213),(115,53),(120,94),(152,177),(115,153),(225,55),(134,177),(114,173),(161,44),(180,66),(196,183),(79,86),(94,158),(177,17),(133,47),
58:(71,154),(102,214),(159,111),(49,156),(75,61),(33,189),(170,53),(239,61),(119,167),(178,93),(159,84),(109,85),(126,157),(159,104),(85,76),(112,213),(116,53),(121,94),(151,177),(116,153),(224,55),(133,177),(115,173),(162,44),(180,65),(196,182),(79,86),(95,158),(178,17),(134,47),
59:(72,154),(101,214),(159,112),(49,156),(75,60),(33,189),(170,54),(239,61),(120,167),(178,94),(159,85),(110,85),(126,158),(159,105),(85,77),(113,213),(117,53),(122,94),(150,177),(117,153),(223,55),(132,177),(116,173),(162,45),(180,64),(195,182),(79,86),(96,158),(179,17),(135,47),
60:(73,154),(100,214),(159,113),(49,156),(76,60),(33,189),(170,55),(239,61),(121,167),(178,95),(159,86),(111,85),(126,159),(159,106),(85,78),(114,213),(118,53),(123,94),(149,177),(118,153),(222,55),(132,176),(117,173),(163,45),(180,63),(195,181),(79,86),(97,158),(180,17),(136,47),
61:(74,154),(99,214),(159,114),(49,156),(77,60),(33,189),(170,56),(239,61),(122,167),(178,96),(159,87),(112,85),(126,160),(159,107),(85,79),(115,213),(119,53),(124,94),(148,177),(119,153),(221,55),(131,176),(118,173),(163,46),(180,62),(194,181),(79,86),(98,158),(180,18),(137,47),
62:(75,154),(98,214),(159,115),(49,156),(78,60),(33,189),(171,56),(239,61),(123,167),(178,97),(159,88),(113,85),(126,161),(159,108),(85,80),(116,213),(120,53),(125,94),(147,177),(120,153),(220,55),(131,175),(119,173),(164,46),(180,61),(194,180),(79,86),(99,158),(180,19),(138,47),
63:(76,154),(97,214),(159,116),(49,156),(79,60),(33,189),(172,56),(239,61),(124,167),(178,98),(159,89),(114,85),(126,162),(159,109),(86,80),(117,213),(121,53),(126,94),(146,177),(121,153),(219,55),(130,175),(120,173),(164,47),(180,60),(193,180),(79,86),(100,158),(180,20),(139,47),
64:(77,154),(97,213),(159,117),(49,156),(80,60),(33,189),(173,56),(239,61),(125,167),(178,99),(159,90),(115,85),(126,163),(159,110),(87,80),(118,213),(121,52),(127,94),(145,177),(122,153),(218,55),(129,175),(121,173),(165,47),(180,59),(192,180),(79,86),(101,158),(180,21),(140,47),
65:(78,154),(97,212),(159,118),(49,156),(81,60),(33,189),(174,56),(239,61),(126,167),(178,100),(159,91),(116,85),(126,164),(159,111),(88,80),(119,213),(122,52),(128,94),(144,177),(123,153),(217,55),(128,175),(122,173),(165,48),(180,58),(192,179),(79,86),(102,158),(180,22),(141,47),
66:(79,154),(97,211),(159,119),(49,156),(82,60),(33,189),(175,56),(239,61),(127,167),(178,101),(159,92),(117,85),(126,165),(159,112),(88,81),(120,213),(123,52),(129,94),(143,177),(124,153),(216,55),(127,175),(123,173),(165,49),(180,57),(191,179),(79,86),(103,158),(180,23),(142,47),
67:(80,154),(97,210),(159,120),(49,156),(83,60),(33,189),(176,56),(239,61),(128,167),(178,102),(159,93),(118,85),(126,166),(159,113),(88,82),(121,213),(124,52),(130,94),(142,177),(125,153),(215,55),(127,174),(124,173),(165,50),(180,56),(191,178),(79,86),(104,158),(180,24),(143,47),
68:(81,154),(97,209),(159,121),(49,156),(84,60),(33,189),(177,56),(239,61),(129,167),(178,103),(159,94),(119,85),(126,167),(159,114),(89,82),(121,214),(124,51),(131,94),(141,177),(126,153),(214,55),(126,174),(125,173),(165,51),(180,55),(191,177),(79,86),(105,158),(180,25),(144,47),
69:(82,154),(97,208),(159,122),(49,156),(85,60),(33,189),(178,56),(239,61),(130,167),(178,104),(159,95),(120,85),(126,168),(159,115),(90,82),(121,215),(124,50),(132,94),(140,177),(127,153),(213,55),(125,174),(126,173),(165,52),(180,54),(190,177),(79,86),(106,158),(180,26),(145,47),
70:(83,154),(97,207),(159,123),(49,156),(86,60),(33,189),(179,56),(239,61),(131,167),(178,105),(159,96),(121,85),(126,169),(159,116),(91,82),(121,216),(124,49),(133,94),(139,177),(128,153),(212,55),(124,174),(127,173),(165,53),(180,53),(189,177),(79,86),(107,158),(180,27),(146,47),
71:(84,154),(97,206),(159,124),(49,156),(87,60),(33,189),(180,56),(239,61),(132,167),(178,106),(159,97),(122,85),(126,170),(159,117),(92,82),(121,217),(124,48),(134,94),(138,177),(129,153),(211,55),(123,174),(128,173),(165,54),(180,52),(188,177),(79,86),(108,158),(180,28),(147,47),
72:(85,154),(97,205),(159,125),(49,156),(88,60),(33,189),(181,56),(239,61),(133,167),(178,107),(159,98),(123,85),(126,171),(159,118),(93,82),(121,218),(125,48),(135,94),(137,177),(130,153),(210,55),(122,174),(129,173),(165,55),(180,51),(187,177),(79,86),(109,158),(180,29),(148,47),
73:(86,154),(97,204),(159,126),(49,156),(89,60),(33,189),(182,56),(239,61),(134,167),(178,108),(159,99),(124,85),(126,172),(159,119),(93,83),(121,219),(126,48),(136,94),(136,177),(131,153),(209,55),(121,174),(130,173),(165,56),(180,50),(186,177),(79,86),(110,158),(180,30),(149,47),
74:(87,154),(97,203),(159,127),(49,156),(90,60),(33,189),(182,57),(239,61),(135,167),(178,109),(159,100),(125,85),(126,173),(159,120),(93,84),(121,220),(127,48),(137,94),(135,177),(132,153),(208,55),(120,174),(131,173),(165,57),(180,49),(185,177),(79,86),(111,158),(180,31),(150,47),
75:(88,154),(97,202),(159,128),(49,156),(91,60),(33,189),(182,58),(239,61),(136,167),(178,110),(159,101),(126,85),(126,174),(159,121),(94,84),(121,221),(128,48),(138,94),(134,177),(133,153),(207,55),(119,174),(132,173),(165,58),(180,48),(184,177),(79,86),(112,158),(180,32),(151,47),
76:(89,154),(97,201),(159,129),(49,156),(92,60),(33,189),(182,59),(239,61),(137,167),(178,111),(159,102),(127,85),(126,175),(159,122),(95,84),(121,221),(129,48),(139,94),(133,177),(134,153),(206,55),(118,174),(133,173),(165,59),(180,47),(183,177),(79,86),(113,158),(180,33),(152,47),
77:(90,154),(97,200),(159,130),(49,156),(93,60),(33,189),(182,60),(239,61),(138,167),(178,112),(159,103),(128,85),(126,175),(159,123),(96,84),(121,221),(130,48),(140,94),(132,177),(135,153),(205,55),(117,174),(134,173),(165,60),(180,46),(182,177),(79,86),(114,158),(180,34),(153,47),
78:(91,154),(97,199),(159,131),(49,156),(94,60),(33,189),(182,61),(239,61),(139,167),(178,113),(159,104),(129,85),(126,175),(159,124),(97,84),(121,221),(131,48),(141,94),(132,176),(136,153),(204,55),(116,174),(135,173),(165,61),(179,46),(181,177),(79,86),(115,158),(180,35),(154,47),
79:(92,154),(97,198),(159,132),(49,156),(95,60),(33,189),(182,62),(239,61),(140,167),(178,114),(159,105),(130,85),(126,175),(159,125),(97,85),(121,221),(132,48),(142,94),(131,176),(137,153),(203,55),(115,174),(136,173),(165,62),(179,45),(180,177),(79,86),(116,158),(180,36),(155,47),
80:(93,154),(97,197),(159,133),(49,156),(96,60),(33,189),(182,63),(239,61),(141,167),(178,115),(159,106),(131,85),(126,175),(159,126),(98,85),(121,221),(133,48),(143,94),(131,175),(138,153),(202,55),(114,174),(137,173),(165,63),(178,45),(179,177),(79,86),(117,158),(180,37),(156,47),
81:(94,154),(97,196),(159,134),(49,156),(96,59),(33,189),(182,64),(239,61),(142,167),(178,116),(159,107),(131,86),(126,175),(159,127),(99,85),(121,221),(134,48),(144,94),(130,175),(139,153),(201,55),(113,174),(138,173),(165,64),(178,44),(179,176),(79,86),(118,158),(180,38),(157,47),
82:(95,154),(97,195),(159,135),(49,156),(96,58),(33,189),(182,65),(239,61),(143,167),(178,117),(159,108),(131,87),(126,175),(159,128),(100,85),(121,221),(135,48),(145,94),(129,175),(140,153),(200,55),(112,174),(139,173),(165,65),(177,44),(179,175),(79,86),(119,158),(180,39),(158,47),
83:(96,154),(97,194),(159,136),(49,156),(96,57),(33,189),(182,66),(239,61),(144,167),(178,118),(159,109),(131,88),(126,175),(159,129),(101,85),(121,221),(136,48),(146,94),(128,175),(141,153),(199,55),(111,174),(140,173),(165,66),(176,44),(179,174),(79,86),(120,158),(180,40),(159,47),
84:(97,154),(97,193),(159,137),(49,156),(96,56),(33,189),(182,67),(239,61),(145,167),(178,119),(159,110),(131,89),(126,175),(159,130),(102,85),(121,221),(137,48),(147,94),(127,175),(142,153),(198,55),(110,174),(141,173),(165,67),(175,44),(179,173),(79,86),(121,158),(180,41),(160,47),
85:(98,154),(97,192),(158,137),(49,156),(97,56),(33,189),(182,68),(239,61),(146,167),(178,120),(159,111),(131,90),(126,175),(159,131),(103,85),(121,221),(137,47),(148,94),(127,174),(143,153),(197,55),(109,174),(142,173),(165,68),(174,44),(179,172),(79,86),(122,158),(180,42),(161,47),
86:(99,154),(97,191),(158,138),(49,156),(98,56),(33,189),(182,69),(239,61),(147,167),(178,121),(159,112),(132,90),(126,175),(159,132),(104,85),(121,221),(138,47),(149,94),(126,174),(144,153),(196,55),(108,174),(143,173),(165,69),(173,44),(179,171),(79,86),(123,158),(180,43),(162,47),
87:(100,154),(97,190),(157,138),(49,156),(99,56),(33,189),(182,70),(239,61),(148,167),(178,122),(159,113),(133,90),(126,175),(159,133),(105,85),(121,221),(139,47),(150,94),(125,174),(145,153),(195,55),(107,174),(144,173),(164,69),(173,43),(179,170),(79,86),(124,158),(180,44),(163,47),
88:(101,154),(97,189),(156,138),(49,156),(100,56),(33,189),(182,71),(239,61),(149,167),(178,123),(159,114),(134,90),(126,175),(159,134),(106,85),(121,221),(140,47),(151,94),(124,174),(146,153),(194,55),(106,174),(145,173),(163,69),(172,43),(179,169),(79,86),(125,158),(180,45),(164,47),
89:(102,154),(97,188),(156,139),(49,156),(101,56),(33,189),(182,72),(239,61),(150,167),(178,124),(159,115),(135,90),(126,175),(159,135),(107,85),(121,221),(141,47),(152,94),(123,174),(147,153),(193,55),(105,174),(146,173),(163,70),(171,43),(179,168),(79,86),(126,158),(180,46),(165,47),
90:(103,154),(97,187),(155,139),(49,156),(102,56),(33,189),(182,73),(239,61),(151,167),(178,125),(159,116),(136,90),(126,175),(159,136),(108,85),(121,221),(142,47),(153,94),(122,174),(148,153),(192,55),(104,174),(147,173),(162,70),(170,43),(179,167),(79,86),(127,158),(180,47),(166,47),
91:(104,154),(97,186),(154,139),(49,156),(103,56),(33,189),(182,74),(239,61),(152,167),(178,126),(159,117),(137,90),(126,175),(159,137),(109,85),(121,221),(143,47),(154,94),(121,174),(149,153),(191,55),(103,174),(148,173),(161,70),(169,43),(179,166),(79,86),(128,158),(180,48),(166,48),
92:(105,154),(97,185),(153,139),(49,156),(104,56),(33,189),(182,75),(239,61),(153,167),(178,127),(159,118),(138,90),(126,175),(158,137),(110,85),(121,221),(144,47),(155,94),(120,174),(150,153),(190,55),(102,174),(149,173),(161,71),(169,42),(179,165),(79,86),(129,158),(180,49),(166,49),
93:(106,154),(97,184),(153,140),(49,156),(105,56),(33,189),(182,76),(239,61),(154,167),(178,128),(159,119),(139,90),(126,175),(158,138),(111,85),(121,221),(145,47),(156,94),(119,174),(150,154),(189,55),(102,173),(150,173),(161,72),(168,42),(179,164),(79,86),(130,158),(180,50),(167,49),
94:(107,154),(97,183),(152,140),(49,156),(105,55),(33,189),(182,77),(239,61),(155,167),(178,129),(159,120),(140,90),(126,175),(157,138),(112,85),(121,221),(146,47),(157,94),(118,174),(150,154),(188,55),(101,173),(151,173),(161,73),(168,41),(179,163),(79,86),(131,158),(179,50),(167,50),
95:(108,154),(97,182),(151,140),(49,156),(105,54),(33,189),(182,78),(239,61),(156,167),(178,130),(159,121),(141,90),(126,175),(156,138),(113,85),(121,221),(147,47),(158,94),(117,174),(150,154),(187,55),(100,173),(152,173),(161,74),(167,41),(179,162),(79,86),(132,158),(179,51),(168,50),
96:(109,154),(97,181),(150,140),(49,156),(105,53),(33,189),(182,79),(239,61),(157,167),(178,131),(159,122),(141,91),(126,175),(156,139),(114,85),(121,221),(148,47),(159,94),(116,174),(150,154),(186,55),(99,173),(153,173),(161,75),(167,40),(179,161),(79,86),(133,158),(178,51),(168,51),
97:(110,154),(97,180),(150,141),(49,156),(106,53),(33,189),(182,80),(239,61),(158,167),(178,132),(159,123),(141,92),(126,175),(155,139),(115,85),(121,221),(149,47),(160,94),(115,174),(150,154),(185,55),(98,173),(154,173),(161,76),(166,40),(179,160),(79,86),(134,158),(178,52),(169,51),
98:(111,154),(97,179),(149,141),(49,156),(107,53),(33,189),(182,80),(239,61),(159,167),(178,133),(159,124),(141,93),(126,175),(154,139),(116,85),(121,221),(150,47),(161,94),(114,174),(150,154),(184,55),(97,173),(155,173),(161,77),(165,40),(179,159),(79,86),(135,158),(177,52),(169,52),
99:(112,154),(97,178),(148,141),(49,156),(108,53),(33,189),(182,80),(239,61),(160,167),(178,134),(159,125),(142,93),(126,175),(153,139),(117,85),(121,221),(151,47),(162,94),(113,174),(150,154),(183,55),(96,173),(156,173),(161,78),(165,39),(179,158),(79,86),(136,158),(177,53),(170,52),
100:(113,154),(97,177),(147,141),(49,156),(109,53),(33,189),(182,80),(239,61),(161,167),(178,135),(159,126),(143,93),(126,175),(153,140),(118,85),(121,221),(152,47),(163,94),(112,174),(150,154),(182,55),(95,173),(157,173),(161,79),(164,39),(179,157),(79,86),(137,158),(176,53),(170,53),
101:(114,154),(97,176),(147,142),(49,156),(110,53),(33,189),(182,80),(239,61),(162,167),(178,136),(159,127),(144,93),(126,175),(152,140),(119,85),(121,221),(153,47),(164,94),(111,174),(150,154),(181,55),(94,173),(158,173),(161,80),(164,38),(179,156),(79,86),(138,158),(175,53),(170,54),
102:(115,154),(98,176),(147,143),(49,156),(111,53),(33,189),(182,80),(239,61),(163,167),(178,137),(159,128),(145,93),(126,175),(151,140),(120,85),(121,221),(154,47),(165,94),(110,174),(150,154),(180,55),(93,173),(159,173),(161,81),(163,38),(179,155),(79,86),(139,158),(174,53),(170,55),
103:(116,154),(98,175),(147,144),(49,156),(112,53),(33,189),(182,80),(239,61),(164,167),(178,138),(159,129),(146,93),(126,175),(150,140),(121,85),(121,221),(155,47),(166,94),(109,174),(150,154),(179,55),(92,173),(160,173),(161,82),(163,37),(179,154),(79,86),(140,158),(174,54),(170,56),
104:(117,154),(99,175),(147,145),(49,156),(113,53),(33,189),(182,80),(239,61),(165,167),(178,139),(159,130),(147,93),(126,175),(150,141),(122,85),(121,221),(156,47),(167,94),(108,174),(150,154),(178,55),(91,173),(161,173),(160,82),(163,36),(179,153),(79,86),(141,158),(174,55),(171,56),
105:(118,154),(99,174),(147,146),(49,156),(114,53),(33,189),(182,80),(239,61),(166,167),(178,140),(159,131),(148,93),(126,175),(149,141),(123,85),(121,221),(157,47),(168,94),(107,174),(150,154),(177,55),(90,173),(162,173),(159,82),(163,35),(179,152),(79,86),(142,158),(174,56),(172,56),
106:(119,154),(100,174),(147,147),(49,156),(115,53),(33,189),(182,80),(239,61),(167,167),(178,141),(159,132),(149,93),(126,175),(148,141),(124,85),(121,221),(158,47),(169,94),(106,174),(150,154),(176,55),(89,173),(163,173),(159,83),(163,34),(179,151),(79,86),(143,158),(173,56),(172,57),
107:(120,154),(100,173),(147,148),(49,156),(116,53),(33,189),(182,80),(239,61),(168,167),(178,142),(159,133),(150,93),(126,175),(147,141),(125,85),(121,221),(159,47),(170,94),(105,174),(150,154),(175,55),(88,173),(164,173),(159,84),(163,33),(179,150),(79,86),(144,158),(172,56),(173,57),
108:(121,154),(101,173),(146,148),(49,156),(117,53),(33,189),(182,80),(239,61),(169,167),(178,143),(159,134),(151,93),(126,175),(147,142),(126,85),(121,221),(160,47),(170,93),(104,174),(150,154),(174,55),(87,173),(165,173),(159,85),(163,32),(179,149),(79,86),(145,158),(171,56),(174,57),
109:(122,154),(102,173),(145,148),(49,156),(118,53),(33,189),(182,80),(239,61),(170,167),(178,143),(159,135),(152,93),(126,175),(147,143),(127,85),(121,221),(161,47),(170,92),(103,174),(150,154),(174,56),(86,173),(166,173),(159,86),(163,31),(179,148),(79,86),(146,158),(170,56),(175,57),
110:(123,154),(103,173),(144,148),(49,156),(119,53),(33,189),(182,80),(239,61),(171,167),(178,143),(159,136),(153,93),(126,175),(147,144),(128,85),(121,221),(162,47),(170,91),(102,174),(150,154),(173,56),(85,173),(167,173),(159,87),(163,30),(179,147),(79,86),(147,158),(169,56),(176,57),
111:(124,154),(104,173),(143,148),(49,156),(120,53),(33,189),(182,80),(239,61),(172,167),(178,143),(159,137),(154,93),(126,175),(147,145),(129,85),(121,221),(163,47),(170,90),(102,173),(150,154),(172,56),(84,173),(168,173),(159,88),(163,29),(179,146),(79,86),(148,158),(168,56),(177,57),
112:(125,154),(105,173),(142,148),(49,156),(121,53),(33,189),(182,80),(239,61),(173,167),(178,143),(158,137),(155,93),(126,175),(147,146),(130,85),(121,221),(164,47),(170,89),(101,173),(150,154),(171,56),(83,173),(169,173),(159,89),(163,28),(179,145),(79,86),(149,158),(167,56),(178,57),
113:(126,154),(106,173),(141,148),(49,156),(121,52),(33,189),(182,80),(239,61),(174,167),(178,143),(158,138),(156,93),(126,175),(147,147),(131,85),(121,221),(165,47),(170,88),(100,173),(150,154),(171,57),(82,173),(170,173),(159,90),(163,27),(179,144),(79,86),(150,158),(166,56),(179,57),
114:(127,154),(107,173),(140,148),(49,156),(122,52),(33,189),(182,80),(239,61),(175,167),(178,143),(157,138),(157,93),(126,175),(147,148),(131,86),(121,221),(166,47),(170,87),(99,173),(150,154),(171,58),(81,173),(171,173),(159,91),(163,26),(179,143),(79,86),(151,158),(165,56),(180,57),
115:(128,154),(108,173),(139,148),(49,156),(123,52),(33,189),(182,80),(239,61),(176,167),(178,143),(156,138),(158,93),(126,175),(146,148),(131,87),(121,221),(166,48),(170,86),(98,173),(150,154),(171,59),(80,173),(172,173),(159,92),(163,25),(179,142),(79,86),(152,158),(165,57),(181,57),
116:(129,154),(109,173),(138,148),(49,156),(124,52),(33,189),(182,80),(239,61),(177,167),(178,143),(156,139),(158,94),(126,175),(145,148),(131,88),(121,221),(166,49),(170,85),(97,173),(150,154),(171,60),(79,173),(173,173),(159,93),(163,24),(179,141),(79,86),(153,158),(165,58),(182,57),
117:(130,154),(110,173),(138,149),(49,156),(124,51),(33,189),(182,80),(239,61),(178,167),(178,143),(155,139),(158,95),(126,175),(144,148),(131,89),(121,221),(167,49),(170,84),(96,173),(150,154),(171,61),(78,173),(174,173),(159,94),(162,24),(179,140),(79,86),(154,158),(165,59),(183,57),
118:(131,154),(111,173),(137,149),(49,156),(124,50),(33,189),(182,80),(239,61),(179,167),(178,143),(154,139),(158,96),(126,175),(143,148),(131,90),(121,221),(167,50),(170,83),(95,173),(150,154),(171,62),(78,172),(175,173),(159,95),(162,23),(179,139),(79,86),(155,158),(165,60),(184,57),
119:(132,154),(112,173),(136,149),(49,156),(124,49),(33,189),(182,80),(239,61),(179,166),(178,143),(153,139),(158,97),(126,175),(142,148),(132,90),(121,221),(168,50),(170,82),(94,173),(150,154),(171,63),(78,171),(176,173),(159,96),(162,22),(179,138),(79,86),(156,158),(165,61),(185,57),
120:(133,154),(113,173),(135,149),(49,156),(124,48),(33,189),(182,80),(239,61),(179,165),(178,143),(153,140),(158,98),(126,175),(141,148),(133,90),(121,221),(168,51),(170,81),(93,173),(150,154),(171,64),(78,170),(177,173),(159,97),(162,21),(179,137),(79,86),(157,158),(165,62),(186,57),
121:(134,154),(114,173),(134,149),(49,156),(125,48),(33,189),(182,80),(239,61),(179,164),(178,143),(152,140),(158,99),(126,175),(140,148),(134,90),(121,221),(169,51),(170,80),(92,173),(150,154),(171,65),(78,169),(178,173),(159,98),(162,20),(179,136),(79,86),(158,158),(165,63),(187,57),
122:(135,154),(115,173),(133,149),(49,156),(126,48),(33,189),(182,80),(239,61),(179,163),(178,143),(151,140),(158,100),(126,175),(139,148),(135,90),(121,221),(169,52),(170,79),(91,173),(150,154),(171,66),(78,168),(179,173),(159,99),(162,19),(179,135),(79,86),(159,158),(165,64),(188,57),
123:(136,154),(116,173),(132,149),(49,156),(127,48),(33,189),(182,80),(239,61),(179,162),(178,143),(150,140),(158,101),(126,175),(138,148),(136,90),(121,221),(170,52),(170,78),(90,173),(150,154),(171,67),(78,167),(180,173),(159,100),(162,19),(179,134),(79,86),(159,157),(165,65),(189,57),
124:(137,154),(117,173),(131,149),(49,156),(128,48),(33,189),(182,80),(239,61),(179,161),(178,143),(150,141),(158,102),(126,175),(138,149),(137,90),(121,221),(170,53),(170,77),(89,173),(150,154),(171,68),(78,166),(181,173),(159,101),(162,19),(179,133),(79,86),(159,156),(165,66),(190,57),
125:(138,154),(118,173),(130,149),(49,156),(129,48),(33,189),(182,80),(239,61),(179,160),(178,143),(149,141),(158,103),(126,175),(137,149),(138,90),(121,221),(170,54),(170,76),(88,173),(150,154),(171,69),(78,165),(182,173),(159,102),(162,19),(179,132),(79,86),(159,155),(165,67),(191,57),
126:(139,154),(119,173),(129,149),(49,156),(130,48),(33,189),(182,80),(239,61),(179,159),(178,143),(148,141),(158,104),(126,175),(136,149),(139,90),(121,221),(170,55),(170,75),(87,173),(150,154),(171,70),(78,164),(183,173),(159,103),(162,19),(179,131),(79,86),(159,154),(165,68),(192,57),
127:(140,154),(120,173),(128,149),(49,156),(131,48),(33,189),(182,80),(239,61),(179,158),(178,143),(147,141),(158,105),(126,175),(135,149),(140,90),(121,221),(170,56),(170,74),(86,173),(150,154),(171,71),(78,163),(184,173),(159,104),(162,19),(179,130),(79,86),(159,153),(165,69),(193,57),
128:(141,154),(121,173),(128,150),(49,156),(132,48),(33,189),(182,80),(239,61),(179,157),(178,143),(147,142),(158,106),(126,175),(134,149),(141,90),(121,221),(171,56),(170,73),(85,173),(150,154),(171,72),(78,162),(185,173),(159,105),(162,19),(179,129),(79,86),(159,152),(164,69),(194,57),
129:(142,154),(122,173),(128,151),(49,156),(133,48),(33,189),(182,80),(239,61),(179,156),(178,143),(147,143),(158,107),(126,175),(133,149),(141,91),(121,221),(172,56),(170,72),(84,173),(150,154),(171,73),(78,161),(186,173),(159,106),(162,19),(179,128),(79,86),(159,151),(163,69),(195,57),
130:(143,154),(123,173),(128,152),(49,156),(134,48),(33,189),(182,80),(239,61),(179,155),(178,143),(147,144),(158,108),(126,175),(132,149),(141,92),(121,221),(173,56),(170,71),(83,173),(150,154),(171,74),(78,160),(187,173),(159,107),(162,19),(179,127),(79,86),(159,150),(163,70),(196,57),
131:(144,154),(124,173),(127,152),(49,156),(134,47),(33,189),(182,80),(239,61),(179,154),(178,143),(147,145),(158,109),(126,175),(131,149),(141,93),(121,221),(174,56),(170,70),(82,173),(150,154),(171,75),(78,159),(188,173),(159,108),(162,19),(179,126),(79,86),(159,149),(162,70),(197,57),
132:(145,154),(125,173),(126,152),(49,156),(134,46),(33,189),(182,80),(239,61),(179,153),(178,143),(147,146),(158,110),(126,175),(130,149),(142,93),(121,221),(175,56),(170,69),(81,173),(150,154),(171,76),(78,158),(189,173),(159,109),(162,19),(179,125),(79,86),(159,148),(161,70),(198,57),
133:(146,154),(126,173),(125,152),(49,156),(134,45),(33,189),(182,80),(239,61),(179,152),(178,143),(147,147),(158,111),(126,175),(129,149),(143,93),(121,221),(176,56),(170,68),(80,173),(150,154),(171,77),(78,157),(190,173),(159,110),(162,19),(179,124),(79,86),(159,147),(161,71),(199,57),
134:(147,154),(127,173),(124,152),(49,156),(134,44),(33,189),(182,80),(239,61),(179,151),(178,143),(147,148),(158,112),(126,175),(128,149),(144,93),(121,221),(177,56),(170,67),(79,173),(150,154),(171,78),(78,156),(191,173),(159,111),(162,19),(179,123),(79,86),(159,146),(161,72),(200,57),
135:(148,154),(128,173),(123,152),(49,156),(134,43),(33,189),(182,80),(239,61),(179,150),(178,143),(146,148),(158,113),(126,175),(128,150),(145,93),(121,221),(178,56),(170,66),(78,173),(150,154),(171,79),(78,155),(192,173),(159,112),(162,19),(179,122),(79,86),(159,145),(161,73),(201,57),
136:(149,154),(129,173),(122,152),(49,156),(134,42),(33,189),(182,80),(239,61),(179,149),(178,143),(145,148),(158,114),(126,175),(128,151),(146,93),(121,221),(179,56),(170,65),(77,173),(150,154),(171,80),(78,154),(193,173),(159,113),(162,19),(179,121),(79,86),(159,144),(161,74),(202,57),
137:(149,155),(130,173),(121,152),(49,156),(134,42),(33,189),(182,80),(239,61),(179,148),(178,143),(144,148),(158,115),(126,175),(128,152),(147,93),(121,221),(180,56),(170,64),(76,173),(150,154),(171,81),(78,153),(194,173),(159,114),(162,19),(179,120),(79,86),(159,143),(161,75),(203,57),
138:(150,155),(131,173),(120,152),(49,156),(134,42),(33,189),(182,80),(239,61),(179,147),(178,143),(143,148),(158,116),(126,175),(127,152),(148,93),(121,221),(180,55),(170,64),(75,173),(150,154),(171,82),(78,152),(195,173),(159,115),(162,19),(179,119),(79,86),(159,142),(161,76),(204,57),
139:(151,155),(132,173),(119,152),(49,156),(134,42),(33,189),(182,80),(239,61),(179,146),(178,143),(142,148),(158,117),(126,175),(126,152),(149,93),(121,221),(180,54),(170,64),(74,173),(150,154),(171,83),(78,151),(196,173),(159,116),(162,19),(179,118),(79,86),(159,141),(161,77),(205,57),
140:(152,155),(133,173),(118,152),(49,156),(134,42),(33,189),(182,80),(239,61),(179,145),(178,143),(141,148),(158,118),(126,175),(125,152),(150,93),(121,221),(180,53),(170,64),(73,173),(150,154),(171,84),(78,150),(197,173),(159,117),(162,19),(179,117),(79,86),(159,140),(161,78),(206,57),
141:(153,155),(134,173),(117,152),(49,156),(134,42),(33,189),(182,80),(239,61),(179,144),(178,143),(140,148),(158,119),(126,175),(124,152),(151,93),(121,221),(180,52),(170,64),(72,173),(150,154),(171,85),(78,149),(198,173),(159,118),(162,19),(179,116),(79,86),(159,139),(161,79),(207,57),
142:(154,155),(135,173),(116,152),(49,156),(134,42),(33,189),(182,80),(239,61),(179,143),(178,143),(139,148),(158,120),(126,175),(123,152),(152,93),(121,221),(180,51),(170,64),(71,173),(150,154),(171,86),(78,148),(199,173),(159,119),(162,19),(179,115),(79,86),(159,138),(161,80),(208,57),
143:(155,155),(136,173),(116,153),(49,156),(134,42),(33,189),(182,80),(239,61),(179,142),(178,143),(138,148),(158,121),(126,175),(122,152),(153,93),(121,221),(180,50),(170,64),(70,173),(150,154),(171,87),(78,147),(200,173),(159,120),(162,19),(179,114),(79,86),(159,137),(161,81),(209,57),
144:(156,155),(137,173),(115,153),(49,156),(134,42),(33,189),(182,80),(239,61),(179,141),(178,143),(138,149),(158,122),(126,175),(121,152),(154,93),(121,221),(180,49),(170,64),(69,173),(150,154),(171,88),(78,146),(201,173),(159,121),(162,19),(179,113),(79,86),(159,136),(161,82),(210,57),
145:(157,155),(138,173),(114,153),(49,156),(134,42),(33,189),(182,80),(239,61),(179,140),(178,143),(137,149),(158,123),(126,175),(120,152),(155,93),(121,221),(180,48),(170,64),(68,173),(150,154),(171,89),(78,145),(202,173),(159,122),(162,19),(179,112),(79,86),(159,135),(160,82),(211,57),
146:(158,155),(139,173),(113,153),(49,156),(134,42),(33,189),(182,80),(239,61),(179,139),(178,143),(136,149),(158,124),(126,175),(119,152),(156,93),(121,221),(180,47),(170,64),(67,173),(150,154),(171,90),(78,145),(203,173),(159,123),(162,19),(179,111),(79,86),(159,134),(159,82),(212,57),
147:(159,155),(140,173),(112,153),(49,156),(134,42),(33,189),(182,80),(239,61),(179,138),(178,143),(135,149),(158,125),(126,175),(118,152),(156,94),(121,221),(180,46),(170,64),(66,173),(150,154),(171,91),(78,145),(203,174),(159,124),(162,19),(179,110),(79,86),(159,133),(159,83),(213,57),
148:(160,155),(141,173),(111,153),(49,156),(134,42),(33,189),(182,80),(239,61),(179,137),(178,143),(134,149),(158,126),(126,175),(117,152),(156,95),(121,221),(179,46),(170,64),(65,173),(150,154),(171,92),(78,145),(203,175),(159,125),(162,19),(179,109),(79,86),(159,132),(159,84),(214,57),
149:(161,155),(142,173),(110,153),(49,156),(134,42),(33,189),(182,80),(239,61),(179,136),(178,143),(133,149),(158,127),(126,175),(116,152),(156,96),(121,221),(179,45),(170,64),(64,173),(150,154),(171,93),(78,145),(203,176),(159,126),(162,19),(179,108),(79,86),(158,132),(159,85),(215,57),
150:(162,155),(143,173),(109,153),(49,156),(134,42),(33,189),(182,80),(239,61),(179,135),(178,143),(132,149),(158,128),(126,175),(116,153),(156,97),(121,221),(178,45),(170,64),(63,173),(150,154),(171,94),(78,145),(203,177),(159,127),(162,19),(179,107),(79,86),(158,131),(159,86),(216,57),
151:(163,155),(144,173),(108,153),(49,156),(134,42),(33,189),(182,80),(239,61),(179,134),(178,143),(131,149),(158,128),(126,175),(115,153),(156,98),(121,221),(178,44),(170,64),(62,173),(150,154),(171,95),(78,145),(203,178),(159,128),(162,19),(179,106),(79,86),(158,130),(159,87),(217,57),
152:(164,155),(145,173),(107,153),(49,156),(134,42),(33,189),(182,80),(239,61),(179,133),(178,143),(130,149),(159,128),(126,175),(114,153),(156,99),(121,221),(177,44),(170,64),(61,173),(150,154),(171,96),(78,145),(203,179),(159,129),(162,19),(179,105),(79,86),(158,129),(159,88),(218,57),
153:(165,155),(146,173),(106,153),(49,156),(134,42),(33,189),(182,80),(239,61),(179,132),(178,143),(129,149),(160,128),(126,175),(113,153),(156,99),(121,221),(176,44),(170,64),(60,173),(150,154),(171,97),(78,145),(203,180),(159,130),(162,19),(180,105),(79,86),(157,129),(159,89),(219,57),
154:(166,155),(147,173),(105,153),(49,156),(134,42),(33,189),(182,80),(239,61),(179,131),(178,143),(128,149),(160,129),(126,175),(112,153),(156,99),(121,221),(175,44),(170,64),(59,173),(150,154),(171,98),(78,145),(203,181),(159,131),(162,19),(180,104),(79,86),(157,128),(159,90),(220,57),
155:(167,155),(148,173),(104,153),(49,156),(134,42),(33,189),(182,80),(239,61),(179,130),(178,143),(128,150),(160,130),(126,175),(111,153),(156,99),(121,221),(174,44),(170,64),(58,173),(150,154),(171,99),(78,145),(203,182),(159,132),(162,19),(181,104),(79,86),(157,127),(159,91),(221,57),
156:(168,155),(149,173),(103,153),(49,156),(134,42),(33,189),(182,80),(239,61),(179,129),(178,143),(128,151),(160,131),(126,175),(110,153),(156,99),(121,221),(173,44),(170,64),(57,173),(150,154),(171,100),(78,145),(203,183),(159,133),(162,19),(181,103),(79,86),(157,126),(159,92),(222,57),
157:(169,155),(150,173),(102,153),(49,156),(134,42),(33,189),(182,80),(239,61),(179,128),(178,143),(128,152),(160,132),(126,175),(109,153),(156,99),(121,221),(173,43),(170,64),(56,173),(150,154),(171,101),(78,145),(203,184),(159,134),(162,19),(182,103),(79,86),(156,126),(159,93),(223,57),
158:(170,155),(151,173),(101,153),(49,156),(134,42),(33,189),(182,80),(239,61),(179,127),(178,143),(127,152),(160,133),(126,175),(108,153),(156,99),(121,221),(172,43),(170,64),(55,173),(150,154),(171,102),(78,145),(203,185),(159,135),(162,19),(182,102),(79,86),(156,125),(159,94),(224,57),
159:(171,155),(152,173),(100,153),(49,156),(134,42),(33,189),(182,80),(239,61),(179,126),(178,143),(126,152),(160,134),(126,175),(107,153),(156,99),(121,221),(171,43),(170,64),(54,173),(150,154),(171,103),(78,145),(203,186),(159,136),(162,19),(183,102),(79,86),(156,124),(159,95),(225,57),
160:(172,155),(153,173),(99,153),(49,156),(134,42),(33,189),(182,80),(239,61),(179,125),(178,143),(125,152),(160,135),(126,175),(106,153),(156,99),(121,221),(170,43),(170,64),(53,173),(150,154),(171,104),(78,145),(203,187),(159,137),(162,19),(184,102),(79,86),(156,123),(159,96),(226,57),
161:(173,155),(154,173),(98,153),(49,156),(134,42),(33,189),(182,80),(239,61),(179,124),(178,143),(124,152),(160,136),(126,175),(105,153),(156,99),(121,221),(169,43),(170,64),(52,173),(150,154),(171,105),(78,145),(203,188),(158,137),(162,19),(185,102),(79,86),(156,122),(159,97),(227,57),
162:(174,155),(155,173),(97,153),(49,156),(134,42),(33,189),(182,80),(239,61),(179,123),(178,143),(123,152),(160,137),(126,175),(104,153),(156,99),(121,221),(169,42),(170,64),(51,173),(150,154),(171,106),(78,145),(203,189),(158,138),(162,19),(185,101),(79,86),(155,122),(159,98),(228,57),
163:(175,155),(156,173),(96,153),(49,156),(134,42),(33,189),(182,80),(239,61),(179,122),(178,143),(122,152),(160,138),(126,175),(103,153),(156,99),(121,221),(168,42),(170,64),(50,173),(150,154),(171,107),(78,145),(203,190),(157,138),(162,19),(185,100),(79,86),(155,121),(159,99),(229,57),
164:(176,155),(157,173),(95,153),(49,156),(134,42),(33,189),(182,80),(239,61),(179,121),(178,143),(121,152),(160,139),(126,175),(102,153),(156,99),(121,221),(168,41),(170,64),(49,173),(150,154),(171,108),(78,145),(203,191),(156,138),(162,19),(185,99),(79,86),(155,120),(159,100),(230,57),
165:(177,155),(158,173),(94,153),(49,156),(134,42),(33,189),(182,80),(239,61),(179,120),(178,143),(120,152),(160,140),(126,175),(101,153),(156,99),(121,221),(167,41),(170,64),(48,173),(150,154),(171,109),(78,145),(203,192),(156,139),(162,19),(185,98),(79,86),(154,120),(159,101),(231,57),
166:(178,155),(159,173),(93,153),(49,156),(134,42),(33,189),(182,80),(239,61),(179,119),(178,143),(119,152),(160,141),(126,175),(100,153),(156,99),(121,221),(167,40),(170,64),(47,173),(150,154),(171,110),(78,145),(203,192),(155,139),(162,19),(185,97),(79,86),(154,119),(159,102),(232,57),
167:(179,155),(160,173),(92,153),(49,156),(134,42),(33,189),(182,80),(239,61),(179,118),(178,143),(118,152),(160,142),(126,175),(99,153),(156,99),(121,221),(166,40),(170,64),(46,173),(150,154),(171,111),(78,145),(203,192),(154,139),(162,19),(185,96),(79,86),(153,119),(159,103),(233,57),
168:(180,155),(161,173),(91,153),(49,156),(134,42),(33,189),(182,80),(239,61),(179,117),(178,143),(117,152),(160,143),(126,175),(98,153),(156,99),(121,221),(165,40),(170,64),(45,173),(150,154),(171,112),(78,145),(203,192),(153,139),(162,19),(185,95),(79,86),(152,119),(159,104),(233,58),
169:(181,155),(162,173),(90,153),(49,156),(134,42),(33,189),(182,80),(239,61),(179,116),(178,143),(116,152),(160,144),(126,175),(97,153),(156,99),(121,221),(165,39),(170,64),(44,173),(150,154),(171,113),(78,145),(203,192),(153,140),(162,19),(185,94),(79,86),(152,118),(159,105),(234,58),
170:(181,156),(163,173),(89,153),(49,156),(134,42),(33,189),(182,80),(239,61),(179,115),(178,143),(116,153),(160,145),(126,175),(96,153),(156,99),(121,221),(164,39),(170,64),(43,173),(150,154),(171,114),(78,145),(203,192),(152,140),(162,19),(186,94),(79,86),(151,118),(159,106),(235,58),
171:(182,156),(164,173),(88,153),(49,156),(134,42),(33,189),(182,80),(239,61),(179,114),(178,143),(115,153),(160,146),(126,175),(95,153),(156,99),(121,221),(164,38),(170,64),(42,173),(150,154),(171,115),(78,145),(203,192),(151,140),(162,19),(187,94),(79,86),(151,117),(159,107),(236,58),
172:(183,156),(165,173),(87,153),(49,156),(134,42),(33,189),(182,80),(239,61),(179,113),(178,143),(114,153),(160,147),(126,175),(94,153),(156,99),(121,221),(163,38),(170,64),(41,173),(150,154),(171,116),(78,145),(203,192),(150,140),(162,19),(187,93),(79,86),(150,117),(159,108),(237,58),
173:(184,156),(166,173),(86,153),(49,156),(134,42),(33,189),(182,80),(239,61),(179,112),(178,143),(113,153),(160,148),(126,175),(93,153),(156,99),(121,221),(163,37),(170,64),(40,173),(150,154),(171,117),(78,145),(203,192),(150,141),(162,19),(187,92),(79,86),(150,116),(159,109),(238,58),
174:(185,156),(167,173),(85,153),(49,156),(134,42),(33,189),(182,80),(239,61),(179,111),(178,143),(112,153),(160,149),(126,175),(92,153),(156,99),(121,221),(162,37),(170,64),(39,173),(150,154),(171,118),(78,145),(203,192),(149,141),(162,19),(187,91),(79,86),(149,116),(159,110),(239,58),
175:(186,156),(168,173),(84,153),(49,156),(134,42),(33,189),(182,80),(239,61),(179,110),(178,143),(111,153),(160,150),(126,175),(91,153),(156,99),(121,221),(162,36),(170,64),(38,173),(150,154),(171,119),(78,145),(203,192),(148,141),(162,19),(188,91),(79,86),(149,115),(159,111),(240,58),
176:(187,156),(169,173),(83,153),(49,156),(134,42),(33,189),(182,80),(239,61),(179,109),(178,143),(110,153),(160,151),(126,175),(90,153),(156,99),(121,221),(161,36),(170,64),(37,173),(150,154),(171,120),(78,145),(203,192),(147,141),(162,19),(189,91),(79,86),(148,115),(159,112),(241,58),
177:(188,156),(170,173),(82,153),(49,156),(134,42),(33,189),(182,80),(239,61),(179,108),(178,143),(109,153),(160,152),(126,175),(89,153),(156,99),(121,221),(160,36),(170,64),(36,173),(150,154),(171,121),(78,145),(203,192),(147,142),(162,19),(190,91),(79,86),(148,114),(159,113),(242,58),
178:(188,157),(171,173),(81,153),(49,156),(134,42),(33,189),(182,80),(239,61),(179,107),(178,143),(108,153),(160,153),(126,175),(88,153),(156,99),(121,221),(160,35),(170,64),(35,173),(150,154),(171,122),(78,145),(203,192),(147,143),(162,19),(191,91),(79,86),(148,113),(159,114),(243,58),
179:(188,158),(172,173),(80,153),(49,156),(134,42),(33,189),(182,80),(239,61),(179,106),(178,143),(107,153),(160,153),(126,175),(87,153),(156,99),(121,221),(159,35),(170,64),(34,173),(150,154),(171,123),(78,145),(203,192),(147,144),(162,19),(191,90),(79,86),(147,113),(159,115),(244,58),
180:(188,159),(173,173),(79,153),(49,156),(134,42),(33,189),(182,80),(239,61),(179,105),(178,143),(106,153),(160,153),(126,175),(87,154),(156,99),(121,221),(159,34),(170,64),(33,173),(150,154),(171,124),(78,145),(203,192),(147,145),(162,19),(191,89),(79,86),(146,113),(159,116),(245,58),
181:(188,160),(174,173),(78,153),(49,156),(134,42),(33,189),(182,80),(239,61),(180,105),(178,143),(105,153),(160,153),(126,175),(87,155),(156,99),(121,221),(159,33),(170,64),(32,173),(150,154),(171,125),(78,145),(203,192),(147,146),(162,19),(191,88),(79,86),(145,113),(159,117),(246,58),
182:(188,161),(175,173),(77,153),(49,156),(134,42),(33,189),(182,80),(239,61),(180,104),(178,143),(104,153),(160,153),(126,175),(87,156),(156,99),(121,221),(159,32),(170,64),(31,173),(150,154),(171,126),(78,145),(203,192),(147,147),(162,19),(191,87),(79,86),(144,113),(159,118),(247,58),
183:(188,162),(176,173),(76,153),(49,156),(134,42),(33,189),(182,80),(239,61),(181,104),(178,143),(103,153),(160,153),(126,175),(87,157),(156,99),(121,221),(159,31),(170,64),(30,173),(150,154),(171,127),(78,145),(203,192),(147,148),(162,19),(191,86),(79,86),(143,113),(159,119),(247,59),
184:(188,163),(177,173),(75,153),(49,156),(134,42),(33,189),(182,80),(239,61),(181,103),(178,143),(102,153),(160,153),(126,175),(87,158),(156,99),(121,221),(159,30),(170,64),(29,173),(150,154),(171,127),(78,145),(203,192),(146,148),(162,19),(192,86),(79,86),(142,113),(159,120),(247,60),
185:(188,164),(178,173),(74,153),(49,156),(134,42),(33,189),(182,80),(239,61),(182,103),(178,143),(101,153),(160,153),(126,175),(87,159),(156,99),(121,221),(159,30),(170,64),(28,173),(150,154),(171,127),(78,145),(203,192),(145,148),(162,19),(193,86),(79,86),(141,113),(159,121),(247,61),
186:(188,165),(179,173),(73,153),(49,156),(134,42),(33,189),(182,80),(239,61),(182,102),(178,143),(100,153),(160,153),(126,175),(87,160),(156,99),(121,221),(159,30),(170,64),(27,173),(150,154),(171,127),(78,145),(203,192),(144,148),(162,19),(194,86),(79,86),(141,112),(159,122),(247,61),
187:(188,166),(180,173),(72,153),(49,156),(134,42),(33,189),(182,80),(239,61),(183,102),(178,143),(99,153),(160,153),(126,175),(87,161),(156,99),(121,221),(159,30),(170,64),(26,173),(150,154),(171,127),(78,145),(203,192),(143,148),(162,19),(195,86),(79,86),(140,112),(159,123),(247,61),
188:(188,167),(180,172),(71,153),(49,156),(134,42),(33,189),(182,80),(239,61),(184,102),(178,143),(98,153),(160,153),(126,175),(87,162),(156,99),(121,221),(159,30),(170,64),(25,173),(150,154),(171,127),(78,145),(203,192),(142,148),(162,19),(196,86),(79,86),(140,111),(159,124),(247,61),
189:(188,168),(180,171),(70,153),(49,156),(134,42),(33,189),(182,80),(239,61),(185,102),(178,143),(97,153),(160,153),(126,175),(87,162),(156,99),(121,221),(159,30),(170,64),(24,173),(150,154),(171,127),(78,145),(203,192),(141,148),(162,19),(197,86),(79,86),(140,110),(159,125),(247,61),
190:(188,169),(180,170),(69,153),(49,156),(134,42),(33,189),(182,80),(239,61),(185,101),(178,143),(97,154),(160,153),(126,175),(87,162),(156,99),(121,221),(159,30),(170,64),(23,173),(150,154),(171,127),(78,145),(203,192),(140,148),(162,19),(198,86),(79,86),(139,110),(159,126),(247,61),
191:(188,170),(180,169),(68,153),(49,156),(134,42),(33,189),(182,80),(239,61),(185,100),(178,143),(97,155),(160,153),(126,175),(87,162),(156,99),(121,221),(159,30),(170,64),(22,173),(150,154),(171,127),(78,145),(203,192),(139,148),(162,19),(199,86),(79,86),(139,109),(159,127),(247,61),
192:(188,170),(180,168),(67,153),(49,156),(134,42),(33,189),(182,80),(239,61),(185,99),(178,143),(97,156),(160,153),(126,175),(87,162),(156,99),(121,221),(159,30),(170,64),(21,173),(150,154),(171,127),(78,145),(203,192),(138,148),(162,19),(200,86),(79,86),(139,108),(159,128),(247,61),
193:(188,170),(180,167),(66,153),(49,156),(134,42),(33,189),(182,80),(239,61),(185,98),(178,143),(97,157),(160,153),(126,175),(87,162),(156,99),(121,221),(159,30),(170,64),(20,173),(150,154),(171,127),(78,145),(203,192),(138,149),(162,19),(201,86),(79,86),(138,108),(159,129),(247,61),
194:(188,170),(180,166),(65,153),(49,156),(134,42),(33,189),(182,80),(239,61),(185,97),(178,143),(97,158),(160,153),(126,175),(87,162),(156,99),(121,221),(159,30),(170,64),(19,173),(150,154),(171,127),(78,145),(203,192),(137,149),(162,19),(202,86),(79,86),(137,108),(159,130),(247,61),
195:(188,170),(180,165),(64,153),(49,156),(134,42),(33,189),(182,80),(239,61),(185,96),(178,143),(97,159),(160,153),(126,175),(87,162),(156,99),(121,221),(159,30),(170,64),(18,173),(150,154),(171,127),(78,145),(203,192),(136,149),(162,19),(203,86),(79,86),(136,108),(159,131),(247,61),
196:(188,170),(180,164),(63,153),(49,156),(134,42),(33,189),(182,80),(239,61),(185,95),(178,143),(97,160),(160,153),(126,175),(87,162),(156,99),(121,221),(159,30),(170,64),(17,173),(150,154),(171,127),(78,145),(203,192),(135,149),(162,19),(204,86),(79,86),(135,108),(159,132),(247,61),
197:(188,170),(180,163),(62,153),(49,156),(134,42),(33,189),(182,80),(239,61),(185,94),(178,143),(97,161),(160,153),(126,175),(87,162),(156,99),(121,221),(159,30),(170,64),(16,173),(150,154),(171,127),(78,145),(203,192),(134,149),(162,19),(205,86),(79,86),(134,108),(159,133),(247,61),
198:(188,170),(180,162),(61,153),(49,156),(134,42),(33,189),(182,80),(239,61),(186,94),(178,143),(97,162),(160,153),(126,175),(87,162),(156,99),(121,221),(159,30),(170,64),(16,174),(150,154),(171,127),(78,145),(203,192),(133,149),(162,19),(206,86),(79,86),(133,108),(159,134),(247,61),
199:(188,170),(180,161),(60,153),(49,156),(134,42),(33,189),(182,80),(239,61),(186,93),(178,143),(97,163),(160,153),(126,175),(87,162),(156,99),(121,221),(159,30),(170,64),(16,175),(150,154),(171,127),(78,145),(203,192),(132,149),(162,19),(207,86),(79,86),(132,108),(159,135),(247,61),
200:(188,170),(180,160),(59,153),(49,156),(134,42),(33,189),(182,80),(239,61),(186,92),(178,143),(97,164),(160,153),(126,175),(87,162),(156,99),(121,221),(159,30),(170,64),(16,176),(150,154),(171,127),(78,145),(203,192),(131,149),(162,19),(208,86),(79,86),(131,108),(159,136),(247,61),
201:(188,170),(180,159),(58,153),(49,156),(134,42),(33,189),(182,80),(239,61),(186,91),(178,143),(97,165),(160,153),(126,175),(87,162),(156,99),(121,221),(159,30),(170,64),(16,177),(150,154),(171,127),(78,145),(203,192),(130,149),(162,19),(209,86),(79,86),(130,108),(159,137),(247,61),
202:(188,170),(180,159),(57,153),(49,156),(134,42),(33,189),(182,80),(239,61),(186,90),(178,143),(97,166),(160,153),(126,175),(87,162),(156,99),(121,221),(159,30),(170,64),(16,178),(150,154),(171,127),(78,145),(203,192),(129,149),(162,19),(210,86),(79,86),(129,108),(158,137),(247,61),
203:(188,170),(180,159),(56,153),(49,156),(134,42),(33,189),(182,80),(239,61),(186,89),(178,143),(97,167),(160,153),(126,175),(87,162),(156,99),(121,221),(159,30),(170,64),(16,179),(150,154),(171,127),(78,145),(203,192),(128,149),(162,19),(211,86),(79,86),(128,108),(158,138),(247,61),
204:(188,170),(180,159),(55,153),(49,156),(134,42),(33,189),(182,80),(239,61),(186,88),(178,143),(97,168),(160,153),(126,175),(87,162),(156,99),(121,221),(159,30),(170,64),(16,180),(150,154),(171,127),(78,145),(203,192),(128,150),(162,19),(212,86),(79,86),(127,108),(157,138),(247,61),
205:(188,170),(180,159),(54,153),(49,156),(134,42),(33,189),(182,80),(239,61),(186,87),(178,143),(97,169),(160,153),(126,175),(87,162),(156,99),(121,221),(159,30),(170,64),(16,181),(150,154),(171,127),(78,145),(203,192),(128,151),(162,19),(213,86),(79,86),(126,108),(156,138),(247,61),
206:(188,170),(180,159),(53,153),(49,156),(134,42),(33,189),(182,80),(239,61),(186,86),(178,143),(97,170),(160,153),(126,175),(87,162),(156,99),(121,221),(159,30),(170,64),(16,182),(150,154),(171,127),(78,145),(203,192),(128,152),(162,19),(214,86),(79,86),(125,108),(156,139),(247,61),
207:(188,170),(180,159),(52,153),(49,156),(134,42),(33,189),(182,80),(239,61),(186,85),(178,143),(97,171),(160,153),(126,175),(87,162),(156,99),(121,221),(159,30),(170,64),(16,183),(150,154),(171,127),(78,145),(203,192),(127,152),(162,19),(215,86),(79,86),(124,108),(155,139),(247,61),
208:(188,170),(180,159),(51,153),(49,156),(134,42),(33,189),(182,80),(239,61),(186,84),(178,143),(97,172),(160,153),(126,175),(87,162),(156,99),(121,221),(159,30),(170,64),(16,184),(150,154),(171,127),(78,145),(203,192),(126,152),(162,19),(216,86),(79,86),(123,108),(154,139),(247,61),
209:(188,170),(180,159),(50,153),(49,156),(134,42),(33,189),(182,80),(239,61),(186,83),(178,143),(97,173),(160,153),(126,175),(87,162),(156,99),(121,221),(159,30),(170,64),(16,185),(150,154),(171,127),(78,145),(203,192),(125,152),(162,19),(217,86),(79,86),(122,108),(153,139),(247,61),
210:(188,170),(180,159),(49,153),(49,156),(134,42),(33,189),(182,80),(239,61),(186,82),(178,143),(97,174),(160,153),(126,175),(87,162),(156,99),(121,221),(159,30),(170,64),(16,186),(150,154),(171,127),(78,145),(203,192),(124,152),(162,19),(218,86),(79,86),(121,108),(153,140),(247,61),
211:(188,170),(180,159),(48,153),(49,156),(134,42),(33,189),(182,80),(239,61),(186,81),(178,143),(97,175),(160,153),(126,175),(87,162),(156,99),(121,221),(159,30),(170,64),(16,187),(150,154),(171,127),(78,145),(203,192),(123,152),(162,19),(219,86),(79,86),(120,108),(152,140),(247,61),
212:(188,170),(180,159),(47,153),(49,156),(134,42),(33,189),(182,80),(239,61),(186,80),(178,143),(97,176),(160,153),(126,175),(87,162),(156,99),(121,221),(159,30),(170,64),(16,188),(150,154),(171,127),(78,145),(203,192),(122,152),(162,19),(220,86),(79,86),(119,108),(151,140),(247,61),
213:(188,170),(180,159),(46,153),(49,156),(134,42),(33,189),(182,80),(239,61),(186,79),(178,143),(97,177),(160,153),(126,175),(87,162),(156,99),(121,221),(159,30),(170,64),(16,189),(150,154),(171,127),(78,145),(203,192),(121,152),(162,19),(221,86),(79,86),(118,108),(150,140),(247,61),
214:(188,170),(180,159),(45,153),(49,156),(134,42),(33,189),(182,80),(239,61),(186,78),(178,143),(97,178),(160,153),(126,175),(87,162),(156,99),(121,221),(159,30),(170,64),(16,190),(150,154),(171,127),(78,145),(203,192),(120,152),(162,19),(222,86),(79,86),(117,108),(150,141),(247,61),
215:(188,170),(180,159),(44,153),(49,156),(134,42),(33,189),(182,80),(239,61),(186,77),(178,143),(97,179),(160,153),(126,175),(87,162),(156,99),(121,221),(159,30),(170,64),(16,191),(150,154),(171,127),(78,145),(203,192),(119,152),(162,19),(223,86),(79,86),(117,109),(149,141),(247,61),
216:(188,170),(180,159),(43,153),(49,156),(134,42),(33,189),(182,80),(239,61),(186,76),(178,143),(97,180),(160,153),(126,175),(87,162),(156,99),(121,221),(159,30),(170,64),(16,192),(150,154),(171,127),(78,145),(203,192),(118,152),(162,19),(224,86),(79,86),(117,110),(148,141),(247,61),
217:(188,170),(180,159),(42,153),(49,156),(134,42),(33,189),(182,80),(239,61),(186,75),(178,143),(97,181),(160,153),(126,175),(87,162),(156,99),(121,221),(159,30),(170,64),(16,193),(150,154),(171,127),(78,145),(203,192),(117,152),(162,19),(225,86),(79,86),(117,111),(147,141),(247,61),
218:(188,170),(180,159),(41,153),(49,156),(134,42),(33,189),(182,80),(239,61),(186,74),(178,143),(97,182),(160,153),(126,175),(87,162),(156,99),(121,221),(159,30),(170,64),(16,193),(150,154),(171,127),(78,145),(203,192),(116,152),(162,19),(226,86),(79,86),(117,112),(147,142),(247,61),
219:(188,170),(180,159),(40,153),(49,156),(134,42),(33,189),(182,80),(239,61),(186,73),(178,143),(97,183),(160,153),(126,175),(87,162),(156,99),(121,221),(159,30),(170,64),(16,193),(150,154),(171,127),(78,145),(203,192),(116,153),(162,19),(227,86),(79,86),(117,113),(147,143),(247,61),
220:(188,170),(180,159),(39,153),(49,156),(134,42),(33,189),(182,80),(239,61),(186,72),(178,143),(97,184),(160,153),(126,175),(87,162),(156,99),(121,221),(159,30),(170,64),(16,193),(150,154),(171,127),(78,145),(203,192),(115,153),(162,19),(228,86),(79,86),(117,114),(147,144),(247,61),
221:(188,170),(180,159),(38,153),(49,156),(134,42),(33,189),(182,80),(239,61),(186,71),(178,143),(97,185),(160,153),(126,175),(87,162),(156,99),(121,221),(159,30),(170,64),(16,193),(150,154),(171,127),(78,145),(203,192),(114,153),(162,19),(229,86),(79,86),(117,114),(147,145),(247,61),
222:(188,170),(180,159),(37,153),(49,156),(134,42),(33,189),(182,80),(239,61),(186,70),(178,143),(97,186),(160,153),(126,175),(87,162),(156,99),(121,221),(159,30),(170,64),(16,193),(150,154),(171,127),(78,145),(203,192),(113,153),(162,19),(230,86),(79,86),(117,114),(147,146),(247,61),
223:(188,170),(180,159),(36,153),(49,156),(134,42),(33,189),(182,80),(239,61),(186,69),(178,143),(97,187),(160,153),(126,175),(87,162),(156,99),(121,221),(159,30),(170,64),(16,193),(150,154),(171,127),(78,145),(203,192),(112,153),(162,19),(231,86),(79,86),(117,114),(147,147),(247,61),
224:(188,170),(180,159),(35,153),(49,156),(134,42),(33,189),(182,80),(239,61),(186,68),(178,143),(97,188),(160,153),(126,175),(87,162),(156,99),(121,221),(159,30),(170,64),(16,193),(150,154),(171,127),(78,145),(203,192),(111,153),(162,19),(232,86),(79,86),(117,114),(147,148),(247,61),
225:(188,170),(180,159),(34,153),(49,156),(134,42),(33,189),(182,80),(239,61),(186,68),(178,143),(97,189),(160,153),(126,175),(87,162),(156,99),(121,221),(159,30),(170,64),(16,193),(150,154),(171,127),(78,145),(203,192),(110,153),(162,19),(233,86),(79,86),(117,114),(146,148),(247,61),
226:(188,170),(180,159),(33,153),(49,156),(134,42),(33,189),(182,80),(239,61),(186,68),(178,143),(97,190),(160,153),(126,175),(87,162),(156,99),(121,221),(159,30),(170,64),(16,193),(150,154),(171,127),(78,145),(203,192),(109,153),(162,19),(234,86),(79,86),(117,114),(145,148),(247,61),
227:(188,170),(180,159),(32,153),(49,156),(134,42),(33,189),(182,80),(239,61),(186,68),(178,143),(97,191),(160,153),(126,175),(87,162),(156,99),(121,221),(159,30),(170,64),(16,193),(150,154),(171,127),(78,145),(203,192),(108,153),(162,19),(235,86),(79,86),(117,114),(144,148),(247,61),
228:(188,170),(180,159),(31,153),(49,156),(134,42),(33,189),(182,80),(239,61),(186,68),(178,143),(97,192),(160,153),(126,175),(87,162),(156,99),(121,221),(159,30),(170,64),(16,193),(150,154),(171,127),(78,145),(203,192),(107,153),(162,19),(236,86),(79,86),(117,114),(143,148),(247,61),
229:(188,170),(180,159),(30,153),(49,156),(134,42),(33,189),(182,80),(239,61),(186,68),(178,143),(97,193),(160,153),(126,175),(87,162),(156,99),(121,221),(159,30),(170,64),(16,193),(150,154),(171,127),(78,145),(203,192),(106,153),(162,19),(237,86),(79,86),(117,114),(142,148),(247,61),
230:(188,170),(180,159),(29,153),(49,156),(134,42),(33,189),(182,80),(239,61),(186,68),(178,143),(97,194),(160,153),(126,175),(87,162),(156,99),(121,221),(159,30),(170,64),(16,193),(150,154),(171,127),(78,145),(203,192),(105,153),(162,19),(238,86),(79,86),(117,114),(141,148),(247,61),
231:(188,170),(180,159),(28,153),(49,156),(134,42),(33,189),(182,80),(239,61),(186,68),(178,143),(97,195),(160,153),(126,175),(87,162),(156,99),(121,221),(159,30),(170,64),(16,193),(150,154),(171,127),(78,145),(203,192),(104,153),(162,19),(239,86),(79,86),(117,114),(140,148),(247,61),
232:(188,170),(180,159),(27,153),(49,156),(134,42),(33,189),(182,80),(239,61),(186,68),(178,143),(97,196),(160,153),(126,175),(87,162),(156,99),(121,221),(159,30),(170,64),(16,193),(150,154),(171,127),(78,145),(203,192),(103,153),(162,19),(240,86),(79,86),(117,114),(139,148),(247,61),
233:(188,170),(180,159),(26,153),(49,156),(134,42),(33,189),(182,80),(239,61),(186,68),(178,143),(97,197),(160,153),(126,175),(87,162),(156,99),(121,221),(159,30),(170,64),(16,193),(150,154),(171,127),(78,145),(203,192),(102,153),(162,19),(241,86),(79,86),(117,114),(138,148),(247,61),
234:(188,170),(180,159),(25,153),(49,156),(134,42),(33,189),(182,80),(239,61),(186,68),(178,143),(97,198),(160,153),(126,175),(87,162),(156,99),(121,221),(159,30),(170,64),(16,193),(150,154),(171,127),(78,145),(203,192),(101,153),(162,19),(241,87),(79,86),(117,114),(138,149),(247,61),
235:(188,170),(180,159),(24,153),(49,156),(134,42),(33,189),(182,80),(239,61),(186,68),(178,143),(97,199),(160,153),(126,175),(87,162),(156,99),(121,221),(159,30),(170,64),(16,193),(150,154),(171,127),(78,145),(203,192),(100,153),(162,19),(241,88),(79,86),(117,114),(137,149),(247,61),
236:(188,170),(180,159),(23,153),(49,156),(134,42),(33,189),(182,80),(239,61),(186,68),(178,143),(98,199),(160,153),(126,175),(87,162),(156,99),(121,221),(159,30),(170,64),(16,193),(150,154),(171,127),(78,145),(203,192),(99,153),(162,19),(241,89),(79,86),(117,114),(136,149),(247,61),
237:(188,170),(180,159),(22,153),(49,156),(134,42),(33,189),(182,80),(239,61),(186,68),(178,143),(98,200),(160,153),(126,175),(87,162),(156,99),(121,221),(159,30),(170,64),(16,193),(150,154),(171,127),(78,145),(203,192),(98,153),(162,19),(241,90),(79,86),(117,114),(135,149),(247,61),
238:(188,170),(180,159),(21,153),(49,156),(134,42),(33,189),(182,80),(239,61),(186,68),(178,143),(99,200),(160,153),(126,175),(87,162),(156,99),(121,221),(159,30),(170,64),(16,193),(150,154),(171,127),(78,145),(203,192),(97,153),(162,19),(241,91),(79,86),(117,114),(134,149),(247,61),
239:(188,170),(180,159),(20,153),(49,156),(134,42),(33,189),(182,80),(239,61),(186,68),(178,143),(99,201),(160,153),(126,175),(87,162),(156,99),(121,221),(159,30),(170,64),(16,193),(150,154),(171,127),(78,145),(203,192),(96,153),(162,19),(241,92),(79,86),(117,114),(133,149),(247,61),
240:(188,170),(180,159),(19,153),(49,156),(134,42),(33,189),(182,80),(239,61),(186,68),(178,143),(99,202),(160,153),(126,175),(87,162),(156,99),(121,221),(159,30),(170,64),(16,193),(150,154),(171,127),(78,145),(203,192),(95,153),(162,19),(241,93),(79,86),(117,114),(132,149),(247,61),
241:(188,170),(180,159),(18,153),(49,156),(134,42),(33,189),(182,80),(239,61),(186,68),(178,143),(99,203),(160,153),(126,175),(87,162),(156,99),(121,221),(159,30),(170,64),(16,193),(150,154),(171,127),(78,145),(203,192),(94,153),(162,19),(241,94),(79,86),(117,114),(131,149),(247,61),
242:(188,170),(180,159),(17,153),(49,156),(134,42),(33,189),(182,80),(239,61),(186,68),(178,143),(99,204),(160,153),(126,175),(87,162),(156,99),(121,221),(159,30),(170,64),(16,193),(150,154),(171,127),(78,145),(203,192),(93,153),(162,19),(241,95),(79,86),(117,114),(130,149),(247,61),
243:(188,170),(180,159),(16,153),(49,156),(134,42),(33,189),(182,80),(239,61),(186,68),(178,143),(99,205),(160,153),(126,175),(87,162),(156,99),(121,221),(159,30),(170,64),(16,193),(150,154),(171,127),(78,145),(203,192),(92,153),(162,19),(241,96),(79,86),(117,114),(129,149),(247,61),
244:(188,170),(180,159),(15,153),(49,156),(134,42),(33,189),(182,80),(239,61),(186,68),(178,143),(99,206),(160,153),(126,175),(87,162),(156,99),(121,221),(159,30),(170,64),(16,193),(150,154),(171,127),(78,145),(203,192),(91,153),(162,19),(241,97),(79,86),(117,114),(128,149),(247,61),
245:(188,170),(180,159),(14,153),(49,156),(134,42),(33,189),(182,80),(239,61),(186,68),(178,143),(99,207),(160,153),(126,175),(87,162),(156,99),(121,221),(159,30),(170,64),(16,193),(150,154),(171,127),(78,145),(203,192),(90,153),(162,19),(241,98),(79,86),(117,114),(128,150),(247,61),
246:(188,170),(180,159),(14,154),(49,156),(134,42),(33,189),(182,80),(239,61),(186,68),(178,143),(99,208),(160,153),(126,175),(87,162),(156,99),(121,221),(159,30),(170,64),(16,193),(150,154),(171,127),(78,145),(203,192),(89,153),(162,19),(241,99),(79,86),(117,114),(128,151),(247,61),
247:(188,170),(180,159),(14,155),(49,156),(134,42),(33,189),(182,80),(239,61),(186,68),(178,143),(100,208),(160,153),(126,175),(87,162),(156,99),(121,221),(159,30),(170,64),(16,193),(150,154),(171,127),(78,145),(203,192),(88,153),(162,19),(241,99),(79,86),(117,114),(128,152),(247,61),
248:(188,170),(180,159),(14,156),(49,156),(134,42),(33,189),(182,80),(239,61),(186,68),(178,143),(100,209),(160,153),(126,175),(87,162),(156,99),(121,221),(159,30),(170,64),(16,193),(150,154),(171,127),(78,145),(203,192),(87,153),(162,19),(241,99),(79,86),(117,114),(127,152),(247,61),
249:(188,170),(180,159),(14,157),(49,156),(134,42),(33,189),(182,80),(239,61),(186,68),(178,143),(101,209),(160,153),(126,175),(87,162),(156,99),(121,221),(159,30),(170,64),(16,193),(150,154),(171,127),(78,145),(203,192),(86,153),(162,19),(241,99),(79,86),(117,114),(126,152),(247,61),
250:(188,170),(180,159),(14,158),(49,156),(134,42),(33,189),(182,80),(239,61),(186,68),(178,143),(101,210),(160,153),(126,175),(87,162),(156,99),(121,221),(159,30),(170,64),(16,193),(150,154),(171,127),(78,145),(203,192),(85,153),(162,19),(241,99),(79,86),(117,114),(125,152),(247,61),
251:(188,170),(180,159),(14,159),(49,156),(134,42),(33,189),(182,80),(239,61),(186,68),(178,143),(101,211),(160,153),(126,175),(87,162),(156,99),(121,221),(159,30),(170,64),(16,193),(150,154),(171,127),(78,145),(203,192),(84,153),(162,19),(241,99),(79,86),(117,114),(124,152),(247,61),
252:(188,170),(180,159),(14,160),(49,156),(134,42),(33,189),(182,80),(239,61),(186,68),(178,143),(102,211),(160,153),(126,175),(87,162),(156,99),(121,221),(159,30),(170,64),(16,193),(150,154),(171,127),(78,145),(203,192),(83,153),(162,19),(241,99),(79,86),(117,114),(123,152),(247,61),
253:(188,170),(180,159),(14,161),(49,156),(134,42),(33,189),(182,80),(239,61),(186,68),(178,143),(103,211),(160,153),(126,175),(87,162),(156,99),(121,221),(159,30),(170,64),(16,193),(150,154),(171,127),(78,145),(203,192),(82,153),(162,19),(241,99),(79,86),(117,114),(122,152),(247,61),
254:(188,170),(180,159),(14,162),(49,156),(134,42),(33,189),(182,80),(239,61),(186,68),(178,143),(103,212),(160,153),(126,175),(87,162),(156,99),(121,221),(159,30),(170,64),(16,193),(150,154),(171,127),(78,145),(203,192),(81,153),(162,19),(241,99),(79,86),(117,114),(121,152),(247,61),
255:(188,170),(180,159),(14,163),(49,156),(134,42),(33,189),(182,80),(239,61),(186,68),(178,143),(104,212),(160,153),(126,175),(87,162),(156,99),(121,221),(159,30),(170,64),(16,193),(150,154),(171,127),(78,145),(203,192),(80,153),(162,19),(241,99),(79,86),(117,114),(120,152),(247,61),
256:(188,170),(180,159),(14,164),(49,156),(134,42),(33,189),(182,80),(239,61),(186,68),(178,143),(104,213),(160,153),(126,175),(87,162),(156,99),(121,221),(159,30),(170,64),(16,193),(150,154),(171,127),(78,145),(203,192),(79,153),(162,19),(241,99),(79,86),(117,114),(119,152),(247,61),
257:(188,170),(180,159),(14,165),(49,156),(134,42),(33,189),(182,80),(239,61),(186,68),(178,143),(105,213),(160,153),(126,175),(87,162),(156,99),(121,221),(159,30),(170,64),(16,193),(150,154),(171,127),(78,145),(203,192),(78,153),(162,19),(241,99),(79,86),(117,114),(118,152),(247,61),
258:(188,170),(180,159),(14,166),(49,156),(134,42),(33,189),(182,80),(239,61),(186,68),(178,143),(106,213),(160,153),(126,175),(87,162),(156,99),(121,221),(159,30),(170,64),(16,193),(150,154),(171,127),(78,145),(203,192),(77,153),(162,19),(241,99),(79,86),(117,114),(117,152),(247,61),
259:(188,170),(180,159),(14,167),(49,156),(134,42),(33,189),(182,80),(239,61),(186,68),(178,143),(107,213),(160,153),(126,175),(87,162),(156,99),(121,221),(159,30),(170,64),(16,193),(150,154),(171,127),(78,145),(203,192),(76,153),(162,19),(241,99),(79,86),(117,114),(116,152),(247,61),
260:(188,170),(180,159),(14,168),(49,156),(134,42),(33,189),(182,80),(239,61),(186,68),(178,143),(108,213),(160,153),(126,175),(87,162),(156,99),(121,221),(159,30),(170,64),(16,193),(150,154),(171,127),(78,145),(203,192),(75,153),(162,19),(241,99),(79,86),(117,114),(116,153),(247,61),
261:(188,170),(180,159),(14,169),(49,156),(134,42),(33,189),(182,80),(239,61),(186,68),(178,143),(109,213),(160,153),(126,175),(87,162),(156,99),(121,221),(159,30),(170,64),(16,193),(150,154),(171,127),(78,145),(203,192),(74,153),(162,19),(241,99),(79,86),(117,114),(115,153),(247,61),
262:(188,170),(180,159),(14,170),(49,156),(134,42),(33,189),(182,80),(239,61),(186,68),(178,143),(110,213),(160,153),(126,175),(87,162),(156,99),(121,221),(159,30),(170,64),(16,193),(150,154),(171,127),(78,145),(203,192),(73,153),(162,19),(241,99),(79,86),(117,114),(114,153),(247,61),
263:(188,170),(180,159),(14,171),(49,156),(134,42),(33,189),(182,80),(239,61),(186,68),(178,143),(111,213),(160,153),(126,175),(87,162),(156,99),(121,221),(159,30),(170,64),(16,193),(150,154),(171,127),(78,145),(203,192),(72,153),(162,19),(241,99),(79,86),(117,114),(113,153),(247,61),
264:(188,170),(180,159),(14,172),(49,156),(134,42),(33,189),(182,80),(239,61),(186,68),(178,143),(112,213),(160,153),(126,175),(87,162),(156,99),(121,221),(159,30),(170,64),(16,193),(150,154),(171,127),(78,145),(203,192),(71,153),(162,19),(241,99),(79,86),(117,114),(112,153),(247,61),
265:(188,170),(180,159),(14,173),(49,156),(134,42),(33,189),(182,80),(239,61),(186,68),(178,143),(113,213),(160,153),(126,175),(87,162),(156,99),(121,221),(159,30),(170,64),(16,193),(150,154),(171,127),(78,145),(203,192),(70,153),(162,19),(241,99),(79,86),(117,114),(111,153),(247,61),
266:(188,170),(180,159),(14,174),(49,156),(134,42),(33,189),(182,80),(239,61),(186,68),(178,143),(114,213),(160,153),(126,175),(87,162),(156,99),(121,221),(159,30),(170,64),(16,193),(150,154),(171,127),(78,145),(203,192),(69,153),(162,19),(241,99),(79,86),(117,114),(110,153),(247,61),
267:(188,170),(180,159),(14,175),(49,156),(134,42),(33,189),(182,80),(239,61),(186,68),(178,143),(115,213),(160,153),(126,175),(87,162),(156,99),(121,221),(159,30),(170,64),(16,193),(150,154),(171,127),(78,145),(203,192),(68,153),(162,19),(241,99),(79,86),(117,114),(109,153),(247,61),
268:(188,170),(180,159),(14,176),(49,156),(134,42),(33,189),(182,80),(239,61),(186,68),(178,143),(116,213),(160,153),(126,175),(87,162),(156,99),(121,221),(159,30),(170,64),(16,193),(150,154),(171,127),(78,145),(203,192),(67,153),(162,19),(241,99),(79,86),(117,114),(108,153),(247,61),
269:(188,170),(180,159),(14,177),(49,156),(134,42),(33,189),(182,80),(239,61),(186,68),(178,143),(117,213),(160,153),(126,175),(87,162),(156,99),(121,221),(159,30),(170,64),(16,193),(150,154),(171,127),(78,145),(203,192),(66,153),(162,19),(241,99),(79,86),(117,114),(107,153),(247,61),
270:(188,170),(180,159),(14,178),(49,156),(134,42),(33,189),(182,80),(239,61),(186,68),(178,143),(118,213),(160,153),(126,175),(87,162),(156,99),(121,221),(159,30),(170,64),(16,193),(150,154),(171,127),(78,145),(203,192),(65,153),(162,19),(241,99),(79,86),(117,114),(106,153),(247,61),
271:(188,170),(180,159),(14,179),(49,156),(134,42),(33,189),(182,80),(239,61),(186,68),(178,143),(119,213),(160,153),(126,175),(87,162),(156,99),(121,221),(159,30),(170,64),(16,193),(150,154),(171,127),(78,145),(203,192),(64,153),(162,19),(241,99),(79,86),(117,114),(105,153),(247,61),
272:(188,170),(180,159),(14,180),(49,156),(134,42),(33,189),(182,80),(239,61),(186,68),(178,143),(120,213),(160,153),(126,175),(87,162),(156,99),(121,221),(159,30),(170,64),(16,193),(150,154),(171,127),(78,145),(203,192),(63,153),(162,19),(241,99),(79,86),(117,114),(104,153),(247,61),
273:(188,170),(180,159),(14,181),(49,156),(134,42),(33,189),(182,80),(239,61),(186,68),(178,143),(121,213),(160,153),(126,175),(87,162),(156,99),(121,221),(159,30),(170,64),(16,193),(150,154),(171,127),(78,145),(203,192),(62,153),(162,19),(241,99),(79,86),(117,114),(103,153),(247,61),
274:(188,170),(180,159),(14,182),(49,156),(134,42),(33,189),(182,80),(239,61),(186,68),(178,143),(122,213),(160,153),(126,175),(87,162),(156,99),(121,221),(159,30),(170,64),(16,193),(150,154),(171,127),(78,145),(203,192),(61,153),(162,19),(241,99),(79,86),(117,114),(102,153),(247,61),
275:(188,170),(180,159),(14,183),(49,156),(134,42),(33,189),(182,80),(239,61),(186,68),(178,143),(123,213),(160,153),(126,175),(87,162),(156,99),(121,221),(159,30),(170,64),(16,193),(150,154),(171,127),(78,145),(203,192),(60,153),(162,19),(241,99),(79,86),(117,114),(101,153),(247,61),
276:(188,170),(180,159),(14,184),(49,156),(134,42),(33,189),(182,80),(239,61),(186,68),(178,143),(124,213),(160,153),(126,175),(87,162),(156,99),(121,221),(159,30),(170,64),(16,193),(150,154),(171,127),(78,145),(203,192),(59,153),(162,19),(241,99),(79,86),(117,114),(100,153),(247,61),
277:(188,170),(180,159),(14,185),(49,156),(134,42),(33,189),(182,80),(239,61),(186,68),(178,143),(125,213),(160,153),(126,175),(87,162),(156,99),(121,221),(159,30),(170,64),(16,193),(150,154),(171,127),(78,145),(203,192),(58,153),(162,19),(241,99),(79,86),(117,114),(99,153),(247,61),
278:(188,170),(180,159),(14,186),(49,156),(134,42),(33,189),(182,80),(239,61),(186,68),(178,143),(126,213),(160,153),(126,175),(87,162),(156,99),(121,221),(159,30),(170,64),(16,193),(150,154),(171,127),(78,145),(203,192),(57,153),(162,19),(241,99),(79,86),(117,114),(98,153),(247,61),
279:(188,170),(180,159),(14,187),(49,156),(134,42),(33,189),(182,80),(239,61),(186,68),(178,143),(127,213),(160,153),(126,175),(87,162),(156,99),(121,221),(159,30),(170,64),(16,193),(150,154),(171,127),(78,145),(203,192),(56,153),(162,19),(241,99),(79,86),(117,114),(97,153),(247,61),
280:(188,170),(180,159),(14,188),(49,156),(134,42),(33,189),(182,80),(239,61),(186,68),(178,143),(128,213),(160,153),(126,175),(87,162),(156,99),(121,221),(159,30),(170,64),(16,193),(150,154),(171,127),(78,145),(203,192),(55,153),(162,19),(241,99),(79,86),(117,114),(97,154),(247,61),
281:(188,170),(180,159),(14,189),(49,156),(134,42),(33,189),(182,80),(239,61),(186,68),(178,143),(129,213),(160,153),(126,175),(87,162),(156,99),(121,221),(159,30),(170,64),(16,193),(150,154),(171,127),(78,145),(203,192),(54,153),(162,19),(241,99),(79,86),(117,114),(97,155),(247,61),
282:(188,170),(180,159),(14,190),(49,156),(134,42),(33,189),(182,80),(239,61),(186,68),(178,143),(130,213),(160,153),(126,175),(87,162),(156,99),(121,221),(159,30),(170,64),(16,193),(150,154),(171,127),(78,145),(203,192),(53,153),(162,19),(241,99),(79,86),(117,114),(97,156),(247,61),
283:(188,170),(180,159),(14,191),(49,156),(134,42),(33,189),(182,80),(239,61),(186,68),(178,143),(131,213),(160,153),(126,175),(87,162),(156,99),(121,221),(159,30),(170,64),(16,193),(150,154),(171,127),(78,145),(203,192),(52,153),(162,19),(241,99),(79,86),(117,114),(97,157),(247,61),
284:(188,170),(180,159),(14,192),(49,156),(134,42),(33,189),(182,80),(239,61),(186,68),(178,143),(131,214),(160,153),(126,175),(87,162),(156,99),(121,221),(159,30),(170,64),(16,193),(150,154),(171,127),(78,145),(203,192),(51,153),(162,19),(241,99),(79,86),(117,114),(97,158),(247,61),
285:(188,170),(180,159),(14,193),(49,156),(134,42),(33,189),(182,80),(239,61),(186,68),(178,143),(132,214),(160,153),(126,175),(87,162),(156,99),(121,221),(159,30),(170,64),(16,193),(150,154),(171,127),(78,145),(203,192),(50,153),(162,19),(241,99),(79,86),(117,114),(97,159),(247,61),
286:(188,170),(180,159),(14,194),(49,156),(134,42),(33,189),(182,80),(239,61),(186,68),(178,143),(133,214),(160,153),(126,175),(87,162),(156,99),(121,221),(159,30),(170,64),(16,193),(150,154),(171,127),(78,145),(203,192),(49,153),(162,19),(241,99),(79,86),(117,114),(97,160),(247,61),
287:(188,170),(180,159),(14,195),(49,156),(134,42),(33,189),(182,80),(239,61),(186,68),(178,143),(133,215),(160,153),(126,175),(87,162),(156,99),(121,221),(159,30),(170,64),(16,193),(150,154),(171,127),(78,145),(203,192),(48,153),(162,19),(241,99),(79,86),(117,114),(97,161),(247,61),
288:(188,170),(180,159),(14,195),(49,156),(134,42),(33,189),(182,80),(239,61),(186,68),(178,143),(133,216),(160,153),(126,175),(87,162),(156,99),(121,221),(159,30),(170,64),(16,193),(150,154),(171,127),(78,145),(203,192),(47,153),(162,19),(241,99),(79,86),(117,114),(97,162),(247,61),
289:(188,170),(180,159),(14,195),(49,156),(134,42),(33,189),(182,80),(239,61),(186,68),(178,143),(133,217),(160,153),(126,175),(87,162),(156,99),(121,221),(159,30),(170,64),(16,193),(150,154),(171,127),(78,145),(203,192),(46,153),(162,19),(241,99),(79,86),(117,114),(97,163),(247,61),
290:(188,170),(180,159),(14,195),(49,156),(134,42),(33,189),(182,80),(239,61),(186,68),(178,143),(133,218),(160,153),(126,175),(87,162),(156,99),(121,221),(159,30),(170,64),(16,193),(150,154),(171,127),(78,145),(203,192),(45,153),(162,19),(241,99),(79,86),(117,114),(97,164),(247,61),
291:(188,170),(180,159),(14,195),(49,156),(134,42),(33,189),(182,80),(239,61),(186,68),(178,143),(133,219),(160,153),(126,175),(87,162),(156,99),(121,221),(159,30),(170,64),(16,193),(150,154),(171,127),(78,145),(203,192),(44,153),(162,19),(241,99),(79,86),(117,114),(97,165),(247,61),
292:(188,170),(180,159),(14,195),(49,156),(134,42),(33,189),(182,80),(239,61),(186,68),(178,143),(133,220),(160,153),(126,175),(87,162),(156,99),(121,221),(159,30),(170,64),(16,193),(150,154),(171,127),(78,145),(203,192),(43,153),(162,19),(241,99),(79,86),(117,114),(97,166),(247,61),
293:(188,170),(180,159),(14,195),(49,156),(134,42),(33,189),(182,80),(239,61),(186,68),(178,143),(133,221),(160,153),(126,175),(87,162),(156,99),(121,221),(159,30),(170,64),(16,193),(150,154),(171,127),(78,145),(203,192),(42,153),(162,19),(241,99),(79,86),(117,114),(97,167),(247,61),
294:(188,170),(180,159),(14,195),(49,156),(134,42),(33,189),(182,80),(239,61),(186,68),(178,143),(133,222),(160,153),(126,175),(87,162),(156,99),(121,221),(159,30),(170,64),(16,193),(150,154),(171,127),(78,145),(203,192),(41,153),(162,19),(241,99),(79,86),(117,114),(97,168),(247,61),
295:(188,170),(180,159),(14,195),(49,156),(134,42),(33,189),(182,80),(239,61),(186,68),(178,143),(133,223),(160,153),(126,175),(87,162),(156,99),(121,221),(159,30),(170,64),(16,193),(150,154),(171,127),(78,145),(203,192),(40,153),(162,19),(241,99),(79,86),(117,114),(97,169),(247,61),
296:(188,170),(180,159),(14,195),(49,156),(134,42),(33,189),(182,80),(239,61),(186,68),(178,143),(133,224),(160,153),(126,175),(87,162),(156,99),(121,221),(159,30),(170,64),(16,193),(150,154),(171,127),(78,145),(203,192),(39,153),(162,19),(241,99),(79,86),(117,114),(97,170),(247,61),
297:(188,170),(180,159),(14,195),(49,156),(134,42),(33,189),(182,80),(239,61),(186,68),(178,143),(133,225),(160,153),(126,175),(87,162),(156,99),(121,221),(159,30),(170,64),(16,193),(150,154),(171,127),(78,145),(203,192),(38,153),(162,19),(241,99),(79,86),(117,114),(97,171),(247,61),
298:(188,170),(180,159),(14,195),(49,156),(134,42),(33,189),(182,80),(239,61),(186,68),(178,143),(133,226),(160,153),(126,175),(87,162),(156,99),(121,221),(159,30),(170,64),(16,193),(150,154),(171,127),(78,145),(203,192),(37,153),(162,19),(241,99),(79,86),(117,114),(97,172),(247,61),
299:(188,170),(180,159),(14,195),(49,156),(134,42),(33,189),(182,80),(239,61),(186,68),(178,143),(133,227),(160,153),(126,175),(87,162),(156,99),(121,221),(159,30),(170,64),(16,193),(150,154),(171,127),(78,145),(203,192),(36,153),(162,19),(241,99),(79,86),(117,114),(97,173),(247,61),
300:(188,170),(180,159),(14,195),(49,156),(134,42),(33,189),(182,80),(239,61),(186,68),(178,143),(133,228),(160,153),(126,175),(87,162),(156,99),(121,221),(159,30),(170,64),(16,193),(150,154),(171,127),(78,145),(203,192),(35,153),(162,19),(241,99),(79,86),(117,114),(97,174),(247,61),
301:(188,170),(180,159),(14,195),(49,156),(134,42),(33,189),(182,80),(239,61),(186,68),(178,143),(133,229),(160,153),(126,175),(87,162),(156,99),(121,221),(159,30),(170,64),(16,193),(150,154),(171,127),(78,145),(203,192),(34,153),(162,19),(241,99),(79,86),(117,114),(97,175),(247,61),
302:(188,170),(180,159),(14,195),(49,156),(134,42),(33,189),(182,80),(239,61),(186,68),(178,143),(133,230),(160,153),(126,175),(87,162),(156,99),(121,221),(159,30),(170,64),(16,193),(150,154),(171,127),(78,145),(203,192),(33,153),(162,19),(241,99),(79,86),(117,114),(97,176),(247,61),
303:(188,170),(180,159),(14,195),(49,156),(134,42),(33,189),(182,80),(239,61),(186,68),(178,143),(133,230),(160,153),(126,175),(87,162),(156,99),(121,221),(159,30),(170,64),(16,193),(150,154),(171,127),(78,145),(203,192),(32,153),(162,19),(241,99),(79,86),(117,114),(97,177),(247,61),
304:(188,170),(180,159),(14,195),(49,156),(134,42),(33,189),(182,80),(239,61),(186,68),(178,143),(133,230),(160,153),(126,175),(87,162),(156,99),(121,221),(159,30),(170,64),(16,193),(150,154),(171,127),(78,145),(203,192),(31,153),(162,19),(241,99),(79,86),(117,114),(97,178),(247,61),
305:(188,170),(180,159),(14,195),(49,156),(134,42),(33,189),(182,80),(239,61),(186,68),(178,143),(133,230),(160,153),(126,175),(87,162),(156,99),(121,221),(159,30),(170,64),(16,193),(150,154),(171,127),(78,145),(203,192),(30,153),(162,19),(241,99),(79,86),(117,114),(97,179),(247,61),
306:(188,170),(180,159),(14,195),(49,156),(134,42),(33,189),(182,80),(239,61),(186,68),(178,143),(133,230),(160,153),(126,175),(87,162),(156,99),(121,221),(159,30),(170,64),(16,193),(150,154),(171,127),(78,145),(203,192),(29,153),(162,19),(241,99),(79,86),(117,114),(97,180),(247,61),
307:(188,170),(180,159),(14,195),(49,156),(134,42),(33,189),(182,80),(239,61),(186,68),(178,143),(133,230),(160,153),(126,175),(87,162),(156,99),(121,221),(159,30),(170,64),(16,193),(150,154),(171,127),(78,145),(203,192),(28,153),(162,19),(241,99),(79,86),(117,114),(97,181),(247,61),
308:(188,170),(180,159),(14,195),(49,156),(134,42),(33,189),(182,80),(239,61),(186,68),(178,143),(133,230),(160,153),(126,175),(87,162),(156,99),(121,221),(159,30),(170,64),(16,193),(150,154),(171,127),(78,145),(203,192),(27,153),(162,19),(241,99),(79,86),(117,114),(97,182),(247,61),
309:(188,170),(180,159),(14,195),(49,156),(134,42),(33,189),(182,80),(239,61),(186,68),(178,143),(133,230),(160,153),(126,175),(87,162),(156,99),(121,221),(159,30),(170,64),(16,193),(150,154),(171,127),(78,145),(203,192),(26,153),(162,19),(241,99),(79,86),(117,114),(97,183),(247,61),
310:(188,170),(180,159),(14,195),(49,156),(134,42),(33,189),(182,80),(239,61),(186,68),(178,143),(133,230),(160,153),(126,175),(87,162),(156,99),(121,221),(159,30),(170,64),(16,193),(150,154),(171,127),(78,145),(203,192),(25,153),(162,19),(241,99),(79,86),(117,114),(97,184),(247,61),
311:(188,170),(180,159),(14,195),(49,156),(134,42),(33,189),(182,80),(239,61),(186,68),(178,143),(133,230),(160,153),(126,175),(87,162),(156,99),(121,221),(159,30),(170,64),(16,193),(150,154),(171,127),(78,145),(203,192),(24,153),(162,19),(241,99),(79,86),(117,114),(97,185),(247,61),
312:(188,170),(180,159),(14,195),(49,156),(134,42),(33,189),(182,80),(239,61),(186,68),(178,143),(133,230),(160,153),(126,175),(87,162),(156,99),(121,221),(159,30),(170,64),(16,193),(150,154),(171,127),(78,145),(203,192),(23,153),(162,19),(241,99),(79,86),(117,114),(97,186),(247,61),
313:(188,170),(180,159),(14,195),(49,156),(134,42),(33,189),(182,80),(239,61),(186,68),(178,143),(133,230),(160,153),(126,175),(87,162),(156,99),(121,221),(159,30),(170,64),(16,193),(150,154),(171,127),(78,145),(203,192),(22,153),(162,19),(241,99),(79,86),(117,114),(97,187),(247,61),
314:(188,170),(180,159),(14,195),(49,156),(134,42),(33,189),(182,80),(239,61),(186,68),(178,143),(133,230),(160,153),(126,175),(87,162),(156,99),(121,221),(159,30),(170,64),(16,193),(150,154),(171,127),(78,145),(203,192),(21,153),(162,19),(241,99),(79,86),(117,114),(97,188),(247,61),
315:(188,170),(180,159),(14,195),(49,156),(134,42),(33,189),(182,80),(239,61),(186,68),(178,143),(133,230),(160,153),(126,175),(87,162),(156,99),(121,221),(159,30),(170,64),(16,193),(150,154),(171,127),(78,145),(203,192),(20,153),(162,19),(241,99),(79,86),(117,114),(97,189),(247,61),
316:(188,170),(180,159),(14,195),(49,156),(134,42),(33,189),(182,80),(239,61),(186,68),(178,143),(133,230),(160,153),(126,175),(87,162),(156,99),(121,221),(159,30),(170,64),(16,193),(150,154),(171,127),(78,145),(203,192),(19,153),(162,19),(241,99),(79,86),(117,114),(97,190),(247,61),
317:(188,170),(180,159),(14,195),(49,156),(134,42),(33,189),(182,80),(239,61),(186,68),(178,143),(133,230),(160,153),(126,175),(87,162),(156,99),(121,221),(159,30),(170,64),(16,193),(150,154),(171,127),(78,145),(203,192),(18,153),(162,19),(241,99),(79,86),(117,114),(97,191),(247,61),
318:(188,170),(180,159),(14,195),(49,156),(134,42),(33,189),(182,80),(239,61),(186,68),(178,143),(133,230),(160,153),(126,175),(87,162),(156,99),(121,221),(159,30),(170,64),(16,193),(150,154),(171,127),(78,145),(203,192),(18,154),(162,19),(241,99),(79,86),(117,114),(97,192),(247,61),
319:(188,170),(180,159),(14,195),(49,156),(134,42),(33,189),(182,80),(239,61),(186,68),(178,143),(133,230),(160,153),(126,175),(87,162),(156,99),(121,221),(159,30),(170,64),(16,193),(150,154),(171,127),(78,145),(203,192),(18,155),(162,19),(241,99),(79,86),(117,114),(97,193),(247,61),
320:(188,170),(180,159),(14,195),(49,156),(134,42),(33,189),(182,80),(239,61),(186,68),(178,143),(133,230),(160,153),(126,175),(87,162),(156,99),(121,221),(159,30),(170,64),(16,193),(150,154),(171,127),(78,145),(203,192),(18,156),(162,19),(241,99),(79,86),(117,114),(97,194),(247,61),
321:(188,170),(180,159),(14,195),(49,156),(134,42),(33,189),(182,80),(239,61),(186,68),(178,143),(133,230),(160,153),(126,175),(87,162),(156,99),(121,221),(159,30),(170,64),(16,193),(150,154),(171,127),(78,145),(203,192),(18,156),(162,19),(241,99),(79,86),(117,114),(97,195),(247,61),
322:(188,170),(180,159),(14,195),(49,156),(134,42),(33,189),(182,80),(239,61),(186,68),(178,143),(133,230),(160,153),(126,175),(87,162),(156,99),(121,221),(159,30),(170,64),(16,193),(150,154),(171,127),(78,145),(203,192),(18,156),(162,19),(241,99),(79,86),(117,114),(97,196),(247,61),
323:(188,170),(180,159),(14,195),(49,156),(134,42),(33,189),(182,80),(239,61),(186,68),(178,143),(133,230),(160,153),(126,175),(87,162),(156,99),(121,221),(159,30),(170,64),(16,193),(150,154),(171,127),(78,145),(203,192),(18,156),(162,19),(241,99),(79,86),(117,114),(97,197),(247,61),
324:(188,170),(180,159),(14,195),(49,156),(134,42),(33,189),(182,80),(239,61),(186,68),(178,143),(133,230),(160,153),(126,175),(87,162),(156,99),(121,221),(159,30),(170,64),(16,193),(150,154),(171,127),(78,145),(203,192),(18,156),(162,19),(241,99),(79,86),(117,114),(97,198),(247,61),
325:(188,170),(180,159),(14,195),(49,156),(134,42),(33,189),(182,80),(239,61),(186,68),(178,143),(133,230),(160,153),(126,175),(87,162),(156,99),(121,221),(159,30),(170,64),(16,193),(150,154),(171,127),(78,145),(203,192),(18,156),(162,19),(241,99),(79,86),(117,114),(97,199),(247,61),
326:(188,170),(180,159),(14,195),(49,156),(134,42),(33,189),(182,80),(239,61),(186,68),(178,143),(133,230),(160,153),(126,175),(87,162),(156,99),(121,221),(159,30),(170,64),(16,193),(150,154),(171,127),(78,145),(203,192),(18,156),(162,19),(241,99),(79,86),(117,114),(98,199),(247,61),
327:(188,170),(180,159),(14,195),(49,156),(134,42),(33,189),(182,80),(239,61),(186,68),(178,143),(133,230),(160,153),(126,175),(87,162),(156,99),(121,221),(159,30),(170,64),(16,193),(150,154),(171,127),(78,145),(203,192),(18,156),(162,19),(241,99),(79,86),(117,114),(98,200),(247,61),
328:(188,170),(180,159),(14,195),(49,156),(134,42),(33,189),(182,80),(239,61),(186,68),(178,143),(133,230),(160,153),(126,175),(87,162),(156,99),(121,221),(159,30),(170,64),(16,193),(150,154),(171,127),(78,145),(203,192),(18,156),(162,19),(241,99),(79,86),(117,114),(99,200),(247,61),
329:(188,170),(180,159),(14,195),(49,156),(134,42),(33,189),(182,80),(239,61),(186,68),(178,143),(133,230),(160,153),(126,175),(87,162),(156,99),(121,221),(159,30),(170,64),(16,193),(150,154),(171,127),(78,145),(203,192),(18,156),(162,19),(241,99),(79,86),(117,114),(99,201),(247,61),
330:(188,170),(180,159),(14,195),(49,156),(134,42),(33,189),(182,80),(239,61),(186,68),(178,143),(133,230),(160,153),(126,175),(87,162),(156,99),(121,221),(159,30),(170,64),(16,193),(150,154),(171,127),(78,145),(203,192),(18,156),(162,19),(241,99),(79,86),(117,114),(99,202),(247,61),
331:(188,170),(180,159),(14,195),(49,156),(134,42),(33,189),(182,80),(239,61),(186,68),(178,143),(133,230),(160,153),(126,175),(87,162),(156,99),(121,221),(159,30),(170,64),(16,193),(150,154),(171,127),(78,145),(203,192),(18,156),(162,19),(241,99),(79,86),(117,114),(99,203),(247,61),
332:(188,170),(180,159),(14,195),(49,156),(134,42),(33,189),(182,80),(239,61),(186,68),(178,143),(133,230),(160,153),(126,175),(87,162),(156,99),(121,221),(159,30),(170,64),(16,193),(150,154),(171,127),(78,145),(203,192),(18,156),(162,19),(241,99),(79,86),(117,114),(99,204),(247,61),
333:(188,170),(180,159),(14,195),(49,156),(134,42),(33,189),(182,80),(239,61),(186,68),(178,143),(133,230),(160,153),(126,175),(87,162),(156,99),(121,221),(159,30),(170,64),(16,193),(150,154),(171,127),(78,145),(203,192),(18,156),(162,19),(241,99),(79,86),(117,114),(99,205),(247,61),
334:(188,170),(180,159),(14,195),(49,156),(134,42),(33,189),(182,80),(239,61),(186,68),(178,143),(133,230),(160,153),(126,175),(87,162),(156,99),(121,221),(159,30),(170,64),(16,193),(150,154),(171,127),(78,145),(203,192),(18,156),(162,19),(241,99),(79,86),(117,114),(99,206),(247,61),
335:(188,170),(180,159),(14,195),(49,156),(134,42),(33,189),(182,80),(239,61),(186,68),(178,143),(133,230),(160,153),(126,175),(87,162),(156,99),(121,221),(159,30),(170,64),(16,193),(150,154),(171,127),(78,145),(203,192),(18,156),(162,19),(241,99),(79,86),(117,114),(99,207),(247,61),
336:(188,170),(180,159),(14,195),(49,156),(134,42),(33,189),(182,80),(239,61),(186,68),(178,143),(133,230),(160,153),(126,175),(87,162),(156,99),(121,221),(159,30),(170,64),(16,193),(150,154),(171,127),(78,145),(203,192),(18,156),(162,19),(241,99),(79,86),(117,114),(99,208),(247,61),
337:(188,170),(180,159),(14,195),(49,156),(134,42),(33,189),(182,80),(239,61),(186,68),(178,143),(133,230),(160,153),(126,175),(87,162),(156,99),(121,221),(159,30),(170,64),(16,193),(150,154),(171,127),(78,145),(203,192),(18,156),(162,19),(241,99),(79,86),(117,114),(100,208),(247,61),
338:(188,170),(180,159),(14,195),(49,156),(134,42),(33,189),(182,80),(239,61),(186,68),(178,143),(133,230),(160,153),(126,175),(87,162),(156,99),(121,221),(159,30),(170,64),(16,193),(150,154),(171,127),(78,145),(203,192),(18,156),(162,19),(241,99),(79,86),(117,114),(100,209),(247,61),
339:(188,170),(180,159),(14,195),(49,156),(134,42),(33,189),(182,80),(239,61),(186,68),(178,143),(133,230),(160,153),(126,175),(87,162),(156,99),(121,221),(159,30),(170,64),(16,193),(150,154),(171,127),(78,145),(203,192),(18,156),(162,19),(241,99),(79,86),(117,114),(101,209),(247,61),
340:(188,170),(180,159),(14,195),(49,156),(134,42),(33,189),(182,80),(239,61),(186,68),(178,143),(133,230),(160,153),(126,175),(87,162),(156,99),(121,221),(159,30),(170,64),(16,193),(150,154),(171,127),(78,145),(203,192),(18,156),(162,19),(241,99),(79,86),(117,114),(101,210),(247,61),
341:(188,170),(180,159),(14,195),(49,156),(134,42),(33,189),(182,80),(239,61),(186,68),(178,143),(133,230),(160,153),(126,175),(87,162),(156,99),(121,221),(159,30),(170,64),(16,193),(150,154),(171,127),(78,145),(203,192),(18,156),(162,19),(241,99),(79,86),(117,114),(102,210),(247,61),
