instance=temp_instance.txt
agents=30
map_file=den520d.map
solver=HCA
solved=1
soc=4748
lb_soc=4748
makespan=329
lb_makespan=329
comp_time=56
preprocessing_comp_time=16
starts=(32,184),(48,78),(170,69),(63,163),(244,35),(142,51),(98,87),(224,120),(178,141),(179,105),(215,101),(202,189),(233,101),(185,42),(235,48),(136,27),(74,49),(148,105),(82,202),(146,104),(230,207),(233,55),(180,84),(162,33),(109,168),(241,58),(167,51),(82,96),(150,22),(75,202),
goals=(116,155),(188,71),(231,128),(241,114),(179,80),(201,170),(198,34),(137,6),(146,162),(155,47),(204,84),(156,154),(179,99),(101,46),(83,48),(88,182),(240,48),(152,151),(71,59),(182,176),(45,63),(236,15),(190,41),(222,84),(92,34),(95,204),(207,205),(69,212),(62,96),(62,182),
solution=
0:(32,184),(48,78),(170,69),(63,163),(244,35),(142,51),(98,87),(224,120),(178,141),(179,105),(215,101),(202,189),(233,101),(185,42),(235,48),(136,27),(74,49),(148,105),(82,202),(146,104),(230,207),(233,55),(180,84),(162,33),(109,168),(241,58),(167,51),(82,96),(150,22),(75,202),
1:(33,184),(49,78),(171,69),(64,163),(243,35),(141,51),(99,87),(223,120),(177,141),(178,105),(214,101),(201,189),(232,101),(184,42),(234,48),(137,27),(75,49),(149,105),(83,202),(147,104),(229,207),(234,55),(181,84),(163,33),(110,168),(240,58),(168,51),(83,96),(151,22),(74,202),
2:(34,184),(50,78),(172,69),(65,163),(242,35),(140,51),(100,87),(223,119),(176,141),(177,105),(213,101),(200,189),(231,101),(183,42),(233,48),(138,27),(76,49),(150,105),(84,202),(148,104),(228,207),(235,55),(182,84),(164,33),(111,168),(239,58),(169,51),(84,96),(152,22),(73,202),
3:(35,184),(51,78),(173,69),(66,163),(241,35),(139,51),(101,87),(222,119),(175,141),(176,105),(213,100),(199,189),(230,101),(182,42),(233,49),(139,27),(77,49),(151,105),(85,202),(149,104),(227,207),(236,55),(183,84),(165,33),(112,168),(238,58),(169,52),(85,96),(153,22),(72,202),
4:(36,184),(52,78),(174,69),(67,163),(240,35),(138,51),(102,87),(221,119),(174,141),(175,105),(213,99),(199,188),(229,101),(181,42),(233,50),(139,28),(78,49),(152,105),(86,202),(150,104),(226,207),(236,54),(184,84),(166,33),(113,168),(237,58),(170,52),(86,96),(154,22),(71,202),
5:(37,184),(53,78),(175,69),(68,163),(239,35),(137,51),(102,88),(220,119),(173,141),(174,105),(213,98),(199,187),(228,101),(180,42),(233,51),(139,29),(79,49),(153,105),(87,202),(151,104),(225,207),(236,53),(185,84),(167,33),(114,168),(236,58),(170,53),(87,96),(155,22),(70,202),
6:(38,184),(54,78),(176,69),(69,163),(238,35),(137,50),(103,88),(219,119),(172,141),(173,105),(213,97),(198,187),(227,101),(180,43),(233,52),(140,29),(80,49),(154,105),(88,202),(152,104),(224,207),(236,52),(185,83),(168,33),(115,168),(235,58),(170,54),(88,96),(156,22),(69,202),
7:(39,184),(55,78),(177,69),(70,163),(237,35),(137,49),(103,89),(218,119),(171,141),(172,105),(213,96),(198,186),(226,101),(180,44),(233,53),(141,29),(81,49),(155,105),(89,202),(153,104),(223,207),(236,51),(185,82),(169,33),(116,168),(234,58),(170,55),(89,96),(157,22),(69,201),
8:(39,183),(56,78),(178,69),(71,163),(236,35),(137,48),(104,89),(217,119),(170,141),(171,105),(213,95),(198,185),(225,101),(180,45),(232,53),(142,29),(82,49),(156,105),(90,202),(154,104),(222,207),(236,50),(185,81),(170,33),(117,168),(233,58),(170,56),(90,96),(158,22),(69,200),
9:(40,183),(57,78),(179,69),(72,163),(235,35),(137,47),(105,89),(217,118),(169,141),(170,105),(213,94),(198,184),(224,101),(180,46),(231,53),(143,29),(83,49),(157,105),(91,202),(155,104),(221,207),(236,49),(185,80),(171,33),(118,168),(232,58),(171,56),(91,96),(159,22),(69,199),
10:(41,183),(58,78),(180,69),(73,163),(234,35),(138,47),(106,89),(217,117),(168,141),(169,105),(213,93),(197,184),(223,101),(180,47),(230,53),(144,29),(84,49),(158,105),(92,202),(156,104),(220,207),(236,48),(185,79),(172,33),(119,168),(231,58),(172,56),(92,96),(160,22),(68,199),
11:(41,182),(59,78),(181,69),(74,163),(234,36),(139,47),(107,89),(217,116),(167,141),(168,105),(213,92),(197,183),(222,101),(180,48),(230,54),(145,29),(85,49),(159,105),(93,202),(157,104),(219,207),(236,47),(185,78),(173,33),(120,168),(230,58),(173,56),(93,96),(161,22),(67,199),
12:(42,182),(60,78),(182,69),(75,163),(233,36),(140,47),(108,89),(217,115),(166,141),(167,105),(213,91),(196,183),(221,101),(180,49),(230,55),(146,29),(86,49),(159,106),(94,202),(158,104),(218,207),(236,46),(185,77),(174,33),(121,168),(229,58),(174,56),(94,96),(162,22),(67,198),
13:(42,181),(61,78),(183,69),(76,163),(233,37),(141,47),(109,89),(217,114),(165,141),(166,105),(212,91),(196,182),(220,101),(180,50),(229,55),(147,29),(87,49),(159,107),(95,202),(159,104),(217,207),(236,45),(185,76),(175,33),(122,168),(228,58),(175,56),(95,96),(163,22),(67,197),
14:(42,180),(62,78),(184,69),(77,163),(233,38),(142,47),(110,89),(217,113),(164,141),(165,105),(211,91),(195,182),(219,101),(179,50),(228,55),(148,29),(88,49),(159,108),(96,202),(160,104),(216,207),(236,44),(185,75),(176,33),(123,168),(227,58),(176,56),(96,96),(164,22),(67,196),
15:(42,179),(63,78),(185,69),(78,163),(233,39),(143,47),(111,89),(217,112),(163,141),(165,104),(210,91),(195,181),(218,101),(179,51),(227,55),(149,29),(89,49),(159,109),(97,202),(161,104),(215,207),(236,43),(185,74),(177,33),(124,168),(226,58),(177,56),(97,96),(165,22),(67,195),
16:(42,178),(64,78),(186,69),(79,163),(233,40),(144,47),(112,89),(217,111),(162,141),(165,103),(209,91),(194,181),(217,101),(178,51),(226,55),(150,29),(90,49),(159,110),(97,201),(162,104),(214,207),(236,42),(185,73),(178,33),(125,168),(225,58),(178,56),(98,96),(166,22),(67,194),
17:(43,178),(65,78),(187,69),(80,163),(233,41),(145,47),(113,89),(217,110),(161,141),(165,102),(208,91),(194,180),(216,101),(178,52),(225,55),(151,29),(91,49),(159,111),(97,200),(163,104),(213,207),(236,41),(185,72),(179,33),(126,168),(224,58),(178,57),(99,96),(167,22),(67,193),
18:(44,178),(66,78),(188,69),(81,163),(233,42),(146,47),(114,89),(217,109),(160,141),(165,101),(207,91),(193,180),(216,100),(177,52),(224,55),(152,29),(92,49),(159,112),(97,199),(164,104),(212,207),(236,40),(185,71),(180,33),(127,168),(223,58),(178,58),(100,96),(168,22),(67,192),
19:(45,178),(67,78),(189,69),(82,163),(233,43),(147,47),(115,89),(217,108),(159,141),(165,100),(206,91),(192,180),(215,100),(177,53),(223,55),(153,29),(93,49),(159,113),(97,198),(165,104),(211,207),(236,39),(185,70),(181,33),(128,168),(222,58),(178,59),(101,96),(169,22),(67,191),
20:(46,178),(68,78),(190,69),(83,163),(233,44),(148,47),(116,89),(217,107),(158,141),(165,99),(205,91),(192,179),(214,100),(176,53),(222,55),(154,29),(94,49),(159,114),(97,197),(166,104),(210,207),(236,38),(185,69),(182,33),(129,168),(221,58),(178,60),(102,96),(170,22),(67,190),
21:(47,178),(69,78),(191,69),(84,163),(233,45),(149,47),(117,89),(217,106),(157,141),(165,98),(204,91),(191,179),(213,100),(175,53),(221,55),(155,29),(95,49),(159,115),(97,196),(167,104),(209,207),(236,37),(185,68),(183,33),(130,168),(220,58),(178,61),(103,96),(171,22),(67,189),
22:(48,178),(70,78),(192,69),(85,163),(233,46),(150,47),(117,90),(216,106),(156,141),(165,97),(204,90),(191,178),(213,99),(174,53),(220,55),(156,29),(96,49),(159,116),(97,195),(168,104),(208,207),(236,36),(185,67),(184,33),(131,168),(219,58),(178,62),(104,96),(172,22),(67,188),
23:(49,178),(71,78),(193,69),(86,163),(233,47),(151,47),(118,90),(216,105),(155,141),(165,96),(204,89),(190,178),(213,98),(174,54),(219,55),(157,29),(97,49),(159,117),(97,194),(169,104),(207,207),(236,35),(185,66),(184,34),(132,168),(218,58),(178,63),(105,96),(173,22),(67,187),
24:(50,178),(72,78),(194,69),(87,163),(233,48),(152,47),(119,90),(216,104),(154,141),(165,95),(204,88),(189,178),(213,97),(174,55),(218,55),(158,29),(98,49),(159,118),(97,193),(170,104),(206,207),(236,34),(185,65),(184,35),(133,168),(217,58),(178,64),(106,96),(174,22),(66,187),
25:(51,178),(73,78),(195,69),(88,163),(233,49),(153,47),(120,90),(215,104),(153,141),(165,94),(204,87),(188,178),(213,96),(174,56),(217,55),(159,29),(99,49),(159,119),(97,192),(171,104),(205,207),(236,33),(185,64),(184,36),(134,168),(216,58),(178,65),(107,96),(175,22),(65,187),
26:(52,178),(74,78),(196,69),(89,163),(233,50),(154,47),(121,90),(214,104),(152,141),(165,93),(204,86),(187,178),(213,95),(173,56),(216,55),(160,29),(100,49),(159,120),(97,191),(172,104),(204,207),(236,32),(185,63),(184,37),(135,168),(215,58),(178,66),(108,96),(176,22),(65,186),
27:(53,178),(75,78),(197,69),(90,163),(233,51),(154,48),(122,90),(213,104),(151,141),(165,92),(204,85),(186,178),(213,94),(172,56),(215,55),(161,29),(101,49),(159,121),(97,190),(173,104),(203,207),(236,31),(185,62),(184,38),(136,168),(214,58),(178,67),(109,96),(177,22),(65,185),
28:(54,178),(76,78),(198,69),(91,163),(233,52),(155,48),(123,90),(213,103),(150,141),(165,91),(204,84),(185,178),(213,93),(171,56),(214,55),(162,29),(102,49),(159,122),(97,189),(174,104),(202,207),(236,30),(185,61),(184,39),(137,168),(213,58),(178,68),(110,96),(178,22),(64,185),
29:(55,178),(77,78),(199,69),(92,163),(233,53),(156,48),(124,90),(213,102),(149,141),(165,90),(204,84),(184,178),(213,92),(170,56),(213,55),(163,29),(103,49),(159,123),(97,188),(175,104),(201,207),(236,29),(185,60),(184,40),(138,168),(212,58),(178,69),(111,96),(179,22),(64,184),
30:(55,177),(78,78),(200,69),(93,163),(232,53),(157,48),(125,90),(213,101),(148,141),(165,89),(204,84),(183,178),(213,91),(169,56),(212,55),(164,29),(104,49),(159,124),(97,187),(176,104),(200,207),(236,28),(185,59),(184,41),(139,168),(211,58),(178,70),(112,96),(180,22),(64,183),
31:(55,176),(79,78),(201,69),(94,163),(231,53),(158,48),(126,90),(213,100),(147,141),(165,88),(204,84),(182,178),(212,91),(168,56),(211,55),(165,29),(105,49),(159,125),(97,186),(177,104),(199,207),(236,27),(185,58),(184,42),(140,168),(210,58),(178,71),(113,96),(180,23),(63,183),
32:(55,175),(80,78),(202,69),(95,163),(230,53),(159,48),(127,90),(213,99),(147,142),(165,87),(204,84),(181,178),(211,91),(167,56),(210,55),(166,29),(106,49),(159,126),(97,185),(178,104),(199,206),(236,26),(185,57),(184,43),(141,168),(209,58),(178,72),(114,96),(180,24),(63,182),
33:(55,174),(81,78),(203,69),(96,163),(230,54),(160,48),(128,90),(213,98),(147,143),(165,86),(204,84),(180,178),(210,91),(166,56),(209,55),(167,29),(107,49),(159,127),(97,184),(178,105),(199,205),(236,25),(185,56),(185,43),(142,168),(208,58),(178,73),(115,96),(180,25),(62,182),
34:(55,173),(82,78),(204,69),(97,163),(230,55),(161,48),(129,90),(213,97),(147,144),(165,85),(204,84),(179,178),(209,91),(165,56),(208,55),(168,29),(108,49),(159,128),(97,183),(178,106),(199,204),(236,24),(185,55),(185,44),(143,168),(207,58),(178,74),(116,96),(180,26),(62,182),
35:(56,173),(83,78),(205,69),(98,163),(229,55),(162,48),(130,90),(213,96),(147,145),(165,84),(204,84),(178,178),(208,91),(164,56),(207,55),(169,29),(109,49),(159,129),(97,182),(179,106),(199,203),(236,23),(185,54),(185,45),(144,168),(206,58),(178,75),(117,96),(180,27),(62,182),
36:(57,173),(84,78),(206,69),(99,163),(228,55),(163,48),(131,90),(213,95),(147,146),(165,83),(204,84),(177,178),(207,91),(163,56),(206,55),(170,29),(110,49),(159,130),(97,181),(179,107),(199,202),(236,22),(185,53),(185,46),(145,168),(205,58),(178,76),(118,96),(180,28),(62,182),
37:(58,173),(85,78),(207,69),(100,163),(227,55),(164,48),(132,90),(213,94),(147,147),(165,82),(204,84),(176,178),(206,91),(162,56),(205,55),(171,29),(111,49),(159,131),(97,180),(179,108),(199,201),(236,21),(185,52),(185,47),(146,168),(204,58),(178,77),(119,96),(180,29),(62,182),
38:(59,173),(85,79),(208,69),(101,163),(226,55),(165,48),(133,90),(213,93),(147,148),(165,81),(204,84),(175,178),(205,91),(161,56),(204,55),(172,29),(112,49),(159,132),(97,179),(180,108),(199,200),(236,20),(185,51),(185,48),(147,168),(203,58),(178,78),(120,96),(180,30),(62,182),
39:(60,173),(85,80),(209,69),(102,163),(225,55),(166,48),(134,90),(213,92),(146,148),(165,80),(204,84),(174,178),(204,91),(160,56),(203,55),(173,29),(113,49),(159,133),(97,178),(180,109),(199,199),(236,19),(185,50),(186,48),(148,168),(202,58),(178,79),(121,96),(180,31),(62,182),
40:(61,173),(86,80),(210,69),(103,163),(224,55),(166,49),(135,90),(213,91),(146,149),(165,79),(204,84),(173,178),(203,91),(159,56),(202,55),(174,29),(114,49),(159,134),(97,177),(181,109),(199,198),(236,18),(185,49),(186,49),(149,168),(201,58),(178,80),(122,96),(180,32),(62,182),
41:(62,173),(87,80),(211,69),(104,163),(223,55),(167,49),(136,90),(212,91),(146,150),(165,78),(204,84),(172,178),(202,91),(158,56),(201,55),(175,29),(115,49),(159,135),(97,176),(182,109),(199,197),(236,17),(185,48),(187,49),(150,168),(200,58),(178,81),(123,96),(180,33),(62,182),
42:(63,173),(88,80),(212,69),(105,163),(222,55),(167,50),(137,90),(211,91),(146,151),(165,77),(204,84),(171,178),(201,91),(158,55),(200,55),(176,29),(116,49),(159,136),(98,176),(182,110),(199,196),(236,16),(185,47),(187,50),(151,168),(199,58),(178,82),(124,96),(180,34),(62,182),
43:(64,173),(88,81),(213,69),(106,163),(221,55),(168,50),(138,90),(210,91),(146,152),(165,76),(204,84),(170,178),(201,90),(158,54),(199,55),(177,29),(117,49),(159,137),(98,175),(182,111),(199,195),(236,15),(185,46),(188,50),(152,168),(198,58),(178,83),(125,96),(180,35),(62,182),
44:(65,173),(88,82),(214,69),(107,163),(220,55),(168,51),(139,90),(209,91),(146,153),(165,75),(204,84),(169,178),(201,89),(158,53),(198,55),(178,29),(118,49),(158,137),(99,175),(182,112),(199,194),(236,15),(186,46),(188,51),(153,168),(197,58),(178,84),(126,96),(180,36),(62,182),
45:(66,173),(89,82),(215,69),(108,163),(219,55),(169,51),(140,90),(208,91),(146,154),(165,74),(204,84),(168,178),(201,88),(157,53),(197,55),(179,29),(119,49),(158,138),(99,174),(182,113),(199,193),(236,15),(186,45),(188,52),(154,168),(196,58),(178,85),(127,96),(180,37),(62,182),
46:(67,173),(90,82),(216,69),(109,163),(218,55),(169,52),(141,90),(207,91),(146,155),(165,73),(204,84),(167,178),(201,87),(157,52),(196,55),(180,29),(120,49),(157,138),(100,174),(182,114),(199,192),(236,15),(187,45),(189,52),(155,168),(195,58),(178,86),(128,96),(180,38),(62,182),
47:(68,173),(91,82),(217,69),(110,163),(217,55),(170,52),(141,91),(206,91),(146,156),(165,72),(204,84),(166,178),(201,86),(156,52),(195,55),(180,30),(121,49),(156,138),(100,173),(182,115),(199,191),(236,15),(187,44),(189,53),(156,168),(194,58),(178,87),(129,96),(180,39),(62,182),
48:(69,173),(92,82),(218,69),(111,163),(216,55),(170,53),(141,92),(205,91),(146,157),(165,71),(204,84),(165,178),(200,86),(155,52),(194,55),(180,31),(121,48),(156,139),(101,173),(182,116),(199,190),(236,15),(188,44),(190,53),(157,168),(193,58),(178,88),(130,96),(180,40),(62,182),
49:(70,173),(93,82),(219,69),(112,163),(215,55),(170,54),(141,93),(204,91),(146,158),(165,70),(204,84),(164,178),(199,86),(155,51),(193,55),(180,32),(122,48),(155,139),(102,173),(182,117),(199,189),(236,15),(189,44),(191,53),(158,168),(192,58),(178,89),(131,96),(180,41),(62,182),
50:(71,173),(93,83),(220,69),(113,163),(214,55),(170,55),(142,93),(203,91),(146,159),(165,69),(204,84),(163,178),(198,86),(155,50),(192,55),(180,33),(122,47),(154,139),(103,173),(182,118),(199,188),(236,15),(190,44),(192,53),(159,168),(191,58),(178,90),(132,96),(180,42),(62,182),
51:(72,173),(93,84),(221,69),(114,163),(213,55),(170,56),(143,93),(202,91),(146,160),(165,68),(204,84),(162,178),(197,86),(154,50),(191,55),(180,34),(123,47),(153,139),(104,173),(182,119),(199,187),(236,15),(190,43),(193,53),(160,168),(190,58),(178,91),(133,96),(180,43),(62,182),
52:(73,173),(94,84),(222,69),(115,163),(212,55),(171,56),(144,93),(201,91),(146,161),(165,67),(204,84),(161,178),(196,86),(153,50),(190,55),(180,35),(124,47),(153,140),(105,173),(182,120),(198,187),(236,15),(190,42),(194,53),(161,168),(189,58),(178,92),(134,96),(180,44),(62,182),
53:(74,173),(95,84),(223,69),(116,163),(211,55),(172,56),(145,93),(201,90),(146,162),(165,66),(204,84),(160,178),(195,86),(152,50),(189,55),(180,36),(125,47),(152,140),(106,173),(182,121),(198,186),(236,15),(190,41),(195,53),(162,168),(188,58),(178,93),(135,96),(180,45),(62,182),
54:(75,173),(96,84),(224,69),(117,163),(210,55),(173,56),(146,93),(201,89),(146,162),(165,65),(204,84),(160,177),(194,86),(151,50),(188,55),(180,37),(126,47),(152,141),(107,173),(182,122),(198,185),(236,15),(190,41),(196,53),(163,168),(187,58),(178,94),(136,96),(180,46),(62,182),
55:(76,173),(97,84),(225,69),(118,163),(209,55),(174,56),(147,93),(201,88),(146,162),(165,64),(204,84),(159,177),(193,86),(150,50),(187,55),(180,38),(127,47),(152,142),(108,173),(182,123),(198,184),(236,15),(190,41),(197,53),(164,168),(186,58),(178,95),(137,96),(180,47),(62,182),
56:(77,173),(97,85),(226,69),(119,163),(208,55),(175,56),(148,93),(201,87),(146,162),(165,63),(204,84),(158,177),(192,86),(150,49),(186,55),(180,39),(128,47),(152,143),(109,173),(182,124),(197,184),(236,15),(190,41),(198,53),(165,168),(185,58),(178,96),(138,96),(180,48),(62,182),
57:(78,173),(98,85),(227,69),(120,163),(207,55),(176,56),(149,93),(201,86),(146,162),(165,62),(204,84),(157,177),(191,86),(150,48),(185,55),(180,40),(129,47),(152,144),(110,173),(182,125),(197,183),(236,15),(190,41),(199,53),(165,167),(184,58),(178,97),(139,96),(180,49),(62,182),
58:(79,173),(99,85),(228,69),(121,163),(206,55),(177,56),(150,93),(200,86),(146,162),(165,61),(204,84),(157,176),(190,86),(149,48),(184,55),(180,41),(130,47),(152,145),(111,173),(182,126),(196,183),(236,15),(190,41),(200,53),(165,166),(183,58),(178,98),(140,96),(180,50),(62,182),
59:(80,173),(100,85),(229,69),(122,163),(205,55),(178,56),(151,93),(199,86),(146,162),(165,60),(204,84),(157,175),(189,86),(148,48),(183,55),(180,42),(131,47),(152,146),(112,173),(182,127),(196,182),(236,15),(190,41),(201,53),(165,165),(182,58),(178,99),(141,96),(179,50),(62,182),
60:(81,173),(101,85),(230,69),(123,163),(204,55),(178,57),(152,93),(198,86),(146,162),(165,59),(204,84),(157,174),(188,86),(147,48),(182,55),(180,43),(132,47),(152,147),(113,173),(182,128),(195,182),(236,15),(190,41),(202,53),(165,164),(181,58),(178,100),(142,96),(179,51),(62,182),
61:(82,173),(102,85),(231,69),(124,163),(203,55),(178,58),(153,93),(197,86),(146,162),(165,58),(204,84),(157,173),(187,86),(146,48),(181,55),(180,44),(133,47),(152,148),(114,173),(182,129),(195,181),(236,15),(190,41),(203,53),(165,163),(180,58),(178,101),(143,96),(178,51),(62,182),
62:(83,173),(103,85),(231,70),(125,163),(202,55),(178,59),(154,93),(196,86),(146,162),(164,58),(204,84),(157,172),(186,86),(145,48),(180,55),(180,45),(134,47),(152,149),(115,173),(182,130),(194,181),(236,15),(190,41),(204,53),(165,162),(179,58),(178,102),(144,96),(178,52),(62,182),
63:(84,173),(104,85),(231,71),(126,163),(201,55),(178,60),(155,93),(195,86),(146,162),(163,58),(204,84),(157,171),(185,86),(144,48),(179,55),(180,46),(135,47),(152,150),(116,173),(182,131),(194,180),(236,15),(190,41),(205,53),(165,161),(178,58),(178,103),(145,96),(177,52),(62,182),
64:(85,173),(105,85),(231,72),(127,163),(200,55),(178,61),(156,93),(194,86),(146,162),(162,58),(204,84),(157,170),(184,86),(143,48),(178,55),(180,47),(136,47),(152,151),(117,173),(182,132),(193,180),(236,15),(190,41),(206,53),(165,160),(177,58),(178,104),(146,96),(177,53),(62,182),
65:(86,173),(106,85),(231,73),(128,163),(199,55),(178,62),(157,93),(193,86),(146,162),(161,58),(204,84),(157,169),(183,86),(143,47),(177,55),(180,48),(137,47),(152,151),(118,173),(182,133),(192,180),(236,15),(190,41),(207,53),(165,159),(176,58),(178,105),(147,96),(176,53),(62,182),
66:(87,173),(107,85),(231,74),(129,163),(198,55),(178,63),(158,93),(192,86),(146,162),(160,58),(204,84),(156,169),(182,86),(142,47),(176,55),(180,49),(138,47),(152,151),(119,173),(182,134),(192,179),(236,15),(190,41),(208,53),(165,158),(175,58),(178,106),(148,96),(175,53),(62,182),
67:(88,173),(108,85),(231,75),(130,163),(197,55),(178,64),(159,93),(191,86),(146,162),(159,58),(204,84),(156,168),(181,86),(141,47),(175,55),(180,50),(139,47),(152,151),(120,173),(182,135),(191,179),(236,15),(190,41),(209,53),(165,157),(174,58),(179,106),(149,96),(174,53),(62,182),
68:(89,173),(109,85),(231,76),(131,163),(196,55),(178,65),(160,93),(190,86),(146,162),(158,58),(204,84),(156,167),(180,86),(141,46),(174,55),(179,50),(140,47),(152,151),(121,173),(182,136),(191,178),(236,15),(190,41),(210,53),(165,156),(173,58),(179,107),(150,96),(174,54),(62,182),
69:(90,173),(110,85),(231,77),(132,163),(195,55),(178,66),(161,93),(189,86),(146,162),(158,57),(204,84),(156,166),(179,86),(140,46),(174,56),(179,51),(141,47),(152,151),(122,173),(182,137),(190,178),(236,15),(190,41),(211,53),(165,155),(172,58),(179,108),(151,96),(174,55),(62,182),
70:(91,173),(111,85),(231,78),(133,163),(194,55),(178,67),(162,93),(188,86),(146,162),(158,56),(204,84),(156,165),(179,87),(139,46),(173,56),(178,51),(142,47),(152,151),(123,173),(182,138),(189,178),(236,15),(190,41),(212,53),(165,154),(171,58),(180,108),(152,96),(174,56),(62,182),
71:(92,173),(112,85),(231,79),(134,163),(193,55),(178,68),(163,93),(187,86),(146,162),(158,55),(204,84),(156,164),(179,88),(138,46),(172,56),(178,52),(143,47),(152,151),(124,173),(182,139),(188,178),(236,15),(190,41),(213,53),(165,153),(170,58),(180,109),(153,96),(173,56),(62,182),
72:(93,173),(113,85),(231,80),(135,163),(192,55),(178,69),(164,93),(186,86),(146,162),(158,54),(204,84),(156,163),(179,89),(137,46),(171,56),(177,52),(144,47),(152,151),(125,173),(182,140),(187,178),(236,15),(190,41),(214,53),(165,152),(169,58),(181,109),(154,96),(172,56),(62,182),
73:(94,173),(114,85),(231,81),(136,163),(191,55),(178,70),(165,93),(185,86),(146,162),(158,53),(204,84),(156,162),(179,90),(136,46),(170,56),(177,53),(145,47),(152,151),(126,173),(182,141),(186,178),(236,15),(190,41),(215,53),(165,151),(168,58),(182,109),(155,96),(171,56),(62,182),
74:(95,173),(115,85),(231,82),(137,163),(190,55),(178,71),(166,93),(184,86),(146,162),(157,53),(204,84),(156,161),(179,91),(135,46),(169,56),(176,53),(146,47),(152,151),(127,173),(182,142),(185,178),(236,15),(190,41),(216,53),(165,150),(167,58),(182,110),(156,96),(170,56),(62,182),
75:(96,173),(116,85),(231,83),(138,163),(189,55),(178,72),(167,93),(183,86),(146,162),(157,52),(204,84),(156,160),(179,92),(134,46),(168,56),(175,53),(147,47),(152,151),(128,173),(182,143),(184,178),(236,15),(190,41),(217,53),(165,149),(166,58),(183,110),(157,96),(169,56),(62,182),
76:(97,173),(117,85),(231,84),(139,163),(188,55),(178,73),(168,93),(182,86),(146,162),(156,52),(204,84),(156,159),(179,93),(133,46),(167,56),(174,53),(148,47),(152,151),(129,173),(182,144),(183,178),(236,15),(190,41),(218,53),(165,148),(165,58),(183,111),(158,96),(168,56),(62,182),
77:(98,173),(118,85),(231,85),(140,163),(187,55),(178,74),(169,93),(181,86),(146,162),(155,52),(204,84),(156,158),(179,94),(132,46),(166,56),(174,54),(149,47),(152,151),(130,173),(182,145),(182,178),(236,15),(190,41),(219,53),(165,147),(165,59),(183,112),(159,96),(167,56),(62,182),
78:(99,173),(119,85),(231,86),(141,163),(186,55),(178,75),(170,93),(181,85),(146,162),(155,51),(204,84),(156,157),(179,95),(131,46),(165,56),(174,55),(150,47),(152,151),(131,173),(182,146),(181,178),(236,15),(190,41),(220,53),(165,146),(165,60),(183,113),(159,97),(166,56),(62,182),
79:(100,173),(120,85),(231,87),(142,163),(185,55),(178,76),(171,93),(181,84),(146,162),(155,50),(204,84),(156,156),(179,96),(130,46),(164,56),(174,56),(151,47),(152,151),(132,173),(182,147),(180,178),(236,15),(190,41),(221,53),(165,145),(165,61),(183,114),(159,98),(165,56),(62,182),
80:(101,173),(121,85),(231,88),(143,163),(184,55),(178,77),(172,93),(181,83),(146,162),(155,49),(204,84),(156,155),(179,97),(129,46),(163,56),(173,56),(152,47),(152,151),(133,173),(182,148),(179,178),(236,15),(190,41),(222,53),(165,144),(165,62),(183,115),(159,99),(165,57),(62,182),
81:(102,173),(122,85),(231,89),(144,163),(183,55),(178,78),(173,93),(180,83),(146,162),(155,48),(204,84),(156,154),(179,98),(128,46),(162,56),(172,56),(153,47),(152,151),(134,173),(182,149),(178,178),(236,15),(190,41),(222,54),(165,143),(165,63),(183,116),(159,100),(165,58),(62,182),
82:(103,173),(123,85),(231,90),(145,163),(182,55),(178,79),(174,93),(180,82),(146,162),(155,47),(204,84),(156,154),(179,99),(127,46),(161,56),(171,56),(154,47),(152,151),(135,173),(182,150),(177,178),(236,15),(190,41),(222,55),(165,142),(165,64),(183,117),(159,101),(165,59),(62,182),
83:(104,173),(124,85),(231,91),(146,163),(181,55),(178,80),(175,93),(180,81),(146,162),(155,47),(204,84),(156,154),(179,99),(126,46),(160,56),(170,56),(154,48),(152,151),(136,173),(182,151),(176,178),(236,15),(190,41),(222,56),(165,141),(165,65),(183,118),(159,102),(165,60),(62,182),
84:(105,173),(125,85),(231,92),(147,163),(180,55),(178,81),(176,93),(180,80),(146,162),(155,47),(204,84),(156,154),(179,99),(125,46),(159,56),(169,56),(155,48),(152,151),(137,173),(182,152),(175,178),(236,15),(190,41),(222,57),(165,140),(165,66),(183,119),(159,103),(165,61),(62,182),
85:(106,173),(126,85),(231,93),(148,163),(179,55),(178,82),(177,93),(180,79),(146,162),(155,47),(204,84),(156,154),(179,99),(124,46),(158,56),(168,56),(156,48),(152,151),(138,173),(182,153),(174,178),(236,15),(190,41),(222,58),(165,139),(165,67),(183,120),(159,104),(165,62),(62,182),
86:(107,173),(127,85),(231,94),(149,163),(179,56),(178,83),(178,93),(180,78),(146,162),(155,47),(204,84),(156,154),(179,99),(123,46),(158,55),(167,56),(157,48),(152,151),(139,173),(182,154),(173,178),(236,15),(190,41),(222,59),(165,138),(165,68),(183,121),(159,105),(165,63),(62,182),
87:(108,173),(128,85),(231,95),(150,163),(179,57),(178,84),(179,93),(180,77),(146,162),(155,47),(204,84),(156,154),(179,99),(122,46),(158,54),(166,56),(158,48),(152,151),(140,173),(182,155),(172,178),(236,15),(190,41),(222,60),(165,137),(165,69),(183,122),(159,106),(165,64),(62,182),
88:(109,173),(129,85),(231,96),(151,163),(179,58),(178,85),(180,93),(180,76),(146,162),(155,47),(204,84),(156,154),(179,99),(121,46),(158,53),(165,56),(159,48),(152,151),(141,173),(182,156),(171,178),(236,15),(190,41),(222,61),(165,136),(164,69),(183,123),(159,107),(165,65),(62,182),
89:(110,173),(130,85),(231,97),(152,163),(179,59),(178,86),(181,93),(180,75),(146,162),(155,47),(204,84),(156,154),(179,99),(120,46),(157,53),(165,57),(160,48),(152,151),(142,173),(182,157),(170,178),(236,15),(190,41),(222,62),(165,135),(163,69),(183,124),(159,108),(165,66),(62,182),
90:(111,173),(131,85),(231,98),(153,163),(179,60),(178,87),(182,93),(180,74),(146,162),(155,47),(204,84),(156,154),(179,99),(119,46),(157,52),(165,58),(161,48),(152,151),(143,173),(182,158),(169,178),(236,15),(190,41),(222,63),(165,134),(163,70),(183,125),(159,109),(165,67),(62,182),
91:(112,173),(131,86),(231,99),(154,163),(179,61),(178,88),(183,93),(180,73),(146,162),(155,47),(204,84),(156,154),(179,99),(118,46),(156,52),(165,59),(162,48),(152,151),(144,173),(182,159),(168,178),(236,15),(190,41),(222,64),(165,133),(162,70),(184,125),(159,110),(165,68),(62,182),
92:(113,173),(131,87),(231,100),(155,163),(179,62),(178,89),(184,93),(180,72),(146,162),(155,47),(204,84),(156,154),(179,99),(117,46),(155,52),(165,60),(163,48),(152,151),(145,173),(182,160),(167,178),(236,15),(190,41),(222,65),(165,132),(161,70),(185,125),(159,111),(165,69),(62,182),
93:(114,173),(131,88),(231,101),(156,163),(179,63),(178,90),(185,93),(180,71),(146,162),(155,47),(204,84),(156,154),(179,99),(116,46),(155,51),(165,61),(164,48),(152,151),(146,173),(182,161),(166,178),(236,15),(190,41),(222,66),(165,131),(161,71),(185,126),(159,112),(164,69),(62,182),
94:(115,173),(131,89),(231,102),(157,163),(179,64),(178,91),(185,92),(180,70),(146,162),(155,47),(204,84),(156,154),(179,99),(115,46),(155,50),(165,62),(165,48),(152,151),(147,173),(182,162),(165,178),(236,15),(190,41),(222,67),(165,130),(161,72),(185,127),(159,113),(163,69),(62,182),
95:(115,172),(131,90),(231,103),(158,163),(179,65),(178,92),(185,91),(180,69),(146,162),(155,47),(204,84),(156,154),(179,99),(114,46),(154,50),(165,63),(166,48),(152,151),(148,173),(182,163),(164,178),(236,15),(190,41),(222,68),(165,129),(161,73),(185,128),(159,114),(163,70),(62,182),
96:(115,171),(132,90),(231,104),(159,163),(179,66),(178,93),(185,90),(180,68),(146,162),(155,47),(204,84),(156,154),(179,99),(113,46),(153,50),(165,64),(166,49),(152,151),(149,173),(182,164),(163,178),(236,15),(190,41),(222,69),(165,128),(161,74),(185,129),(159,115),(162,70),(62,182),
97:(115,170),(133,90),(231,105),(160,163),(179,67),(178,94),(185,89),(180,67),(146,162),(155,47),(204,84),(156,154),(179,99),(112,46),(152,50),(165,65),(167,49),(152,151),(150,173),(182,165),(162,178),(236,15),(190,41),(222,70),(165,127),(161,75),(185,130),(159,116),(161,70),(62,182),
98:(116,170),(134,90),(231,106),(161,163),(179,68),(178,95),(185,88),(180,66),(146,162),(155,47),(204,84),(156,154),(179,99),(111,46),(151,50),(165,66),(167,50),(152,151),(151,173),(182,166),(161,178),(236,15),(190,41),(222,71),(165,126),(161,76),(185,131),(159,117),(161,71),(62,182),
99:(116,169),(135,90),(231,107),(162,163),(179,69),(178,96),(185,87),(180,65),(146,162),(155,47),(204,84),(156,154),(179,99),(110,46),(150,50),(165,67),(168,50),(152,151),(152,173),(182,167),(160,178),(236,15),(190,41),(222,72),(165,125),(161,77),(185,132),(159,118),(161,72),(62,182),
100:(116,168),(136,90),(231,108),(163,163),(179,70),(178,97),(185,86),(180,64),(146,162),(155,47),(204,84),(156,154),(179,99),(109,46),(150,49),(165,68),(168,51),(152,151),(153,173),(182,168),(160,177),(236,15),(190,41),(222,73),(165,124),(161,78),(185,133),(159,119),(161,73),(62,182),
101:(116,167),(137,90),(231,109),(164,163),(179,71),(178,98),(185,85),(180,63),(146,162),(155,47),(204,84),(156,154),(179,99),(108,46),(150,48),(165,69),(169,51),(152,151),(154,173),(182,169),(159,177),(236,15),(190,41),(222,74),(165,123),(161,79),(185,134),(159,120),(161,74),(62,182),
102:(116,166),(138,90),(231,110),(165,163),(179,72),(178,99),(185,84),(180,62),(146,162),(155,47),(204,84),(156,154),(179,99),(107,46),(149,48),(164,69),(169,52),(152,151),(155,173),(182,170),(159,176),(236,15),(190,41),(222,75),(165,122),(161,80),(185,135),(159,121),(161,75),(62,182),
103:(116,165),(139,90),(231,111),(166,163),(179,73),(178,100),(185,83),(180,61),(146,162),(155,47),(204,84),(156,154),(179,99),(106,46),(148,48),(163,69),(170,52),(152,151),(156,173),(182,171),(159,175),(236,15),(190,41),(222,76),(165,121),(161,81),(185,136),(159,122),(161,76),(62,182),
104:(116,164),(140,90),(231,112),(167,163),(179,74),(178,101),(185,82),(180,60),(146,162),(155,47),(204,84),(156,154),(179,99),(105,46),(147,48),(163,70),(170,53),(152,151),(157,173),(182,172),(159,174),(236,15),(190,41),(222,77),(165,120),(161,82),(185,137),(159,123),(161,77),(62,182),
105:(116,163),(141,90),(231,113),(168,163),(179,75),(178,102),(185,81),(180,59),(146,162),(155,47),(204,84),(156,154),(179,99),(104,46),(146,48),(162,70),(170,54),(152,151),(158,173),(182,173),(159,173),(236,15),(190,41),(222,78),(165,119),(160,82),(185,138),(159,124),(161,78),(62,182),
106:(116,162),(141,91),(231,114),(169,163),(179,76),(178,103),(185,80),(180,58),(146,162),(155,47),(204,84),(156,154),(179,99),(103,46),(145,48),(161,70),(170,55),(152,151),(159,173),(182,174),(159,172),(236,15),(190,41),(222,79),(165,118),(159,82),(186,138),(159,125),(161,79),(62,182),
107:(116,161),(141,92),(231,115),(170,163),(179,77),(178,104),(185,79),(180,57),(146,162),(155,47),(204,84),(156,154),(179,99),(102,46),(144,48),(161,71),(170,56),(152,151),(159,172),(182,175),(159,171),(236,15),(190,41),(222,80),(165,117),(159,83),(186,139),(159,126),(161,80),(62,182),
108:(116,160),(141,93),(231,116),(171,163),(179,78),(178,105),(185,78),(180,56),(146,162),(155,47),(204,84),(156,154),(179,99),(101,46),(143,48),(161,72),(171,56),(152,151),(159,171),(182,176),(159,170),(236,15),(190,41),(222,81),(165,116),(159,84),(186,140),(159,127),(161,81),(62,182),
109:(116,159),(142,93),(231,117),(172,163),(179,79),(178,106),(185,77),(180,55),(146,162),(155,47),(204,84),(156,154),(179,99),(101,46),(143,47),(161,73),(172,56),(152,151),(159,170),(182,176),(159,169),(236,15),(190,41),(222,82),(165,115),(159,85),(187,140),(159,128),(161,82),(62,182),
110:(116,158),(143,93),(231,118),(173,163),(179,80),(179,106),(185,76),(180,54),(146,162),(155,47),(204,84),(156,154),(179,99),(101,46),(142,47),(161,74),(173,56),(152,151),(159,169),(182,176),(159,168),(236,15),(190,41),(222,83),(165,114),(159,86),(187,141),(159,129),(160,82),(62,182),
111:(116,157),(144,93),(231,119),(174,163),(179,80),(179,107),(185,75),(180,53),(146,162),(155,47),(204,84),(156,154),(179,99),(101,46),(141,47),(161,75),(174,56),(152,151),(159,168),(182,176),(159,167),(236,15),(190,41),(222,84),(165,113),(159,87),(187,142),(159,130),(159,82),(62,182),
112:(116,156),(145,93),(231,120),(175,163),(179,80),(179,108),(185,74),(180,52),(146,162),(155,47),(204,84),(156,154),(179,99),(101,46),(140,47),(161,76),(175,56),(152,151),(159,167),(182,176),(159,166),(236,15),(190,41),(222,84),(165,112),(159,88),(187,143),(159,131),(158,82),(62,182),
113:(116,155),(146,93),(231,121),(176,163),(179,80),(180,108),(185,73),(180,51),(146,162),(155,47),(204,84),(156,154),(179,99),(101,46),(139,47),(161,77),(176,56),(152,151),(159,166),(182,176),(159,165),(236,15),(190,41),(222,84),(165,111),(159,89),(187,144),(159,132),(157,82),(62,182),
114:(116,155),(147,93),(231,122),(177,163),(179,80),(180,109),(185,72),(180,50),(146,162),(155,47),(204,84),(156,154),(179,99),(101,46),(138,47),(161,78),(177,56),(152,151),(159,165),(182,176),(159,164),(236,15),(190,41),(222,84),(165,110),(159,90),(187,145),(159,133),(157,83),(62,182),
115:(116,155),(148,93),(231,123),(177,162),(179,80),(181,109),(185,71),(180,49),(146,162),(155,47),(204,84),(156,154),(179,99),(101,46),(137,47),(161,79),(178,56),(152,151),(159,164),(182,176),(159,163),(236,15),(190,41),(222,84),(165,109),(159,91),(187,146),(159,134),(157,84),(62,182),
116:(116,155),(149,93),(231,124),(177,161),(179,80),(182,109),(185,70),(180,48),(146,162),(155,47),(204,84),(156,154),(179,99),(101,46),(136,47),(161,80),(179,56),(152,151),(159,163),(182,176),(159,162),(236,15),(190,41),(222,84),(165,108),(159,92),(187,147),(159,135),(157,85),(62,182),
117:(116,155),(150,93),(231,125),(177,160),(179,80),(182,110),(185,69),(180,47),(146,162),(155,47),(204,84),(156,154),(179,99),(101,46),(135,47),(161,81),(180,56),(152,151),(159,162),(182,176),(159,161),(236,15),(190,41),(222,84),(165,107),(159,93),(187,148),(159,136),(157,86),(62,182),
118:(116,155),(151,93),(231,126),(177,159),(179,80),(183,110),(185,68),(180,46),(146,162),(155,47),(204,84),(156,154),(179,99),(101,46),(134,47),(161,82),(181,56),(152,151),(159,161),(182,176),(159,160),(236,15),(190,41),(222,84),(165,106),(159,94),(187,149),(159,137),(157,87),(62,182),
119:(116,155),(152,93),(231,127),(177,158),(179,80),(183,111),(185,67),(179,46),(146,162),(155,47),(204,84),(156,154),(179,99),(101,46),(133,47),(160,82),(182,56),(152,151),(159,160),(182,176),(159,159),(236,15),(190,41),(222,84),(165,105),(159,95),(187,150),(158,137),(157,88),(62,182),
120:(116,155),(153,93),(231,128),(177,157),(179,80),(183,112),(185,66),(179,45),(146,162),(155,47),(204,84),(156,154),(179,99),(101,46),(132,47),(159,82),(183,56),(152,151),(159,159),(182,176),(159,158),(236,15),(190,41),(222,84),(165,104),(159,96),(187,151),(158,138),(157,89),(62,182),
121:(116,155),(154,93),(231,128),(177,156),(179,80),(183,113),(185,65),(178,45),(146,162),(155,47),(204,84),(156,154),(179,99),(101,46),(131,47),(159,83),(184,56),(152,151),(159,158),(182,176),(159,157),(236,15),(190,41),(222,84),(165,103),(159,97),(188,151),(157,138),(157,90),(62,182),
122:(116,155),(155,93),(231,128),(177,155),(179,80),(183,114),(185,64),(178,44),(146,162),(155,47),(204,84),(156,154),(179,99),(101,46),(130,47),(159,84),(185,56),(152,151),(159,157),(182,176),(159,156),(236,15),(190,41),(222,84),(165,102),(159,98),(189,151),(156,138),(156,90),(62,182),
123:(116,155),(156,93),(231,128),(177,154),(179,80),(183,115),(185,63),(177,44),(146,162),(155,47),(204,84),(156,154),(179,99),(101,46),(129,47),(159,85),(186,56),(152,151),(159,156),(182,176),(159,155),(236,15),(190,41),(222,84),(165,101),(159,99),(190,151),(156,139),(155,90),(62,182),
124:(116,155),(157,93),(231,128),(177,153),(179,80),(183,116),(185,62),(176,44),(146,162),(155,47),(204,84),(156,154),(179,99),(101,46),(128,47),(159,86),(187,56),(152,151),(159,155),(182,176),(159,154),(236,15),(190,41),(222,84),(165,100),(159,100),(191,151),(155,139),(154,90),(62,182),
125:(116,155),(158,93),(231,128),(177,152),(179,80),(183,117),(185,61),(175,44),(146,162),(155,47),(204,84),(156,154),(179,99),(101,46),(127,47),(159,87),(188,56),(152,151),(159,154),(182,176),(159,153),(236,15),(190,41),(222,84),(165,99),(159,101),(192,151),(154,139),(153,90),(62,182),
126:(116,155),(159,93),(231,128),(177,151),(179,80),(183,118),(185,60),(174,44),(146,162),(155,47),(204,84),(156,154),(179,99),(101,46),(126,47),(159,88),(189,56),(152,151),(159,153),(182,176),(159,152),(236,15),(190,41),(222,84),(165,98),(159,102),(192,152),(153,139),(152,90),(62,182),
127:(116,155),(160,93),(231,128),(177,150),(179,80),(183,119),(185,59),(173,44),(146,162),(155,47),(204,84),(156,154),(179,99),(101,46),(125,47),(159,89),(190,56),(152,151),(159,152),(182,176),(159,151),(236,15),(190,41),(222,84),(165,97),(159,103),(193,152),(153,140),(151,90),(62,182),
128:(116,155),(161,93),(231,128),(177,149),(179,80),(183,120),(185,58),(173,43),(146,162),(155,47),(204,84),(156,154),(179,99),(101,46),(124,47),(159,90),(191,56),(152,151),(159,151),(182,176),(159,150),(236,15),(190,41),(222,84),(165,96),(159,104),(194,152),(152,140),(151,91),(62,182),
129:(116,155),(162,93),(231,128),(177,148),(179,80),(183,121),(185,57),(172,43),(146,162),(155,47),(204,84),(156,154),(179,99),(101,46),(123,47),(159,91),(192,56),(152,151),(159,150),(182,176),(159,149),(236,15),(190,41),(222,84),(165,95),(159,105),(194,153),(151,140),(151,92),(62,182),
130:(116,155),(163,93),(231,128),(177,147),(179,80),(183,122),(185,56),(171,43),(146,162),(155,47),(204,84),(156,154),(179,99),(101,46),(122,47),(159,92),(193,56),(152,151),(159,149),(182,176),(159,148),(236,15),(190,41),(222,84),(165,94),(159,106),(195,153),(150,140),(150,92),(62,182),
131:(116,155),(164,93),(231,128),(177,146),(179,80),(183,123),(185,55),(170,43),(146,162),(155,47),(204,84),(156,154),(179,99),(101,46),(121,47),(159,93),(194,56),(152,151),(159,148),(182,176),(159,147),(236,15),(190,41),(222,84),(165,93),(159,107),(195,154),(150,141),(149,92),(62,182),
132:(116,155),(165,93),(231,128),(177,145),(179,80),(183,124),(185,54),(169,43),(146,162),(155,47),(204,84),(156,154),(179,99),(101,46),(120,47),(159,94),(195,56),(152,151),(159,147),(182,176),(159,146),(236,15),(190,41),(222,84),(165,92),(159,108),(196,154),(149,141),(148,92),(62,182),
133:(116,155),(166,93),(231,128),(177,144),(179,80),(183,125),(185,53),(169,42),(146,162),(155,47),(204,84),(156,154),(179,99),(101,46),(119,47),(159,95),(196,56),(152,151),(159,146),(182,176),(159,145),(236,15),(190,41),(222,84),(165,91),(159,109),(196,155),(148,141),(147,92),(62,182),
134:(116,155),(167,93),(231,128),(177,143),(179,80),(184,125),(185,52),(168,42),(146,162),(155,47),(204,84),(156,154),(179,99),(101,46),(118,47),(159,96),(197,56),(152,151),(159,145),(182,176),(159,144),(236,15),(190,41),(222,84),(165,90),(159,110),(197,155),(147,141),(146,92),(62,182),
135:(116,155),(168,93),(231,128),(177,142),(179,80),(185,125),(185,51),(168,41),(146,162),(155,47),(204,84),(156,154),(179,99),(101,46),(117,47),(159,97),(198,56),(152,151),(159,144),(182,176),(159,143),(236,15),(190,41),(222,84),(165,89),(159,111),(198,155),(147,142),(145,92),(62,182),
136:(116,155),(169,93),(231,128),(177,141),(179,80),(185,126),(185,50),(167,41),(146,162),(155,47),(204,84),(156,154),(179,99),(101,46),(116,47),(159,98),(199,56),(152,151),(159,143),(182,176),(159,142),(236,15),(190,41),(222,84),(165,88),(159,112),(198,156),(147,143),(145,93),(62,182),
137:(116,155),(170,93),(231,128),(177,140),(179,80),(185,127),(185,49),(167,40),(146,162),(155,47),(204,84),(156,154),(179,99),(101,46),(115,47),(159,99),(200,56),(152,151),(159,142),(182,176),(159,141),(236,15),(190,41),(222,84),(165,87),(159,113),(198,157),(147,144),(144,93),(62,182),
138:(116,155),(171,93),(231,128),(178,140),(179,80),(185,128),(185,48),(166,40),(146,162),(155,47),(204,84),(156,154),(179,99),(101,46),(114,47),(159,100),(201,56),(152,151),(159,141),(182,176),(159,140),(236,15),(190,41),(222,84),(165,86),(159,114),(198,158),(147,145),(143,93),(62,182),
139:(116,155),(172,93),(231,128),(178,139),(179,80),(185,129),(185,47),(165,40),(146,162),(155,47),(204,84),(156,154),(179,99),(101,46),(113,47),(159,101),(202,56),(152,151),(159,140),(182,176),(159,139),(236,15),(190,41),(222,84),(165,85),(159,115),(198,159),(147,146),(142,93),(62,182),
140:(116,155),(173,93),(231,128),(178,138),(179,80),(185,130),(185,46),(165,39),(146,162),(155,47),(204,84),(156,154),(179,99),(101,46),(112,47),(159,102),(203,56),(152,151),(159,139),(182,176),(159,138),(236,15),(190,41),(222,84),(165,84),(159,116),(198,160),(147,147),(141,93),(62,182),
141:(116,155),(174,93),(231,128),(178,137),(179,80),(185,131),(186,46),(164,39),(146,162),(155,47),(204,84),(156,154),(179,99),(101,46),(111,47),(159,103),(204,56),(152,151),(159,138),(182,176),(159,137),(236,15),(190,41),(222,84),(165,83),(159,117),(199,160),(147,148),(140,93),(62,182),
142:(116,155),(175,93),(231,128),(178,136),(179,80),(185,132),(186,45),(164,38),(146,162),(155,47),(204,84),(156,154),(179,99),(101,46),(110,47),(159,104),(205,56),(152,151),(159,137),(182,176),(159,136),(236,15),(190,41),(222,84),(165,82),(159,118),(199,161),(146,148),(139,93),(62,182),
143:(116,155),(176,93),(231,128),(178,135),(179,80),(185,133),(187,45),(163,38),(146,162),(155,47),(204,84),(156,154),(179,99),(101,46),(109,47),(159,105),(206,56),(152,151),(159,136),(182,176),(159,135),(236,15),(190,41),(222,84),(165,81),(159,119),(200,161),(145,148),(138,93),(62,182),
144:(116,155),(177,93),(231,128),(178,134),(179,80),(185,134),(187,44),(163,37),(146,162),(155,47),(204,84),(156,154),(179,99),(101,46),(108,47),(159,106),(207,56),(152,151),(159,135),(182,176),(159,134),(236,15),(190,41),(222,84),(165,80),(159,120),(200,162),(144,148),(137,93),(62,182),
145:(116,155),(178,93),(231,128),(178,133),(179,80),(185,135),(188,44),(162,37),(146,162),(155,47),(204,84),(156,154),(179,99),(101,46),(107,47),(159,107),(208,56),(152,151),(159,134),(182,176),(159,133),(236,15),(190,41),(222,84),(165,79),(159,121),(200,163),(143,148),(136,93),(62,182),
146:(116,155),(179,93),(231,128),(178,132),(179,80),(185,136),(189,44),(162,36),(146,162),(155,47),(204,84),(156,154),(179,99),(101,46),(106,47),(159,108),(209,56),(152,151),(159,133),(182,176),(159,132),(236,15),(190,41),(222,84),(165,78),(159,122),(200,164),(142,148),(135,93),(62,182),
147:(116,155),(180,93),(231,128),(178,131),(179,80),(185,137),(190,44),(161,36),(146,162),(155,47),(204,84),(156,154),(179,99),(101,46),(105,47),(159,109),(210,56),(152,151),(159,132),(182,176),(158,132),(236,15),(190,41),(222,84),(165,77),(159,123),(200,165),(141,148),(134,93),(62,182),
148:(116,155),(181,93),(231,128),(178,130),(179,80),(185,138),(191,44),(160,36),(146,162),(155,47),(204,84),(156,154),(179,99),(101,46),(104,47),(159,110),(211,56),(152,151),(158,132),(182,176),(158,131),(236,15),(190,41),(222,84),(165,76),(159,124),(200,166),(140,148),(133,93),(62,182),
149:(116,155),(182,93),(231,128),(178,129),(179,80),(186,138),(192,44),(160,35),(146,162),(155,47),(204,84),(156,154),(179,99),(101,46),(103,47),(159,111),(212,56),(152,151),(158,131),(182,176),(158,130),(236,15),(190,41),(222,84),(165,75),(159,125),(200,167),(139,148),(132,93),(62,182),
150:(116,155),(183,93),(231,128),(178,128),(179,80),(186,139),(193,44),(159,35),(146,162),(155,47),(204,84),(156,154),(179,99),(101,46),(102,47),(159,112),(213,56),(152,151),(158,130),(182,176),(158,129),(236,15),(190,41),(222,84),(165,74),(159,126),(200,168),(138,148),(131,93),(62,182),
151:(116,155),(184,93),(231,128),(178,127),(179,80),(186,140),(194,44),(158,35),(146,162),(155,47),(204,84),(156,154),(179,99),(101,46),(101,47),(159,113),(214,56),(152,151),(158,129),(182,176),(157,129),(236,15),(190,41),(222,84),(165,73),(159,127),(200,169),(138,149),(130,93),(62,182),
152:(116,155),(185,93),(231,128),(178,126),(179,80),(187,140),(195,44),(158,34),(146,162),(155,47),(204,84),(156,154),(179,99),(101,46),(100,47),(159,114),(215,56),(152,151),(157,129),(182,176),(157,128),(236,15),(190,41),(222,84),(165,72),(159,128),(200,170),(137,149),(129,93),(62,182),
153:(116,155),(186,93),(231,128),(178,125),(179,80),(187,141),(195,43),(157,34),(146,162),(155,47),(204,84),(156,154),(179,99),(101,46),(99,47),(159,115),(216,56),(152,151),(157,128),(182,176),(157,127),(236,15),(190,41),(222,84),(165,71),(159,129),(200,171),(136,149),(128,93),(62,182),
154:(116,155),(187,93),(231,128),(178,124),(179,80),(187,142),(195,42),(156,34),(146,162),(155,47),(204,84),(156,154),(179,99),(101,46),(98,47),(159,116),(217,56),(152,151),(157,127),(182,176),(157,126),(236,15),(190,41),(222,84),(165,70),(159,130),(201,171),(135,149),(127,93),(62,182),
155:(116,155),(187,92),(231,128),(178,123),(179,80),(187,143),(195,41),(156,33),(146,162),(155,47),(204,84),(156,154),(179,99),(101,46),(97,47),(159,117),(218,56),(152,151),(157,126),(182,176),(156,126),(236,15),(190,41),(222,84),(165,69),(159,131),(202,171),(134,149),(126,93),(62,182),
156:(116,155),(187,91),(231,128),(178,122),(179,80),(187,144),(195,40),(156,32),(146,162),(155,47),(204,84),(156,154),(179,99),(101,46),(96,47),(159,118),(219,56),(152,151),(156,126),(182,176),(156,125),(236,15),(190,41),(222,84),(165,68),(159,132),(202,172),(133,149),(125,93),(62,182),
157:(116,155),(188,91),(231,128),(178,121),(179,80),(187,145),(195,39),(155,32),(146,162),(155,47),(204,84),(156,154),(179,99),(101,46),(95,47),(159,119),(220,56),(152,151),(156,125),(182,176),(156,124),(236,15),(190,41),(222,84),(165,67),(159,133),(203,172),(132,149),(124,93),(62,182),
158:(116,155),(188,90),(231,128),(178,120),(179,80),(187,146),(195,38),(155,31),(146,162),(155,47),(204,84),(156,154),(179,99),(101,46),(94,47),(159,120),(221,56),(152,151),(156,124),(182,176),(156,123),(236,15),(190,41),(222,84),(165,66),(159,134),(203,173),(131,149),(123,93),(62,182),
159:(116,155),(188,89),(231,128),(178,119),(179,80),(187,147),(195,37),(154,31),(146,162),(155,47),(204,84),(156,154),(179,99),(101,46),(93,47),(159,121),(222,56),(152,151),(156,123),(182,176),(156,122),(236,15),(190,41),(222,84),(165,65),(159,135),(204,173),(130,149),(122,93),(62,182),
160:(116,155),(188,88),(231,128),(178,118),(179,80),(187,148),(195,36),(154,30),(146,162),(155,47),(204,84),(156,154),(179,99),(101,46),(92,47),(159,122),(223,56),(152,151),(156,122),(182,176),(155,122),(236,15),(190,41),(222,84),(165,64),(159,136),(204,174),(129,149),(121,93),(62,182),
161:(116,155),(188,87),(231,128),(178,117),(179,80),(187,149),(195,35),(153,30),(146,162),(155,47),(204,84),(156,154),(179,99),(101,46),(91,47),(159,123),(224,56),(152,151),(155,122),(182,176),(155,121),(236,15),(190,41),(222,84),(165,63),(159,137),(205,174),(128,149),(120,93),(62,182),
162:(116,155),(188,86),(231,128),(178,116),(179,80),(187,150),(196,35),(152,30),(146,162),(155,47),(204,84),(156,154),(179,99),(101,46),(90,47),(159,124),(225,56),(152,151),(155,121),(182,176),(155,120),(236,15),(190,41),(222,84),(165,62),(158,137),(205,175),(128,150),(119,93),(62,182),
163:(116,155),(188,85),(231,128),(178,115),(179,80),(187,151),(197,35),(151,30),(146,162),(155,47),(204,84),(156,154),(179,99),(101,46),(89,47),(159,125),(226,56),(152,151),(155,120),(182,176),(154,120),(236,15),(190,41),(222,84),(165,61),(158,138),(206,175),(128,151),(118,93),(62,182),
164:(116,155),(188,84),(231,128),(178,114),(179,80),(188,151),(198,35),(150,30),(146,162),(155,47),(204,84),(156,154),(179,99),(101,46),(88,47),(159,126),(227,56),(152,151),(154,120),(182,176),(154,119),(236,15),(190,41),(222,84),(165,60),(157,138),(206,176),(128,152),(117,93),(62,182),
165:(116,155),(188,83),(231,128),(178,113),(179,80),(189,151),(198,34),(149,30),(146,162),(155,47),(204,84),(156,154),(179,99),(101,46),(87,47),(159,127),(228,56),(152,151),(154,119),(182,176),(153,119),(236,15),(190,41),(222,84),(165,59),(156,138),(207,176),(127,152),(116,93),(62,182),
166:(116,155),(188,82),(231,128),(178,112),(179,80),(190,151),(198,34),(149,29),(146,162),(155,47),(204,84),(156,154),(179,99),(101,46),(86,47),(159,128),(229,56),(152,151),(153,119),(182,176),(152,119),(236,15),(190,41),(222,84),(165,58),(156,139),(207,177),(126,152),(115,93),(62,182),
167:(116,155),(188,81),(231,128),(178,111),(179,80),(191,151),(198,34),(148,29),(146,162),(155,47),(204,84),(156,154),(179,99),(101,46),(85,47),(159,129),(230,56),(152,151),(152,119),(182,176),(152,118),(236,15),(190,41),(222,84),(164,58),(155,139),(207,178),(125,152),(114,93),(62,182),
168:(116,155),(188,80),(231,128),(178,110),(179,80),(192,151),(198,34),(147,29),(146,162),(155,47),(204,84),(156,154),(179,99),(101,46),(84,47),(159,130),(231,56),(152,151),(152,118),(182,176),(151,118),(236,15),(190,41),(222,84),(163,58),(154,139),(207,179),(124,152),(113,93),(62,182),
169:(116,155),(188,79),(231,128),(178,109),(179,80),(192,152),(198,34),(146,29),(146,162),(155,47),(204,84),(156,154),(179,99),(101,46),(83,47),(159,131),(232,56),(152,151),(151,118),(182,176),(151,117),(236,15),(190,41),(222,84),(162,58),(153,139),(207,180),(123,152),(112,93),(62,182),
170:(116,155),(188,78),(231,128),(178,108),(179,80),(193,152),(198,34),(145,29),(146,162),(155,47),(204,84),(156,154),(179,99),(101,46),(83,48),(159,132),(233,56),(152,151),(151,117),(182,176),(150,117),(236,15),(190,41),(222,84),(161,58),(153,140),(207,181),(122,152),(111,93),(62,182),
171:(116,155),(188,77),(231,128),(178,107),(179,80),(194,152),(198,34),(144,29),(146,162),(155,47),(204,84),(156,154),(179,99),(101,46),(83,48),(159,133),(234,56),(152,151),(150,117),(182,176),(150,116),(236,15),(190,41),(222,84),(160,58),(152,140),(207,182),(121,152),(110,93),(62,182),
172:(116,155),(188,76),(231,128),(178,106),(179,80),(194,153),(198,34),(143,29),(146,162),(155,47),(204,84),(156,154),(179,99),(101,46),(83,48),(159,134),(235,56),(152,151),(150,116),(182,176),(149,116),(236,15),(190,41),(222,84),(159,58),(151,140),(207,183),(120,152),(109,93),(62,182),
173:(116,155),(188,75),(231,128),(178,105),(179,80),(195,153),(198,34),(142,29),(146,162),(155,47),(204,84),(156,154),(179,99),(101,46),(83,48),(159,135),(236,56),(152,151),(149,116),(182,176),(149,115),(236,15),(190,41),(222,84),(158,58),(150,140),(207,184),(119,152),(108,93),(62,182),
174:(116,155),(188,74),(231,128),(178,104),(179,80),(195,154),(198,34),(141,29),(146,162),(155,47),(204,84),(156,154),(179,99),(101,46),(83,48),(159,136),(237,56),(152,151),(149,115),(182,176),(148,115),(236,15),(190,41),(222,84),(158,57),(150,141),(207,185),(118,152),(107,93),(62,182),
175:(116,155),(188,73),(231,128),(179,104),(179,80),(196,154),(198,34),(140,29),(146,162),(155,47),(204,84),(156,154),(179,99),(101,46),(83,48),(159,137),(238,56),(152,151),(148,115),(182,176),(148,114),(236,15),(190,41),(222,84),(158,56),(149,141),(207,186),(117,152),(106,93),(62,182),
176:(116,155),(188,72),(231,128),(180,104),(179,80),(196,155),(198,34),(139,29),(146,162),(155,47),(204,84),(156,154),(179,99),(101,46),(83,48),(158,137),(239,56),(152,151),(148,114),(182,176),(148,113),(236,15),(190,41),(222,84),(158,55),(148,141),(207,187),(116,152),(105,93),(62,182),
177:(116,155),(188,71),(231,128),(181,104),(179,80),(197,155),(198,34),(138,29),(146,162),(155,47),(204,84),(156,154),(179,99),(101,46),(83,48),(158,138),(240,56),(152,151),(148,113),(182,176),(147,113),(236,15),(190,41),(222,84),(158,54),(147,141),(207,188),(116,153),(104,93),(62,182),
178:(116,155),(188,71),(231,128),(181,103),(179,80),(198,155),(198,34),(138,28),(146,162),(155,47),(204,84),(156,154),(179,99),(101,46),(83,48),(157,138),(240,55),(152,151),(147,113),(182,176),(146,113),(236,15),(190,41),(222,84),(158,53),(147,142),(207,189),(115,153),(103,93),(62,182),
179:(116,155),(188,71),(231,128),(182,103),(179,80),(198,156),(198,34),(138,27),(146,162),(155,47),(204,84),(156,154),(179,99),(101,46),(83,48),(156,138),(240,54),(152,151),(146,113),(182,176),(145,113),(236,15),(190,41),(222,84),(157,53),(147,143),(207,190),(114,153),(102,93),(62,182),
180:(116,155),(188,71),(231,128),(182,102),(179,80),(198,157),(198,34),(138,26),(146,162),(155,47),(204,84),(156,154),(179,99),(101,46),(83,48),(156,139),(240,53),(152,151),(145,113),(182,176),(144,113),(236,15),(190,41),(222,84),(157,52),(147,144),(207,191),(113,153),(101,93),(62,182),
181:(116,155),(188,71),(231,128),(183,102),(179,80),(198,158),(198,34),(138,25),(146,162),(155,47),(204,84),(156,154),(179,99),(101,46),(83,48),(155,139),(240,52),(152,151),(144,113),(182,176),(143,113),(236,15),(190,41),(222,84),(156,52),(147,145),(207,192),(112,153),(100,93),(62,182),
182:(116,155),(188,71),(231,128),(184,102),(179,80),(198,159),(198,34),(138,24),(146,162),(155,47),(204,84),(156,154),(179,99),(101,46),(83,48),(154,139),(240,51),(152,151),(143,113),(182,176),(142,113),(236,15),(190,41),(222,84),(155,52),(147,146),(207,193),(111,153),(99,93),(62,182),
183:(116,155),(188,71),(231,128),(185,102),(179,80),(198,160),(198,34),(138,23),(146,162),(155,47),(204,84),(156,154),(179,99),(101,46),(83,48),(153,139),(240,50),(152,151),(142,113),(182,176),(141,113),(236,15),(190,41),(222,84),(155,51),(147,147),(207,194),(110,153),(98,93),(62,182),
184:(116,155),(188,71),(231,128),(185,101),(179,80),(199,160),(198,34),(137,23),(146,162),(155,47),(204,84),(156,154),(179,99),(101,46),(83,48),(153,140),(240,49),(152,151),(141,113),(182,176),(141,112),(236,15),(190,41),(222,84),(155,50),(147,148),(207,195),(109,153),(97,93),(62,182),
185:(116,155),(188,71),(231,128),(185,100),(179,80),(199,161),(198,34),(137,22),(146,162),(155,47),(204,84),(156,154),(179,99),(101,46),(83,48),(152,140),(240,48),(152,151),(141,112),(182,176),(140,112),(236,15),(190,41),(222,84),(154,50),(146,148),(207,196),(108,153),(96,93),(62,182),
186:(116,155),(188,71),(231,128),(185,99),(179,80),(200,161),(198,34),(137,21),(146,162),(155,47),(204,84),(156,154),(179,99),(101,46),(83,48),(151,140),(240,48),(152,151),(140,112),(182,176),(140,111),(236,15),(190,41),(222,84),(153,50),(145,148),(207,197),(107,153),(95,93),(62,182),
187:(116,155),(188,71),(231,128),(185,98),(179,80),(200,162),(198,34),(137,20),(146,162),(155,47),(204,84),(156,154),(179,99),(101,46),(83,48),(150,140),(240,48),(152,151),(140,111),(182,176),(140,110),(236,15),(190,41),(222,84),(152,50),(144,148),(207,198),(106,153),(94,93),(62,182),
188:(116,155),(188,71),(231,128),(185,97),(179,80),(200,163),(198,34),(137,19),(146,162),(155,47),(204,84),(156,154),(179,99),(101,46),(83,48),(150,141),(240,48),(152,151),(140,110),(182,176),(139,110),(236,15),(190,41),(222,84),(151,50),(143,148),(207,199),(105,153),(93,93),(62,182),
189:(116,155),(188,71),(231,128),(185,96),(179,80),(200,164),(198,34),(137,18),(146,162),(155,47),(204,84),(156,154),(179,99),(101,46),(83,48),(149,141),(240,48),(152,151),(139,110),(182,176),(139,109),(236,15),(190,41),(222,84),(150,50),(142,148),(207,200),(104,153),(92,93),(62,182),
190:(116,155),(188,71),(231,128),(185,95),(179,80),(200,165),(198,34),(137,17),(146,162),(155,47),(204,84),(156,154),(179,99),(101,46),(83,48),(148,141),(240,48),(152,151),(139,109),(182,176),(139,108),(236,15),(190,41),(222,84),(150,49),(141,148),(207,201),(103,153),(91,93),(62,182),
191:(116,155),(188,71),(231,128),(185,94),(179,80),(200,166),(198,34),(137,16),(146,162),(155,47),(204,84),(156,154),(179,99),(101,46),(83,48),(147,141),(240,48),(152,151),(139,108),(182,176),(138,108),(236,15),(190,41),(222,84),(150,48),(140,148),(207,202),(102,153),(90,93),(62,182),
192:(116,155),(188,71),(231,128),(186,94),(179,80),(200,167),(198,34),(137,15),(146,162),(155,47),(204,84),(156,154),(179,99),(101,46),(83,48),(147,142),(240,48),(152,151),(138,108),(182,176),(137,108),(236,15),(190,41),(222,84),(149,48),(139,148),(207,203),(101,153),(89,93),(62,182),
193:(116,155),(188,71),(231,128),(187,94),(179,80),(200,168),(198,34),(137,14),(146,162),(155,47),(204,84),(156,154),(179,99),(101,46),(83,48),(147,143),(240,48),(152,151),(137,108),(182,176),(136,108),(236,15),(190,41),(222,84),(148,48),(138,148),(207,204),(100,153),(88,93),(62,182),
194:(116,155),(188,71),(231,128),(187,93),(179,80),(200,169),(198,34),(137,13),(146,162),(155,47),(204,84),(156,154),(179,99),(101,46),(83,48),(147,144),(240,48),(152,151),(136,108),(182,176),(135,108),(236,15),(190,41),(222,84),(147,48),(138,149),(207,205),(99,153),(87,93),(62,182),
195:(116,155),(188,71),(231,128),(187,92),(179,80),(201,169),(198,34),(137,12),(146,162),(155,47),(204,84),(156,154),(179,99),(101,46),(83,48),(147,145),(240,48),(152,151),(135,108),(182,176),(134,108),(236,15),(190,41),(222,84),(146,48),(137,149),(207,205),(98,153),(86,93),(62,182),
196:(116,155),(188,71),(231,128),(187,91),(179,80),(201,170),(198,34),(137,11),(146,162),(155,47),(204,84),(156,154),(179,99),(101,46),(83,48),(147,146),(240,48),(152,151),(134,108),(182,176),(133,108),(236,15),(190,41),(222,84),(145,48),(136,149),(207,205),(97,153),(85,93),(62,182),
197:(116,155),(188,71),(231,128),(188,91),(179,80),(201,170),(198,34),(137,10),(146,162),(155,47),(204,84),(156,154),(179,99),(101,46),(83,48),(147,147),(240,48),(152,151),(133,108),(182,176),(132,108),(236,15),(190,41),(222,84),(144,48),(135,149),(207,205),(96,153),(84,93),(62,182),
198:(116,155),(188,71),(231,128),(189,91),(179,80),(201,170),(198,34),(137,9),(146,162),(155,47),(204,84),(156,154),(179,99),(101,46),(83,48),(147,148),(240,48),(152,151),(132,108),(182,176),(131,108),(236,15),(190,41),(222,84),(143,48),(134,149),(207,205),(95,153),(83,93),(62,182),
199:(116,155),(188,71),(231,128),(190,91),(179,80),(201,170),(198,34),(137,8),(146,162),(155,47),(204,84),(156,154),(179,99),(101,46),(83,48),(146,148),(240,48),(152,151),(131,108),(182,176),(130,108),(236,15),(190,41),(222,84),(143,47),(133,149),(207,205),(94,153),(82,93),(62,182),
200:(116,155),(188,71),(231,128),(191,91),(179,80),(201,170),(198,34),(137,7),(146,162),(155,47),(204,84),(156,154),(179,99),(101,46),(83,48),(145,148),(240,48),(152,151),(130,108),(182,176),(129,108),(236,15),(190,41),(222,84),(142,47),(132,149),(207,205),(93,153),(81,93),(62,182),
201:(116,155),(188,71),(231,128),(191,90),(179,80),(201,170),(198,34),(137,6),(146,162),(155,47),(204,84),(156,154),(179,99),(101,46),(83,48),(144,148),(240,48),(152,151),(129,108),(182,176),(128,108),(236,15),(190,41),(222,84),(141,47),(131,149),(207,205),(92,153),(80,93),(62,182),
202:(116,155),(188,71),(231,128),(191,89),(179,80),(201,170),(198,34),(137,6),(146,162),(155,47),(204,84),(156,154),(179,99),(101,46),(83,48),(143,148),(240,48),(152,151),(128,108),(182,176),(127,108),(236,15),(190,41),(222,84),(140,47),(130,149),(207,205),(91,153),(79,93),(62,182),
203:(116,155),(188,71),(231,128),(191,88),(179,80),(201,170),(198,34),(137,6),(146,162),(155,47),(204,84),(156,154),(179,99),(101,46),(83,48),(142,148),(240,48),(152,151),(127,108),(182,176),(126,108),(236,15),(190,41),(222,84),(139,47),(129,149),(207,205),(90,153),(78,93),(62,182),
204:(116,155),(188,71),(231,128),(191,87),(179,80),(201,170),(198,34),(137,6),(146,162),(155,47),(204,84),(156,154),(179,99),(101,46),(83,48),(141,148),(240,48),(152,151),(126,108),(182,176),(125,108),(236,15),(190,41),(222,84),(138,47),(128,149),(207,205),(89,153),(77,93),(62,182),
205:(116,155),(188,71),(231,128),(191,86),(179,80),(201,170),(198,34),(137,6),(146,162),(155,47),(204,84),(156,154),(179,99),(101,46),(83,48),(140,148),(240,48),(152,151),(125,108),(182,176),(124,108),(236,15),(190,41),(222,84),(137,47),(128,150),(207,205),(88,153),(76,93),(62,182),
206:(116,155),(188,71),(231,128),(192,86),(179,80),(201,170),(198,34),(137,6),(146,162),(155,47),(204,84),(156,154),(179,99),(101,46),(83,48),(139,148),(240,48),(152,151),(124,108),(182,176),(123,108),(236,15),(190,41),(222,84),(136,47),(128,151),(207,205),(87,153),(75,93),(62,182),
207:(116,155),(188,71),(231,128),(193,86),(179,80),(201,170),(198,34),(137,6),(146,162),(155,47),(204,84),(156,154),(179,99),(101,46),(83,48),(138,148),(240,48),(152,151),(123,108),(182,176),(122,108),(236,15),(190,41),(222,84),(135,47),(128,152),(207,205),(86,153),(74,93),(62,182),
208:(116,155),(188,71),(231,128),(194,86),(179,80),(201,170),(198,34),(137,6),(146,162),(155,47),(204,84),(156,154),(179,99),(101,46),(83,48),(138,149),(240,48),(152,151),(122,108),(182,176),(121,108),(236,15),(190,41),(222,84),(134,47),(127,152),(207,205),(85,153),(73,93),(62,182),
209:(116,155),(188,71),(231,128),(195,86),(179,80),(201,170),(198,34),(137,6),(146,162),(155,47),(204,84),(156,154),(179,99),(101,46),(83,48),(137,149),(240,48),(152,151),(121,108),(182,176),(120,108),(236,15),(190,41),(222,84),(133,47),(126,152),(207,205),(84,153),(72,93),(62,182),
210:(116,155),(188,71),(231,128),(196,86),(179,80),(201,170),(198,34),(137,6),(146,162),(155,47),(204,84),(156,154),(179,99),(101,46),(83,48),(136,149),(240,48),(152,151),(120,108),(182,176),(119,108),(236,15),(190,41),(222,84),(132,47),(125,152),(207,205),(83,153),(71,93),(62,182),
211:(116,155),(188,71),(231,128),(197,86),(179,80),(201,170),(198,34),(137,6),(146,162),(155,47),(204,84),(156,154),(179,99),(101,46),(83,48),(135,149),(240,48),(152,151),(119,108),(182,176),(118,108),(236,15),(190,41),(222,84),(131,47),(124,152),(207,205),(82,153),(70,93),(62,182),
212:(116,155),(188,71),(231,128),(198,86),(179,80),(201,170),(198,34),(137,6),(146,162),(155,47),(204,84),(156,154),(179,99),(101,46),(83,48),(134,149),(240,48),(152,151),(118,108),(182,176),(117,108),(236,15),(190,41),(222,84),(130,47),(123,152),(207,205),(81,153),(69,93),(62,182),
213:(116,155),(188,71),(231,128),(199,86),(179,80),(201,170),(198,34),(137,6),(146,162),(155,47),(204,84),(156,154),(179,99),(101,46),(83,48),(133,149),(240,48),(152,151),(117,108),(182,176),(116,108),(236,15),(190,41),(222,84),(129,47),(122,152),(207,205),(80,153),(68,93),(62,182),
214:(116,155),(188,71),(231,128),(200,86),(179,80),(201,170),(198,34),(137,6),(146,162),(155,47),(204,84),(156,154),(179,99),(101,46),(83,48),(132,149),(240,48),(152,151),(116,108),(182,176),(115,108),(236,15),(190,41),(222,84),(128,47),(121,152),(207,205),(79,153),(67,93),(62,182),
215:(116,155),(188,71),(231,128),(201,86),(179,80),(201,170),(198,34),(137,6),(146,162),(155,47),(204,84),(156,154),(179,99),(101,46),(83,48),(131,149),(240,48),(152,151),(115,108),(182,176),(114,108),(236,15),(190,41),(222,84),(127,47),(120,152),(207,205),(78,153),(66,93),(62,182),
216:(116,155),(188,71),(231,128),(202,86),(179,80),(201,170),(198,34),(137,6),(146,162),(155,47),(204,84),(156,154),(179,99),(101,46),(83,48),(130,149),(240,48),(152,151),(114,108),(182,176),(113,108),(236,15),(190,41),(222,84),(126,47),(119,152),(207,205),(77,153),(65,93),(62,182),
217:(116,155),(188,71),(231,128),(203,86),(179,80),(201,170),(198,34),(137,6),(146,162),(155,47),(204,84),(156,154),(179,99),(101,46),(83,48),(129,149),(240,48),(152,151),(113,108),(182,176),(112,108),(236,15),(190,41),(222,84),(125,47),(118,152),(207,205),(76,153),(64,93),(62,182),
218:(116,155),(188,71),(231,128),(204,86),(179,80),(201,170),(198,34),(137,6),(146,162),(155,47),(204,84),(156,154),(179,99),(101,46),(83,48),(128,149),(240,48),(152,151),(112,108),(182,176),(111,108),(236,15),(190,41),(222,84),(124,47),(117,152),(207,205),(75,153),(63,93),(62,182),
219:(116,155),(188,71),(231,128),(205,86),(179,80),(201,170),(198,34),(137,6),(146,162),(155,47),(204,84),(156,154),(179,99),(101,46),(83,48),(128,150),(240,48),(152,151),(111,108),(182,176),(110,108),(236,15),(190,41),(222,84),(123,47),(116,152),(207,205),(74,153),(62,93),(62,182),
220:(116,155),(188,71),(231,128),(206,86),(179,80),(201,170),(198,34),(137,6),(146,162),(155,47),(204,84),(156,154),(179,99),(101,46),(83,48),(128,151),(240,48),(152,151),(110,108),(182,176),(109,108),(236,15),(190,41),(222,84),(122,47),(116,153),(207,205),(73,153),(62,94),(62,182),
221:(116,155),(188,71),(231,128),(207,86),(179,80),(201,170),(198,34),(137,6),(146,162),(155,47),(204,84),(156,154),(179,99),(101,46),(83,48),(128,152),(240,48),(152,151),(109,108),(182,176),(108,108),(236,15),(190,41),(222,84),(121,47),(115,153),(207,205),(72,153),(62,95),(62,182),
222:(116,155),(188,71),(231,128),(208,86),(179,80),(201,170),(198,34),(137,6),(146,162),(155,47),(204,84),(156,154),(179,99),(101,46),(83,48),(127,152),(240,48),(152,151),(108,108),(182,176),(107,108),(236,15),(190,41),(222,84),(120,47),(114,153),(207,205),(71,153),(62,96),(62,182),
223:(116,155),(188,71),(231,128),(209,86),(179,80),(201,170),(198,34),(137,6),(146,162),(155,47),(204,84),(156,154),(179,99),(101,46),(83,48),(126,152),(240,48),(152,151),(107,108),(182,176),(106,108),(236,15),(190,41),(222,84),(119,47),(113,153),(207,205),(70,153),(62,96),(62,182),
224:(116,155),(188,71),(231,128),(210,86),(179,80),(201,170),(198,34),(137,6),(146,162),(155,47),(204,84),(156,154),(179,99),(101,46),(83,48),(125,152),(240,48),(152,151),(106,108),(182,176),(105,108),(236,15),(190,41),(222,84),(118,47),(112,153),(207,205),(69,153),(62,96),(62,182),
225:(116,155),(188,71),(231,128),(211,86),(179,80),(201,170),(198,34),(137,6),(146,162),(155,47),(204,84),(156,154),(179,99),(101,46),(83,48),(124,152),(240,48),(152,151),(105,108),(182,176),(104,108),(236,15),(190,41),(222,84),(117,47),(111,153),(207,205),(69,154),(62,96),(62,182),
226:(116,155),(188,71),(231,128),(212,86),(179,80),(201,170),(198,34),(137,6),(146,162),(155,47),(204,84),(156,154),(179,99),(101,46),(83,48),(123,152),(240,48),(152,151),(104,108),(182,176),(103,108),(236,15),(190,41),(222,84),(116,47),(110,153),(207,205),(69,155),(62,96),(62,182),
227:(116,155),(188,71),(231,128),(213,86),(179,80),(201,170),(198,34),(137,6),(146,162),(155,47),(204,84),(156,154),(179,99),(101,46),(83,48),(122,152),(240,48),(152,151),(103,108),(182,176),(102,108),(236,15),(190,41),(222,84),(115,47),(109,153),(207,205),(69,156),(62,96),(62,182),
228:(116,155),(188,71),(231,128),(214,86),(179,80),(201,170),(198,34),(137,6),(146,162),(155,47),(204,84),(156,154),(179,99),(101,46),(83,48),(121,152),(240,48),(152,151),(102,108),(182,176),(101,108),(236,15),(190,41),(222,84),(114,47),(108,153),(207,205),(69,157),(62,96),(62,182),
229:(116,155),(188,71),(231,128),(215,86),(179,80),(201,170),(198,34),(137,6),(146,162),(155,47),(204,84),(156,154),(179,99),(101,46),(83,48),(120,152),(240,48),(152,151),(101,108),(182,176),(100,108),(236,15),(190,41),(222,84),(113,47),(107,153),(207,205),(69,158),(62,96),(62,182),
230:(116,155),(188,71),(231,128),(216,86),(179,80),(201,170),(198,34),(137,6),(146,162),(155,47),(204,84),(156,154),(179,99),(101,46),(83,48),(119,152),(240,48),(152,151),(100,108),(182,176),(99,108),(236,15),(190,41),(222,84),(112,47),(106,153),(207,205),(69,159),(62,96),(62,182),
231:(116,155),(188,71),(231,128),(217,86),(179,80),(201,170),(198,34),(137,6),(146,162),(155,47),(204,84),(156,154),(179,99),(101,46),(83,48),(118,152),(240,48),(152,151),(99,108),(182,176),(98,108),(236,15),(190,41),(222,84),(111,47),(105,153),(207,205),(69,160),(62,96),(62,182),
232:(116,155),(188,71),(231,128),(218,86),(179,80),(201,170),(198,34),(137,6),(146,162),(155,47),(204,84),(156,154),(179,99),(101,46),(83,48),(117,152),(240,48),(152,151),(98,108),(182,176),(97,108),(236,15),(190,41),(222,84),(110,47),(104,153),(207,205),(69,161),(62,96),(62,182),
233:(116,155),(188,71),(231,128),(219,86),(179,80),(201,170),(198,34),(137,6),(146,162),(155,47),(204,84),(156,154),(179,99),(101,46),(83,48),(116,152),(240,48),(152,151),(97,108),(182,176),(96,108),(236,15),(190,41),(222,84),(109,47),(103,153),(207,205),(69,162),(62,96),(62,182),
234:(116,155),(188,71),(231,128),(220,86),(179,80),(201,170),(198,34),(137,6),(146,162),(155,47),(204,84),(156,154),(179,99),(101,46),(83,48),(116,153),(240,48),(152,151),(96,108),(182,176),(95,108),(236,15),(190,41),(222,84),(108,47),(102,153),(207,205),(69,163),(62,96),(62,182),
235:(116,155),(188,71),(231,128),(221,86),(179,80),(201,170),(198,34),(137,6),(146,162),(155,47),(204,84),(156,154),(179,99),(101,46),(83,48),(115,153),(240,48),(152,151),(95,108),(182,176),(94,108),(236,15),(190,41),(222,84),(107,47),(101,153),(207,205),(69,164),(62,96),(62,182),
236:(116,155),(188,71),(231,128),(222,86),(179,80),(201,170),(198,34),(137,6),(146,162),(155,47),(204,84),(156,154),(179,99),(101,46),(83,48),(114,153),(240,48),(152,151),(94,108),(182,176),(93,108),(236,15),(190,41),(222,84),(106,47),(100,153),(207,205),(69,165),(62,96),(62,182),
237:(116,155),(188,71),(231,128),(223,86),(179,80),(201,170),(198,34),(137,6),(146,162),(155,47),(204,84),(156,154),(179,99),(101,46),(83,48),(113,153),(240,48),(152,151),(93,108),(182,176),(92,108),(236,15),(190,41),(222,84),(105,47),(99,153),(207,205),(69,166),(62,96),(62,182),
238:(116,155),(188,71),(231,128),(224,86),(179,80),(201,170),(198,34),(137,6),(146,162),(155,47),(204,84),(156,154),(179,99),(101,46),(83,48),(112,153),(240,48),(152,151),(92,108),(182,176),(91,108),(236,15),(190,41),(222,84),(104,47),(98,153),(207,205),(69,167),(62,96),(62,182),
239:(116,155),(188,71),(231,128),(225,86),(179,80),(201,170),(198,34),(137,6),(146,162),(155,47),(204,84),(156,154),(179,99),(101,46),(83,48),(111,153),(240,48),(152,151),(91,108),(182,176),(90,108),(236,15),(190,41),(222,84),(103,47),(97,153),(207,205),(69,168),(62,96),(62,182),
240:(116,155),(188,71),(231,128),(226,86),(179,80),(201,170),(198,34),(137,6),(146,162),(155,47),(204,84),(156,154),(179,99),(101,46),(83,48),(110,153),(240,48),(152,151),(90,108),(182,176),(89,108),(236,15),(190,41),(222,84),(102,47),(96,153),(207,205),(69,169),(62,96),(62,182),
241:(116,155),(188,71),(231,128),(227,86),(179,80),(201,170),(198,34),(137,6),(146,162),(155,47),(204,84),(156,154),(179,99),(101,46),(83,48),(109,153),(240,48),(152,151),(89,108),(182,176),(88,108),(236,15),(190,41),(222,84),(101,47),(95,153),(207,205),(69,170),(62,96),(62,182),
242:(116,155),(188,71),(231,128),(228,86),(179,80),(201,170),(198,34),(137,6),(146,162),(155,47),(204,84),(156,154),(179,99),(101,46),(83,48),(108,153),(240,48),(152,151),(88,108),(182,176),(87,108),(236,15),(190,41),(222,84),(100,47),(95,154),(207,205),(69,171),(62,96),(62,182),
243:(116,155),(188,71),(231,128),(229,86),(179,80),(201,170),(198,34),(137,6),(146,162),(155,47),(204,84),(156,154),(179,99),(101,46),(83,48),(107,153),(240,48),(152,151),(87,108),(182,176),(86,108),(236,15),(190,41),(222,84),(99,47),(95,155),(207,205),(69,172),(62,96),(62,182),
244:(116,155),(188,71),(231,128),(230,86),(179,80),(201,170),(198,34),(137,6),(146,162),(155,47),(204,84),(156,154),(179,99),(101,46),(83,48),(106,153),(240,48),(152,151),(86,108),(182,176),(85,108),(236,15),(190,41),(222,84),(98,47),(95,156),(207,205),(69,173),(62,96),(62,182),
245:(116,155),(188,71),(231,128),(231,86),(179,80),(201,170),(198,34),(137,6),(146,162),(155,47),(204,84),(156,154),(179,99),(101,46),(83,48),(105,153),(240,48),(152,151),(85,108),(182,176),(85,107),(236,15),(190,41),(222,84),(97,47),(95,157),(207,205),(69,174),(62,96),(62,182),
246:(116,155),(188,71),(231,128),(232,86),(179,80),(201,170),(198,34),(137,6),(146,162),(155,47),(204,84),(156,154),(179,99),(101,46),(83,48),(104,153),(240,48),(152,151),(85,107),(182,176),(84,107),(236,15),(190,41),(222,84),(96,47),(95,158),(207,205),(69,175),(62,96),(62,182),
247:(116,155),(188,71),(231,128),(233,86),(179,80),(201,170),(198,34),(137,6),(146,162),(155,47),(204,84),(156,154),(179,99),(101,46),(83,48),(103,153),(240,48),(152,151),(84,107),(182,176),(83,107),(236,15),(190,41),(222,84),(95,47),(95,159),(207,205),(69,176),(62,96),(62,182),
248:(116,155),(188,71),(231,128),(234,86),(179,80),(201,170),(198,34),(137,6),(146,162),(155,47),(204,84),(156,154),(179,99),(101,46),(83,48),(102,153),(240,48),(152,151),(83,107),(182,176),(83,106),(236,15),(190,41),(222,84),(94,47),(95,160),(207,205),(69,177),(62,96),(62,182),
249:(116,155),(188,71),(231,128),(235,86),(179,80),(201,170),(198,34),(137,6),(146,162),(155,47),(204,84),(156,154),(179,99),(101,46),(83,48),(101,153),(240,48),(152,151),(83,106),(182,176),(82,106),(236,15),(190,41),(222,84),(93,47),(95,161),(207,205),(69,178),(62,96),(62,182),
250:(116,155),(188,71),(231,128),(236,86),(179,80),(201,170),(198,34),(137,6),(146,162),(155,47),(204,84),(156,154),(179,99),(101,46),(83,48),(100,153),(240,48),(152,151),(82,106),(182,176),(82,105),(236,15),(190,41),(222,84),(92,47),(95,162),(207,205),(69,179),(62,96),(62,182),
251:(116,155),(188,71),(231,128),(237,86),(179,80),(201,170),(198,34),(137,6),(146,162),(155,47),(204,84),(156,154),(179,99),(101,46),(83,48),(99,153),(240,48),(152,151),(82,105),(182,176),(81,105),(236,15),(190,41),(222,84),(92,46),(95,163),(207,205),(69,180),(62,96),(62,182),
252:(116,155),(188,71),(231,128),(238,86),(179,80),(201,170),(198,34),(137,6),(146,162),(155,47),(204,84),(156,154),(179,99),(101,46),(83,48),(98,153),(240,48),(152,151),(81,105),(182,176),(80,105),(236,15),(190,41),(222,84),(92,45),(95,164),(207,205),(69,181),(62,96),(62,182),
253:(116,155),(188,71),(231,128),(239,86),(179,80),(201,170),(198,34),(137,6),(146,162),(155,47),(204,84),(156,154),(179,99),(101,46),(83,48),(97,153),(240,48),(152,151),(80,105),(182,176),(80,104),(236,15),(190,41),(222,84),(92,44),(95,165),(207,205),(69,182),(62,96),(62,182),
254:(116,155),(188,71),(231,128),(240,86),(179,80),(201,170),(198,34),(137,6),(146,162),(155,47),(204,84),(156,154),(179,99),(101,46),(83,48),(96,153),(240,48),(152,151),(80,104),(182,176),(79,104),(236,15),(190,41),(222,84),(92,43),(95,166),(207,205),(69,183),(62,96),(62,182),
255:(116,155),(188,71),(231,128),(241,86),(179,80),(201,170),(198,34),(137,6),(146,162),(155,47),(204,84),(156,154),(179,99),(101,46),(83,48),(95,153),(240,48),(152,151),(79,104),(182,176),(79,103),(236,15),(190,41),(222,84),(92,42),(95,167),(207,205),(69,184),(62,96),(62,182),
256:(116,155),(188,71),(231,128),(241,87),(179,80),(201,170),(198,34),(137,6),(146,162),(155,47),(204,84),(156,154),(179,99),(101,46),(83,48),(94,153),(240,48),(152,151),(79,103),(182,176),(78,103),(236,15),(190,41),(222,84),(92,41),(95,168),(207,205),(69,185),(62,96),(62,182),
257:(116,155),(188,71),(231,128),(241,88),(179,80),(201,170),(198,34),(137,6),(146,162),(155,47),(204,84),(156,154),(179,99),(101,46),(83,48),(93,153),(240,48),(152,151),(78,103),(182,176),(77,103),(236,15),(190,41),(222,84),(92,40),(95,169),(207,205),(69,186),(62,96),(62,182),
258:(116,155),(188,71),(231,128),(241,89),(179,80),(201,170),(198,34),(137,6),(146,162),(155,47),(204,84),(156,154),(179,99),(101,46),(83,48),(92,153),(240,48),(152,151),(77,103),(182,176),(77,102),(236,15),(190,41),(222,84),(92,39),(95,170),(207,205),(69,187),(62,96),(62,182),
259:(116,155),(188,71),(231,128),(241,90),(179,80),(201,170),(198,34),(137,6),(146,162),(155,47),(204,84),(156,154),(179,99),(101,46),(83,48),(91,153),(240,48),(152,151),(77,102),(182,176),(76,102),(236,15),(190,41),(222,84),(92,38),(95,171),(207,205),(69,188),(62,96),(62,182),
260:(116,155),(188,71),(231,128),(241,91),(179,80),(201,170),(198,34),(137,6),(146,162),(155,47),(204,84),(156,154),(179,99),(101,46),(83,48),(90,153),(240,48),(152,151),(76,102),(182,176),(76,101),(236,15),(190,41),(222,84),(92,37),(95,172),(207,205),(69,189),(62,96),(62,182),
261:(116,155),(188,71),(231,128),(241,92),(179,80),(201,170),(198,34),(137,6),(146,162),(155,47),(204,84),(156,154),(179,99),(101,46),(83,48),(89,153),(240,48),(152,151),(76,101),(182,176),(76,100),(236,15),(190,41),(222,84),(92,36),(95,173),(207,205),(69,190),(62,96),(62,182),
262:(116,155),(188,71),(231,128),(241,93),(179,80),(201,170),(198,34),(137,6),(146,162),(155,47),(204,84),(156,154),(179,99),(101,46),(83,48),(88,153),(240,48),(152,151),(76,100),(182,176),(76,99),(236,15),(190,41),(222,84),(92,35),(95,174),(207,205),(69,191),(62,96),(62,182),
263:(116,155),(188,71),(231,128),(241,94),(179,80),(201,170),(198,34),(137,6),(146,162),(155,47),(204,84),(156,154),(179,99),(101,46),(83,48),(88,154),(240,48),(152,151),(76,99),(182,176),(75,99),(236,15),(190,41),(222,84),(92,34),(95,175),(207,205),(69,192),(62,96),(62,182),
264:(116,155),(188,71),(231,128),(241,95),(179,80),(201,170),(198,34),(137,6),(146,162),(155,47),(204,84),(156,154),(179,99),(101,46),(83,48),(88,155),(240,48),(152,151),(75,99),(182,176),(75,98),(236,15),(190,41),(222,84),(92,34),(95,176),(207,205),(69,193),(62,96),(62,182),
265:(116,155),(188,71),(231,128),(241,96),(179,80),(201,170),(198,34),(137,6),(146,162),(155,47),(204,84),(156,154),(179,99),(101,46),(83,48),(88,156),(240,48),(152,151),(75,98),(182,176),(75,97),(236,15),(190,41),(222,84),(92,34),(95,177),(207,205),(69,194),(62,96),(62,182),
266:(116,155),(188,71),(231,128),(241,97),(179,80),(201,170),(198,34),(137,6),(146,162),(155,47),(204,84),(156,154),(179,99),(101,46),(83,48),(88,157),(240,48),(152,151),(75,97),(182,176),(74,97),(236,15),(190,41),(222,84),(92,34),(95,178),(207,205),(69,195),(62,96),(62,182),
267:(116,155),(188,71),(231,128),(241,98),(179,80),(201,170),(198,34),(137,6),(146,162),(155,47),(204,84),(156,154),(179,99),(101,46),(83,48),(88,158),(240,48),(152,151),(74,97),(182,176),(74,96),(236,15),(190,41),(222,84),(92,34),(95,179),(207,205),(69,196),(62,96),(62,182),
268:(116,155),(188,71),(231,128),(241,99),(179,80),(201,170),(198,34),(137,6),(146,162),(155,47),(204,84),(156,154),(179,99),(101,46),(83,48),(88,159),(240,48),(152,151),(74,96),(182,176),(73,96),(236,15),(190,41),(222,84),(92,34),(95,180),(207,205),(69,197),(62,96),(62,182),
269:(116,155),(188,71),(231,128),(241,100),(179,80),(201,170),(198,34),(137,6),(146,162),(155,47),(204,84),(156,154),(179,99),(101,46),(83,48),(88,160),(240,48),(152,151),(73,96),(182,176),(72,96),(236,15),(190,41),(222,84),(92,34),(95,181),(207,205),(69,198),(62,96),(62,182),
270:(116,155),(188,71),(231,128),(241,101),(179,80),(201,170),(198,34),(137,6),(146,162),(155,47),(204,84),(156,154),(179,99),(101,46),(83,48),(88,161),(240,48),(152,151),(72,96),(182,176),(71,96),(236,15),(190,41),(222,84),(92,34),(95,182),(207,205),(69,199),(62,96),(62,182),
271:(116,155),(188,71),(231,128),(241,102),(179,80),(201,170),(198,34),(137,6),(146,162),(155,47),(204,84),(156,154),(179,99),(101,46),(83,48),(88,162),(240,48),(152,151),(71,96),(182,176),(70,96),(236,15),(190,41),(222,84),(92,34),(95,183),(207,205),(69,200),(62,96),(62,182),
272:(116,155),(188,71),(231,128),(241,103),(179,80),(201,170),(198,34),(137,6),(146,162),(155,47),(204,84),(156,154),(179,99),(101,46),(83,48),(88,163),(240,48),(152,151),(71,95),(182,176),(69,96),(236,15),(190,41),(222,84),(92,34),(95,184),(207,205),(69,201),(62,96),(62,182),
273:(116,155),(188,71),(231,128),(241,104),(179,80),(201,170),(198,34),(137,6),(146,162),(155,47),(204,84),(156,154),(179,99),(101,46),(83,48),(88,164),(240,48),(152,151),(71,94),(182,176),(68,96),(236,15),(190,41),(222,84),(92,34),(95,185),(207,205),(69,202),(62,96),(62,182),
274:(116,155),(188,71),(231,128),(241,105),(179,80),(201,170),(198,34),(137,6),(146,162),(155,47),(204,84),(156,154),(179,99),(101,46),(83,48),(88,165),(240,48),(152,151),(71,93),(182,176),(67,96),(236,15),(190,41),(222,84),(92,34),(95,186),(207,205),(69,203),(62,96),(62,182),
275:(116,155),(188,71),(231,128),(241,106),(179,80),(201,170),(198,34),(137,6),(146,162),(155,47),(204,84),(156,154),(179,99),(101,46),(83,48),(88,166),(240,48),(152,151),(71,92),(182,176),(66,96),(236,15),(190,41),(222,84),(92,34),(95,187),(207,205),(69,204),(62,96),(62,182),
276:(116,155),(188,71),(231,128),(241,107),(179,80),(201,170),(198,34),(137,6),(146,162),(155,47),(204,84),(156,154),(179,99),(101,46),(83,48),(88,167),(240,48),(152,151),(71,91),(182,176),(65,96),(236,15),(190,41),(222,84),(92,34),(95,188),(207,205),(69,205),(62,96),(62,182),
277:(116,155),(188,71),(231,128),(241,108),(179,80),(201,170),(198,34),(137,6),(146,162),(155,47),(204,84),(156,154),(179,99),(101,46),(83,48),(88,168),(240,48),(152,151),(71,90),(182,176),(64,96),(236,15),(190,41),(222,84),(92,34),(95,189),(207,205),(69,206),(62,96),(62,182),
278:(116,155),(188,71),(231,128),(241,109),(179,80),(201,170),(198,34),(137,6),(146,162),(155,47),(204,84),(156,154),(179,99),(101,46),(83,48),(88,169),(240,48),(152,151),(71,89),(182,176),(63,96),(236,15),(190,41),(222,84),(92,34),(95,190),(207,205),(69,207),(62,96),(62,182),
279:(116,155),(188,71),(231,128),(241,110),(179,80),(201,170),(198,34),(137,6),(146,162),(155,47),(204,84),(156,154),(179,99),(101,46),(83,48),(88,170),(240,48),(152,151),(71,88),(182,176),(63,95),(236,15),(190,41),(222,84),(92,34),(95,191),(207,205),(69,208),(62,96),(62,182),
280:(116,155),(188,71),(231,128),(241,111),(179,80),(201,170),(198,34),(137,6),(146,162),(155,47),(204,84),(156,154),(179,99),(101,46),(83,48),(88,171),(240,48),(152,151),(71,87),(182,176),(62,95),(236,15),(190,41),(222,84),(92,34),(95,192),(207,205),(69,209),(62,96),(62,182),
281:(116,155),(188,71),(231,128),(241,112),(179,80),(201,170),(198,34),(137,6),(146,162),(155,47),(204,84),(156,154),(179,99),(101,46),(83,48),(88,172),(240,48),(152,151),(71,86),(182,176),(61,95),(236,15),(190,41),(222,84),(92,34),(95,193),(207,205),(69,210),(62,96),(62,182),
282:(116,155),(188,71),(231,128),(241,113),(179,80),(201,170),(198,34),(137,6),(146,162),(155,47),(204,84),(156,154),(179,99),(101,46),(83,48),(88,173),(240,48),(152,151),(71,85),(182,176),(60,95),(236,15),(190,41),(222,84),(92,34),(95,194),(207,205),(69,211),(62,96),(62,182),
283:(116,155),(188,71),(231,128),(241,114),(179,80),(201,170),(198,34),(137,6),(146,162),(155,47),(204,84),(156,154),(179,99),(101,46),(83,48),(88,174),(240,48),(152,151),(71,84),(182,176),(59,95),(236,15),(190,41),(222,84),(92,34),(95,195),(207,205),(69,212),(62,96),(62,182),
284:(116,155),(188,71),(231,128),(241,114),(179,80),(201,170),(198,34),(137,6),(146,162),(155,47),(204,84),(156,154),(179,99),(101,46),(83,48),(88,175),(240,48),(152,151),(71,83),(182,176),(58,95),(236,15),(190,41),(222,84),(92,34),(95,196),(207,205),(69,212),(62,96),(62,182),
285:(116,155),(188,71),(231,128),(241,114),(179,80),(201,170),(198,34),(137,6),(146,162),(155,47),(204,84),(156,154),(179,99),(101,46),(83,48),(88,176),(240,48),(152,151),(71,82),(182,176),(58,94),(236,15),(190,41),(222,84),(92,34),(95,197),(207,205),(69,212),(62,96),(62,182),
286:(116,155),(188,71),(231,128),(241,114),(179,80),(201,170),(198,34),(137,6),(146,162),(155,47),(204,84),(156,154),(179,99),(101,46),(83,48),(88,177),(240,48),(152,151),(71,81),(182,176),(57,94),(236,15),(190,41),(222,84),(92,34),(95,198),(207,205),(69,212),(62,96),(62,182),
287:(116,155),(188,71),(231,128),(241,114),(179,80),(201,170),(198,34),(137,6),(146,162),(155,47),(204,84),(156,154),(179,99),(101,46),(83,48),(88,178),(240,48),(152,151),(71,80),(182,176),(57,93),(236,15),(190,41),(222,84),(92,34),(95,199),(207,205),(69,212),(62,96),(62,182),
288:(116,155),(188,71),(231,128),(241,114),(179,80),(201,170),(198,34),(137,6),(146,162),(155,47),(204,84),(156,154),(179,99),(101,46),(83,48),(88,179),(240,48),(152,151),(71,79),(182,176),(57,92),(236,15),(190,41),(222,84),(92,34),(95,200),(207,205),(69,212),(62,96),(62,182),
289:(116,155),(188,71),(231,128),(241,114),(179,80),(201,170),(198,34),(137,6),(146,162),(155,47),(204,84),(156,154),(179,99),(101,46),(83,48),(88,180),(240,48),(152,151),(71,78),(182,176),(56,92),(236,15),(190,41),(222,84),(92,34),(95,201),(207,205),(69,212),(62,96),(62,182),
290:(116,155),(188,71),(231,128),(241,114),(179,80),(201,170),(198,34),(137,6),(146,162),(155,47),(204,84),(156,154),(179,99),(101,46),(83,48),(88,181),(240,48),(152,151),(71,77),(182,176),(56,91),(236,15),(190,41),(222,84),(92,34),(95,202),(207,205),(69,212),(62,96),(62,182),
291:(116,155),(188,71),(231,128),(241,114),(179,80),(201,170),(198,34),(137,6),(146,162),(155,47),(204,84),(156,154),(179,99),(101,46),(83,48),(88,182),(240,48),(152,151),(71,76),(182,176),(56,90),(236,15),(190,41),(222,84),(92,34),(95,203),(207,205),(69,212),(62,96),(62,182),
292:(116,155),(188,71),(231,128),(241,114),(179,80),(201,170),(198,34),(137,6),(146,162),(155,47),(204,84),(156,154),(179,99),(101,46),(83,48),(88,182),(240,48),(152,151),(71,75),(182,176),(55,90),(236,15),(190,41),(222,84),(92,34),(95,204),(207,205),(69,212),(62,96),(62,182),
293:(116,155),(188,71),(231,128),(241,114),(179,80),(201,170),(198,34),(137,6),(146,162),(155,47),(204,84),(156,154),(179,99),(101,46),(83,48),(88,182),(240,48),(152,151),(71,74),(182,176),(54,90),(236,15),(190,41),(222,84),(92,34),(95,204),(207,205),(69,212),(62,96),(62,182),
294:(116,155),(188,71),(231,128),(241,114),(179,80),(201,170),(198,34),(137,6),(146,162),(155,47),(204,84),(156,154),(179,99),(101,46),(83,48),(88,182),(240,48),(152,151),(71,73),(182,176),(53,90),(236,15),(190,41),(222,84),(92,34),(95,204),(207,205),(69,212),(62,96),(62,182),
295:(116,155),(188,71),(231,128),(241,114),(179,80),(201,170),(198,34),(137,6),(146,162),(155,47),(204,84),(156,154),(179,99),(101,46),(83,48),(88,182),(240,48),(152,151),(71,72),(182,176),(52,90),(236,15),(190,41),(222,84),(92,34),(95,204),(207,205),(69,212),(62,96),(62,182),
296:(116,155),(188,71),(231,128),(241,114),(179,80),(201,170),(198,34),(137,6),(146,162),(155,47),(204,84),(156,154),(179,99),(101,46),(83,48),(88,182),(240,48),(152,151),(71,71),(182,176),(52,89),(236,15),(190,41),(222,84),(92,34),(95,204),(207,205),(69,212),(62,96),(62,182),
297:(116,155),(188,71),(231,128),(241,114),(179,80),(201,170),(198,34),(137,6),(146,162),(155,47),(204,84),(156,154),(179,99),(101,46),(83,48),(88,182),(240,48),(152,151),(71,70),(182,176),(51,89),(236,15),(190,41),(222,84),(92,34),(95,204),(207,205),(69,212),(62,96),(62,182),
298:(116,155),(188,71),(231,128),(241,114),(179,80),(201,170),(198,34),(137,6),(146,162),(155,47),(204,84),(156,154),(179,99),(101,46),(83,48),(88,182),(240,48),(152,151),(71,69),(182,176),(50,89),(236,15),(190,41),(222,84),(92,34),(95,204),(207,205),(69,212),(62,96),(62,182),
299:(116,155),(188,71),(231,128),(241,114),(179,80),(201,170),(198,34),(137,6),(146,162),(155,47),(204,84),(156,154),(179,99),(101,46),(83,48),(88,182),(240,48),(152,151),(71,68),(182,176),(49,89),(236,15),(190,41),(222,84),(92,34),(95,204),(207,205),(69,212),(62,96),(62,182),
300:(116,155),(188,71),(231,128),(241,114),(179,80),(201,170),(198,34),(137,6),(146,162),(155,47),(204,84),(156,154),(179,99),(101,46),(83,48),(88,182),(240,48),(152,151),(71,67),(182,176),(49,88),(236,15),(190,41),(222,84),(92,34),(95,204),(207,205),(69,212),(62,96),(62,182),
301:(116,155),(188,71),(231,128),(241,114),(179,80),(201,170),(198,34),(137,6),(146,162),(155,47),(204,84),(156,154),(179,99),(101,46),(83,48),(88,182),(240,48),(152,151),(71,66),(182,176),(48,88),(236,15),(190,41),(222,84),(92,34),(95,204),(207,205),(69,212),(62,96),(62,182),
302:(116,155),(188,71),(231,128),(241,114),(179,80),(201,170),(198,34),(137,6),(146,162),(155,47),(204,84),(156,154),(179,99),(101,46),(83,48),(88,182),(240,48),(152,151),(71,65),(182,176),(47,88),(236,15),(190,41),(222,84),(92,34),(95,204),(207,205),(69,212),(62,96),(62,182),
303:(116,155),(188,71),(231,128),(241,114),(179,80),(201,170),(198,34),(137,6),(146,162),(155,47),(204,84),(156,154),(179,99),(101,46),(83,48),(88,182),(240,48),(152,151),(71,64),(182,176),(46,88),(236,15),(190,41),(222,84),(92,34),(95,204),(207,205),(69,212),(62,96),(62,182),
304:(116,155),(188,71),(231,128),(241,114),(179,80),(201,170),(198,34),(137,6),(146,162),(155,47),(204,84),(156,154),(179,99),(101,46),(83,48),(88,182),(240,48),(152,151),(71,63),(182,176),(46,87),(236,15),(190,41),(222,84),(92,34),(95,204),(207,205),(69,212),(62,96),(62,182),
305:(116,155),(188,71),(231,128),(241,114),(179,80),(201,170),(198,34),(137,6),(146,162),(155,47),(204,84),(156,154),(179,99),(101,46),(83,48),(88,182),(240,48),(152,151),(71,62),(182,176),(45,87),(236,15),(190,41),(222,84),(92,34),(95,204),(207,205),(69,212),(62,96),(62,182),
306:(116,155),(188,71),(231,128),(241,114),(179,80),(201,170),(198,34),(137,6),(146,162),(155,47),(204,84),(156,154),(179,99),(101,46),(83,48),(88,182),(240,48),(152,151),(71,61),(182,176),(45,86),(236,15),(190,41),(222,84),(92,34),(95,204),(207,205),(69,212),(62,96),(62,182),
307:(116,155),(188,71),(231,128),(241,114),(179,80),(201,170),(198,34),(137,6),(146,162),(155,47),(204,84),(156,154),(179,99),(101,46),(83,48),(88,182),(240,48),(152,151),(71,60),(182,176),(45,85),(236,15),(190,41),(222,84),(92,34),(95,204),(207,205),(69,212),(62,96),(62,182),
308:(116,155),(188,71),(231,128),(241,114),(179,80),(201,170),(198,34),(137,6),(146,162),(155,47),(204,84),(156,154),(179,99),(101,46),(83,48),(88,182),(240,48),(152,151),(71,59),(182,176),(45,84),(236,15),(190,41),(222,84),(92,34),(95,204),(207,205),(69,212),(62,96),(62,182),
309:(116,155),(188,71),(231,128),(241,114),(179,80),(201,170),(198,34),(137,6),(146,162),(155,47),(204,84),(156,154),(179,99),(101,46),(83,48),(88,182),(240,48),(152,151),(71,59),(182,176),(45,83),(236,15),(190,41),(222,84),(92,34),(95,204),(207,205),(69,212),(62,96),(62,182),
310:(116,155),(188,71),(231,128),(241,114),(179,80),(201,170),(198,34),(137,6),(146,162),(155,47),(204,84),(156,154),(179,99),(101,46),(83,48),(88,182),(240,48),(152,151),(71,59),(182,176),(45,82),(236,15),(190,41),(222,84),(92,34),(95,204),(207,205),(69,212),(62,96),(62,182),
311:(116,155),(188,71),(231,128),(241,114),(179,80),(201,170),(198,34),(137,6),(146,162),(155,47),(204,84),(156,154),(179,99),(101,46),(83,48),(88,182),(240,48),(152,151),(71,59),(182,176),(45,81),(236,15),(190,41),(222,84),(92,34),(95,204),(207,205),(69,212),(62,96),(62,182),
312:(116,155),(188,71),(231,128),(241,114),(179,80),(201,170),(198,34),(137,6),(146,162),(155,47),(204,84),(156,154),(179,99),(101,46),(83,48),(88,182),(240,48),(152,151),(71,59),(182,176),(45,80),(236,15),(190,41),(222,84),(92,34),(95,204),(207,205),(69,212),(62,96),(62,182),
313:(116,155),(188,71),(231,128),(241,114),(179,80),(201,170),(198,34),(137,6),(146,162),(155,47),(204,84),(156,154),(179,99),(101,46),(83,48),(88,182),(240,48),(152,151),(71,59),(182,176),(45,79),(236,15),(190,41),(222,84),(92,34),(95,204),(207,205),(69,212),(62,96),(62,182),
314:(116,155),(188,71),(231,128),(241,114),(179,80),(201,170),(198,34),(137,6),(146,162),(155,47),(204,84),(156,154),(179,99),(101,46),(83,48),(88,182),(240,48),(152,151),(71,59),(182,176),(45,78),(236,15),(190,41),(222,84),(92,34),(95,204),(207,205),(69,212),(62,96),(62,182),
315:(116,155),(188,71),(231,128),(241,114),(179,80),(201,170),(198,34),(137,6),(146,162),(155,47),(204,84),(156,154),(179,99),(101,46),(83,48),(88,182),(240,48),(152,151),(71,59),(182,176),(45,77),(236,15),(190,41),(222,84),(92,34),(95,204),(207,205),(69,212),(62,96),(62,182),
316:(116,155),(188,71),(231,128),(241,114),(179,80),(201,170),(198,34),(137,6),(146,162),(155,47),(204,84),(156,154),(179,99),(101,46),(83,48),(88,182),(240,48),(152,151),(71,59),(182,176),(45,76),(236,15),(190,41),(222,84),(92,34),(95,204),(207,205),(69,212),(62,96),(62,182),
317:(116,155),(188,71),(231,128),(241,114),(179,80),(201,170),(198,34),(137,6),(146,162),(155,47),(204,84),(156,154),(179,99),(101,46),(83,48),(88,182),(240,48),(152,151),(71,59),(182,176),(45,75),(236,15),(190,41),(222,84),(92,34),(95,204),(207,205),(69,212),(62,96),(62,182),
318:(116,155),(188,71),(231,128),(241,114),(179,80),(201,170),(198,34),(137,6),(146,162),(155,47),(204,84),(156,154),(179,99),(101,46),(83,48),(88,182),(240,48),(152,151),(71,59),(182,176),(45,74),(236,15),(190,41),(222,84),(92,34),(95,204),(207,205),(69,212),(62,96),(62,182),
319:(116,155),(188,71),(231,128),(241,114),(179,80),(201,170),(198,34),(137,6),(146,162),(155,47),(204,84),(156,154),(179,99),(101,46),(83,48),(88,182),(240,48),(152,151),(71,59),(182,176),(45,73),(236,15),(190,41),(222,84),(92,34),(95,204),(207,205),(69,212),(62,96),(62,182),
320:(116,155),(188,71),(231,128),(241,114),(179,80),(201,170),(198,34),(137,6),(146,162),(155,47),(204,84),(156,154),(179,99),(101,46),(83,48),(88,182),(240,48),(152,151),(71,59),(182,176),(45,72),(236,15),(190,41),(222,84),(92,34),(95,204),(207,205),(69,212),(62,96),(62,182),
321:(116,155),(188,71),(231,128),(241,114),(179,80),(201,170),(198,34),(137,6),(146,162),(155,47),(204,84),(156,154),(179,99),(101,46),(83,48),(88,182),(240,48),(152,151),(71,59),(182,176),(45,71),(236,15),(190,41),(222,84),(92,34),(95,204),(207,205),(69,212),(62,96),(62,182),
322:(116,155),(188,71),(231,128),(241,114),(179,80),(201,170),(198,34),(137,6),(146,162),(155,47),(204,84),(156,154),(179,99),(101,46),(83,48),(88,182),(240,48),(152,151),(71,59),(182,176),(45,70),(236,15),(190,41),(222,84),(92,34),(95,204),(207,205),(69,212),(62,96),(62,182),
323:(116,155),(188,71),(231,128),(241,114),(179,80),(201,170),(198,34),(137,6),(146,162),(155,47),(204,84),(156,154),(179,99),(101,46),(83,48),(88,182),(240,48),(152,151),(71,59),(182,176),(45,69),(236,15),(190,41),(222,84),(92,34),(95,204),(207,205),(69,212),(62,96),(62,182),
324:(116,155),(188,71),(231,128),(241,114),(179,80),(201,170),(198,34),(137,6),(146,162),(155,47),(204,84),(156,154),(179,99),(101,46),(83,48),(88,182),(240,48),(152,151),(71,59),(182,176),(45,68),(236,15),(190,41),(222,84),(92,34),(95,204),(207,205),(69,212),(62,96),(62,182),
325:(116,155),(188,71),(231,128),(241,114),(179,80),(201,170),(198,34),(137,6),(146,162),(155,47),(204,84),(156,154),(179,99),(101,46),(83,48),(88,182),(240,48),(152,151),(71,59),(182,176),(45,67),(236,15),(190,41),(222,84),(92,34),(95,204),(207,205),(69,212),(62,96),(62,182),
326:(116,155),(188,71),(231,128),(241,114),(179,80),(201,170),(198,34),(137,6),(146,162),(155,47),(204,84),(156,154),(179,99),(101,46),(83,48),(88,182),(240,48),(152,151),(71,59),(182,176),(45,66),(236,15),(190,41),(222,84),(92,34),(95,204),(207,205),(69,212),(62,96),(62,182),
327:(116,155),(188,71),(231,128),(241,114),(179,80),(201,170),(198,34),(137,6),(146,162),(155,47),(204,84),(156,154),(179,99),(101,46),(83,48),(88,182),(240,48),(152,151),(71,59),(182,176),(45,65),(236,15),(190,41),(222,84),(92,34),(95,204),(207,205),(69,212),(62,96),(62,182),
328:(116,155),(188,71),(231,128),(241,114),(179,80),(201,170),(198,34),(137,6),(146,162),(155,47),(204,84),(156,154),(179,99),(101,46),(83,48),(88,182),(240,48),(152,151),(71,59),(182,176),(45,64),(236,15),(190,41),(222,84),(92,34),(95,204),(207,205),(69,212),(62,96),(62,182),
329:(116,155),(188,71),(231,128),(241,114),(179,80),(201,170),(198,34),(137,6),(146,162),(155,47),(204,84),(156,154),(179,99),(101,46),(83,48),(88,182),(240,48),(152,151),(71,59),(182,176),(45,63),(236,15),(190,41),(222,84),(92,34),(95,204),(207,205),(69,212),(62,96),(62,182),
