instance=temp_instance.txt
agents=20
map_file=warehouse-20-40-10-2-2.map
solver=HCA
solved=1
soc=3609
lb_soc=3609
makespan=421
lb_makespan=421
comp_time=54
preprocessing_comp_time=12
starts=(327,162),(328,41),(5,66),(8,15),(177,98),(270,18),(102,57),(221,86),(335,72),(192,109),(42,46),(37,97),(46,39),(69,66),(312,122),(44,138),(241,61),(87,133),(144,30),(333,52),
goals=(32,36),(161,149),(88,162),(238,150),(177,74),(254,116),(41,9),(108,90),(172,21),(177,57),(273,17),(315,152),(77,86),(29,56),(152,34),(17,153),(236,70),(301,5),(247,93),(203,105),
solution=
0:(327,162),(328,41),(5,66),(8,15),(177,98),(270,18),(102,57),(221,86),(335,72),(192,109),(42,46),(37,97),(46,39),(69,66),(312,122),(44,138),(241,61),(87,133),(144,30),(333,52),
1:(326,162),(327,41),(6,66),(9,15),(178,98),(269,18),(101,57),(220,86),(334,72),(191,109),(43,46),(38,97),(47,39),(68,66),(311,122),(43,138),(241,62),(88,133),(145,30),(332,52),
2:(325,162),(326,41),(7,66),(10,15),(179,98),(268,18),(100,57),(219,86),(333,72),(190,109),(44,46),(39,97),(48,39),(67,66),(310,122),(42,138),(241,63),(89,133),(146,30),(331,52),
3:(324,162),(325,41),(8,66),(11,15),(180,98),(267,18),(99,57),(218,86),(332,72),(189,109),(45,46),(40,97),(49,39),(66,66),(309,122),(41,138),(241,64),(90,133),(147,30),(330,52),
4:(323,162),(324,41),(9,66),(12,15),(181,98),(266,18),(98,57),(217,86),(331,72),(188,109),(46,46),(41,97),(50,39),(65,66),(308,122),(40,138),(241,65),(91,133),(148,30),(329,52),
5:(322,162),(323,41),(10,66),(13,15),(181,97),(265,18),(97,57),(216,86),(330,72),(187,109),(47,46),(42,97),(50,40),(64,66),(307,122),(39,138),(241,66),(92,133),(149,30),(328,52),
6:(321,162),(322,41),(11,66),(14,15),(181,96),(264,18),(96,57),(215,86),(329,72),(186,109),(48,46),(43,97),(50,41),(63,66),(306,122),(38,138),(241,67),(93,133),(150,30),(327,52),
7:(320,162),(321,41),(12,66),(15,15),(181,95),(263,18),(95,57),(214,86),(328,72),(185,109),(49,46),(44,97),(51,41),(62,66),(305,122),(37,138),(241,68),(94,133),(151,30),(326,52),
8:(319,162),(320,41),(13,66),(16,15),(181,94),(262,18),(94,57),(213,86),(327,72),(184,109),(50,46),(45,97),(52,41),(61,66),(304,122),(36,138),(241,69),(95,133),(152,30),(325,52),
9:(318,162),(319,41),(14,66),(17,15),(181,93),(261,18),(93,57),(212,86),(326,72),(183,109),(51,46),(46,97),(53,41),(60,66),(303,122),(35,138),(240,69),(96,133),(153,30),(324,52),
10:(317,162),(318,41),(15,66),(18,15),(181,92),(260,18),(92,57),(211,86),(325,72),(182,109),(52,46),(47,97),(54,41),(59,66),(302,122),(34,138),(239,69),(97,133),(154,30),(323,52),
11:(316,162),(317,41),(16,66),(19,15),(181,91),(259,18),(91,57),(210,86),(324,72),(181,109),(53,46),(48,97),(55,41),(58,66),(301,122),(33,138),(238,69),(98,133),(155,30),(322,52),
12:(315,162),(316,41),(17,66),(20,15),(181,90),(258,18),(90,57),(209,86),(323,72),(181,108),(54,46),(49,97),(56,41),(57,66),(300,122),(32,138),(237,69),(99,133),(156,30),(321,52),
13:(314,162),(315,41),(18,66),(21,15),(181,89),(257,18),(89,57),(208,86),(322,72),(181,107),(55,46),(50,97),(57,41),(56,66),(299,122),(31,138),(236,69),(100,133),(157,30),(320,52),
14:(313,162),(314,41),(19,66),(22,15),(181,88),(256,18),(88,57),(207,86),(321,72),(181,106),(56,46),(51,97),(58,41),(55,66),(298,122),(30,138),(236,70),(101,133),(158,30),(319,52),
15:(312,162),(313,41),(20,66),(23,15),(181,87),(255,18),(87,57),(206,86),(320,72),(181,105),(57,46),(52,97),(59,41),(54,66),(297,122),(29,138),(236,70),(102,133),(159,30),(318,52),
16:(311,162),(312,41),(21,66),(24,15),(181,86),(254,18),(86,57),(205,86),(319,72),(181,104),(58,46),(53,97),(60,41),(53,66),(296,122),(28,138),(236,70),(103,133),(160,30),(317,52),
17:(310,162),(311,41),(22,66),(25,15),(181,85),(254,19),(85,57),(204,86),(318,72),(181,103),(59,46),(54,97),(61,41),(52,66),(295,122),(27,138),(236,70),(104,133),(161,30),(316,52),
18:(309,162),(310,41),(23,66),(26,15),(181,84),(254,20),(84,57),(203,86),(317,72),(181,102),(60,46),(55,97),(62,41),(51,66),(294,122),(26,138),(236,70),(105,133),(162,30),(315,52),
19:(308,162),(309,41),(24,66),(27,15),(181,83),(254,21),(83,57),(202,86),(316,72),(181,101),(61,46),(56,97),(63,41),(50,66),(293,122),(25,138),(236,70),(106,133),(163,30),(314,52),
20:(307,162),(308,41),(25,66),(28,15),(181,82),(254,22),(82,57),(201,86),(315,72),(181,100),(62,46),(57,97),(64,41),(49,66),(292,122),(24,138),(236,70),(107,133),(164,30),(313,52),
21:(306,162),(307,41),(26,66),(29,15),(181,81),(254,23),(81,57),(200,86),(314,72),(181,99),(63,46),(58,97),(65,41),(48,66),(291,122),(23,138),(236,70),(108,133),(165,30),(312,52),
22:(305,162),(306,41),(27,66),(30,15),(181,80),(254,24),(80,57),(199,86),(313,72),(181,98),(64,46),(59,97),(66,41),(47,66),(290,122),(22,138),(236,70),(109,133),(166,30),(311,52),
23:(304,162),(305,41),(28,66),(31,15),(181,79),(254,25),(79,57),(198,86),(312,72),(181,97),(65,46),(60,97),(67,41),(46,66),(289,122),(21,138),(236,70),(110,133),(167,30),(310,52),
24:(303,162),(304,41),(29,66),(32,15),(181,78),(254,26),(78,57),(197,86),(311,72),(181,96),(66,46),(61,97),(68,41),(45,66),(288,122),(20,138),(236,70),(111,133),(168,30),(309,52),
25:(302,162),(303,41),(30,66),(33,15),(181,77),(254,27),(77,57),(196,86),(310,72),(181,95),(67,46),(62,97),(69,41),(44,66),(287,122),(19,138),(236,70),(112,133),(169,30),(308,52),
26:(301,162),(302,41),(31,66),(34,15),(181,76),(254,28),(76,57),(195,86),(309,72),(181,94),(68,46),(63,97),(70,41),(43,66),(286,122),(18,138),(236,70),(113,133),(170,30),(307,52),
27:(300,162),(301,41),(32,66),(35,15),(181,75),(254,29),(75,57),(194,86),(308,72),(181,93),(69,46),(64,97),(71,41),(42,66),(285,122),(17,138),(236,70),(114,133),(171,30),(306,52),
28:(299,162),(300,41),(33,66),(36,15),(181,74),(254,30),(74,57),(193,86),(307,72),(181,92),(70,46),(65,97),(72,41),(41,66),(284,122),(17,139),(236,70),(115,133),(172,30),(305,52),
29:(298,162),(299,41),(34,66),(37,15),(180,74),(254,31),(73,57),(192,86),(306,72),(181,91),(71,46),(66,97),(73,41),(40,66),(283,122),(17,140),(236,70),(116,133),(173,30),(304,52),
30:(297,162),(298,41),(35,66),(38,15),(179,74),(254,32),(72,57),(191,86),(305,72),(181,90),(72,46),(67,97),(74,41),(39,66),(282,122),(17,141),(236,70),(117,133),(174,30),(303,52),
31:(296,162),(297,41),(36,66),(39,15),(178,74),(254,33),(71,57),(190,86),(304,72),(181,89),(73,46),(68,97),(74,42),(38,66),(281,122),(17,142),(236,70),(118,133),(175,30),(302,52),
32:(295,162),(296,41),(37,66),(40,15),(177,74),(254,34),(70,57),(189,86),(303,72),(181,88),(74,46),(69,97),(74,43),(38,65),(280,122),(17,143),(236,70),(119,133),(176,30),(301,52),
33:(294,162),(295,41),(38,66),(41,15),(177,74),(254,35),(69,57),(188,86),(302,72),(181,87),(75,46),(70,97),(74,44),(37,65),(279,122),(17,144),(236,70),(120,133),(177,30),(300,52),
34:(293,162),(294,41),(39,66),(42,15),(177,74),(254,36),(68,57),(187,86),(301,72),(181,86),(76,46),(71,97),(74,45),(36,65),(278,122),(17,145),(236,70),(121,133),(178,30),(299,52),
35:(292,162),(293,41),(40,66),(43,15),(177,74),(254,37),(67,57),(186,86),(300,72),(181,85),(77,46),(72,97),(74,46),(35,65),(277,122),(17,146),(236,70),(122,133),(179,30),(298,52),
36:(291,162),(292,41),(41,66),(44,15),(177,74),(254,38),(66,57),(185,86),(299,72),(181,84),(78,46),(73,97),(74,47),(34,65),(276,122),(17,147),(236,70),(123,133),(180,30),(297,52),
37:(290,162),(291,41),(42,66),(45,15),(177,74),(254,39),(65,57),(184,86),(298,72),(181,83),(79,46),(74,97),(74,48),(33,65),(275,122),(17,148),(236,70),(124,133),(181,30),(296,52),
38:(289,162),(290,41),(43,66),(46,15),(177,74),(254,40),(64,57),(183,86),(297,72),(181,82),(80,46),(75,97),(74,49),(32,65),(274,122),(17,149),(236,70),(125,133),(182,30),(295,52),
39:(288,162),(289,41),(44,66),(47,15),(177,74),(254,41),(63,57),(182,86),(296,72),(181,81),(81,46),(76,97),(74,50),(31,65),(273,122),(17,150),(236,70),(126,133),(183,30),(294,52),
40:(287,162),(288,41),(45,66),(48,15),(177,74),(254,42),(62,57),(181,86),(295,72),(181,80),(82,46),(77,97),(74,51),(30,65),(272,122),(17,151),(236,70),(127,133),(184,30),(293,52),
41:(286,162),(287,41),(46,66),(49,15),(177,74),(254,43),(61,57),(180,86),(294,72),(181,79),(83,46),(78,97),(74,52),(29,65),(271,122),(17,152),(236,70),(128,133),(185,30),(292,52),
42:(285,162),(286,41),(47,66),(50,15),(177,74),(254,44),(60,57),(179,86),(293,72),(181,78),(84,46),(79,97),(74,53),(29,64),(270,122),(17,153),(236,70),(129,133),(186,30),(291,52),
43:(284,162),(285,41),(48,66),(50,16),(177,74),(254,45),(59,57),(178,86),(292,72),(181,77),(85,46),(80,97),(74,54),(29,63),(269,122),(17,153),(236,70),(130,133),(187,30),(290,52),
44:(283,162),(284,41),(49,66),(50,17),(177,74),(254,46),(58,57),(177,86),(291,72),(181,76),(86,46),(81,97),(74,55),(29,62),(268,122),(17,153),(236,70),(131,133),(188,30),(289,52),
45:(282,162),(283,41),(50,66),(51,17),(177,74),(254,47),(57,57),(176,86),(290,72),(181,75),(87,46),(82,97),(74,56),(29,61),(267,122),(17,153),(236,70),(132,133),(189,30),(289,53),
46:(281,162),(282,41),(51,66),(52,17),(177,74),(254,48),(56,57),(175,86),(289,72),(181,74),(88,46),(83,97),(74,57),(29,60),(266,122),(17,153),(236,70),(133,133),(190,30),(288,53),
47:(280,162),(281,41),(52,66),(53,17),(177,74),(254,49),(55,57),(174,86),(289,71),(181,73),(89,46),(84,97),(74,58),(29,59),(265,122),(17,153),(236,70),(134,133),(191,30),(287,53),
48:(279,162),(280,41),(53,66),(54,17),(177,74),(254,50),(54,57),(173,86),(289,70),(181,72),(90,46),(85,97),(74,59),(29,58),(264,122),(17,153),(236,70),(135,133),(192,30),(286,53),
49:(278,162),(279,41),(54,66),(55,17),(177,74),(254,51),(53,57),(172,86),(288,70),(181,71),(91,46),(86,97),(74,60),(29,57),(263,122),(17,153),(236,70),(136,133),(193,30),(285,53),
50:(277,162),(278,41),(55,66),(56,17),(177,74),(254,52),(52,57),(171,86),(287,70),(181,70),(92,46),(87,97),(74,61),(29,56),(262,122),(17,153),(236,70),(137,133),(194,30),(284,53),
51:(276,162),(277,41),(56,66),(57,17),(177,74),(254,53),(51,57),(170,86),(286,70),(181,69),(93,46),(88,97),(74,62),(29,56),(261,122),(17,153),(236,70),(138,133),(195,30),(283,53),
52:(275,162),(276,41),(57,66),(58,17),(177,74),(254,54),(50,57),(169,86),(285,70),(181,68),(94,46),(89,97),(74,63),(29,56),(260,122),(17,153),(236,70),(139,133),(196,30),(282,53),
53:(274,162),(275,41),(58,66),(59,17),(177,74),(254,55),(49,57),(168,86),(284,70),(181,67),(95,46),(90,97),(74,64),(29,56),(259,122),(17,153),(236,70),(140,133),(197,30),(281,53),
54:(273,162),(274,41),(59,66),(60,17),(177,74),(254,56),(48,57),(167,86),(283,70),(181,66),(96,46),(91,97),(74,65),(29,56),(258,122),(17,153),(236,70),(141,133),(198,30),(280,53),
55:(272,162),(273,41),(60,66),(61,17),(177,74),(254,57),(47,57),(166,86),(282,70),(181,65),(97,46),(92,97),(74,66),(29,56),(257,122),(17,153),(236,70),(142,133),(199,30),(279,53),
56:(271,162),(272,41),(61,66),(62,17),(177,74),(254,58),(46,57),(165,86),(281,70),(181,64),(98,46),(93,97),(74,67),(29,56),(256,122),(17,153),(236,70),(143,133),(200,30),(278,53),
57:(270,162),(271,41),(62,66),(63,17),(177,74),(254,59),(45,57),(164,86),(280,70),(181,63),(99,46),(94,97),(74,68),(29,56),(255,122),(17,153),(236,70),(144,133),(201,30),(277,53),
58:(269,162),(270,41),(62,67),(64,17),(177,74),(254,60),(44,57),(163,86),(279,70),(181,62),(100,46),(95,97),(74,69),(29,56),(254,122),(17,153),(236,70),(145,133),(202,30),(276,53),
59:(268,162),(269,41),(62,68),(65,17),(177,74),(254,61),(43,57),(162,86),(278,70),(181,61),(101,46),(96,97),(74,70),(29,56),(253,122),(17,153),(236,70),(146,133),(203,30),(275,53),
60:(267,162),(268,41),(62,69),(66,17),(177,74),(254,62),(42,57),(161,86),(277,70),(181,60),(102,46),(97,97),(74,71),(29,56),(252,122),(17,153),(236,70),(147,133),(204,30),(274,53),
61:(266,162),(267,41),(63,69),(67,17),(177,74),(254,63),(41,57),(160,86),(276,70),(181,59),(103,46),(98,97),(74,72),(29,56),(251,122),(17,153),(236,70),(148,133),(205,30),(273,53),
62:(265,162),(266,41),(64,69),(68,17),(177,74),(254,64),(41,56),(159,86),(275,70),(181,58),(104,46),(99,97),(74,73),(29,56),(250,122),(17,153),(236,70),(149,133),(206,30),(272,53),
63:(264,162),(265,41),(65,69),(69,17),(177,74),(254,65),(41,55),(158,86),(274,70),(180,58),(105,46),(100,97),(74,74),(29,56),(249,122),(17,153),(236,70),(150,133),(207,30),(271,53),
64:(263,162),(264,41),(66,69),(70,17),(177,74),(254,66),(41,54),(157,86),(273,70),(179,58),(106,46),(101,97),(74,75),(29,56),(248,122),(17,153),(236,70),(151,133),(208,30),(270,53),
65:(262,162),(263,41),(67,69),(71,17),(177,74),(254,67),(41,53),(156,86),(272,70),(178,58),(107,46),(102,97),(74,76),(29,56),(247,122),(17,153),(236,70),(152,133),(209,30),(269,53),
66:(261,162),(262,41),(68,69),(72,17),(177,74),(254,68),(41,52),(155,86),(271,70),(177,58),(108,46),(103,97),(74,77),(29,56),(246,122),(17,153),(236,70),(153,133),(210,30),(268,53),
67:(260,162),(261,41),(69,69),(73,17),(177,74),(254,69),(41,51),(154,86),(270,70),(177,57),(109,46),(104,97),(74,78),(29,56),(245,122),(17,153),(236,70),(154,133),(211,30),(267,53),
68:(259,162),(260,41),(70,69),(74,17),(177,74),(254,70),(41,50),(153,86),(269,70),(177,57),(110,46),(105,97),(74,79),(29,56),(244,122),(17,153),(236,70),(155,133),(212,30),(266,53),
69:(258,162),(259,41),(71,69),(75,17),(177,74),(254,71),(41,49),(152,86),(268,70),(177,57),(111,46),(106,97),(74,80),(29,56),(243,122),(17,153),(236,70),(156,133),(213,30),(265,53),
70:(257,162),(258,41),(72,69),(76,17),(177,74),(254,72),(41,48),(151,86),(267,70),(177,57),(112,46),(107,97),(74,81),(29,56),(242,122),(17,153),(236,70),(157,133),(214,30),(264,53),
71:(256,162),(257,41),(73,69),(77,17),(177,74),(254,73),(41,47),(150,86),(266,70),(177,57),(113,46),(108,97),(74,82),(29,56),(241,122),(17,153),(236,70),(158,133),(215,30),(263,53),
72:(255,162),(256,41),(74,69),(78,17),(177,74),(254,74),(41,46),(149,86),(265,70),(177,57),(114,46),(109,97),(74,83),(29,56),(240,122),(17,153),(236,70),(159,133),(216,30),(262,53),
73:(254,162),(255,41),(75,69),(79,17),(177,74),(254,75),(41,45),(148,86),(264,70),(177,57),(115,46),(110,97),(74,84),(29,56),(239,122),(17,153),(236,70),(160,133),(217,30),(261,53),
74:(253,162),(254,41),(76,69),(80,17),(177,74),(254,76),(41,44),(147,86),(263,70),(177,57),(116,46),(111,97),(74,85),(29,56),(238,122),(17,153),(236,70),(161,133),(218,30),(260,53),
75:(252,162),(253,41),(77,69),(81,17),(177,74),(254,77),(41,43),(146,86),(262,70),(177,57),(117,46),(112,97),(75,85),(29,56),(237,122),(17,153),(236,70),(162,133),(219,30),(259,53),
76:(251,162),(252,41),(78,69),(82,17),(177,74),(254,78),(41,42),(145,86),(261,70),(177,57),(118,46),(113,97),(76,85),(29,56),(236,122),(17,153),(236,70),(163,133),(220,30),(258,53),
77:(250,162),(251,41),(79,69),(83,17),(177,74),(254,79),(41,41),(144,86),(260,70),(177,57),(119,46),(114,97),(77,85),(29,56),(235,122),(17,153),(236,70),(164,133),(221,30),(257,53),
78:(249,162),(250,41),(80,69),(84,17),(177,74),(254,80),(41,40),(143,86),(259,70),(177,57),(120,46),(115,97),(77,86),(29,56),(234,122),(17,153),(236,70),(165,133),(222,30),(256,53),
79:(248,162),(249,41),(81,69),(85,17),(177,74),(254,81),(41,39),(142,86),(258,70),(177,57),(121,46),(116,97),(77,86),(29,56),(233,122),(17,153),(236,70),(166,133),(223,30),(255,53),
80:(247,162),(248,41),(82,69),(86,17),(177,74),(254,82),(41,38),(141,86),(257,70),(177,57),(122,46),(117,97),(77,86),(29,56),(232,122),(17,153),(236,70),(167,133),(224,30),(254,53),
81:(246,162),(247,41),(83,69),(87,17),(177,74),(254,83),(41,37),(140,86),(256,70),(177,57),(123,46),(118,97),(77,86),(29,56),(231,122),(17,153),(236,70),(168,133),(225,30),(253,53),
82:(245,162),(246,41),(84,69),(88,17),(177,74),(254,84),(41,36),(139,86),(255,70),(177,57),(124,46),(119,97),(77,86),(29,56),(230,122),(17,153),(236,70),(169,133),(226,30),(252,53),
83:(244,162),(245,41),(85,69),(89,17),(177,74),(254,85),(41,35),(138,86),(254,70),(177,57),(125,46),(120,97),(77,86),(29,56),(229,122),(17,153),(236,70),(170,133),(227,30),(251,53),
84:(243,162),(244,41),(86,69),(90,17),(177,74),(254,86),(41,34),(137,86),(253,70),(177,57),(126,46),(121,97),(77,86),(29,56),(228,122),(17,153),(236,70),(171,133),(228,30),(250,53),
85:(242,162),(243,41),(86,70),(91,17),(177,74),(254,87),(41,33),(136,86),(252,70),(177,57),(127,46),(122,97),(77,86),(29,56),(227,122),(17,153),(236,70),(172,133),(229,30),(249,53),
86:(241,162),(242,41),(86,71),(92,17),(177,74),(254,88),(41,32),(135,86),(251,70),(177,57),(128,46),(123,97),(77,86),(29,56),(226,122),(17,153),(236,70),(173,133),(230,30),(248,53),
87:(240,162),(241,41),(86,72),(93,17),(177,74),(254,89),(41,31),(134,86),(250,70),(177,57),(129,46),(124,97),(77,86),(29,56),(225,122),(17,153),(236,70),(174,133),(231,30),(247,53),
88:(239,162),(240,41),(86,73),(94,17),(177,74),(254,90),(41,30),(133,86),(249,70),(177,57),(130,46),(125,97),(77,86),(29,56),(224,122),(17,153),(236,70),(175,133),(232,30),(246,53),
89:(238,162),(239,41),(86,74),(95,17),(177,74),(254,91),(41,29),(132,86),(248,70),(177,57),(131,46),(126,97),(77,86),(29,56),(223,122),(17,153),(236,70),(176,133),(233,30),(245,53),
90:(237,162),(238,41),(86,75),(96,17),(177,74),(254,92),(41,28),(131,86),(247,70),(177,57),(132,46),(127,97),(77,86),(29,56),(222,122),(17,153),(236,70),(177,133),(234,30),(244,53),
91:(236,162),(237,41),(86,76),(97,17),(177,74),(254,93),(41,27),(130,86),(246,70),(177,57),(133,46),(128,97),(77,86),(29,56),(221,122),(17,153),(236,70),(178,133),(235,30),(243,53),
92:(235,162),(236,41),(86,77),(98,17),(177,74),(254,94),(41,26),(129,86),(245,70),(177,57),(134,46),(129,97),(77,86),(29,56),(220,122),(17,153),(236,70),(179,133),(236,30),(242,53),
93:(234,162),(235,41),(86,78),(99,17),(177,74),(254,95),(41,25),(128,86),(244,70),(177,57),(135,46),(130,97),(77,86),(29,56),(219,122),(17,153),(236,70),(180,133),(237,30),(241,53),
94:(233,162),(234,41),(86,79),(100,17),(177,74),(254,96),(41,24),(127,86),(243,70),(177,57),(136,46),(131,97),(77,86),(29,56),(218,122),(17,153),(236,70),(181,133),(238,30),(240,53),
95:(232,162),(233,41),(86,80),(101,17),(177,74),(254,97),(41,23),(126,86),(242,70),(177,57),(137,46),(132,97),(77,86),(29,56),(217,122),(17,153),(236,70),(182,133),(239,30),(239,53),
96:(231,162),(232,41),(86,81),(102,17),(177,74),(254,98),(41,22),(125,86),(241,70),(177,57),(138,46),(133,97),(77,86),(29,56),(216,122),(17,153),(236,70),(183,133),(240,30),(238,53),
97:(230,162),(231,41),(86,82),(103,17),(177,74),(254,99),(41,21),(124,86),(240,70),(177,57),(139,46),(134,97),(77,86),(29,56),(215,122),(17,153),(236,70),(184,133),(241,30),(237,53),
98:(229,162),(230,41),(86,83),(104,17),(177,74),(254,100),(41,20),(123,86),(239,70),(177,57),(140,46),(135,97),(77,86),(29,56),(214,122),(17,153),(236,70),(185,133),(242,30),(236,53),
99:(228,162),(229,41),(86,84),(105,17),(177,74),(254,101),(41,19),(122,86),(238,70),(177,57),(141,46),(136,97),(77,86),(29,56),(213,122),(17,153),(236,70),(186,133),(242,31),(235,53),
100:(227,162),(228,41),(86,85),(106,17),(177,74),(254,102),(41,18),(121,86),(237,70),(177,57),(142,46),(137,97),(77,86),(29,56),(212,122),(17,153),(236,70),(187,133),(242,32),(234,53),
101:(226,162),(227,41),(86,86),(107,17),(177,74),(254,103),(41,17),(120,86),(237,69),(177,57),(143,46),(138,97),(77,86),(29,56),(211,122),(17,153),(236,70),(188,133),(242,33),(233,53),
102:(225,162),(226,41),(86,87),(108,17),(177,74),(254,104),(41,16),(119,86),(236,69),(177,57),(144,46),(139,97),(77,86),(29,56),(210,122),(17,153),(236,70),(189,133),(242,34),(232,53),
103:(224,162),(225,41),(86,88),(109,17),(177,74),(254,105),(41,15),(118,86),(235,69),(177,57),(145,46),(140,97),(77,86),(29,56),(209,122),(17,153),(236,70),(190,133),(242,35),(231,53),
104:(223,162),(224,41),(86,89),(110,17),(177,74),(254,106),(41,14),(117,86),(234,69),(177,57),(146,46),(141,97),(77,86),(29,56),(208,122),(17,153),(236,70),(191,133),(242,36),(230,53),
105:(222,162),(223,41),(86,90),(111,17),(177,74),(254,107),(41,13),(116,86),(233,69),(177,57),(147,46),(142,97),(77,86),(29,56),(207,122),(17,153),(236,70),(192,133),(242,37),(229,53),
106:(221,162),(222,41),(86,91),(112,17),(177,74),(254,108),(41,12),(115,86),(232,69),(177,57),(148,46),(143,97),(77,86),(29,56),(206,122),(17,153),(236,70),(193,133),(242,38),(228,53),
107:(220,162),(221,41),(86,92),(113,17),(177,74),(254,109),(41,11),(114,86),(231,69),(177,57),(149,46),(144,97),(77,86),(29,56),(205,122),(17,153),(236,70),(194,133),(242,39),(227,53),
108:(219,162),(220,41),(86,93),(114,17),(177,74),(254,110),(41,10),(113,86),(230,69),(177,57),(150,46),(145,97),(77,86),(29,56),(204,122),(17,153),(236,70),(195,133),(242,40),(226,53),
109:(218,162),(219,41),(86,94),(115,17),(177,74),(254,111),(41,9),(112,86),(229,69),(177,57),(151,46),(146,97),(77,86),(29,56),(203,122),(17,153),(236,70),(196,133),(242,41),(225,53),
110:(217,162),(218,41),(86,95),(116,17),(177,74),(254,112),(41,9),(111,86),(228,69),(177,57),(152,46),(147,97),(77,86),(29,56),(202,122),(17,153),(236,70),(197,133),(242,42),(224,53),
111:(216,162),(217,41),(86,96),(117,17),(177,74),(254,113),(41,9),(110,86),(227,69),(177,57),(153,46),(148,97),(77,86),(29,56),(201,122),(17,153),(236,70),(198,133),(242,43),(223,53),
112:(215,162),(216,41),(86,97),(118,17),(177,74),(254,114),(41,9),(109,86),(226,69),(177,57),(154,46),(149,97),(77,86),(29,56),(200,122),(17,153),(236,70),(199,133),(242,44),(222,53),
113:(214,162),(215,41),(86,98),(119,17),(177,74),(254,115),(41,9),(109,87),(225,69),(177,57),(155,46),(150,97),(77,86),(29,56),(199,122),(17,153),(236,70),(200,133),(242,45),(221,53),
114:(213,162),(214,41),(86,99),(120,17),(177,74),(254,116),(41,9),(109,88),(224,69),(177,57),(156,46),(151,97),(77,86),(29,56),(198,122),(17,153),(236,70),(201,133),(242,46),(220,53),
115:(212,162),(213,41),(86,100),(121,17),(177,74),(254,116),(41,9),(109,89),(223,69),(177,57),(157,46),(152,97),(77,86),(29,56),(197,122),(17,153),(236,70),(202,133),(242,47),(219,53),
116:(211,162),(212,41),(86,101),(122,17),(177,74),(254,116),(41,9),(108,89),(222,69),(177,57),(158,46),(153,97),(77,86),(29,56),(196,122),(17,153),(236,70),(203,133),(242,48),(218,53),
117:(210,162),(211,41),(86,102),(123,17),(177,74),(254,116),(41,9),(108,90),(221,69),(177,57),(159,46),(154,97),(77,86),(29,56),(195,122),(17,153),(236,70),(204,133),(242,49),(217,53),
118:(209,162),(210,41),(86,103),(124,17),(177,74),(254,116),(41,9),(108,90),(220,69),(177,57),(160,46),(155,97),(77,86),(29,56),(194,122),(17,153),(236,70),(205,133),(242,50),(216,53),
119:(208,162),(209,41),(86,104),(125,17),(177,74),(254,116),(41,9),(108,90),(219,69),(177,57),(161,46),(156,97),(77,86),(29,56),(193,122),(17,153),(236,70),(206,133),(242,51),(215,53),
120:(207,162),(208,41),(86,105),(126,17),(177,74),(254,116),(41,9),(108,90),(218,69),(177,57),(162,46),(157,97),(77,86),(29,56),(192,122),(17,153),(236,70),(207,133),(242,52),(214,53),
121:(206,162),(207,41),(86,106),(127,17),(177,74),(254,116),(41,9),(108,90),(217,69),(177,57),(163,46),(158,97),(77,86),(29,56),(191,122),(17,153),(236,70),(208,133),(242,53),(213,53),
122:(205,162),(206,41),(86,107),(128,17),(177,74),(254,116),(41,9),(108,90),(216,69),(177,57),(164,46),(159,97),(77,86),(29,56),(190,122),(17,153),(236,70),(209,133),(242,54),(212,53),
123:(204,162),(205,41),(86,108),(129,17),(177,74),(254,116),(41,9),(108,90),(215,69),(177,57),(165,46),(160,97),(77,86),(29,56),(189,122),(17,153),(236,70),(210,133),(242,55),(211,53),
124:(203,162),(204,41),(86,109),(130,17),(177,74),(254,116),(41,9),(108,90),(214,69),(177,57),(166,46),(161,97),(77,86),(29,56),(188,122),(17,153),(236,70),(211,133),(242,56),(210,53),
125:(202,162),(203,41),(86,110),(131,17),(177,74),(254,116),(41,9),(108,90),(213,69),(177,57),(167,46),(162,97),(77,86),(29,56),(187,122),(17,153),(236,70),(212,133),(242,57),(209,53),
126:(201,162),(202,41),(86,111),(132,17),(177,74),(254,116),(41,9),(108,90),(212,69),(177,57),(168,46),(163,97),(77,86),(29,56),(186,122),(17,153),(236,70),(213,133),(242,58),(208,53),
127:(200,162),(201,41),(86,112),(133,17),(177,74),(254,116),(41,9),(108,90),(211,69),(177,57),(169,46),(164,97),(77,86),(29,56),(185,122),(17,153),(236,70),(214,133),(242,59),(207,53),
128:(199,162),(200,41),(86,113),(134,17),(177,74),(254,116),(41,9),(108,90),(210,69),(177,57),(170,46),(165,97),(77,86),(29,56),(184,122),(17,153),(236,70),(215,133),(242,60),(206,53),
129:(198,162),(199,41),(86,114),(135,17),(177,74),(254,116),(41,9),(108,90),(209,69),(177,57),(171,46),(166,97),(77,86),(29,56),(183,122),(17,153),(236,70),(216,133),(242,61),(205,53),
130:(197,162),(198,41),(86,115),(136,17),(177,74),(254,116),(41,9),(108,90),(208,69),(177,57),(172,46),(167,97),(77,86),(29,56),(182,122),(17,153),(236,70),(217,133),(242,62),(205,54),
131:(196,162),(197,41),(86,116),(137,17),(177,74),(254,116),(41,9),(108,90),(207,69),(177,57),(173,46),(168,97),(77,86),(29,56),(181,122),(17,153),(236,70),(218,133),(242,63),(205,55),
132:(195,162),(196,41),(86,117),(138,17),(177,74),(254,116),(41,9),(108,90),(206,69),(177,57),(174,46),(169,97),(77,86),(29,56),(180,122),(17,153),(236,70),(219,133),(242,64),(205,56),
133:(194,162),(195,41),(86,118),(139,17),(177,74),(254,116),(41,9),(108,90),(205,69),(177,57),(175,46),(170,97),(77,86),(29,56),(179,122),(17,153),(236,70),(220,133),(242,65),(205,57),
134:(193,162),(194,41),(86,119),(140,17),(177,74),(254,116),(41,9),(108,90),(204,69),(177,57),(176,46),(171,97),(77,86),(29,56),(178,122),(17,153),(236,70),(221,133),(242,66),(205,58),
135:(192,162),(193,41),(86,120),(141,17),(177,74),(254,116),(41,9),(108,90),(203,69),(177,57),(177,46),(172,97),(77,86),(29,56),(177,122),(17,153),(236,70),(222,133),(242,67),(205,59),
136:(191,162),(192,41),(86,121),(142,17),(177,74),(254,116),(41,9),(108,90),(202,69),(177,57),(178,46),(173,97),(77,86),(29,56),(176,122),(17,153),(236,70),(223,133),(242,68),(205,60),
137:(190,162),(191,41),(86,122),(143,17),(177,74),(254,116),(41,9),(108,90),(201,69),(177,57),(179,46),(174,97),(77,86),(29,56),(175,122),(17,153),(236,70),(224,133),(242,69),(205,61),
138:(189,162),(190,41),(86,123),(144,17),(177,74),(254,116),(41,9),(108,90),(200,69),(177,57),(180,46),(175,97),(77,86),(29,56),(174,122),(17,153),(236,70),(225,133),(242,70),(205,62),
139:(188,162),(189,41),(86,124),(145,17),(177,74),(254,116),(41,9),(108,90),(199,69),(177,57),(181,46),(176,97),(77,86),(29,56),(173,122),(17,153),(236,70),(226,133),(242,71),(205,63),
140:(187,162),(188,41),(86,125),(146,17),(177,74),(254,116),(41,9),(108,90),(198,69),(177,57),(182,46),(177,97),(77,86),(29,56),(172,122),(17,153),(236,70),(227,133),(242,72),(205,64),
141:(186,162),(187,41),(86,126),(147,17),(177,74),(254,116),(41,9),(108,90),(197,69),(177,57),(183,46),(178,97),(77,86),(29,56),(171,122),(17,153),(236,70),(228,133),(242,73),(205,65),
142:(185,162),(186,41),(86,127),(148,17),(177,74),(254,116),(41,9),(108,90),(196,69),(177,57),(184,46),(179,97),(77,86),(29,56),(170,122),(17,153),(236,70),(229,133),(242,74),(205,66),
143:(184,162),(185,41),(86,128),(149,17),(177,74),(254,116),(41,9),(108,90),(195,69),(177,57),(185,46),(180,97),(77,86),(29,56),(169,122),(17,153),(236,70),(230,133),(242,75),(205,67),
144:(183,162),(184,41),(86,129),(150,17),(177,74),(254,116),(41,9),(108,90),(194,69),(177,57),(186,46),(181,97),(77,86),(29,56),(168,122),(17,153),(236,70),(231,133),(242,76),(205,68),
145:(182,162),(183,41),(86,130),(151,17),(177,74),(254,116),(41,9),(108,90),(193,69),(177,57),(187,46),(182,97),(77,86),(29,56),(167,122),(17,153),(236,70),(232,133),(242,77),(205,69),
146:(181,162),(182,41),(86,131),(152,17),(177,74),(254,116),(41,9),(108,90),(192,69),(177,57),(188,46),(183,97),(77,86),(29,56),(166,122),(17,153),(236,70),(233,133),(242,78),(205,70),
147:(180,162),(181,41),(86,132),(153,17),(177,74),(254,116),(41,9),(108,90),(191,69),(177,57),(189,46),(184,97),(77,86),(29,56),(165,122),(17,153),(236,70),(234,133),(242,79),(205,71),
148:(179,162),(180,41),(86,133),(154,17),(177,74),(254,116),(41,9),(108,90),(190,69),(177,57),(190,46),(185,97),(77,86),(29,56),(164,122),(17,153),(236,70),(235,133),(242,80),(205,72),
149:(178,162),(179,41),(86,134),(155,17),(177,74),(254,116),(41,9),(108,90),(189,69),(177,57),(191,46),(186,97),(77,86),(29,56),(163,122),(17,153),(236,70),(236,133),(242,81),(205,73),
150:(177,162),(178,41),(86,135),(156,17),(177,74),(254,116),(41,9),(108,90),(188,69),(177,57),(192,46),(187,97),(77,86),(29,56),(162,122),(17,153),(236,70),(237,133),(242,82),(205,74),
151:(176,162),(177,41),(86,136),(157,17),(177,74),(254,116),(41,9),(108,90),(187,69),(177,57),(193,46),(188,97),(77,86),(29,56),(161,122),(17,153),(236,70),(238,133),(242,83),(205,75),
152:(175,162),(176,41),(86,137),(158,17),(177,74),(254,116),(41,9),(108,90),(186,69),(177,57),(194,46),(189,97),(77,86),(29,56),(160,122),(17,153),(236,70),(239,133),(242,84),(205,76),
153:(174,162),(175,41),(86,138),(159,17),(177,74),(254,116),(41,9),(108,90),(185,69),(177,57),(195,46),(190,97),(77,86),(29,56),(159,122),(17,153),(236,70),(240,133),(242,85),(205,77),
154:(173,162),(174,41),(86,139),(160,17),(177,74),(254,116),(41,9),(108,90),(184,69),(177,57),(196,46),(191,97),(77,86),(29,56),(158,122),(17,153),(236,70),(241,133),(242,86),(205,78),
155:(172,162),(173,41),(86,140),(161,17),(177,74),(254,116),(41,9),(108,90),(183,69),(177,57),(197,46),(192,97),(77,86),(29,56),(157,122),(17,153),(236,70),(242,133),(242,87),(205,79),
156:(171,162),(172,41),(86,141),(162,17),(177,74),(254,116),(41,9),(108,90),(182,69),(177,57),(198,46),(193,97),(77,86),(29,56),(157,121),(17,153),(236,70),(243,133),(242,88),(205,80),
157:(170,162),(171,41),(86,142),(163,17),(177,74),(254,116),(41,9),(108,90),(181,69),(177,57),(199,46),(194,97),(77,86),(29,56),(157,120),(17,153),(236,70),(244,133),(242,89),(205,81),
158:(169,162),(170,41),(86,143),(164,17),(177,74),(254,116),(41,9),(108,90),(181,68),(177,57),(200,46),(195,97),(77,86),(29,56),(157,119),(17,153),(236,70),(245,133),(242,90),(205,82),
159:(168,162),(169,41),(86,144),(165,17),(177,74),(254,116),(41,9),(108,90),(181,67),(177,57),(201,46),(196,97),(77,86),(29,56),(157,118),(17,153),(236,70),(246,133),(242,91),(205,83),
160:(167,162),(169,42),(86,145),(166,17),(177,74),(254,116),(41,9),(108,90),(181,66),(177,57),(202,46),(197,97),(77,86),(29,56),(157,117),(17,153),(236,70),(247,133),(242,92),(205,84),
161:(166,162),(169,43),(86,146),(167,17),(177,74),(254,116),(41,9),(108,90),(181,65),(177,57),(203,46),(198,97),(77,86),(29,56),(157,116),(17,153),(236,70),(248,133),(242,93),(205,85),
162:(165,162),(169,44),(86,147),(168,17),(177,74),(254,116),(41,9),(108,90),(181,64),(177,57),(204,46),(199,97),(77,86),(29,56),(157,115),(17,153),(236,70),(249,133),(243,93),(205,86),
163:(164,162),(169,45),(86,148),(169,17),(177,74),(254,116),(41,9),(108,90),(181,63),(177,57),(205,46),(200,97),(77,86),(29,56),(157,114),(17,153),(236,70),(250,133),(244,93),(205,87),
164:(163,162),(169,46),(86,149),(170,17),(177,74),(254,116),(41,9),(108,90),(181,62),(177,57),(206,46),(201,97),(77,86),(29,56),(157,113),(17,153),(236,70),(251,133),(245,93),(205,88),
165:(162,162),(169,47),(86,150),(171,17),(177,74),(254,116),(41,9),(108,90),(181,61),(177,57),(207,46),(202,97),(77,86),(29,56),(157,112),(17,153),(236,70),(252,133),(246,93),(205,89),
166:(161,162),(169,48),(86,151),(172,17),(177,74),(254,116),(41,9),(108,90),(181,60),(177,57),(208,46),(203,97),(77,86),(29,56),(157,111),(17,153),(236,70),(253,133),(247,93),(205,90),
167:(160,162),(169,49),(86,152),(173,17),(177,74),(254,116),(41,9),(108,90),(181,59),(177,57),(209,46),(204,97),(77,86),(29,56),(157,110),(17,153),(236,70),(254,133),(247,93),(205,91),
168:(159,162),(169,50),(86,153),(174,17),(177,74),(254,116),(41,9),(108,90),(181,58),(177,57),(210,46),(205,97),(77,86),(29,56),(157,109),(17,153),(236,70),(255,133),(247,93),(205,92),
169:(158,162),(169,51),(86,154),(175,17),(177,74),(254,116),(41,9),(108,90),(181,57),(177,57),(211,46),(206,97),(77,86),(29,56),(157,108),(17,153),(236,70),(256,133),(247,93),(205,93),
170:(157,162),(169,52),(86,155),(176,17),(177,74),(254,116),(41,9),(108,90),(181,56),(177,57),(212,46),(207,97),(77,86),(29,56),(157,107),(17,153),(236,70),(257,133),(247,93),(205,94),
171:(156,162),(169,53),(86,156),(177,17),(177,74),(254,116),(41,9),(108,90),(181,55),(177,57),(213,46),(208,97),(77,86),(29,56),(157,106),(17,153),(236,70),(258,133),(247,93),(205,95),
172:(155,162),(169,54),(86,157),(178,17),(177,74),(254,116),(41,9),(108,90),(181,54),(177,57),(214,46),(209,97),(77,86),(29,56),(157,105),(17,153),(236,70),(259,133),(247,93),(205,96),
173:(154,162),(169,55),(86,158),(179,17),(177,74),(254,116),(41,9),(108,90),(181,53),(177,57),(215,46),(210,97),(77,86),(29,56),(157,104),(17,153),(236,70),(260,133),(247,93),(205,97),
174:(153,162),(169,56),(86,159),(180,17),(177,74),(254,116),(41,9),(108,90),(181,52),(177,57),(216,46),(211,97),(77,86),(29,56),(157,103),(17,153),(236,70),(261,133),(247,93),(205,98),
175:(152,162),(169,57),(86,160),(181,17),(177,74),(254,116),(41,9),(108,90),(181,51),(177,57),(217,46),(212,97),(77,86),(29,56),(157,102),(17,153),(236,70),(262,133),(247,93),(205,99),
176:(151,162),(169,58),(86,161),(182,17),(177,74),(254,116),(41,9),(108,90),(181,50),(177,57),(218,46),(213,97),(77,86),(29,56),(157,101),(17,153),(236,70),(263,133),(247,93),(205,100),
177:(150,162),(169,59),(87,161),(183,17),(177,74),(254,116),(41,9),(108,90),(181,49),(177,57),(219,46),(214,97),(77,86),(29,56),(157,100),(17,153),(236,70),(264,133),(247,93),(205,101),
178:(149,162),(169,60),(88,161),(184,17),(177,74),(254,116),(41,9),(108,90),(181,48),(177,57),(220,46),(215,97),(77,86),(29,56),(157,99),(17,153),(236,70),(265,133),(247,93),(205,102),
179:(148,162),(169,61),(88,162),(185,17),(177,74),(254,116),(41,9),(108,90),(181,47),(177,57),(221,46),(216,97),(77,86),(29,56),(157,98),(17,153),(236,70),(266,133),(247,93),(205,103),
180:(147,162),(169,62),(88,162),(186,17),(177,74),(254,116),(41,9),(108,90),(181,46),(177,57),(222,46),(217,97),(77,86),(29,56),(157,97),(17,153),(236,70),(267,133),(247,93),(205,104),
181:(146,162),(169,63),(88,162),(187,17),(177,74),(254,116),(41,9),(108,90),(181,45),(177,57),(223,46),(218,97),(77,86),(29,56),(157,96),(17,153),(236,70),(268,133),(247,93),(205,105),
182:(145,162),(169,64),(88,162),(188,17),(177,74),(254,116),(41,9),(108,90),(181,44),(177,57),(224,46),(219,97),(77,86),(29,56),(157,95),(17,153),(236,70),(269,133),(247,93),(204,105),
183:(144,162),(169,65),(88,162),(189,17),(177,74),(254,116),(41,9),(108,90),(181,43),(177,57),(225,46),(220,97),(77,86),(29,56),(157,94),(17,153),(236,70),(270,133),(247,93),(203,105),
184:(143,162),(169,66),(88,162),(190,17),(177,74),(254,116),(41,9),(108,90),(181,42),(177,57),(226,46),(221,97),(77,86),(29,56),(157,93),(17,153),(236,70),(271,133),(247,93),(203,105),
185:(142,162),(169,67),(88,162),(191,17),(177,74),(254,116),(41,9),(108,90),(181,41),(177,57),(227,46),(222,97),(77,86),(29,56),(157,92),(17,153),(236,70),(272,133),(247,93),(203,105),
186:(141,162),(169,68),(88,162),(192,17),(177,74),(254,116),(41,9),(108,90),(181,40),(177,57),(228,46),(223,97),(77,86),(29,56),(157,91),(17,153),(236,70),(273,133),(247,93),(203,105),
187:(140,162),(169,69),(88,162),(193,17),(177,74),(254,116),(41,9),(108,90),(181,39),(177,57),(229,46),(224,97),(77,86),(29,56),(157,90),(17,153),(236,70),(274,133),(247,93),(203,105),
188:(139,162),(169,70),(88,162),(194,17),(177,74),(254,116),(41,9),(108,90),(181,38),(177,57),(230,46),(225,97),(77,86),(29,56),(157,89),(17,153),(236,70),(275,133),(247,93),(203,105),
189:(138,162),(169,71),(88,162),(195,17),(177,74),(254,116),(41,9),(108,90),(181,37),(177,57),(231,46),(226,97),(77,86),(29,56),(157,88),(17,153),(236,70),(276,133),(247,93),(203,105),
190:(137,162),(169,72),(88,162),(196,17),(177,74),(254,116),(41,9),(108,90),(181,36),(177,57),(232,46),(227,97),(77,86),(29,56),(157,87),(17,153),(236,70),(277,133),(247,93),(203,105),
191:(136,162),(169,73),(88,162),(197,17),(177,74),(254,116),(41,9),(108,90),(181,35),(177,57),(233,46),(228,97),(77,86),(29,56),(157,86),(17,153),(236,70),(278,133),(247,93),(203,105),
192:(135,162),(169,74),(88,162),(198,17),(177,74),(254,116),(41,9),(108,90),(181,34),(177,57),(234,46),(229,97),(77,86),(29,56),(157,85),(17,153),(236,70),(279,133),(247,93),(203,105),
193:(134,162),(169,75),(88,162),(199,17),(177,74),(254,116),(41,9),(108,90),(181,33),(177,57),(235,46),(230,97),(77,86),(29,56),(157,84),(17,153),(236,70),(280,133),(247,93),(203,105),
194:(133,162),(169,76),(88,162),(200,17),(177,74),(254,116),(41,9),(108,90),(181,32),(177,57),(236,46),(231,97),(77,86),(29,56),(157,83),(17,153),(236,70),(281,133),(247,93),(203,105),
195:(132,162),(169,77),(88,162),(201,17),(177,74),(254,116),(41,9),(108,90),(181,31),(177,57),(237,46),(232,97),(77,86),(29,56),(157,82),(17,153),(236,70),(282,133),(247,93),(203,105),
196:(131,162),(169,78),(88,162),(202,17),(177,74),(254,116),(41,9),(108,90),(181,30),(177,57),(238,46),(233,97),(77,86),(29,56),(157,81),(17,153),(236,70),(283,133),(247,93),(203,105),
197:(130,162),(169,79),(88,162),(203,17),(177,74),(254,116),(41,9),(108,90),(181,29),(177,57),(239,46),(234,97),(77,86),(29,56),(157,80),(17,153),(236,70),(284,133),(247,93),(203,105),
198:(129,162),(169,80),(88,162),(204,17),(177,74),(254,116),(41,9),(108,90),(181,28),(177,57),(240,46),(235,97),(77,86),(29,56),(157,79),(17,153),(236,70),(285,133),(247,93),(203,105),
199:(128,162),(169,81),(88,162),(205,17),(177,74),(254,116),(41,9),(108,90),(181,27),(177,57),(241,46),(236,97),(77,86),(29,56),(157,78),(17,153),(236,70),(286,133),(247,93),(203,105),
200:(127,162),(169,82),(88,162),(206,17),(177,74),(254,116),(41,9),(108,90),(181,26),(177,57),(242,46),(237,97),(77,86),(29,56),(157,77),(17,153),(236,70),(287,133),(247,93),(203,105),
201:(126,162),(169,83),(88,162),(207,17),(177,74),(254,116),(41,9),(108,90),(181,25),(177,57),(243,46),(238,97),(77,86),(29,56),(157,76),(17,153),(236,70),(288,133),(247,93),(203,105),
202:(125,162),(169,84),(88,162),(208,17),(177,74),(254,116),(41,9),(108,90),(181,24),(177,57),(244,46),(239,97),(77,86),(29,56),(157,75),(17,153),(236,70),(289,133),(247,93),(203,105),
203:(124,162),(169,85),(88,162),(209,17),(177,74),(254,116),(41,9),(108,90),(181,23),(177,57),(245,46),(240,97),(77,86),(29,56),(157,74),(17,153),(236,70),(290,133),(247,93),(203,105),
204:(123,162),(169,86),(88,162),(210,17),(177,74),(254,116),(41,9),(108,90),(181,22),(177,57),(246,46),(241,97),(77,86),(29,56),(157,73),(17,153),(236,70),(291,133),(247,93),(203,105),
205:(122,162),(169,87),(88,162),(211,17),(177,74),(254,116),(41,9),(108,90),(180,22),(177,57),(247,46),(242,97),(77,86),(29,56),(157,72),(17,153),(236,70),(292,133),(247,93),(203,105),
206:(121,162),(169,88),(88,162),(212,17),(177,74),(254,116),(41,9),(108,90),(179,22),(177,57),(248,46),(243,97),(77,86),(29,56),(157,71),(17,153),(236,70),(293,133),(247,93),(203,105),
207:(120,162),(169,89),(88,162),(213,17),(177,74),(254,116),(41,9),(108,90),(178,22),(177,57),(249,46),(244,97),(77,86),(29,56),(157,70),(17,153),(236,70),(294,133),(247,93),(203,105),
208:(119,162),(169,90),(88,162),(214,17),(177,74),(254,116),(41,9),(108,90),(177,22),(177,57),(250,46),(245,97),(77,86),(29,56),(157,69),(17,153),(236,70),(295,133),(247,93),(203,105),
209:(118,162),(169,91),(88,162),(215,17),(177,74),(254,116),(41,9),(108,90),(176,22),(177,57),(251,46),(246,97),(77,86),(29,56),(157,68),(17,153),(236,70),(296,133),(247,93),(203,105),
210:(117,162),(169,92),(88,162),(216,17),(177,74),(254,116),(41,9),(108,90),(175,22),(177,57),(252,46),(247,97),(77,86),(29,56),(157,67),(17,153),(236,70),(297,133),(247,93),(203,105),
211:(116,162),(169,93),(88,162),(217,17),(177,74),(254,116),(41,9),(108,90),(174,22),(177,57),(253,46),(248,97),(77,86),(29,56),(157,66),(17,153),(236,70),(298,133),(247,93),(203,105),
212:(115,162),(169,94),(88,162),(218,17),(177,74),(254,116),(41,9),(108,90),(173,22),(177,57),(254,46),(249,97),(77,86),(29,56),(157,65),(17,153),(236,70),(299,133),(247,93),(203,105),
213:(114,162),(169,95),(88,162),(219,17),(177,74),(254,116),(41,9),(108,90),(172,22),(177,57),(255,46),(250,97),(77,86),(29,56),(157,64),(17,153),(236,70),(300,133),(247,93),(203,105),
214:(113,162),(169,96),(88,162),(220,17),(177,74),(254,116),(41,9),(108,90),(172,21),(177,57),(256,46),(251,97),(77,86),(29,56),(157,63),(17,153),(236,70),(301,133),(247,93),(203,105),
215:(112,162),(169,97),(88,162),(221,17),(177,74),(254,116),(41,9),(108,90),(172,21),(177,57),(257,46),(252,97),(77,86),(29,56),(157,62),(17,153),(236,70),(301,132),(247,93),(203,105),
216:(111,162),(169,98),(88,162),(222,17),(177,74),(254,116),(41,9),(108,90),(172,21),(177,57),(258,46),(253,97),(77,86),(29,56),(157,61),(17,153),(236,70),(301,131),(247,93),(203,105),
217:(110,162),(169,99),(88,162),(223,17),(177,74),(254,116),(41,9),(108,90),(172,21),(177,57),(259,46),(254,97),(77,86),(29,56),(157,60),(17,153),(236,70),(301,130),(247,93),(203,105),
218:(109,162),(169,100),(88,162),(224,17),(177,74),(254,116),(41,9),(108,90),(172,21),(177,57),(260,46),(255,97),(77,86),(29,56),(157,59),(17,153),(236,70),(301,129),(247,93),(203,105),
219:(108,162),(169,101),(88,162),(225,17),(177,74),(254,116),(41,9),(108,90),(172,21),(177,57),(261,46),(256,97),(77,86),(29,56),(157,58),(17,153),(236,70),(301,128),(247,93),(203,105),
220:(107,162),(169,102),(88,162),(226,17),(177,74),(254,116),(41,9),(108,90),(172,21),(177,57),(262,46),(257,97),(77,86),(29,56),(157,57),(17,153),(236,70),(301,127),(247,93),(203,105),
221:(106,162),(169,103),(88,162),(227,17),(177,74),(254,116),(41,9),(108,90),(172,21),(177,57),(263,46),(258,97),(77,86),(29,56),(157,56),(17,153),(236,70),(301,126),(247,93),(203,105),
222:(105,162),(169,104),(88,162),(228,17),(177,74),(254,116),(41,9),(108,90),(172,21),(177,57),(264,46),(259,97),(77,86),(29,56),(157,55),(17,153),(236,70),(301,125),(247,93),(203,105),
223:(104,162),(169,105),(88,162),(229,17),(177,74),(254,116),(41,9),(108,90),(172,21),(177,57),(265,46),(260,97),(77,86),(29,56),(157,54),(17,153),(236,70),(301,124),(247,93),(203,105),
224:(103,162),(169,106),(88,162),(230,17),(177,74),(254,116),(41,9),(108,90),(172,21),(177,57),(266,46),(261,97),(77,86),(29,56),(157,53),(17,153),(236,70),(301,123),(247,93),(203,105),
225:(102,162),(169,107),(88,162),(230,18),(177,74),(254,116),(41,9),(108,90),(172,21),(177,57),(266,45),(262,97),(77,86),(29,56),(157,52),(17,153),(236,70),(301,122),(247,93),(203,105),
226:(101,162),(169,108),(88,162),(230,19),(177,74),(254,116),(41,9),(108,90),(172,21),(177,57),(266,44),(263,97),(77,86),(29,56),(157,51),(17,153),(236,70),(301,121),(247,93),(203,105),
227:(100,162),(169,109),(88,162),(230,20),(177,74),(254,116),(41,9),(108,90),(172,21),(177,57),(266,43),(264,97),(77,86),(29,56),(157,50),(17,153),(236,70),(301,120),(247,93),(203,105),
228:(99,162),(169,110),(88,162),(230,21),(177,74),(254,116),(41,9),(108,90),(172,21),(177,57),(266,42),(265,97),(77,86),(29,56),(157,49),(17,153),(236,70),(301,119),(247,93),(203,105),
229:(98,162),(169,111),(88,162),(230,22),(177,74),(254,116),(41,9),(108,90),(172,21),(177,57),(266,41),(266,97),(77,86),(29,56),(157,48),(17,153),(236,70),(301,118),(247,93),(203,105),
230:(97,162),(169,112),(88,162),(230,23),(177,74),(254,116),(41,9),(108,90),(172,21),(177,57),(266,40),(267,97),(77,86),(29,56),(157,47),(17,153),(236,70),(301,117),(247,93),(203,105),
231:(96,162),(169,113),(88,162),(230,24),(177,74),(254,116),(41,9),(108,90),(172,21),(177,57),(266,39),(268,97),(77,86),(29,56),(157,46),(17,153),(236,70),(301,116),(247,93),(203,105),
232:(95,162),(169,114),(88,162),(230,25),(177,74),(254,116),(41,9),(108,90),(172,21),(177,57),(266,38),(269,97),(77,86),(29,56),(157,45),(17,153),(236,70),(301,115),(247,93),(203,105),
233:(94,162),(169,115),(88,162),(230,26),(177,74),(254,116),(41,9),(108,90),(172,21),(177,57),(266,37),(270,97),(77,86),(29,56),(157,44),(17,153),(236,70),(301,114),(247,93),(203,105),
234:(93,162),(169,116),(88,162),(230,27),(177,74),(254,116),(41,9),(108,90),(172,21),(177,57),(266,36),(271,97),(77,86),(29,56),(157,43),(17,153),(236,70),(301,113),(247,93),(203,105),
235:(92,162),(169,117),(88,162),(230,28),(177,74),(254,116),(41,9),(108,90),(172,21),(177,57),(266,35),(272,97),(77,86),(29,56),(157,42),(17,153),(236,70),(301,112),(247,93),(203,105),
236:(91,162),(169,118),(88,162),(230,29),(177,74),(254,116),(41,9),(108,90),(172,21),(177,57),(266,34),(273,97),(77,86),(29,56),(157,41),(17,153),(236,70),(301,111),(247,93),(203,105),
237:(90,162),(169,119),(88,162),(230,30),(177,74),(254,116),(41,9),(108,90),(172,21),(177,57),(266,33),(274,97),(77,86),(29,56),(157,40),(17,153),(236,70),(301,110),(247,93),(203,105),
238:(89,162),(169,120),(88,162),(230,31),(177,74),(254,116),(41,9),(108,90),(172,21),(177,57),(266,32),(275,97),(77,86),(29,56),(157,39),(17,153),(236,70),(301,109),(247,93),(203,105),
239:(89,161),(169,121),(88,162),(230,32),(177,74),(254,116),(41,9),(108,90),(172,21),(177,57),(266,31),(276,97),(77,86),(29,56),(157,38),(17,153),(236,70),(301,108),(247,93),(203,105),
240:(88,161),(169,122),(88,162),(230,33),(177,74),(254,116),(41,9),(108,90),(172,21),(177,57),(266,30),(277,97),(77,86),(29,56),(157,37),(17,153),(236,70),(301,107),(247,93),(203,105),
241:(87,161),(169,123),(88,162),(230,34),(177,74),(254,116),(41,9),(108,90),(172,21),(177,57),(266,29),(278,97),(77,86),(29,56),(157,36),(17,153),(236,70),(301,106),(247,93),(203,105),
242:(86,161),(169,124),(88,162),(230,35),(177,74),(254,116),(41,9),(108,90),(172,21),(177,57),(266,28),(279,97),(77,86),(29,56),(157,35),(17,153),(236,70),(301,105),(247,93),(203,105),
243:(85,161),(169,125),(88,162),(230,36),(177,74),(254,116),(41,9),(108,90),(172,21),(177,57),(266,27),(280,97),(77,86),(29,56),(157,34),(17,153),(236,70),(301,104),(247,93),(203,105),
244:(84,161),(169,126),(88,162),(230,37),(177,74),(254,116),(41,9),(108,90),(172,21),(177,57),(266,26),(281,97),(77,86),(29,56),(156,34),(17,153),(236,70),(301,103),(247,93),(203,105),
245:(83,161),(169,127),(88,162),(230,38),(177,74),(254,116),(41,9),(108,90),(172,21),(177,57),(266,25),(282,97),(77,86),(29,56),(155,34),(17,153),(236,70),(301,102),(247,93),(203,105),
246:(82,161),(169,128),(88,162),(230,39),(177,74),(254,116),(41,9),(108,90),(172,21),(177,57),(266,24),(283,97),(77,86),(29,56),(154,34),(17,153),(236,70),(301,101),(247,93),(203,105),
247:(81,161),(169,129),(88,162),(230,40),(177,74),(254,116),(41,9),(108,90),(172,21),(177,57),(266,23),(284,97),(77,86),(29,56),(153,34),(17,153),(236,70),(301,100),(247,93),(203,105),
248:(80,161),(169,130),(88,162),(230,41),(177,74),(254,116),(41,9),(108,90),(172,21),(177,57),(266,22),(285,97),(77,86),(29,56),(152,34),(17,153),(236,70),(301,99),(247,93),(203,105),
249:(79,161),(169,131),(88,162),(230,42),(177,74),(254,116),(41,9),(108,90),(172,21),(177,57),(266,21),(286,97),(77,86),(29,56),(152,34),(17,153),(236,70),(301,98),(247,93),(203,105),
250:(78,161),(169,132),(88,162),(230,43),(177,74),(254,116),(41,9),(108,90),(172,21),(177,57),(266,20),(287,97),(77,86),(29,56),(152,34),(17,153),(236,70),(301,97),(247,93),(203,105),
251:(77,161),(169,133),(88,162),(230,44),(177,74),(254,116),(41,9),(108,90),(172,21),(177,57),(266,19),(288,97),(77,86),(29,56),(152,34),(17,153),(236,70),(301,96),(247,93),(203,105),
252:(76,161),(169,134),(88,162),(230,45),(177,74),(254,116),(41,9),(108,90),(172,21),(177,57),(266,18),(289,97),(77,86),(29,56),(152,34),(17,153),(236,70),(301,95),(247,93),(203,105),
253:(75,161),(169,135),(88,162),(230,46),(177,74),(254,116),(41,9),(108,90),(172,21),(177,57),(267,18),(290,97),(77,86),(29,56),(152,34),(17,153),(236,70),(301,94),(247,93),(203,105),
254:(74,161),(169,136),(88,162),(230,47),(177,74),(254,116),(41,9),(108,90),(172,21),(177,57),(268,18),(291,97),(77,86),(29,56),(152,34),(17,153),(236,70),(301,93),(247,93),(203,105),
255:(73,161),(169,137),(88,162),(230,48),(177,74),(254,116),(41,9),(108,90),(172,21),(177,57),(269,18),(292,97),(77,86),(29,56),(152,34),(17,153),(236,70),(301,92),(247,93),(203,105),
256:(72,161),(169,138),(88,162),(230,49),(177,74),(254,116),(41,9),(108,90),(172,21),(177,57),(269,17),(293,97),(77,86),(29,56),(152,34),(17,153),(236,70),(301,91),(247,93),(203,105),
257:(71,161),(169,139),(88,162),(230,50),(177,74),(254,116),(41,9),(108,90),(172,21),(177,57),(270,17),(294,97),(77,86),(29,56),(152,34),(17,153),(236,70),(301,90),(247,93),(203,105),
258:(70,161),(169,140),(88,162),(230,51),(177,74),(254,116),(41,9),(108,90),(172,21),(177,57),(271,17),(295,97),(77,86),(29,56),(152,34),(17,153),(236,70),(301,89),(247,93),(203,105),
259:(69,161),(169,141),(88,162),(230,52),(177,74),(254,116),(41,9),(108,90),(172,21),(177,57),(272,17),(296,97),(77,86),(29,56),(152,34),(17,153),(236,70),(301,88),(247,93),(203,105),
260:(68,161),(169,142),(88,162),(230,53),(177,74),(254,116),(41,9),(108,90),(172,21),(177,57),(273,17),(297,97),(77,86),(29,56),(152,34),(17,153),(236,70),(301,87),(247,93),(203,105),
261:(67,161),(169,143),(88,162),(230,54),(177,74),(254,116),(41,9),(108,90),(172,21),(177,57),(273,17),(298,97),(77,86),(29,56),(152,34),(17,153),(236,70),(301,86),(247,93),(203,105),
262:(66,161),(169,144),(88,162),(230,55),(177,74),(254,116),(41,9),(108,90),(172,21),(177,57),(273,17),(299,97),(77,86),(29,56),(152,34),(17,153),(236,70),(301,85),(247,93),(203,105),
263:(65,161),(169,145),(88,162),(230,56),(177,74),(254,116),(41,9),(108,90),(172,21),(177,57),(273,17),(300,97),(77,86),(29,56),(152,34),(17,153),(236,70),(301,84),(247,93),(203,105),
264:(64,161),(169,146),(88,162),(230,57),(177,74),(254,116),(41,9),(108,90),(172,21),(177,57),(273,17),(301,97),(77,86),(29,56),(152,34),(17,153),(236,70),(301,83),(247,93),(203,105),
265:(63,161),(169,147),(88,162),(230,58),(177,74),(254,116),(41,9),(108,90),(172,21),(177,57),(273,17),(302,97),(77,86),(29,56),(152,34),(17,153),(236,70),(301,82),(247,93),(203,105),
266:(62,161),(169,148),(88,162),(230,59),(177,74),(254,116),(41,9),(108,90),(172,21),(177,57),(273,17),(303,97),(77,86),(29,56),(152,34),(17,153),(236,70),(301,81),(247,93),(203,105),
267:(61,161),(169,149),(88,162),(230,60),(177,74),(254,116),(41,9),(108,90),(172,21),(177,57),(273,17),(304,97),(77,86),(29,56),(152,34),(17,153),(236,70),(301,80),(247,93),(203,105),
268:(60,161),(168,149),(88,162),(230,61),(177,74),(254,116),(41,9),(108,90),(172,21),(177,57),(273,17),(305,97),(77,86),(29,56),(152,34),(17,153),(236,70),(301,79),(247,93),(203,105),
269:(59,161),(167,149),(88,162),(230,62),(177,74),(254,116),(41,9),(108,90),(172,21),(177,57),(273,17),(306,97),(77,86),(29,56),(152,34),(17,153),(236,70),(301,78),(247,93),(203,105),
270:(58,161),(166,149),(88,162),(230,63),(177,74),(254,116),(41,9),(108,90),(172,21),(177,57),(273,17),(307,97),(77,86),(29,56),(152,34),(17,153),(236,70),(301,77),(247,93),(203,105),
271:(57,161),(165,149),(88,162),(230,64),(177,74),(254,116),(41,9),(108,90),(172,21),(177,57),(273,17),(308,97),(77,86),(29,56),(152,34),(17,153),(236,70),(301,76),(247,93),(203,105),
272:(56,161),(164,149),(88,162),(230,65),(177,74),(254,116),(41,9),(108,90),(172,21),(177,57),(273,17),(309,97),(77,86),(29,56),(152,34),(17,153),(236,70),(301,75),(247,93),(203,105),
273:(55,161),(163,149),(88,162),(230,66),(177,74),(254,116),(41,9),(108,90),(172,21),(177,57),(273,17),(310,97),(77,86),(29,56),(152,34),(17,153),(236,70),(301,74),(247,93),(203,105),
274:(54,161),(162,149),(88,162),(230,67),(177,74),(254,116),(41,9),(108,90),(172,21),(177,57),(273,17),(311,97),(77,86),(29,56),(152,34),(17,153),(236,70),(301,73),(247,93),(203,105),
275:(53,161),(161,149),(88,162),(230,68),(177,74),(254,116),(41,9),(108,90),(172,21),(177,57),(273,17),(312,97),(77,86),(29,56),(152,34),(17,153),(236,70),(301,72),(247,93),(203,105),
276:(52,161),(161,149),(88,162),(230,69),(177,74),(254,116),(41,9),(108,90),(172,21),(177,57),(273,17),(313,97),(77,86),(29,56),(152,34),(17,153),(236,70),(301,71),(247,93),(203,105),
277:(51,161),(161,149),(88,162),(230,70),(177,74),(254,116),(41,9),(108,90),(172,21),(177,57),(273,17),(314,97),(77,86),(29,56),(152,34),(17,153),(236,70),(301,70),(247,93),(203,105),
278:(50,161),(161,149),(88,162),(230,71),(177,74),(254,116),(41,9),(108,90),(172,21),(177,57),(273,17),(315,97),(77,86),(29,56),(152,34),(17,153),(236,70),(301,69),(247,93),(203,105),
279:(49,161),(161,149),(88,162),(230,72),(177,74),(254,116),(41,9),(108,90),(172,21),(177,57),(273,17),(315,98),(77,86),(29,56),(152,34),(17,153),(236,70),(301,68),(247,93),(203,105),
280:(48,161),(161,149),(88,162),(230,73),(177,74),(254,116),(41,9),(108,90),(172,21),(177,57),(273,17),(315,99),(77,86),(29,56),(152,34),(17,153),(236,70),(301,67),(247,93),(203,105),
281:(47,161),(161,149),(88,162),(230,74),(177,74),(254,116),(41,9),(108,90),(172,21),(177,57),(273,17),(315,100),(77,86),(29,56),(152,34),(17,153),(236,70),(301,66),(247,93),(203,105),
282:(46,161),(161,149),(88,162),(230,75),(177,74),(254,116),(41,9),(108,90),(172,21),(177,57),(273,17),(315,101),(77,86),(29,56),(152,34),(17,153),(236,70),(301,65),(247,93),(203,105),
283:(45,161),(161,149),(88,162),(230,76),(177,74),(254,116),(41,9),(108,90),(172,21),(177,57),(273,17),(315,102),(77,86),(29,56),(152,34),(17,153),(236,70),(301,64),(247,93),(203,105),
284:(44,161),(161,149),(88,162),(230,77),(177,74),(254,116),(41,9),(108,90),(172,21),(177,57),(273,17),(315,103),(77,86),(29,56),(152,34),(17,153),(236,70),(301,63),(247,93),(203,105),
285:(43,161),(161,149),(88,162),(230,78),(177,74),(254,116),(41,9),(108,90),(172,21),(177,57),(273,17),(315,104),(77,86),(29,56),(152,34),(17,153),(236,70),(301,62),(247,93),(203,105),
286:(42,161),(161,149),(88,162),(230,79),(177,74),(254,116),(41,9),(108,90),(172,21),(177,57),(273,17),(315,105),(77,86),(29,56),(152,34),(17,153),(236,70),(301,61),(247,93),(203,105),
287:(41,161),(161,149),(88,162),(230,80),(177,74),(254,116),(41,9),(108,90),(172,21),(177,57),(273,17),(315,106),(77,86),(29,56),(152,34),(17,153),(236,70),(301,60),(247,93),(203,105),
288:(40,161),(161,149),(88,162),(230,81),(177,74),(254,116),(41,9),(108,90),(172,21),(177,57),(273,17),(315,107),(77,86),(29,56),(152,34),(17,153),(236,70),(301,59),(247,93),(203,105),
289:(39,161),(161,149),(88,162),(230,82),(177,74),(254,116),(41,9),(108,90),(172,21),(177,57),(273,17),(315,108),(77,86),(29,56),(152,34),(17,153),(236,70),(301,58),(247,93),(203,105),
290:(38,161),(161,149),(88,162),(230,83),(177,74),(254,116),(41,9),(108,90),(172,21),(177,57),(273,17),(315,109),(77,86),(29,56),(152,34),(17,153),(236,70),(301,57),(247,93),(203,105),
291:(37,161),(161,149),(88,162),(230,84),(177,74),(254,116),(41,9),(108,90),(172,21),(177,57),(273,17),(315,110),(77,86),(29,56),(152,34),(17,153),(236,70),(301,56),(247,93),(203,105),
292:(36,161),(161,149),(88,162),(230,85),(177,74),(254,116),(41,9),(108,90),(172,21),(177,57),(273,17),(315,111),(77,86),(29,56),(152,34),(17,153),(236,70),(301,55),(247,93),(203,105),
293:(35,161),(161,149),(88,162),(230,86),(177,74),(254,116),(41,9),(108,90),(172,21),(177,57),(273,17),(315,112),(77,86),(29,56),(152,34),(17,153),(236,70),(301,54),(247,93),(203,105),
294:(34,161),(161,149),(88,162),(230,87),(177,74),(254,116),(41,9),(108,90),(172,21),(177,57),(273,17),(315,113),(77,86),(29,56),(152,34),(17,153),(236,70),(301,53),(247,93),(203,105),
295:(33,161),(161,149),(88,162),(230,88),(177,74),(254,116),(41,9),(108,90),(172,21),(177,57),(273,17),(315,114),(77,86),(29,56),(152,34),(17,153),(236,70),(301,52),(247,93),(203,105),
296:(32,161),(161,149),(88,162),(230,89),(177,74),(254,116),(41,9),(108,90),(172,21),(177,57),(273,17),(315,115),(77,86),(29,56),(152,34),(17,153),(236,70),(301,51),(247,93),(203,105),
297:(32,160),(161,149),(88,162),(230,90),(177,74),(254,116),(41,9),(108,90),(172,21),(177,57),(273,17),(315,116),(77,86),(29,56),(152,34),(17,153),(236,70),(301,50),(247,93),(203,105),
298:(32,159),(161,149),(88,162),(230,91),(177,74),(254,116),(41,9),(108,90),(172,21),(177,57),(273,17),(315,117),(77,86),(29,56),(152,34),(17,153),(236,70),(301,49),(247,93),(203,105),
299:(32,158),(161,149),(88,162),(230,92),(177,74),(254,116),(41,9),(108,90),(172,21),(177,57),(273,17),(315,118),(77,86),(29,56),(152,34),(17,153),(236,70),(301,48),(247,93),(203,105),
300:(32,157),(161,149),(88,162),(230,93),(177,74),(254,116),(41,9),(108,90),(172,21),(177,57),(273,17),(315,119),(77,86),(29,56),(152,34),(17,153),(236,70),(301,47),(247,93),(203,105),
301:(32,156),(161,149),(88,162),(230,94),(177,74),(254,116),(41,9),(108,90),(172,21),(177,57),(273,17),(315,120),(77,86),(29,56),(152,34),(17,153),(236,70),(301,46),(247,93),(203,105),
302:(32,155),(161,149),(88,162),(230,95),(177,74),(254,116),(41,9),(108,90),(172,21),(177,57),(273,17),(315,121),(77,86),(29,56),(152,34),(17,153),(236,70),(301,45),(247,93),(203,105),
303:(32,154),(161,149),(88,162),(230,96),(177,74),(254,116),(41,9),(108,90),(172,21),(177,57),(273,17),(315,122),(77,86),(29,56),(152,34),(17,153),(236,70),(301,44),(247,93),(203,105),
304:(32,153),(161,149),(88,162),(230,97),(177,74),(254,116),(41,9),(108,90),(172,21),(177,57),(273,17),(315,123),(77,86),(29,56),(152,34),(17,153),(236,70),(301,43),(247,93),(203,105),
305:(32,152),(161,149),(88,162),(230,98),(177,74),(254,116),(41,9),(108,90),(172,21),(177,57),(273,17),(315,124),(77,86),(29,56),(152,34),(17,153),(236,70),(301,42),(247,93),(203,105),
306:(32,151),(161,149),(88,162),(230,99),(177,74),(254,116),(41,9),(108,90),(172,21),(177,57),(273,17),(315,125),(77,86),(29,56),(152,34),(17,153),(236,70),(301,41),(247,93),(203,105),
307:(32,150),(161,149),(88,162),(230,100),(177,74),(254,116),(41,9),(108,90),(172,21),(177,57),(273,17),(315,126),(77,86),(29,56),(152,34),(17,153),(236,70),(301,40),(247,93),(203,105),
308:(32,149),(161,149),(88,162),(230,101),(177,74),(254,116),(41,9),(108,90),(172,21),(177,57),(273,17),(315,127),(77,86),(29,56),(152,34),(17,153),(236,70),(301,39),(247,93),(203,105),
309:(32,148),(161,149),(88,162),(230,102),(177,74),(254,116),(41,9),(108,90),(172,21),(177,57),(273,17),(315,128),(77,86),(29,56),(152,34),(17,153),(236,70),(301,38),(247,93),(203,105),
310:(32,147),(161,149),(88,162),(230,103),(177,74),(254,116),(41,9),(108,90),(172,21),(177,57),(273,17),(315,129),(77,86),(29,56),(152,34),(17,153),(236,70),(301,37),(247,93),(203,105),
311:(32,146),(161,149),(88,162),(230,104),(177,74),(254,116),(41,9),(108,90),(172,21),(177,57),(273,17),(315,130),(77,86),(29,56),(152,34),(17,153),(236,70),(301,36),(247,93),(203,105),
312:(32,145),(161,149),(88,162),(230,105),(177,74),(254,116),(41,9),(108,90),(172,21),(177,57),(273,17),(315,131),(77,86),(29,56),(152,34),(17,153),(236,70),(301,35),(247,93),(203,105),
313:(32,144),(161,149),(88,162),(230,106),(177,74),(254,116),(41,9),(108,90),(172,21),(177,57),(273,17),(315,132),(77,86),(29,56),(152,34),(17,153),(236,70),(301,34),(247,93),(203,105),
314:(32,143),(161,149),(88,162),(230,107),(177,74),(254,116),(41,9),(108,90),(172,21),(177,57),(273,17),(315,133),(77,86),(29,56),(152,34),(17,153),(236,70),(301,33),(247,93),(203,105),
315:(32,142),(161,149),(88,162),(230,108),(177,74),(254,116),(41,9),(108,90),(172,21),(177,57),(273,17),(315,134),(77,86),(29,56),(152,34),(17,153),(236,70),(301,32),(247,93),(203,105),
316:(32,141),(161,149),(88,162),(230,109),(177,74),(254,116),(41,9),(108,90),(172,21),(177,57),(273,17),(315,135),(77,86),(29,56),(152,34),(17,153),(236,70),(301,31),(247,93),(203,105),
317:(32,140),(161,149),(88,162),(230,110),(177,74),(254,116),(41,9),(108,90),(172,21),(177,57),(273,17),(315,136),(77,86),(29,56),(152,34),(17,153),(236,70),(301,30),(247,93),(203,105),
318:(32,139),(161,149),(88,162),(230,111),(177,74),(254,116),(41,9),(108,90),(172,21),(177,57),(273,17),(315,137),(77,86),(29,56),(152,34),(17,153),(236,70),(301,29),(247,93),(203,105),
319:(32,138),(161,149),(88,162),(230,112),(177,74),(254,116),(41,9),(108,90),(172,21),(177,57),(273,17),(315,138),(77,86),(29,56),(152,34),(17,153),(236,70),(301,28),(247,93),(203,105),
320:(32,137),(161,149),(88,162),(230,113),(177,74),(254,116),(41,9),(108,90),(172,21),(177,57),(273,17),(315,139),(77,86),(29,56),(152,34),(17,153),(236,70),(301,27),(247,93),(203,105),
321:(32,136),(161,149),(88,162),(230,114),(177,74),(254,116),(41,9),(108,90),(172,21),(177,57),(273,17),(315,140),(77,86),(29,56),(152,34),(17,153),(236,70),(301,26),(247,93),(203,105),
322:(32,135),(161,149),(88,162),(230,115),(177,74),(254,116),(41,9),(108,90),(172,21),(177,57),(273,17),(315,141),(77,86),(29,56),(152,34),(17,153),(236,70),(301,25),(247,93),(203,105),
323:(32,134),(161,149),(88,162),(230,116),(177,74),(254,116),(41,9),(108,90),(172,21),(177,57),(273,17),(315,142),(77,86),(29,56),(152,34),(17,153),(236,70),(301,24),(247,93),(203,105),
324:(32,133),(161,149),(88,162),(230,117),(177,74),(254,116),(41,9),(108,90),(172,21),(177,57),(273,17),(315,143),(77,86),(29,56),(152,34),(17,153),(236,70),(301,23),(247,93),(203,105),
325:(32,132),(161,149),(88,162),(230,118),(177,74),(254,116),(41,9),(108,90),(172,21),(177,57),(273,17),(315,144),(77,86),(29,56),(152,34),(17,153),(236,70),(301,22),(247,93),(203,105),
326:(32,131),(161,149),(88,162),(230,119),(177,74),(254,116),(41,9),(108,90),(172,21),(177,57),(273,17),(315,145),(77,86),(29,56),(152,34),(17,153),(236,70),(301,21),(247,93),(203,105),
327:(32,130),(161,149),(88,162),(230,120),(177,74),(254,116),(41,9),(108,90),(172,21),(177,57),(273,17),(315,146),(77,86),(29,56),(152,34),(17,153),(236,70),(301,20),(247,93),(203,105),
328:(32,129),(161,149),(88,162),(230,121),(177,74),(254,116),(41,9),(108,90),(172,21),(177,57),(273,17),(315,147),(77,86),(29,56),(152,34),(17,153),(236,70),(301,19),(247,93),(203,105),
329:(32,128),(161,149),(88,162),(230,122),(177,74),(254,116),(41,9),(108,90),(172,21),(177,57),(273,17),(315,148),(77,86),(29,56),(152,34),(17,153),(236,70),(301,18),(247,93),(203,105),
330:(32,127),(161,149),(88,162),(230,123),(177,74),(254,116),(41,9),(108,90),(172,21),(177,57),(273,17),(315,149),(77,86),(29,56),(152,34),(17,153),(236,70),(301,17),(247,93),(203,105),
331:(32,126),(161,149),(88,162),(230,124),(177,74),(254,116),(41,9),(108,90),(172,21),(177,57),(273,17),(315,150),(77,86),(29,56),(152,34),(17,153),(236,70),(301,16),(247,93),(203,105),
332:(32,125),(161,149),(88,162),(230,125),(177,74),(254,116),(41,9),(108,90),(172,21),(177,57),(273,17),(315,151),(77,86),(29,56),(152,34),(17,153),(236,70),(301,15),(247,93),(203,105),
333:(32,124),(161,149),(88,162),(230,126),(177,74),(254,116),(41,9),(108,90),(172,21),(177,57),(273,17),(315,152),(77,86),(29,56),(152,34),(17,153),(236,70),(301,14),(247,93),(203,105),
334:(32,123),(161,149),(88,162),(230,127),(177,74),(254,116),(41,9),(108,90),(172,21),(177,57),(273,17),(315,152),(77,86),(29,56),(152,34),(17,153),(236,70),(301,13),(247,93),(203,105),
335:(32,122),(161,149),(88,162),(230,128),(177,74),(254,116),(41,9),(108,90),(172,21),(177,57),(273,17),(315,152),(77,86),(29,56),(152,34),(17,153),(236,70),(301,12),(247,93),(203,105),
336:(32,121),(161,149),(88,162),(230,129),(177,74),(254,116),(41,9),(108,90),(172,21),(177,57),(273,17),(315,152),(77,86),(29,56),(152,34),(17,153),(236,70),(301,11),(247,93),(203,105),
337:(32,120),(161,149),(88,162),(230,130),(177,74),(254,116),(41,9),(108,90),(172,21),(177,57),(273,17),(315,152),(77,86),(29,56),(152,34),(17,153),(236,70),(301,10),(247,93),(203,105),
338:(32,119),(161,149),(88,162),(230,131),(177,74),(254,116),(41,9),(108,90),(172,21),(177,57),(273,17),(315,152),(77,86),(29,56),(152,34),(17,153),(236,70),(301,9),(247,93),(203,105),
339:(32,118),(161,149),(88,162),(230,132),(177,74),(254,116),(41,9),(108,90),(172,21),(177,57),(273,17),(315,152),(77,86),(29,56),(152,34),(17,153),(236,70),(301,8),(247,93),(203,105),
340:(32,117),(161,149),(88,162),(230,133),(177,74),(254,116),(41,9),(108,90),(172,21),(177,57),(273,17),(315,152),(77,86),(29,56),(152,34),(17,153),(236,70),(301,7),(247,93),(203,105),
341:(32,116),(161,149),(88,162),(230,134),(177,74),(254,116),(41,9),(108,90),(172,21),(177,57),(273,17),(315,152),(77,86),(29,56),(152,34),(17,153),(236,70),(301,6),(247,93),(203,105),
342:(32,115),(161,149),(88,162),(230,135),(177,74),(254,116),(41,9),(108,90),(172,21),(177,57),(273,17),(315,152),(77,86),(29,56),(152,34),(17,153),(236,70),(301,5),(247,93),(203,105),
343:(32,114),(161,149),(88,162),(230,136),(177,74),(254,116),(41,9),(108,90),(172,21),(177,57),(273,17),(315,152),(77,86),(29,56),(152,34),(17,153),(236,70),(301,5),(247,93),(203,105),
344:(32,113),(161,149),(88,162),(230,137),(177,74),(254,116),(41,9),(108,90),(172,21),(177,57),(273,17),(315,152),(77,86),(29,56),(152,34),(17,153),(236,70),(301,5),(247,93),(203,105),
345:(32,112),(161,149),(88,162),(230,138),(177,74),(254,116),(41,9),(108,90),(172,21),(177,57),(273,17),(315,152),(77,86),(29,56),(152,34),(17,153),(236,70),(301,5),(247,93),(203,105),
346:(32,111),(161,149),(88,162),(230,139),(177,74),(254,116),(41,9),(108,90),(172,21),(177,57),(273,17),(315,152),(77,86),(29,56),(152,34),(17,153),(236,70),(301,5),(247,93),(203,105),
347:(32,110),(161,149),(88,162),(230,140),(177,74),(254,116),(41,9),(108,90),(172,21),(177,57),(273,17),(315,152),(77,86),(29,56),(152,34),(17,153),(236,70),(301,5),(247,93),(203,105),
348:(32,109),(161,149),(88,162),(230,141),(177,74),(254,116),(41,9),(108,90),(172,21),(177,57),(273,17),(315,152),(77,86),(29,56),(152,34),(17,153),(236,70),(301,5),(247,93),(203,105),
349:(32,108),(161,149),(88,162),(230,142),(177,74),(254,116),(41,9),(108,90),(172,21),(177,57),(273,17),(315,152),(77,86),(29,56),(152,34),(17,153),(236,70),(301,5),(247,93),(203,105),
350:(32,107),(161,149),(88,162),(230,143),(177,74),(254,116),(41,9),(108,90),(172,21),(177,57),(273,17),(315,152),(77,86),(29,56),(152,34),(17,153),(236,70),(301,5),(247,93),(203,105),
351:(32,106),(161,149),(88,162),(230,144),(177,74),(254,116),(41,9),(108,90),(172,21),(177,57),(273,17),(315,152),(77,86),(29,56),(152,34),(17,153),(236,70),(301,5),(247,93),(203,105),
352:(32,105),(161,149),(88,162),(230,145),(177,74),(254,116),(41,9),(108,90),(172,21),(177,57),(273,17),(315,152),(77,86),(29,56),(152,34),(17,153),(236,70),(301,5),(247,93),(203,105),
353:(32,104),(161,149),(88,162),(230,146),(177,74),(254,116),(41,9),(108,90),(172,21),(177,57),(273,17),(315,152),(77,86),(29,56),(152,34),(17,153),(236,70),(301,5),(247,93),(203,105),
354:(32,103),(161,149),(88,162),(230,147),(177,74),(254,116),(41,9),(108,90),(172,21),(177,57),(273,17),(315,152),(77,86),(29,56),(152,34),(17,153),(236,70),(301,5),(247,93),(203,105),
355:(32,102),(161,149),(88,162),(230,148),(177,74),(254,116),(41,9),(108,90),(172,21),(177,57),(273,17),(315,152),(77,86),(29,56),(152,34),(17,153),(236,70),(301,5),(247,93),(203,105),
356:(32,101),(161,149),(88,162),(230,149),(177,74),(254,116),(41,9),(108,90),(172,21),(177,57),(273,17),(315,152),(77,86),(29,56),(152,34),(17,153),(236,70),(301,5),(247,93),(203,105),
357:(32,100),(161,149),(88,162),(231,149),(177,74),(254,116),(41,9),(108,90),(172,21),(177,57),(273,17),(315,152),(77,86),(29,56),(152,34),(17,153),(236,70),(301,5),(247,93),(203,105),
358:(32,99),(161,149),(88,162),(232,149),(177,74),(254,116),(41,9),(108,90),(172,21),(177,57),(273,17),(315,152),(77,86),(29,56),(152,34),(17,153),(236,70),(301,5),(247,93),(203,105),
359:(32,98),(161,149),(88,162),(233,149),(177,74),(254,116),(41,9),(108,90),(172,21),(177,57),(273,17),(315,152),(77,86),(29,56),(152,34),(17,153),(236,70),(301,5),(247,93),(203,105),
360:(32,97),(161,149),(88,162),(234,149),(177,74),(254,116),(41,9),(108,90),(172,21),(177,57),(273,17),(315,152),(77,86),(29,56),(152,34),(17,153),(236,70),(301,5),(247,93),(203,105),
361:(32,96),(161,149),(88,162),(235,149),(177,74),(254,116),(41,9),(108,90),(172,21),(177,57),(273,17),(315,152),(77,86),(29,56),(152,34),(17,153),(236,70),(301,5),(247,93),(203,105),
362:(32,95),(161,149),(88,162),(236,149),(177,74),(254,116),(41,9),(108,90),(172,21),(177,57),(273,17),(315,152),(77,86),(29,56),(152,34),(17,153),(236,70),(301,5),(247,93),(203,105),
363:(32,94),(161,149),(88,162),(237,149),(177,74),(254,116),(41,9),(108,90),(172,21),(177,57),(273,17),(315,152),(77,86),(29,56),(152,34),(17,153),(236,70),(301,5),(247,93),(203,105),
364:(32,93),(161,149),(88,162),(238,149),(177,74),(254,116),(41,9),(108,90),(172,21),(177,57),(273,17),(315,152),(77,86),(29,56),(152,34),(17,153),(236,70),(301,5),(247,93),(203,105),
365:(32,92),(161,149),(88,162),(238,150),(177,74),(254,116),(41,9),(108,90),(172,21),(177,57),(273,17),(315,152),(77,86),(29,56),(152,34),(17,153),(236,70),(301,5),(247,93),(203,105),
366:(32,91),(161,149),(88,162),(238,150),(177,74),(254,116),(41,9),(108,90),(172,21),(177,57),(273,17),(315,152),(77,86),(29,56),(152,34),(17,153),(236,70),(301,5),(247,93),(203,105),
367:(32,90),(161,149),(88,162),(238,150),(177,74),(254,116),(41,9),(108,90),(172,21),(177,57),(273,17),(315,152),(77,86),(29,56),(152,34),(17,153),(236,70),(301,5),(247,93),(203,105),
368:(32,89),(161,149),(88,162),(238,150),(177,74),(254,116),(41,9),(108,90),(172,21),(177,57),(273,17),(315,152),(77,86),(29,56),(152,34),(17,153),(236,70),(301,5),(247,93),(203,105),
369:(32,88),(161,149),(88,162),(238,150),(177,74),(254,116),(41,9),(108,90),(172,21),(177,57),(273,17),(315,152),(77,86),(29,56),(152,34),(17,153),(236,70),(301,5),(247,93),(203,105),
370:(32,87),(161,149),(88,162),(238,150),(177,74),(254,116),(41,9),(108,90),(172,21),(177,57),(273,17),(315,152),(77,86),(29,56),(152,34),(17,153),(236,70),(301,5),(247,93),(203,105),
371:(32,86),(161,149),(88,162),(238,150),(177,74),(254,116),(41,9),(108,90),(172,21),(177,57),(273,17),(315,152),(77,86),(29,56),(152,34),(17,153),(236,70),(301,5),(247,93),(203,105),
372:(32,85),(161,149),(88,162),(238,150),(177,74),(254,116),(41,9),(108,90),(172,21),(177,57),(273,17),(315,152),(77,86),(29,56),(152,34),(17,153),(236,70),(301,5),(247,93),(203,105),
373:(32,84),(161,149),(88,162),(238,150),(177,74),(254,116),(41,9),(108,90),(172,21),(177,57),(273,17),(315,152),(77,86),(29,56),(152,34),(17,153),(236,70),(301,5),(247,93),(203,105),
374:(32,83),(161,149),(88,162),(238,150),(177,74),(254,116),(41,9),(108,90),(172,21),(177,57),(273,17),(315,152),(77,86),(29,56),(152,34),(17,153),(236,70),(301,5),(247,93),(203,105),
375:(32,82),(161,149),(88,162),(238,150),(177,74),(254,116),(41,9),(108,90),(172,21),(177,57),(273,17),(315,152),(77,86),(29,56),(152,34),(17,153),(236,70),(301,5),(247,93),(203,105),
376:(32,81),(161,149),(88,162),(238,150),(177,74),(254,116),(41,9),(108,90),(172,21),(177,57),(273,17),(315,152),(77,86),(29,56),(152,34),(17,153),(236,70),(301,5),(247,93),(203,105),
377:(32,80),(161,149),(88,162),(238,150),(177,74),(254,116),(41,9),(108,90),(172,21),(177,57),(273,17),(315,152),(77,86),(29,56),(152,34),(17,153),(236,70),(301,5),(247,93),(203,105),
378:(32,79),(161,149),(88,162),(238,150),(177,74),(254,116),(41,9),(108,90),(172,21),(177,57),(273,17),(315,152),(77,86),(29,56),(152,34),(17,153),(236,70),(301,5),(247,93),(203,105),
379:(32,78),(161,149),(88,162),(238,150),(177,74),(254,116),(41,9),(108,90),(172,21),(177,57),(273,17),(315,152),(77,86),(29,56),(152,34),(17,153),(236,70),(301,5),(247,93),(203,105),
380:(32,77),(161,149),(88,162),(238,150),(177,74),(254,116),(41,9),(108,90),(172,21),(177,57),(273,17),(315,152),(77,86),(29,56),(152,34),(17,153),(236,70),(301,5),(247,93),(203,105),
381:(32,76),(161,149),(88,162),(238,150),(177,74),(254,116),(41,9),(108,90),(172,21),(177,57),(273,17),(315,152),(77,86),(29,56),(152,34),(17,153),(236,70),(301,5),(247,93),(203,105),
382:(32,75),(161,149),(88,162),(238,150),(177,74),(254,116),(41,9),(108,90),(172,21),(177,57),(273,17),(315,152),(77,86),(29,56),(152,34),(17,153),(236,70),(301,5),(247,93),(203,105),
383:(32,74),(161,149),(88,162),(238,150),(177,74),(254,116),(41,9),(108,90),(172,21),(177,57),(273,17),(315,152),(77,86),(29,56),(152,34),(17,153),(236,70),(301,5),(247,93),(203,105),
384:(32,73),(161,149),(88,162),(238,150),(177,74),(254,116),(41,9),(108,90),(172,21),(177,57),(273,17),(315,152),(77,86),(29,56),(152,34),(17,153),(236,70),(301,5),(247,93),(203,105),
385:(32,72),(161,149),(88,162),(238,150),(177,74),(254,116),(41,9),(108,90),(172,21),(177,57),(273,17),(315,152),(77,86),(29,56),(152,34),(17,153),(236,70),(301,5),(247,93),(203,105),
386:(32,71),(161,149),(88,162),(238,150),(177,74),(254,116),(41,9),(108,90),(172,21),(177,57),(273,17),(315,152),(77,86),(29,56),(152,34),(17,153),(236,70),(301,5),(247,93),(203,105),
387:(32,70),(161,149),(88,162),(238,150),(177,74),(254,116),(41,9),(108,90),(172,21),(177,57),(273,17),(315,152),(77,86),(29,56),(152,34),(17,153),(236,70),(301,5),(247,93),(203,105),
388:(32,69),(161,149),(88,162),(238,150),(177,74),(254,116),(41,9),(108,90),(172,21),(177,57),(273,17),(315,152),(77,86),(29,56),(152,34),(17,153),(236,70),(301,5),(247,93),(203,105),
389:(32,68),(161,149),(88,162),(238,150),(177,74),(254,116),(41,9),(108,90),(172,21),(177,57),(273,17),(315,152),(77,86),(29,56),(152,34),(17,153),(236,70),(301,5),(247,93),(203,105),
390:(32,67),(161,149),(88,162),(238,150),(177,74),(254,116),(41,9),(108,90),(172,21),(177,57),(273,17),(315,152),(77,86),(29,56),(152,34),(17,153),(236,70),(301,5),(247,93),(203,105),
391:(32,66),(161,149),(88,162),(238,150),(177,74),(254,116),(41,9),(108,90),(172,21),(177,57),(273,17),(315,152),(77,86),(29,56),(152,34),(17,153),(236,70),(301,5),(247,93),(203,105),
392:(32,65),(161,149),(88,162),(238,150),(177,74),(254,116),(41,9),(108,90),(172,21),(177,57),(273,17),(315,152),(77,86),(29,56),(152,34),(17,153),(236,70),(301,5),(247,93),(203,105),
393:(32,64),(161,149),(88,162),(238,150),(177,74),(254,116),(41,9),(108,90),(172,21),(177,57),(273,17),(315,152),(77,86),(29,56),(152,34),(17,153),(236,70),(301,5),(247,93),(203,105),
394:(32,63),(161,149),(88,162),(238,150),(177,74),(254,116),(41,9),(108,90),(172,21),(177,57),(273,17),(315,152),(77,86),(29,56),(152,34),(17,153),(236,70),(301,5),(247,93),(203,105),
395:(32,62),(161,149),(88,162),(238,150),(177,74),(254,116),(41,9),(108,90),(172,21),(177,57),(273,17),(315,152),(77,86),(29,56),(152,34),(17,153),(236,70),(301,5),(247,93),(203,105),
396:(32,61),(161,149),(88,162),(238,150),(177,74),(254,116),(41,9),(108,90),(172,21),(177,57),(273,17),(315,152),(77,86),(29,56),(152,34),(17,153),(236,70),(301,5),(247,93),(203,105),
397:(32,60),(161,149),(88,162),(238,150),(177,74),(254,116),(41,9),(108,90),(172,21),(177,57),(273,17),(315,152),(77,86),(29,56),(152,34),(17,153),(236,70),(301,5),(247,93),(203,105),
398:(32,59),(161,149),(88,162),(238,150),(177,74),(254,116),(41,9),(108,90),(172,21),(177,57),(273,17),(315,152),(77,86),(29,56),(152,34),(17,153),(236,70),(301,5),(247,93),(203,105),
399:(32,58),(161,149),(88,162),(238,150),(177,74),(254,116),(41,9),(108,90),(172,21),(177,57),(273,17),(315,152),(77,86),(29,56),(152,34),(17,153),(236,70),(301,5),(247,93),(203,105),
400:(32,57),(161,149),(88,162),(238,150),(177,74),(254,116),(41,9),(108,90),(172,21),(177,57),(273,17),(315,152),(77,86),(29,56),(152,34),(17,153),(236,70),(301,5),(247,93),(203,105),
401:(32,56),(161,149),(88,162),(238,150),(177,74),(254,116),(41,9),(108,90),(172,21),(177,57),(273,17),(315,152),(77,86),(29,56),(152,34),(17,153),(236,70),(301,5),(247,93),(203,105),
402:(32,55),(161,149),(88,162),(238,150),(177,74),(254,116),(41,9),(108,90),(172,21),(177,57),(273,17),(315,152),(77,86),(29,56),(152,34),(17,153),(236,70),(301,5),(247,93),(203,105),
403:(32,54),(161,149),(88,162),(238,150),(177,74),(254,116),(41,9),(108,90),(172,21),(177,57),(273,17),(315,152),(77,86),(29,56),(152,34),(17,153),(236,70),(301,5),(247,93),(203,105),
404:(32,53),(161,149),(88,162),(238,150),(177,74),(254,116),(41,9),(108,90),(172,21),(177,57),(273,17),(315,152),(77,86),(29,56),(152,34),(17,153),(236,70),(301,5),(247,93),(203,105),
405:(32,52),(161,149),(88,162),(238,150),(177,74),(254,116),(41,9),(108,90),(172,21),(177,57),(273,17),(315,152),(77,86),(29,56),(152,34),(17,153),(236,70),(301,5),(247,93),(203,105),
406:(32,51),(161,149),(88,162),(238,150),(177,74),(254,116),(41,9),(108,90),(172,21),(177,57),(273,17),(315,152),(77,86),(29,56),(152,34),(17,153),(236,70),(301,5),(247,93),(203,105),
407:(32,50),(161,149),(88,162),(238,150),(177,74),(254,116),(41,9),(108,90),(172,21),(177,57),(273,17),(315,152),(77,86),(29,56),(152,34),(17,153),(236,70),(301,5),(247,93),(203,105),
408:(32,49),(161,149),(88,162),(238,150),(177,74),(254,116),(41,9),(108,90),(172,21),(177,57),(273,17),(315,152),(77,86),(29,56),(152,34),(17,153),(236,70),(301,5),(247,93),(203,105),
409:(32,48),(161,149),(88,162),(238,150),(177,74),(254,116),(41,9),(108,90),(172,21),(177,57),(273,17),(315,152),(77,86),(29,56),(152,34),(17,153),(236,70),(301,5),(247,93),(203,105),
410:(32,47),(161,149),(88,162),(238,150),(177,74),(254,116),(41,9),(108,90),(172,21),(177,57),(273,17),(315,152),(77,86),(29,56),(152,34),(17,153),(236,70),(301,5),(247,93),(203,105),
411:(32,46),(161,149),(88,162),(238,150),(177,74),(254,116),(41,9),(108,90),(172,21),(177,57),(273,17),(315,152),(77,86),(29,56),(152,34),(17,153),(236,70),(301,5),(247,93),(203,105),
412:(32,45),(161,149),(88,162),(238,150),(177,74),(254,116),(41,9),(108,90),(172,21),(177,57),(273,17),(315,152),(77,86),(29,56),(152,34),(17,153),(236,70),(301,5),(247,93),(203,105),
413:(32,44),(161,149),(88,162),(238,150),(177,74),(254,116),(41,9),(108,90),(172,21),(177,57),(273,17),(315,152),(77,86),(29,56),(152,34),(17,153),(236,70),(301,5),(247,93),(203,105),
414:(32,43),(161,149),(88,162),(238,150),(177,74),(254,116),(41,9),(108,90),(172,21),(177,57),(273,17),(315,152),(77,86),(29,56),(152,34),(17,153),(236,70),(301,5),(247,93),(203,105),
415:(32,42),(161,149),(88,162),(238,150),(177,74),(254,116),(41,9),(108,90),(172,21),(177,57),(273,17),(315,152),(77,86),(29,56),(152,34),(17,153),(236,70),(301,5),(247,93),(203,105),
416:(32,41),(161,149),(88,162),(238,150),(177,74),(254,116),(41,9),(108,90),(172,21),(177,57),(273,17),(315,152),(77,86),(29,56),(152,34),(17,153),(236,70),(301,5),(247,93),(203,105),
417:(32,40),(161,149),(88,162),(238,150),(177,74),(254,116),(41,9),(108,90),(172,21),(177,57),(273,17),(315,152),(77,86),(29,56),(152,34),(17,153),(236,70),(301,5),(247,93),(203,105),
418:(32,39),(161,149),(88,162),(238,150),(177,74),(254,116),(41,9),(108,90),(172,21),(177,57),(273,17),(315,152),(77,86),(29,56),(152,34),(17,153),(236,70),(301,5),(247,93),(203,105),
419:(32,38),(161,149),(88,162),(238,150),(177,74),(254,116),(41,9),(108,90),(172,21),(177,57),(273,17),(315,152),(77,86),(29,56),(152,34),(17,153),(236,70),(301,5),(247,93),(203,105),
420:(32,37),(161,149),(88,162),(238,150),(177,74),(254,116),(41,9),(108,90),(172,21),(177,57),(273,17),(315,152),(77,86),(29,56),(152,34),(17,153),(236,70),(301,5),(247,93),(203,105),
421:(32,36),(161,149),(88,162),(238,150),(177,74),(254,116),(41,9),(108,90),(172,21),(177,57),(273,17),(315,152),(77,86),(29,56),(152,34),(17,153),(236,70),(301,5),(247,93),(203,105),
