instance=temp_instance.txt
agents=20
map_file=warehouse-20-40-10-2-2.map
solver=PIBT
solved=1
soc=3379
lb_soc=3373
makespan=426
lb_makespan=426
comp_time=21
preprocessing_comp_time=9
starts=(61,17),(27,79),(175,138),(184,30),(233,110),(120,38),(57,54),(264,154),(261,153),(20,11),(137,26),(166,34),(98,90),(211,125),(18,146),(255,158),(68,142),(10,17),(174,57),(296,26),
goals=(218,23),(195,46),(147,118),(31,83),(310,136),(16,145),(95,62),(28,73),(336,12),(304,153),(135,118),(181,128),(68,126),(270,13),(291,114),(93,2),(219,54),(86,14),(178,69),(284,45),
solution=
0:(61,17),(27,79),(175,138),(184,30),(233,110),(120,38),(57,54),(264,154),(261,153),(20,11),(137,26),(166,34),(98,90),(211,125),(18,146),(255,158),(68,142),(10,17),(174,57),(296,26),
1:(61,18),(27,78),(174,138),(183,30),(234,110),(119,38),(58,54),(264,153),(262,153),(21,11),(136,26),(167,34),(98,91),(212,125),(18,145),(254,158),(68,141),(11,17),(174,58),(296,27),
2:(61,19),(28,78),(173,138),(182,30),(235,110),(118,38),(59,54),(263,153),(262,153),(21,12),(135,26),(168,34),(98,92),(213,125),(19,145),(253,158),(69,141),(11,16),(175,58),(296,28),
3:(61,20),(29,78),(172,138),(181,30),(236,110),(117,38),(60,54),(262,153),(261,153),(22,12),(134,26),(169,34),(97,92),(214,125),(19,144),(252,158),(70,141),(11,15),(176,58),(295,28),
4:(62,20),(29,77),(172,137),(180,30),(237,110),(116,38),(61,54),(261,153),(261,154),(22,13),(134,27),(169,35),(97,93),(215,125),(20,144),(251,158),(71,141),(11,14),(177,58),(294,28),
5:(62,21),(29,76),(171,137),(179,30),(238,110),(115,38),(61,55),(260,153),(262,154),(23,13),(134,28),(170,35),(96,93),(216,125),(20,143),(250,158),(72,141),(12,14),(178,58),(294,29),
6:(62,22),(29,75),(170,137),(178,30),(239,110),(114,38),(61,56),(259,153),(263,154),(23,14),(134,29),(170,36),(95,93),(217,125),(20,142),(249,158),(73,141),(13,14),(179,58),(294,30),
7:(63,22),(30,75),(169,137),(177,30),(240,110),(113,38),(61,57),(258,153),(264,154),(23,15),(134,30),(170,37),(94,93),(218,125),(21,142),(249,157),(73,140),(14,14),(180,58),(294,31),
8:(64,22),(31,75),(168,137),(176,30),(241,110),(112,38),(62,57),(257,153),(265,154),(23,16),(134,31),(170,38),(94,94),(219,125),(21,141),(248,157),(73,139),(15,14),(181,58),(294,32),
9:(65,22),(31,74),(167,137),(175,30),(242,110),(111,38),(63,57),(256,153),(266,154),(23,17),(134,32),(171,38),(93,94),(220,125),(21,140),(247,157),(74,139),(16,14),(181,59),(294,33),
10:(66,22),(31,73),(166,137),(174,30),(243,110),(110,38),(63,58),(255,153),(266,153),(24,17),(134,33),(172,38),(92,94),(221,125),(21,139),(246,157),(74,138),(17,14),(181,60),(293,33),
11:(67,22),(31,72),(165,137),(173,30),(244,110),(109,38),(64,58),(254,153),(266,152),(24,18),(134,34),(173,38),(91,94),(222,125),(22,139),(245,157),(75,138),(18,14),(181,61),(292,33),
12:(68,22),(32,72),(164,137),(172,30),(245,110),(108,38),(65,58),(254,152),(266,151),(24,19),(134,35),(174,38),(90,94),(223,125),(23,139),(244,157),(75,137),(19,14),(181,62),(292,34),
13:(69,22),(33,72),(163,137),(171,30),(246,110),(107,38),(66,58),(253,152),(266,150),(24,20),(134,36),(175,38),(89,94),(224,125),(24,139),(243,157),(76,137),(20,14),(181,63),(292,35),
14:(70,22),(33,71),(162,137),(170,30),(247,110),(106,38),(67,58),(253,151),(266,149),(25,20),(134,37),(176,38),(88,94),(225,125),(24,138),(242,157),(77,137),(21,14),(181,64),(292,36),
15:(71,22),(33,70),(161,137),(169,30),(248,110),(105,38),(68,58),(253,150),(266,148),(25,21),(134,38),(177,38),(87,94),(226,125),(25,138),(241,157),(78,137),(22,14),(181,65),(292,37),
16:(72,22),(34,70),(160,137),(169,31),(249,110),(104,38),(69,58),(253,149),(266,147),(25,22),(134,39),(178,38),(86,94),(227,125),(25,137),(240,157),(79,137),(23,14),(181,66),(292,38),
17:(73,22),(34,69),(159,137),(169,32),(250,110),(103,38),(70,58),(252,149),(266,146),(25,23),(134,40),(179,38),(85,94),(228,125),(26,137),(239,157),(80,137),(24,14),(181,67),(292,39),
18:(74,22),(34,68),(158,137),(169,33),(251,110),(102,38),(71,58),(251,149),(266,145),(25,24),(134,41),(180,38),(84,94),(229,125),(26,136),(238,157),(81,137),(25,14),(181,68),(291,39),
19:(75,22),(34,67),(157,137),(169,34),(252,110),(101,38),(72,58),(250,149),(266,144),(25,25),(134,42),(181,38),(83,94),(229,124),(27,136),(237,157),(82,137),(26,14),(181,69),(290,39),
20:(76,22),(35,67),(157,136),(168,34),(253,110),(100,38),(73,58),(249,149),(266,143),(26,25),(134,43),(181,39),(82,94),(230,124),(28,136),(236,157),(83,137),(27,14),(180,69),(290,40),
21:(77,22),(35,66),(157,135),(167,34),(253,111),(99,38),(73,59),(248,149),(266,142),(26,26),(134,44),(181,40),(81,94),(230,123),(28,135),(235,157),(84,137),(28,14),(179,69),(290,41),
22:(78,22),(35,65),(157,134),(166,34),(253,112),(98,38),(74,59),(247,149),(267,142),(26,27),(134,45),(181,41),(80,94),(230,122),(29,135),(234,157),(85,137),(29,14),(178,69),(290,42),
23:(79,22),(36,65),(157,133),(165,34),(253,113),(97,38),(74,60),(246,149),(268,142),(27,27),(134,46),(181,42),(79,94),(230,121),(29,134),(233,157),(85,136),(30,14),(178,69),(289,42),
24:(80,22),(37,65),(157,132),(164,34),(253,114),(97,39),(74,61),(245,149),(269,142),(27,28),(134,47),(181,43),(78,94),(230,120),(29,133),(232,157),(86,136),(31,14),(178,69),(289,43),
25:(81,22),(38,65),(157,131),(163,34),(253,115),(97,40),(74,62),(244,149),(269,141),(27,29),(134,48),(181,44),(77,94),(230,119),(30,133),(231,157),(86,135),(32,14),(178,69),(289,44),
26:(82,22),(38,64),(157,130),(162,34),(253,116),(97,41),(75,62),(243,149),(270,141),(28,29),(134,49),(181,45),(76,94),(230,118),(30,132),(230,157),(86,134),(33,14),(178,69),(289,45),
27:(83,22),(39,64),(157,129),(161,34),(253,117),(97,42),(76,62),(242,149),(271,141),(28,30),(134,50),(181,46),(75,94),(231,118),(31,132),(229,157),(87,134),(34,14),(178,69),(288,45),
28:(84,22),(40,64),(157,128),(160,34),(254,117),(97,43),(77,62),(242,148),(272,141),(28,31),(134,51),(181,47),(74,94),(231,117),(31,131),(229,156),(88,134),(35,14),(178,69),(287,45),
29:(85,22),(41,64),(157,127),(159,34),(255,117),(97,44),(78,62),(242,147),(273,141),(29,31),(134,52),(181,48),(74,95),(232,117),(31,130),(229,155),(89,134),(36,14),(178,69),(286,45),
30:(86,22),(42,64),(157,126),(158,34),(256,117),(97,45),(79,62),(241,147),(274,141),(29,32),(134,53),(181,49),(73,95),(233,117),(32,130),(229,154),(89,133),(37,14),(178,69),(285,45),
31:(87,22),(42,63),(157,125),(158,35),(256,118),(96,45),(80,62),(241,146),(275,141),(30,32),(134,54),(181,50),(73,96),(234,117),(32,129),(229,153),(90,133),(38,14),(178,69),(284,45),
32:(88,22),(42,62),(157,124),(158,36),(257,118),(96,46),(81,62),(240,146),(276,141),(30,33),(134,55),(181,51),(73,97),(235,117),(33,129),(229,152),(91,133),(39,14),(178,69),(284,45),
33:(89,22),(42,61),(157,123),(157,36),(258,118),(95,46),(82,62),(239,146),(277,141),(31,33),(134,56),(181,52),(73,98),(236,117),(33,128),(229,151),(92,133),(40,14),(178,69),(284,45),
34:(90,22),(43,61),(157,122),(157,37),(259,118),(94,46),(83,62),(239,145),(278,141),(31,34),(134,57),(181,53),(73,99),(237,117),(33,127),(229,150),(93,133),(41,14),(178,69),(284,45),
35:(91,22),(44,61),(157,121),(157,38),(260,118),(93,46),(84,62),(238,145),(278,140),(31,35),(134,58),(181,54),(73,100),(238,117),(33,126),(229,149),(94,133),(42,14),(178,69),(284,45),
36:(92,22),(45,61),(157,120),(156,38),(261,118),(92,46),(85,62),(237,145),(278,139),(32,35),(134,59),(181,55),(73,101),(239,117),(34,126),(228,149),(95,133),(43,14),(178,69),(284,45),
37:(93,22),(46,61),(157,119),(155,38),(262,118),(91,46),(86,62),(236,145),(278,138),(32,36),(134,60),(181,56),(73,102),(240,117),(35,126),(227,149),(96,133),(44,14),(178,69),(284,45),
38:(94,22),(47,61),(157,118),(154,38),(263,118),(90,46),(87,62),(235,145),(278,137),(33,36),(134,61),(181,57),(73,103),(241,117),(36,126),(226,149),(97,133),(45,14),(178,69),(284,45),
39:(95,22),(48,61),(156,118),(153,38),(264,118),(89,46),(88,62),(234,145),(279,137),(33,37),(134,62),(181,58),(73,104),(241,116),(37,126),(225,149),(97,132),(46,14),(178,69),(284,45),
40:(96,22),(49,61),(155,118),(152,38),(265,118),(88,46),(89,62),(233,145),(280,137),(34,37),(134,63),(181,59),(73,105),(242,116),(37,125),(224,149),(97,131),(47,14),(178,69),(284,45),
41:(97,22),(49,60),(154,118),(151,38),(266,118),(87,46),(90,62),(232,145),(281,137),(34,38),(134,64),(181,60),(73,106),(242,115),(37,124),(223,149),(98,131),(48,14),(178,69),(284,45),
42:(98,22),(49,59),(153,118),(150,38),(266,119),(86,46),(91,62),(231,145),(282,137),(34,39),(134,65),(181,61),(73,107),(242,114),(37,123),(222,149),(98,130),(49,14),(178,69),(284,45),
43:(99,22),(50,59),(152,118),(149,38),(266,120),(85,46),(92,62),(230,145),(283,137),(35,39),(134,66),(181,62),(73,108),(242,113),(37,122),(221,149),(98,129),(50,14),(178,69),(284,45),
44:(100,22),(50,58),(151,118),(148,38),(266,121),(85,47),(93,62),(230,144),(284,137),(36,39),(134,67),(181,63),(73,109),(243,113),(38,122),(220,149),(98,128),(51,14),(178,69),(284,45),
45:(101,22),(51,58),(150,118),(147,38),(266,122),(85,48),(94,62),(229,144),(285,137),(36,40),(134,68),(181,64),(73,110),(244,113),(38,121),(219,149),(98,127),(52,14),(178,69),(284,45),
46:(102,22),(51,57),(149,118),(146,38),(267,122),(85,49),(95,62),(229,143),(286,137),(36,41),(134,69),(181,65),(73,111),(245,113),(39,121),(218,149),(98,126),(53,14),(178,69),(284,45),
47:(103,22),(52,57),(148,118),(145,38),(268,122),(85,50),(95,62),(229,142),(287,137),(37,41),(134,70),(181,66),(73,112),(246,113),(39,120),(218,148),(98,125),(54,14),(178,69),(284,45),
48:(104,22),(53,57),(147,118),(144,38),(269,122),(84,50),(95,62),(229,141),(288,137),(38,41),(134,71),(181,67),(73,113),(247,113),(39,119),(218,147),(98,124),(55,14),(178,69),(284,45),
49:(105,22),(54,57),(147,118),(143,38),(270,122),(83,50),(95,62),(228,141),(289,137),(38,42),(134,72),(181,68),(73,114),(248,113),(39,118),(218,146),(98,123),(56,14),(178,69),(284,45),
50:(106,22),(55,57),(147,118),(142,38),(271,122),(82,50),(95,62),(227,141),(289,136),(39,42),(134,73),(181,69),(73,115),(249,113),(40,118),(218,145),(98,122),(57,14),(178,69),(284,45),
51:(107,22),(56,57),(147,118),(141,38),(272,122),(81,50),(95,62),(226,141),(290,136),(40,42),(134,74),(181,70),(73,116),(250,113),(40,117),(218,144),(98,121),(58,14),(178,69),(284,45),
52:(108,22),(57,57),(147,118),(140,38),(273,122),(80,50),(95,62),(225,141),(291,136),(40,43),(134,75),(181,71),(73,117),(251,113),(41,117),(218,143),(99,121),(59,14),(178,69),(284,45),
53:(109,22),(58,57),(147,118),(139,38),(274,122),(79,50),(95,62),(224,141),(291,135),(41,43),(134,76),(181,72),(73,118),(252,113),(42,117),(218,142),(100,121),(60,14),(178,69),(284,45),
54:(110,22),(59,57),(147,118),(138,38),(275,122),(78,50),(95,62),(223,141),(291,134),(42,43),(134,77),(181,73),(73,119),(253,113),(42,116),(217,142),(101,121),(61,14),(178,69),(284,45),
55:(111,22),(60,57),(147,118),(137,38),(276,122),(77,50),(95,62),(222,141),(292,134),(42,44),(134,78),(181,74),(73,120),(254,113),(42,115),(216,142),(102,121),(62,14),(178,69),(284,45),
56:(112,22),(61,57),(147,118),(136,38),(277,122),(76,50),(95,62),(221,141),(292,133),(42,45),(134,79),(181,75),(73,121),(254,112),(43,115),(215,142),(103,121),(63,14),(178,69),(284,45),
57:(113,22),(61,56),(147,118),(135,38),(277,123),(75,50),(95,62),(220,141),(292,132),(43,45),(134,80),(181,76),(73,122),(254,111),(44,115),(215,141),(104,121),(64,14),(178,69),(284,45),
58:(114,22),(62,56),(147,118),(134,38),(277,124),(74,50),(95,62),(219,141),(292,131),(44,45),(134,81),(181,77),(73,123),(254,110),(44,114),(214,141),(105,121),(65,14),(178,69),(284,45),
59:(115,22),(62,55),(147,118),(134,39),(277,125),(73,50),(95,62),(218,141),(293,131),(45,45),(134,82),(181,78),(73,124),(254,109),(45,114),(213,141),(106,121),(66,14),(178,69),(284,45),
60:(116,22),(62,54),(147,118),(133,39),(278,125),(72,50),(95,62),(218,140),(293,130),(45,46),(134,83),(181,79),(73,125),(255,109),(46,114),(212,141),(107,121),(67,14),(178,69),(284,45),
61:(117,22),(62,53),(147,118),(133,40),(279,125),(71,50),(95,62),(218,139),(293,129),(45,47),(134,84),(181,80),(72,125),(256,109),(47,114),(211,141),(108,121),(68,14),(178,69),(284,45),
62:(118,22),(62,52),(147,118),(133,41),(280,125),(70,50),(95,62),(217,139),(294,129),(46,47),(134,85),(181,81),(71,125),(257,109),(48,114),(210,141),(109,121),(69,14),(178,69),(284,45),
63:(119,22),(62,51),(147,118),(132,41),(281,125),(69,50),(95,62),(217,138),(295,129),(47,47),(134,86),(181,82),(70,125),(258,109),(49,114),(209,141),(110,121),(70,14),(178,69),(284,45),
64:(120,22),(62,50),(147,118),(131,41),(282,125),(68,50),(95,62),(216,138),(295,128),(47,48),(134,87),(181,83),(70,126),(259,109),(50,114),(208,141),(111,121),(71,14),(178,69),(284,45),
65:(121,22),(63,50),(147,118),(131,42),(282,126),(67,50),(95,62),(216,137),(296,128),(47,49),(134,88),(181,84),(69,126),(260,109),(51,114),(207,141),(112,121),(72,14),(178,69),(284,45),
66:(122,22),(64,50),(147,118),(130,42),(283,126),(66,50),(95,62),(215,137),(296,127),(48,49),(134,89),(181,85),(68,126),(261,109),(52,114),(206,141),(113,121),(73,14),(178,69),(284,45),
67:(123,22),(64,49),(147,118),(129,42),(284,126),(65,50),(95,62),(214,137),(297,127),(49,49),(134,90),(181,86),(68,126),(262,109),(53,114),(206,140),(114,121),(74,14),(178,69),(284,45),
68:(124,22),(65,49),(147,118),(128,42),(285,126),(64,50),(95,62),(213,137),(297,126),(49,50),(134,91),(181,87),(68,126),(263,109),(54,114),(206,139),(115,121),(75,14),(178,69),(284,45),
69:(125,22),(66,49),(147,118),(127,42),(286,126),(63,50),(95,62),(212,137),(298,126),(50,50),(134,92),(181,88),(68,126),(264,109),(55,114),(206,138),(116,121),(76,14),(178,69),(284,45),
70:(126,22),(67,49),(147,118),(126,42),(287,126),(62,50),(95,62),(211,137),(298,125),(51,50),(134,93),(181,89),(68,126),(265,109),(56,114),(206,137),(117,121),(77,14),(178,69),(284,45),
71:(127,22),(68,49),(147,118),(125,42),(288,126),(62,51),(95,62),(210,137),(298,124),(52,50),(134,94),(181,90),(68,126),(266,109),(57,114),(206,136),(118,121),(78,14),(178,69),(284,45),
72:(128,22),(69,49),(147,118),(124,42),(289,126),(61,51),(95,62),(209,137),(298,123),(53,50),(134,95),(181,91),(68,126),(266,108),(58,114),(205,136),(119,121),(79,14),(178,69),(284,45),
73:(129,22),(70,49),(147,118),(123,42),(290,126),(61,52),(95,62),(208,137),(299,123),(54,50),(134,96),(181,92),(68,126),(266,107),(59,114),(205,135),(120,121),(80,14),(178,69),(284,45),
74:(130,22),(71,49),(147,118),(122,42),(290,127),(61,53),(95,62),(207,137),(299,122),(55,50),(134,97),(181,93),(68,126),(266,106),(60,114),(205,134),(121,121),(81,14),(178,69),(284,45),
75:(131,22),(72,49),(147,118),(121,42),(290,128),(61,54),(95,62),(206,137),(299,121),(56,50),(134,98),(181,94),(68,126),(266,105),(61,114),(204,134),(122,121),(82,14),(178,69),(284,45),
76:(132,22),(73,49),(147,118),(121,43),(290,129),(60,54),(95,62),(205,137),(299,120),(57,50),(134,99),(181,95),(68,126),(266,104),(62,114),(204,133),(122,120),(83,14),(178,69),(284,45),
77:(133,22),(73,48),(147,118),(121,44),(291,129),(59,54),(95,62),(205,136),(300,120),(58,50),(134,100),(181,96),(68,126),(266,103),(63,114),(203,133),(122,119),(84,14),(178,69),(284,45),
78:(134,22),(74,48),(147,118),(121,45),(291,130),(58,54),(95,62),(205,135),(300,119),(59,50),(134,101),(181,97),(68,126),(266,102),(64,114),(202,133),(122,118),(85,14),(178,69),(284,45),
79:(135,22),(74,47),(147,118),(120,45),(291,131),(57,54),(95,62),(205,134),(301,119),(60,50),(134,102),(181,98),(68,126),(266,101),(65,114),(201,133),(123,118),(86,14),(178,69),(284,45),
80:(136,22),(74,46),(147,118),(119,45),(291,132),(56,54),(95,62),(205,133),(302,119),(61,50),(134,103),(181,99),(68,126),(266,100),(66,114),(200,133),(123,117),(86,14),(178,69),(284,45),
81:(137,22),(75,46),(147,118),(118,45),(292,132),(55,54),(95,62),(205,132),(303,119),(61,51),(134,104),(181,100),(68,126),(266,99),(67,114),(199,133),(124,117),(86,14),(178,69),(284,45),
82:(138,22),(76,46),(147,118),(118,46),(293,132),(54,54),(95,62),(205,131),(303,118),(62,51),(134,105),(181,101),(68,126),(266,98),(68,114),(198,133),(125,117),(86,14),(178,69),(284,45),
83:(139,22),(77,46),(147,118),(117,46),(294,132),(53,54),(95,62),(205,130),(303,117),(62,52),(134,106),(181,102),(68,126),(266,97),(69,114),(197,133),(126,117),(86,14),(178,69),(284,45),
84:(140,22),(78,46),(147,118),(116,46),(294,133),(52,54),(95,62),(205,129),(303,116),(62,53),(134,107),(181,103),(68,126),(266,96),(70,114),(196,133),(127,117),(86,14),(178,69),(284,45),
85:(141,22),(79,46),(147,118),(115,46),(294,134),(51,54),(95,62),(205,128),(304,116),(63,53),(134,108),(181,104),(68,126),(266,95),(71,114),(195,133),(128,117),(86,14),(178,69),(284,45),
86:(142,22),(80,46),(147,118),(114,46),(295,134),(50,54),(95,62),(205,127),(304,115),(63,54),(134,109),(181,105),(68,126),(266,94),(72,114),(194,133),(129,117),(86,14),(178,69),(284,45),
87:(143,22),(81,46),(147,118),(113,46),(296,134),(49,54),(95,62),(205,126),(305,115),(64,54),(134,110),(181,106),(68,126),(266,93),(73,114),(193,133),(130,117),(86,14),(178,69),(284,45),
88:(144,22),(82,46),(147,118),(112,46),(297,134),(49,55),(95,62),(205,125),(306,115),(65,54),(134,111),(181,107),(68,126),(266,92),(74,114),(192,133),(131,117),(86,14),(178,69),(284,45),
89:(145,22),(83,46),(147,118),(111,46),(297,135),(48,55),(95,62),(204,125),(307,115),(66,54),(134,112),(181,108),(68,126),(266,91),(75,114),(191,133),(132,117),(86,14),(178,69),(284,45),
90:(146,22),(84,46),(147,118),(110,46),(298,135),(48,56),(95,62),(203,125),(307,114),(67,54),(134,113),(181,109),(68,126),(266,90),(76,114),(190,133),(133,117),(86,14),(178,69),(284,45),
91:(147,22),(85,46),(147,118),(110,47),(298,136),(48,57),(95,62),(202,125),(308,114),(68,54),(134,114),(181,110),(68,126),(266,89),(77,114),(189,133),(133,116),(86,14),(178,69),(284,45),
92:(148,22),(86,46),(147,118),(110,48),(299,136),(48,58),(95,62),(201,125),(309,114),(69,54),(134,115),(181,111),(68,126),(266,88),(78,114),(188,133),(133,115),(86,14),(178,69),(284,45),
93:(149,22),(87,46),(147,118),(110,49),(300,136),(47,58),(95,62),(200,125),(309,113),(70,54),(134,116),(181,112),(68,126),(266,87),(79,114),(187,133),(133,114),(86,14),(178,69),(284,45),
94:(150,22),(88,46),(147,118),(109,49),(301,136),(47,59),(95,62),(199,125),(309,112),(71,54),(134,117),(181,113),(68,126),(266,86),(80,114),(186,133),(134,114),(86,14),(178,69),(284,45),
95:(151,22),(89,46),(147,118),(109,50),(302,136),(46,59),(95,62),(198,125),(310,112),(72,54),(135,117),(181,114),(68,126),(266,85),(81,114),(185,133),(135,114),(86,14),(178,69),(284,45),
96:(152,22),(90,46),(147,118),(108,50),(303,136),(45,59),(95,62),(197,125),(311,112),(73,54),(135,118),(181,115),(68,126),(266,84),(82,114),(184,133),(135,113),(86,14),(178,69),(284,45),
97:(153,22),(91,46),(147,118),(107,50),(304,136),(45,60),(95,62),(196,125),(311,111),(74,54),(135,118),(181,116),(68,126),(266,83),(83,114),(183,133),(136,113),(86,14),(178,69),(284,45),
98:(154,22),(92,46),(147,118),(106,50),(305,136),(44,60),(95,62),(195,125),(312,111),(74,55),(135,118),(181,117),(68,126),(266,82),(84,114),(182,133),(137,113),(86,14),(178,69),(284,45),
99:(155,22),(93,46),(147,118),(105,50),(306,136),(44,61),(95,62),(194,125),(312,110),(74,56),(135,118),(181,118),(68,126),(266,81),(85,114),(181,133),(138,113),(86,14),(178,69),(284,45),
100:(156,22),(94,46),(147,118),(104,50),(307,136),(44,62),(95,62),(193,125),(312,109),(74,57),(135,118),(181,119),(68,126),(266,80),(86,114),(180,133),(139,113),(86,14),(178,69),(284,45),
101:(157,22),(95,46),(147,118),(103,50),(308,136),(44,63),(95,62),(192,125),(313,109),(75,57),(135,118),(181,120),(68,126),(266,79),(87,114),(179,133),(140,113),(86,14),(178,69),(284,45),
102:(158,22),(96,46),(147,118),(102,50),(309,136),(43,63),(95,62),(191,125),(313,108),(75,58),(135,118),(181,121),(68,126),(266,78),(88,114),(178,133),(141,113),(86,14),(178,69),(284,45),
103:(159,22),(97,46),(147,118),(101,50),(310,136),(43,64),(95,62),(190,125),(313,107),(76,58),(135,118),(181,122),(68,126),(266,77),(89,114),(177,133),(142,113),(86,14),(178,69),(284,45),
104:(160,22),(98,46),(147,118),(100,50),(310,136),(42,64),(95,62),(189,125),(314,107),(77,58),(135,118),(181,123),(68,126),(266,76),(90,114),(176,133),(143,113),(86,14),(178,69),(284,45),
105:(161,22),(99,46),(147,118),(99,50),(310,136),(41,64),(95,62),(188,125),(315,107),(78,58),(135,118),(181,124),(68,126),(266,75),(91,114),(175,133),(144,113),(86,14),(178,69),(284,45),
106:(162,22),(100,46),(147,118),(98,50),(310,136),(41,65),(95,62),(187,125),(316,107),(79,58),(135,118),(181,125),(68,126),(266,74),(92,114),(174,133),(145,113),(86,14),(178,69),(284,45),
107:(163,22),(101,46),(147,118),(97,50),(310,136),(41,66),(95,62),(186,125),(316,106),(80,58),(135,118),(181,126),(68,126),(266,73),(93,114),(173,133),(145,112),(86,14),(178,69),(284,45),
108:(164,22),(102,46),(147,118),(96,50),(310,136),(41,67),(95,62),(185,125),(317,106),(81,58),(135,118),(181,127),(68,126),(266,72),(94,114),(172,133),(146,112),(86,14),(178,69),(284,45),
109:(165,22),(103,46),(147,118),(95,50),(310,136),(40,67),(95,62),(184,125),(317,105),(82,58),(135,118),(181,128),(68,126),(266,71),(95,114),(171,133),(146,111),(86,14),(178,69),(284,45),
110:(166,22),(104,46),(147,118),(94,50),(310,136),(40,68),(95,62),(183,125),(318,105),(83,58),(135,118),(181,128),(68,126),(266,70),(96,114),(170,133),(146,110),(86,14),(178,69),(284,45),
111:(167,22),(105,46),(147,118),(93,50),(310,136),(40,69),(95,62),(182,125),(318,104),(84,58),(135,118),(181,128),(68,126),(266,69),(97,114),(169,133),(147,110),(86,14),(178,69),(284,45),
112:(168,22),(106,46),(147,118),(92,50),(310,136),(39,69),(95,62),(182,124),(319,104),(85,58),(135,118),(181,128),(68,126),(266,68),(98,114),(169,132),(147,109),(86,14),(178,69),(284,45),
113:(169,22),(107,46),(147,118),(91,50),(310,136),(38,69),(95,62),(181,124),(319,103),(86,58),(135,118),(181,128),(68,126),(266,67),(99,114),(169,131),(148,109),(86,14),(178,69),(284,45),
114:(170,22),(108,46),(147,118),(90,50),(310,136),(38,70),(95,62),(181,123),(320,103),(87,58),(135,118),(181,128),(68,126),(266,66),(100,114),(169,130),(149,109),(86,14),(178,69),(284,45),
115:(171,22),(109,46),(147,118),(89,50),(310,136),(37,70),(95,62),(181,122),(321,103),(88,58),(135,118),(181,128),(68,126),(266,65),(101,114),(169,129),(150,109),(86,14),(178,69),(284,45),
116:(172,22),(110,46),(147,118),(88,50),(310,136),(36,70),(95,62),(181,121),(322,103),(89,58),(135,118),(181,128),(68,126),(266,64),(102,114),(168,129),(151,109),(86,14),(178,69),(284,45),
117:(173,22),(111,46),(147,118),(87,50),(310,136),(36,71),(95,62),(180,121),(323,103),(90,58),(135,118),(181,128),(68,126),(266,63),(103,114),(167,129),(152,109),(86,14),(178,69),(284,45),
118:(174,22),(112,46),(147,118),(86,50),(310,136),(35,71),(95,62),(179,121),(323,102),(91,58),(135,118),(181,128),(68,126),(266,62),(104,114),(166,129),(153,109),(86,14),(178,69),(284,45),
119:(175,22),(113,46),(147,118),(85,50),(310,136),(34,71),(95,62),(178,121),(324,102),(92,58),(135,118),(181,128),(68,126),(266,61),(105,114),(165,129),(154,109),(86,14),(178,69),(284,45),
120:(176,22),(114,46),(147,118),(85,51),(310,136),(33,71),(95,62),(177,121),(324,101),(93,58),(135,118),(181,128),(68,126),(266,60),(106,114),(164,129),(155,109),(86,14),(178,69),(284,45),
121:(177,22),(115,46),(147,118),(85,52),(310,136),(33,72),(95,62),(176,121),(325,101),(94,58),(135,118),(181,128),(68,126),(266,59),(107,114),(163,129),(156,109),(86,14),(178,69),(284,45),
122:(178,22),(116,46),(147,118),(85,53),(310,136),(32,72),(95,62),(175,121),(325,100),(95,58),(135,118),(181,128),(68,126),(266,58),(108,114),(162,129),(157,109),(86,14),(178,69),(284,45),
123:(179,22),(117,46),(147,118),(85,54),(310,136),(32,73),(95,62),(174,121),(326,100),(96,58),(135,118),(181,128),(68,126),(266,57),(109,114),(161,129),(157,108),(86,14),(178,69),(284,45),
124:(180,22),(118,46),(147,118),(84,54),(310,136),(32,74),(95,62),(173,121),(326,99),(97,58),(135,118),(181,128),(68,126),(266,56),(110,114),(160,129),(157,107),(86,14),(178,69),(284,45),
125:(181,22),(119,46),(147,118),(83,54),(310,136),(31,74),(95,62),(172,121),(326,98),(97,59),(135,118),(181,128),(68,126),(266,55),(111,114),(159,129),(157,106),(86,14),(178,69),(284,45),
126:(182,22),(120,46),(147,118),(82,54),(310,136),(30,74),(95,62),(171,121),(326,97),(97,60),(135,118),(181,128),(68,126),(266,54),(112,114),(158,129),(158,106),(86,14),(178,69),(284,45),
127:(183,22),(121,46),(147,118),(81,54),(310,136),(30,75),(95,62),(170,121),(326,96),(98,60),(135,118),(181,128),(68,126),(266,53),(113,114),(157,129),(158,105),(86,14),(178,69),(284,45),
128:(184,22),(122,46),(147,118),(80,54),(310,136),(30,76),(95,62),(170,120),(327,96),(98,61),(135,118),(181,128),(68,126),(266,52),(114,114),(157,128),(159,105),(86,14),(178,69),(284,45),
129:(185,22),(123,46),(147,118),(79,54),(310,136),(29,76),(95,62),(170,119),(328,96),(99,61),(135,118),(181,128),(68,126),(266,51),(115,114),(157,127),(160,105),(86,14),(178,69),(284,45),
130:(186,22),(124,46),(147,118),(78,54),(310,136),(28,76),(95,62),(170,118),(329,96),(99,62),(135,118),(181,128),(68,126),(266,50),(116,114),(157,126),(161,105),(86,14),(178,69),(284,45),
131:(187,22),(125,46),(147,118),(77,54),(310,136),(28,77),(95,62),(169,118),(329,95),(100,62),(135,118),(181,128),(68,126),(266,49),(117,114),(157,125),(162,105),(86,14),(178,69),(284,45),
132:(188,22),(126,46),(147,118),(76,54),(310,136),(27,77),(95,62),(168,118),(329,94),(101,62),(135,118),(181,128),(68,126),(266,48),(118,114),(156,125),(163,105),(86,14),(178,69),(284,45),
133:(189,22),(127,46),(147,118),(75,54),(310,136),(27,78),(95,62),(168,117),(329,93),(102,62),(135,118),(181,128),(68,126),(266,47),(119,114),(155,125),(164,105),(86,14),(178,69),(284,45),
134:(190,22),(128,46),(147,118),(74,54),(310,136),(27,79),(95,62),(167,117),(329,92),(103,62),(135,118),(181,128),(68,126),(266,46),(120,114),(154,125),(165,105),(86,14),(178,69),(284,45),
135:(191,22),(129,46),(147,118),(74,55),(310,136),(27,80),(95,62),(166,117),(329,91),(104,62),(135,118),(181,128),(68,126),(266,45),(121,114),(153,125),(166,105),(86,14),(178,69),(284,45),
136:(192,22),(130,46),(147,118),(73,55),(310,136),(27,81),(95,62),(165,117),(329,90),(105,62),(135,118),(181,128),(68,126),(266,44),(122,114),(152,125),(167,105),(86,14),(178,69),(284,45),
137:(193,22),(131,46),(147,118),(73,56),(310,136),(27,82),(95,62),(164,117),(329,89),(106,62),(135,118),(181,128),(68,126),(266,43),(123,114),(151,125),(168,105),(86,14),(178,69),(284,45),
138:(194,22),(132,46),(147,118),(73,57),(310,136),(26,82),(95,62),(163,117),(329,88),(107,62),(135,118),(181,128),(68,126),(266,42),(124,114),(150,125),(169,105),(86,14),(178,69),(284,45),
139:(195,22),(133,46),(147,118),(73,58),(310,136),(25,82),(95,62),(162,117),(329,87),(108,62),(135,118),(181,128),(68,126),(266,41),(125,114),(149,125),(170,105),(86,14),(178,69),(284,45),
140:(196,22),(134,46),(147,118),(72,58),(310,136),(24,82),(95,62),(161,117),(330,87),(109,62),(135,118),(181,128),(68,126),(266,40),(126,114),(148,125),(170,104),(86,14),(178,69),(284,45),
141:(197,22),(135,46),(147,118),(71,58),(310,136),(24,83),(95,62),(160,117),(331,87),(109,63),(135,118),(181,128),(68,126),(266,39),(127,114),(147,125),(170,103),(86,14),(178,69),(284,45),
142:(198,22),(136,46),(147,118),(70,58),(310,136),(23,83),(95,62),(159,117),(331,86),(110,63),(135,118),(181,128),(68,126),(266,38),(128,114),(146,125),(170,102),(86,14),(178,69),(284,45),
143:(199,22),(137,46),(147,118),(69,58),(310,136),(22,83),(95,62),(158,117),(332,86),(110,64),(135,118),(181,128),(68,126),(266,37),(129,114),(145,125),(170,101),(86,14),(178,69),(284,45),
144:(200,22),(138,46),(147,118),(68,58),(310,136),(22,84),(95,62),(157,117),(332,85),(110,65),(135,118),(181,128),(68,126),(266,36),(130,114),(145,124),(170,100),(86,14),(178,69),(284,45),
145:(201,22),(139,46),(147,118),(67,58),(310,136),(22,85),(95,62),(156,117),(333,85),(110,66),(135,118),(181,128),(68,126),(266,35),(131,114),(145,123),(170,99),(86,14),(178,69),(284,45),
146:(202,22),(140,46),(147,118),(66,58),(310,136),(21,85),(95,62),(155,117),(334,85),(110,67),(135,118),(181,128),(68,126),(266,34),(132,114),(145,122),(170,98),(86,14),(178,69),(284,45),
147:(203,22),(141,46),(147,118),(65,58),(310,136),(20,85),(95,62),(154,117),(335,85),(110,68),(135,118),(181,128),(68,126),(266,33),(133,114),(145,121),(171,98),(86,14),(178,69),(284,45),
148:(204,22),(142,46),(147,118),(64,58),(310,136),(19,85),(95,62),(153,117),(336,85),(110,69),(135,118),(181,128),(68,126),(266,32),(134,114),(144,121),(172,98),(86,14),(178,69),(284,45),
149:(205,22),(143,46),(147,118),(63,58),(310,136),(18,85),(95,62),(152,117),(336,84),(110,70),(135,118),(181,128),(68,126),(266,31),(135,114),(143,121),(172,97),(86,14),(178,69),(284,45),
150:(206,22),(144,46),(147,118),(62,58),(310,136),(18,86),(95,62),(151,117),(336,83),(111,70),(135,118),(181,128),(68,126),(266,30),(136,114),(142,121),(173,97),(86,14),(178,69),(284,45),
151:(207,22),(145,46),(147,118),(61,58),(310,136),(17,86),(95,62),(150,117),(336,82),(112,70),(135,118),(181,128),(68,126),(266,29),(137,114),(141,121),(174,97),(86,14),(178,69),(284,45),
152:(208,22),(146,46),(147,118),(60,58),(310,136),(16,86),(95,62),(149,117),(336,81),(113,70),(135,118),(181,128),(68,126),(266,28),(138,114),(140,121),(175,97),(86,14),(178,69),(284,45),
153:(209,22),(147,46),(147,118),(59,58),(310,136),(16,87),(95,62),(148,117),(336,80),(114,70),(135,118),(181,128),(68,126),(266,27),(139,114),(139,121),(176,97),(86,14),(178,69),(284,45),
154:(210,22),(148,46),(147,118),(58,58),(310,136),(16,88),(95,62),(147,117),(336,79),(115,70),(135,118),(181,128),(68,126),(266,26),(140,114),(138,121),(177,97),(86,14),(178,69),(284,45),
155:(211,22),(149,46),(147,118),(57,58),(310,136),(16,89),(95,62),(146,117),(336,78),(116,70),(135,118),(181,128),(68,126),(266,25),(141,114),(137,121),(178,97),(86,14),(178,69),(284,45),
156:(212,22),(150,46),(147,118),(56,58),(310,136),(16,90),(95,62),(145,117),(336,77),(117,70),(135,118),(181,128),(68,126),(266,24),(142,114),(136,121),(179,97),(86,14),(178,69),(284,45),
157:(213,22),(151,46),(147,118),(55,58),(310,136),(16,91),(95,62),(145,116),(336,76),(118,70),(135,118),(181,128),(68,126),(266,23),(143,114),(135,121),(180,97),(86,14),(178,69),(284,45),
158:(214,22),(152,46),(147,118),(54,58),(310,136),(16,92),(95,62),(145,115),(336,75),(119,70),(135,118),(181,128),(68,126),(266,22),(144,114),(134,121),(181,97),(86,14),(178,69),(284,45),
159:(215,22),(153,46),(147,118),(53,58),(310,136),(16,93),(95,62),(145,114),(336,74),(120,70),(135,118),(181,128),(68,126),(266,21),(144,114),(134,120),(181,96),(86,14),(178,69),(284,45),
160:(216,22),(154,46),(147,118),(52,58),(310,136),(16,94),(95,62),(145,113),(336,73),(121,70),(135,118),(181,128),(68,126),(266,20),(145,114),(134,119),(181,95),(86,14),(178,69),(284,45),
161:(217,22),(155,46),(147,118),(51,58),(310,136),(16,95),(95,62),(145,112),(336,72),(122,70),(135,118),(181,128),(68,126),(266,19),(146,114),(133,119),(182,95),(86,14),(178,69),(284,45),
162:(217,23),(156,46),(147,118),(50,58),(310,136),(16,96),(95,62),(145,111),(336,71),(123,70),(135,118),(181,128),(68,126),(266,18),(147,114),(133,118),(182,94),(86,14),(178,69),(284,45),
163:(218,23),(157,46),(147,118),(49,58),(310,136),(16,97),(95,62),(145,110),(336,70),(124,70),(135,118),(181,128),(68,126),(266,17),(148,114),(133,117),(182,93),(86,14),(178,69),(284,45),
164:(218,23),(158,46),(147,118),(49,59),(310,136),(16,98),(95,62),(144,110),(336,69),(125,70),(135,118),(181,128),(68,126),(266,16),(149,114),(133,116),(182,92),(86,14),(178,69),(284,45),
165:(218,23),(159,46),(147,118),(49,60),(310,136),(16,99),(95,62),(144,109),(336,68),(126,70),(135,118),(181,128),(68,126),(266,15),(150,114),(133,115),(182,91),(86,14),(178,69),(284,45),
166:(218,23),(160,46),(147,118),(49,61),(310,136),(16,100),(95,62),(143,109),(336,67),(127,70),(135,118),(181,128),(68,126),(266,14),(151,114),(133,114),(182,90),(86,14),(178,69),(284,45),
167:(218,23),(161,46),(147,118),(48,61),(310,136),(16,101),(95,62),(142,109),(336,66),(128,70),(135,118),(181,128),(68,126),(266,13),(152,114),(133,113),(183,90),(86,14),(178,69),(284,45),
168:(218,23),(162,46),(147,118),(48,62),(310,136),(16,102),(95,62),(141,109),(336,65),(129,70),(135,118),(181,128),(68,126),(267,13),(153,114),(132,113),(184,90),(86,14),(178,69),(284,45),
169:(218,23),(163,46),(147,118),(47,62),(310,136),(16,103),(95,62),(140,109),(336,64),(130,70),(135,118),(181,128),(68,126),(268,13),(154,114),(131,113),(185,90),(86,14),(178,69),(284,45),
170:(218,23),(164,46),(147,118),(46,62),(310,136),(16,104),(95,62),(139,109),(336,63),(131,70),(135,118),(181,128),(68,126),(269,13),(155,114),(130,113),(186,90),(86,14),(178,69),(284,45),
171:(218,23),(165,46),(147,118),(46,63),(310,136),(16,105),(95,62),(138,109),(336,62),(132,70),(135,118),(181,128),(68,126),(270,13),(156,114),(129,113),(187,90),(86,14),(178,69),(284,45),
172:(218,23),(166,46),(147,118),(46,64),(310,136),(16,106),(95,62),(137,109),(336,61),(133,70),(135,118),(181,128),(68,126),(270,13),(157,114),(128,113),(187,89),(86,14),(178,69),(284,45),
173:(218,23),(167,46),(147,118),(45,64),(310,136),(16,107),(95,62),(136,109),(336,60),(133,71),(135,118),(181,128),(68,126),(270,13),(158,114),(127,113),(188,89),(86,14),(178,69),(284,45),
174:(218,23),(168,46),(147,118),(45,65),(310,136),(16,108),(95,62),(135,109),(336,59),(134,71),(135,118),(181,128),(68,126),(270,13),(159,114),(126,113),(189,89),(86,14),(178,69),(284,45),
175:(218,23),(169,46),(147,118),(44,65),(310,136),(16,109),(95,62),(134,109),(336,58),(134,72),(135,118),(181,128),(68,126),(270,13),(160,114),(125,113),(190,89),(86,14),(178,69),(284,45),
176:(218,23),(170,46),(147,118),(44,66),(310,136),(16,110),(95,62),(133,109),(336,57),(134,73),(135,118),(181,128),(68,126),(270,13),(161,114),(124,113),(191,89),(86,14),(178,69),(284,45),
177:(218,23),(171,46),(147,118),(43,66),(310,136),(16,111),(95,62),(133,108),(336,56),(135,73),(135,118),(181,128),(68,126),(270,13),(162,114),(123,113),(192,89),(86,14),(178,69),(284,45),
178:(218,23),(172,46),(147,118),(42,66),(310,136),(16,112),(95,62),(133,107),(336,55),(135,74),(135,118),(181,128),(68,126),(270,13),(163,114),(122,113),(193,89),(86,14),(178,69),(284,45),
179:(218,23),(173,46),(147,118),(41,66),(310,136),(16,113),(95,62),(133,106),(336,54),(136,74),(135,118),(181,128),(68,126),(270,13),(164,114),(122,112),(193,88),(86,14),(178,69),(284,45),
180:(218,23),(174,46),(147,118),(40,66),(310,136),(16,114),(95,62),(133,105),(336,53),(137,74),(135,118),(181,128),(68,126),(270,13),(165,114),(121,112),(193,87),(86,14),(178,69),(284,45),
181:(218,23),(175,46),(147,118),(39,66),(310,136),(16,115),(95,62),(132,105),(336,52),(138,74),(135,118),(181,128),(68,126),(270,13),(166,114),(121,111),(193,86),(86,14),(178,69),(284,45),
182:(218,23),(176,46),(147,118),(39,67),(310,136),(16,116),(95,62),(131,105),(336,51),(139,74),(135,118),(181,128),(68,126),(270,13),(167,114),(121,110),(193,85),(86,14),(178,69),(284,45),
183:(218,23),(177,46),(147,118),(39,68),(310,136),(16,117),(95,62),(130,105),(336,50),(140,74),(135,118),(181,128),(68,126),(270,13),(168,114),(120,110),(193,84),(86,14),(178,69),(284,45),
184:(218,23),(178,46),(147,118),(38,68),(310,136),(16,118),(95,62),(129,105),(336,49),(141,74),(135,118),(181,128),(68,126),(270,13),(169,114),(120,109),(194,84),(86,14),(178,69),(284,45),
185:(218,23),(179,46),(147,118),(38,69),(310,136),(16,119),(95,62),(128,105),(336,48),(142,74),(135,118),(181,128),(68,126),(270,13),(170,114),(119,109),(194,83),(86,14),(178,69),(284,45),
186:(218,23),(180,46),(147,118),(38,70),(310,136),(16,120),(95,62),(127,105),(336,47),(143,74),(135,118),(181,128),(68,126),(270,13),(171,114),(118,109),(194,82),(86,14),(178,69),(284,45),
187:(218,23),(181,46),(147,118),(38,71),(310,136),(16,121),(95,62),(126,105),(336,46),(144,74),(135,118),(181,128),(68,126),(270,13),(172,114),(117,109),(195,82),(86,14),(178,69),(284,45),
188:(218,23),(182,46),(147,118),(37,71),(310,136),(16,122),(95,62),(125,105),(336,45),(145,74),(135,118),(181,128),(68,126),(270,13),(173,114),(116,109),(195,81),(86,14),(178,69),(284,45),
189:(218,23),(183,46),(147,118),(37,72),(310,136),(16,123),(95,62),(124,105),(336,44),(146,74),(135,118),(181,128),(68,126),(270,13),(174,114),(115,109),(196,81),(86,14),(178,69),(284,45),
190:(218,23),(184,46),(147,118),(36,72),(310,136),(16,124),(95,62),(123,105),(336,43),(147,74),(135,118),(181,128),(68,126),(270,13),(175,114),(114,109),(197,81),(86,14),(178,69),(284,45),
191:(218,23),(185,46),(147,118),(36,73),(310,136),(16,125),(95,62),(122,105),(336,42),(148,74),(135,118),(181,128),(68,126),(270,13),(176,114),(113,109),(198,81),(86,14),(178,69),(284,45),
192:(218,23),(186,46),(147,118),(36,74),(310,136),(16,126),(95,62),(122,104),(336,41),(149,74),(135,118),(181,128),(68,126),(270,13),(177,114),(112,109),(199,81),(86,14),(178,69),(284,45),
193:(218,23),(187,46),(147,118),(35,74),(310,136),(16,127),(95,62),(121,104),(336,40),(150,74),(135,118),(181,128),(68,126),(270,13),(178,114),(111,109),(200,81),(86,14),(178,69),(284,45),
194:(218,23),(188,46),(147,118),(34,74),(310,136),(16,128),(95,62),(121,103),(336,39),(151,74),(135,118),(181,128),(68,126),(270,13),(179,114),(110,109),(201,81),(86,14),(178,69),(284,45),
195:(218,23),(189,46),(147,118),(34,75),(310,136),(16,129),(95,62),(121,102),(336,38),(152,74),(135,118),(181,128),(68,126),(270,13),(180,114),(110,108),(202,81),(86,14),(178,69),(284,45),
196:(218,23),(190,46),(147,118),(34,76),(310,136),(16,130),(95,62),(120,102),(336,37),(153,74),(135,118),(181,128),(68,126),(270,13),(181,114),(109,108),(203,81),(86,14),(178,69),(284,45),
197:(218,23),(191,46),(147,118),(34,77),(310,136),(16,131),(95,62),(120,101),(336,36),(154,74),(135,118),(181,128),(68,126),(270,13),(182,114),(109,107),(204,81),(86,14),(178,69),(284,45),
198:(218,23),(192,46),(147,118),(34,78),(310,136),(16,132),(95,62),(119,101),(336,35),(155,74),(135,118),(181,128),(68,126),(270,13),(183,114),(109,106),(205,81),(86,14),(178,69),(284,45),
199:(218,23),(193,46),(147,118),(33,78),(310,136),(16,133),(95,62),(118,101),(336,34),(156,74),(135,118),(181,128),(68,126),(270,13),(184,114),(109,105),(205,80),(86,14),(178,69),(284,45),
200:(218,23),(194,46),(147,118),(32,78),(310,136),(16,134),(95,62),(117,101),(336,33),(157,74),(135,118),(181,128),(68,126),(270,13),(185,114),(108,105),(205,79),(86,14),(178,69),(284,45),
201:(218,23),(195,46),(147,118),(32,79),(310,136),(16,135),(95,62),(116,101),(336,32),(158,74),(135,118),(181,128),(68,126),(270,13),(186,114),(107,105),(206,79),(86,14),(178,69),(284,45),
202:(218,23),(195,46),(147,118),(32,80),(310,136),(16,136),(95,62),(115,101),(336,31),(159,74),(135,118),(181,128),(68,126),(270,13),(187,114),(106,105),(206,78),(86,14),(178,69),(284,45),
203:(218,23),(195,46),(147,118),(32,81),(310,136),(16,137),(95,62),(114,101),(336,30),(160,74),(135,118),(181,128),(68,126),(270,13),(188,114),(105,105),(207,78),(86,14),(178,69),(284,45),
204:(218,23),(195,46),(147,118),(32,82),(310,136),(16,138),(95,62),(113,101),(336,29),(161,74),(135,118),(181,128),(68,126),(270,13),(189,114),(104,105),(208,78),(86,14),(178,69),(284,45),
205:(218,23),(195,46),(147,118),(32,83),(310,136),(16,139),(95,62),(112,101),(336,28),(162,74),(135,118),(181,128),(68,126),(270,13),(190,114),(103,105),(209,78),(86,14),(178,69),(284,45),
206:(218,23),(195,46),(147,118),(31,83),(310,136),(16,140),(95,62),(111,101),(336,27),(163,74),(135,118),(181,128),(68,126),(270,13),(191,114),(102,105),(210,78),(86,14),(178,69),(284,45),
207:(218,23),(195,46),(147,118),(31,83),(310,136),(16,141),(95,62),(110,101),(336,26),(164,74),(135,118),(181,128),(68,126),(270,13),(192,114),(101,105),(210,77),(86,14),(178,69),(284,45),
208:(218,23),(195,46),(147,118),(31,83),(310,136),(16,142),(95,62),(109,101),(336,25),(165,74),(135,118),(181,128),(68,126),(270,13),(193,114),(100,105),(211,77),(86,14),(178,69),(284,45),
209:(218,23),(195,46),(147,118),(31,83),(310,136),(16,143),(95,62),(109,100),(336,24),(166,74),(135,118),(181,128),(68,126),(270,13),(194,114),(99,105),(212,77),(86,14),(178,69),(284,45),
210:(218,23),(195,46),(147,118),(31,83),(310,136),(16,144),(95,62),(109,99),(336,23),(167,74),(135,118),(181,128),(68,126),(270,13),(195,114),(98,105),(213,77),(86,14),(178,69),(284,45),
211:(218,23),(195,46),(147,118),(31,83),(310,136),(16,145),(95,62),(109,98),(336,22),(168,74),(135,118),(181,128),(68,126),(270,13),(196,114),(98,104),(214,77),(86,14),(178,69),(284,45),
212:(218,23),(195,46),(147,118),(31,83),(310,136),(16,145),(95,62),(108,98),(336,21),(169,74),(135,118),(181,128),(68,126),(270,13),(197,114),(97,104),(215,77),(86,14),(178,69),(284,45),
213:(218,23),(195,46),(147,118),(31,83),(310,136),(16,145),(95,62),(107,98),(336,20),(170,74),(135,118),(181,128),(68,126),(270,13),(198,114),(97,103),(216,77),(86,14),(178,69),(284,45),
214:(218,23),(195,46),(147,118),(31,83),(310,136),(16,145),(95,62),(107,97),(336,19),(170,75),(135,118),(181,128),(68,126),(270,13),(199,114),(97,102),(217,77),(86,14),(178,69),(284,45),
215:(218,23),(195,46),(147,118),(31,83),(310,136),(16,145),(95,62),(106,97),(336,18),(170,76),(135,118),(181,128),(68,126),(270,13),(200,114),(97,101),(218,77),(86,14),(178,69),(284,45),
216:(218,23),(195,46),(147,118),(31,83),(310,136),(16,145),(95,62),(105,97),(336,17),(170,77),(135,118),(181,128),(68,126),(270,13),(201,114),(97,100),(218,76),(86,14),(178,69),(284,45),
217:(218,23),(195,46),(147,118),(31,83),(310,136),(16,145),(95,62),(104,97),(336,16),(171,77),(135,118),(181,128),(68,126),(270,13),(202,114),(97,99),(218,75),(86,14),(178,69),(284,45),
218:(218,23),(195,46),(147,118),(31,83),(310,136),(16,145),(95,62),(103,97),(336,15),(172,77),(135,118),(181,128),(68,126),(270,13),(203,114),(97,98),(218,74),(86,14),(178,69),(284,45),
219:(218,23),(195,46),(147,118),(31,83),(310,136),(16,145),(95,62),(102,97),(336,14),(173,77),(135,118),(181,128),(68,126),(270,13),(204,114),(97,97),(218,73),(86,14),(178,69),(284,45),
220:(218,23),(195,46),(147,118),(31,83),(310,136),(16,145),(95,62),(101,97),(336,13),(174,77),(135,118),(181,128),(68,126),(270,13),(205,114),(97,96),(218,72),(86,14),(178,69),(284,45),
221:(218,23),(195,46),(147,118),(31,83),(310,136),(16,145),(95,62),(100,97),(336,12),(175,77),(135,118),(181,128),(68,126),(270,13),(206,114),(97,95),(218,71),(86,14),(178,69),(284,45),
222:(218,23),(195,46),(147,118),(31,83),(310,136),(16,145),(95,62),(99,97),(336,12),(176,77),(135,118),(181,128),(68,126),(270,13),(207,114),(97,94),(218,70),(86,14),(178,69),(284,45),
223:(218,23),(195,46),(147,118),(31,83),(310,136),(16,145),(95,62),(98,97),(336,12),(177,77),(135,118),(181,128),(68,126),(270,13),(208,114),(97,93),(218,69),(86,14),(178,69),(284,45),
224:(218,23),(195,46),(147,118),(31,83),(310,136),(16,145),(95,62),(97,97),(336,12),(178,77),(135,118),(181,128),(68,126),(270,13),(209,114),(97,92),(218,68),(86,14),(178,69),(284,45),
225:(218,23),(195,46),(147,118),(31,83),(310,136),(16,145),(95,62),(97,96),(336,12),(179,77),(135,118),(181,128),(68,126),(270,13),(210,114),(97,91),(218,67),(86,14),(178,69),(284,45),
226:(218,23),(195,46),(147,118),(31,83),(310,136),(16,145),(95,62),(97,95),(336,12),(179,78),(135,118),(181,128),(68,126),(270,13),(211,114),(97,90),(218,66),(86,14),(178,69),(284,45),
227:(218,23),(195,46),(147,118),(31,83),(310,136),(16,145),(95,62),(97,94),(336,12),(180,78),(135,118),(181,128),(68,126),(270,13),(212,114),(97,89),(218,65),(86,14),(178,69),(284,45),
228:(218,23),(195,46),(147,118),(31,83),(310,136),(16,145),(95,62),(96,94),(336,12),(181,78),(135,118),(181,128),(68,126),(270,13),(213,114),(97,88),(218,64),(86,14),(178,69),(284,45),
229:(218,23),(195,46),(147,118),(31,83),(310,136),(16,145),(95,62),(96,93),(336,12),(181,79),(135,118),(181,128),(68,126),(270,13),(214,114),(97,87),(218,63),(86,14),(178,69),(284,45),
230:(218,23),(195,46),(147,118),(31,83),(310,136),(16,145),(95,62),(95,93),(336,12),(181,80),(135,118),(181,128),(68,126),(270,13),(215,114),(97,86),(218,62),(86,14),(178,69),(284,45),
231:(218,23),(195,46),(147,118),(31,83),(310,136),(16,145),(95,62),(94,93),(336,12),(182,80),(135,118),(181,128),(68,126),(270,13),(216,114),(97,85),(218,61),(86,14),(178,69),(284,45),
232:(218,23),(195,46),(147,118),(31,83),(310,136),(16,145),(95,62),(93,93),(336,12),(182,81),(135,118),(181,128),(68,126),(270,13),(217,114),(97,84),(218,60),(86,14),(178,69),(284,45),
233:(218,23),(195,46),(147,118),(31,83),(310,136),(16,145),(95,62),(92,93),(336,12),(182,82),(135,118),(181,128),(68,126),(270,13),(218,114),(97,83),(218,59),(86,14),(178,69),(284,45),
234:(218,23),(195,46),(147,118),(31,83),(310,136),(16,145),(95,62),(91,93),(336,12),(183,82),(135,118),(181,128),(68,126),(270,13),(219,114),(97,82),(218,58),(86,14),(178,69),(284,45),
235:(218,23),(195,46),(147,118),(31,83),(310,136),(16,145),(95,62),(90,93),(336,12),(184,82),(135,118),(181,128),(68,126),(270,13),(220,114),(97,81),(218,57),(86,14),(178,69),(284,45),
236:(218,23),(195,46),(147,118),(31,83),(310,136),(16,145),(95,62),(89,93),(336,12),(185,82),(135,118),(181,128),(68,126),(270,13),(221,114),(97,80),(218,56),(86,14),(178,69),(284,45),
237:(218,23),(195,46),(147,118),(31,83),(310,136),(16,145),(95,62),(88,93),(336,12),(186,82),(135,118),(181,128),(68,126),(270,13),(222,114),(97,79),(218,55),(86,14),(178,69),(284,45),
238:(218,23),(195,46),(147,118),(31,83),(310,136),(16,145),(95,62),(87,93),(336,12),(187,82),(135,118),(181,128),(68,126),(270,13),(223,114),(97,78),(218,54),(86,14),(178,69),(284,45),
239:(218,23),(195,46),(147,118),(31,83),(310,136),(16,145),(95,62),(86,93),(336,12),(188,82),(135,118),(181,128),(68,126),(270,13),(224,114),(97,77),(219,54),(86,14),(178,69),(284,45),
240:(218,23),(195,46),(147,118),(31,83),(310,136),(16,145),(95,62),(85,93),(336,12),(189,82),(135,118),(181,128),(68,126),(270,13),(225,114),(97,76),(219,54),(86,14),(178,69),(284,45),
241:(218,23),(195,46),(147,118),(31,83),(310,136),(16,145),(95,62),(84,93),(336,12),(190,82),(135,118),(181,128),(68,126),(270,13),(226,114),(97,75),(219,54),(86,14),(178,69),(284,45),
242:(218,23),(195,46),(147,118),(31,83),(310,136),(16,145),(95,62),(83,93),(336,12),(191,82),(135,118),(181,128),(68,126),(270,13),(227,114),(97,74),(219,54),(86,14),(178,69),(284,45),
243:(218,23),(195,46),(147,118),(31,83),(310,136),(16,145),(95,62),(82,93),(336,12),(192,82),(135,118),(181,128),(68,126),(270,13),(228,114),(97,73),(219,54),(86,14),(178,69),(284,45),
244:(218,23),(195,46),(147,118),(31,83),(310,136),(16,145),(95,62),(81,93),(336,12),(193,82),(135,118),(181,128),(68,126),(270,13),(229,114),(97,72),(219,54),(86,14),(178,69),(284,45),
245:(218,23),(195,46),(147,118),(31,83),(310,136),(16,145),(95,62),(80,93),(336,12),(193,83),(135,118),(181,128),(68,126),(270,13),(230,114),(97,71),(219,54),(86,14),(178,69),(284,45),
246:(218,23),(195,46),(147,118),(31,83),(310,136),(16,145),(95,62),(79,93),(336,12),(193,84),(135,118),(181,128),(68,126),(270,13),(231,114),(97,70),(219,54),(86,14),(178,69),(284,45),
247:(218,23),(195,46),(147,118),(31,83),(310,136),(16,145),(95,62),(78,93),(336,12),(193,85),(135,118),(181,128),(68,126),(270,13),(232,114),(97,69),(219,54),(86,14),(178,69),(284,45),
248:(218,23),(195,46),(147,118),(31,83),(310,136),(16,145),(95,62),(77,93),(336,12),(194,85),(135,118),(181,128),(68,126),(270,13),(233,114),(97,68),(219,54),(86,14),(178,69),(284,45),
249:(218,23),(195,46),(147,118),(31,83),(310,136),(16,145),(95,62),(76,93),(336,12),(195,85),(135,118),(181,128),(68,126),(270,13),(234,114),(97,67),(219,54),(86,14),(178,69),(284,45),
250:(218,23),(195,46),(147,118),(31,83),(310,136),(16,145),(95,62),(75,93),(336,12),(196,85),(135,118),(181,128),(68,126),(270,13),(235,114),(97,66),(219,54),(86,14),(178,69),(284,45),
251:(218,23),(195,46),(147,118),(31,83),(310,136),(16,145),(95,62),(74,93),(336,12),(196,86),(135,118),(181,128),(68,126),(270,13),(236,114),(97,65),(219,54),(86,14),(178,69),(284,45),
252:(218,23),(195,46),(147,118),(31,83),(310,136),(16,145),(95,62),(74,92),(336,12),(197,86),(135,118),(181,128),(68,126),(270,13),(237,114),(97,64),(219,54),(86,14),(178,69),(284,45),
253:(218,23),(195,46),(147,118),(31,83),(310,136),(16,145),(95,62),(74,91),(336,12),(198,86),(135,118),(181,128),(68,126),(270,13),(238,114),(97,63),(219,54),(86,14),(178,69),(284,45),
254:(218,23),(195,46),(147,118),(31,83),(310,136),(16,145),(95,62),(73,91),(336,12),(199,86),(135,118),(181,128),(68,126),(270,13),(239,114),(97,62),(219,54),(86,14),(178,69),(284,45),
255:(218,23),(195,46),(147,118),(31,83),(310,136),(16,145),(95,62),(73,90),(336,12),(200,86),(135,118),(181,128),(68,126),(270,13),(240,114),(97,61),(219,54),(86,14),(178,69),(284,45),
256:(218,23),(195,46),(147,118),(31,83),(310,136),(16,145),(95,62),(73,89),(336,12),(201,86),(135,118),(181,128),(68,126),(270,13),(241,114),(97,60),(219,54),(86,14),(178,69),(284,45),
257:(218,23),(195,46),(147,118),(31,83),(310,136),(16,145),(95,62),(73,88),(336,12),(202,86),(135,118),(181,128),(68,126),(270,13),(242,114),(97,59),(219,54),(86,14),(178,69),(284,45),
258:(218,23),(195,46),(147,118),(31,83),(310,136),(16,145),(95,62),(73,87),(336,12),(203,86),(135,118),(181,128),(68,126),(270,13),(243,114),(97,58),(219,54),(86,14),(178,69),(284,45),
259:(218,23),(195,46),(147,118),(31,83),(310,136),(16,145),(95,62),(73,86),(336,12),(204,86),(135,118),(181,128),(68,126),(270,13),(244,114),(97,57),(219,54),(86,14),(178,69),(284,45),
260:(218,23),(195,46),(147,118),(31,83),(310,136),(16,145),(95,62),(73,85),(336,12),(205,86),(135,118),(181,128),(68,126),(270,13),(245,114),(97,56),(219,54),(86,14),(178,69),(284,45),
261:(218,23),(195,46),(147,118),(31,83),(310,136),(16,145),(95,62),(72,85),(336,12),(205,87),(135,118),(181,128),(68,126),(270,13),(246,114),(97,55),(219,54),(86,14),(178,69),(284,45),
262:(218,23),(195,46),(147,118),(31,83),(310,136),(16,145),(95,62),(71,85),(336,12),(205,88),(135,118),(181,128),(68,126),(270,13),(247,114),(97,54),(219,54),(86,14),(178,69),(284,45),
263:(218,23),(195,46),(147,118),(31,83),(310,136),(16,145),(95,62),(70,85),(336,12),(205,89),(135,118),(181,128),(68,126),(270,13),(248,114),(97,53),(219,54),(86,14),(178,69),(284,45),
264:(218,23),(195,46),(147,118),(31,83),(310,136),(16,145),(95,62),(69,85),(336,12),(206,89),(135,118),(181,128),(68,126),(270,13),(249,114),(97,52),(219,54),(86,14),(178,69),(284,45),
265:(218,23),(195,46),(147,118),(31,83),(310,136),(16,145),(95,62),(68,85),(336,12),(206,90),(135,118),(181,128),(68,126),(270,13),(250,114),(97,51),(219,54),(86,14),(178,69),(284,45),
266:(218,23),(195,46),(147,118),(31,83),(310,136),(16,145),(95,62),(67,85),(336,12),(207,90),(135,118),(181,128),(68,126),(270,13),(251,114),(97,50),(219,54),(86,14),(178,69),(284,45),
267:(218,23),(195,46),(147,118),(31,83),(310,136),(16,145),(95,62),(66,85),(336,12),(208,90),(135,118),(181,128),(68,126),(270,13),(252,114),(97,49),(219,54),(86,14),(178,69),(284,45),
268:(218,23),(195,46),(147,118),(31,83),(310,136),(16,145),(95,62),(65,85),(336,12),(209,90),(135,118),(181,128),(68,126),(270,13),(253,114),(97,48),(219,54),(86,14),(178,69),(284,45),
269:(218,23),(195,46),(147,118),(31,83),(310,136),(16,145),(95,62),(64,85),(336,12),(210,90),(135,118),(181,128),(68,126),(270,13),(254,114),(97,47),(219,54),(86,14),(178,69),(284,45),
270:(218,23),(195,46),(147,118),(31,83),(310,136),(16,145),(95,62),(63,85),(336,12),(211,90),(135,118),(181,128),(68,126),(270,13),(255,114),(97,46),(219,54),(86,14),(178,69),(284,45),
271:(218,23),(195,46),(147,118),(31,83),(310,136),(16,145),(95,62),(62,85),(336,12),(212,90),(135,118),(181,128),(68,126),(270,13),(256,114),(97,45),(219,54),(86,14),(178,69),(284,45),
272:(218,23),(195,46),(147,118),(31,83),(310,136),(16,145),(95,62),(62,84),(336,12),(213,90),(135,118),(181,128),(68,126),(270,13),(257,114),(97,44),(219,54),(86,14),(178,69),(284,45),
273:(218,23),(195,46),(147,118),(31,83),(310,136),(16,145),(95,62),(62,83),(336,12),(214,90),(135,118),(181,128),(68,126),(270,13),(258,114),(97,43),(219,54),(86,14),(178,69),(284,45),
274:(218,23),(195,46),(147,118),(31,83),(310,136),(16,145),(95,62),(61,83),(336,12),(215,90),(135,118),(181,128),(68,126),(270,13),(259,114),(97,42),(219,54),(86,14),(178,69),(284,45),
275:(218,23),(195,46),(147,118),(31,83),(310,136),(16,145),(95,62),(61,82),(336,12),(216,90),(135,118),(181,128),(68,126),(270,13),(260,114),(97,41),(219,54),(86,14),(178,69),(284,45),
276:(218,23),(195,46),(147,118),(31,83),(310,136),(16,145),(95,62),(61,81),(336,12),(217,90),(135,118),(181,128),(68,126),(270,13),(261,114),(97,40),(219,54),(86,14),(178,69),(284,45),
277:(218,23),(195,46),(147,118),(31,83),(310,136),(16,145),(95,62),(61,80),(336,12),(217,91),(135,118),(181,128),(68,126),(270,13),(262,114),(97,39),(219,54),(86,14),(178,69),(284,45),
278:(218,23),(195,46),(147,118),(31,83),(310,136),(16,145),(95,62),(61,79),(336,12),(217,92),(135,118),(181,128),(68,126),(270,13),(263,114),(97,38),(219,54),(86,14),(178,69),(284,45),
279:(218,23),(195,46),(147,118),(31,83),(310,136),(16,145),(95,62),(61,78),(336,12),(217,93),(135,118),(181,128),(68,126),(270,13),(264,114),(97,37),(219,54),(86,14),(178,69),(284,45),
280:(218,23),(195,46),(147,118),(31,83),(310,136),(16,145),(95,62),(61,77),(336,12),(217,94),(135,118),(181,128),(68,126),(270,13),(265,114),(97,36),(219,54),(86,14),(178,69),(284,45),
281:(218,23),(195,46),(147,118),(31,83),(310,136),(16,145),(95,62),(61,76),(336,12),(217,95),(135,118),(181,128),(68,126),(270,13),(266,114),(97,35),(219,54),(86,14),(178,69),(284,45),
282:(218,23),(195,46),(147,118),(31,83),(310,136),(16,145),(95,62),(61,75),(336,12),(217,96),(135,118),(181,128),(68,126),(270,13),(267,114),(97,34),(219,54),(86,14),(178,69),(284,45),
283:(218,23),(195,46),(147,118),(31,83),(310,136),(16,145),(95,62),(61,74),(336,12),(217,97),(135,118),(181,128),(68,126),(270,13),(268,114),(97,33),(219,54),(86,14),(178,69),(284,45),
284:(218,23),(195,46),(147,118),(31,83),(310,136),(16,145),(95,62),(60,74),(336,12),(217,98),(135,118),(181,128),(68,126),(270,13),(269,114),(97,32),(219,54),(86,14),(178,69),(284,45),
285:(218,23),(195,46),(147,118),(31,83),(310,136),(16,145),(95,62),(60,73),(336,12),(217,99),(135,118),(181,128),(68,126),(270,13),(270,114),(97,31),(219,54),(86,14),(178,69),(284,45),
286:(218,23),(195,46),(147,118),(31,83),(310,136),(16,145),(95,62),(59,73),(336,12),(217,100),(135,118),(181,128),(68,126),(270,13),(271,114),(97,30),(219,54),(86,14),(178,69),(284,45),
287:(218,23),(195,46),(147,118),(31,83),(310,136),(16,145),(95,62),(58,73),(336,12),(217,101),(135,118),(181,128),(68,126),(270,13),(272,114),(97,29),(219,54),(86,14),(178,69),(284,45),
288:(218,23),(195,46),(147,118),(31,83),(310,136),(16,145),(95,62),(57,73),(336,12),(218,101),(135,118),(181,128),(68,126),(270,13),(273,114),(97,28),(219,54),(86,14),(178,69),(284,45),
289:(218,23),(195,46),(147,118),(31,83),(310,136),(16,145),(95,62),(56,73),(336,12),(219,101),(135,118),(181,128),(68,126),(270,13),(274,114),(97,27),(219,54),(86,14),(178,69),(284,45),
290:(218,23),(195,46),(147,118),(31,83),(310,136),(16,145),(95,62),(55,73),(336,12),(220,101),(135,118),(181,128),(68,126),(270,13),(275,114),(97,26),(219,54),(86,14),(178,69),(284,45),
291:(218,23),(195,46),(147,118),(31,83),(310,136),(16,145),(95,62),(54,73),(336,12),(220,102),(135,118),(181,128),(68,126),(270,13),(276,114),(97,25),(219,54),(86,14),(178,69),(284,45),
292:(218,23),(195,46),(147,118),(31,83),(310,136),(16,145),(95,62),(53,73),(336,12),(221,102),(135,118),(181,128),(68,126),(270,13),(277,114),(97,24),(219,54),(86,14),(178,69),(284,45),
293:(218,23),(195,46),(147,118),(31,83),(310,136),(16,145),(95,62),(52,73),(336,12),(222,102),(135,118),(181,128),(68,126),(270,13),(278,114),(97,23),(219,54),(86,14),(178,69),(284,45),
294:(218,23),(195,46),(147,118),(31,83),(310,136),(16,145),(95,62),(51,73),(336,12),(223,102),(135,118),(181,128),(68,126),(270,13),(279,114),(97,22),(219,54),(86,14),(178,69),(284,45),
295:(218,23),(195,46),(147,118),(31,83),(310,136),(16,145),(95,62),(50,73),(336,12),(224,102),(135,118),(181,128),(68,126),(270,13),(280,114),(97,21),(219,54),(86,14),(178,69),(284,45),
296:(218,23),(195,46),(147,118),(31,83),(310,136),(16,145),(95,62),(49,73),(336,12),(225,102),(135,118),(181,128),(68,126),(270,13),(281,114),(97,20),(219,54),(86,14),(178,69),(284,45),
297:(218,23),(195,46),(147,118),(31,83),(310,136),(16,145),(95,62),(48,73),(336,12),(226,102),(135,118),(181,128),(68,126),(270,13),(282,114),(97,19),(219,54),(86,14),(178,69),(284,45),
298:(218,23),(195,46),(147,118),(31,83),(310,136),(16,145),(95,62),(47,73),(336,12),(227,102),(135,118),(181,128),(68,126),(270,13),(283,114),(97,18),(219,54),(86,14),(178,69),(284,45),
299:(218,23),(195,46),(147,118),(31,83),(310,136),(16,145),(95,62),(46,73),(336,12),(228,102),(135,118),(181,128),(68,126),(270,13),(284,114),(97,17),(219,54),(86,14),(178,69),(284,45),
300:(218,23),(195,46),(147,118),(31,83),(310,136),(16,145),(95,62),(45,73),(336,12),(229,102),(135,118),(181,128),(68,126),(270,13),(285,114),(97,16),(219,54),(86,14),(178,69),(284,45),
301:(218,23),(195,46),(147,118),(31,83),(310,136),(16,145),(95,62),(44,73),(336,12),(230,102),(135,118),(181,128),(68,126),(270,13),(286,114),(97,15),(219,54),(86,14),(178,69),(284,45),
302:(218,23),(195,46),(147,118),(31,83),(310,136),(16,145),(95,62),(43,73),(336,12),(231,102),(135,118),(181,128),(68,126),(270,13),(287,114),(97,14),(219,54),(86,14),(178,69),(284,45),
303:(218,23),(195,46),(147,118),(31,83),(310,136),(16,145),(95,62),(42,73),(336,12),(232,102),(135,118),(181,128),(68,126),(270,13),(288,114),(97,13),(219,54),(86,14),(178,69),(284,45),
304:(218,23),(195,46),(147,118),(31,83),(310,136),(16,145),(95,62),(41,73),(336,12),(233,102),(135,118),(181,128),(68,126),(270,13),(289,114),(97,12),(219,54),(86,14),(178,69),(284,45),
305:(218,23),(195,46),(147,118),(31,83),(310,136),(16,145),(95,62),(40,73),(336,12),(234,102),(135,118),(181,128),(68,126),(270,13),(290,114),(97,11),(219,54),(86,14),(178,69),(284,45),
306:(218,23),(195,46),(147,118),(31,83),(310,136),(16,145),(95,62),(39,73),(336,12),(235,102),(135,118),(181,128),(68,126),(270,13),(291,114),(97,10),(219,54),(86,14),(178,69),(284,45),
307:(218,23),(195,46),(147,118),(31,83),(310,136),(16,145),(95,62),(38,73),(336,12),(236,102),(135,118),(181,128),(68,126),(270,13),(291,114),(97,9),(219,54),(86,14),(178,69),(284,45),
308:(218,23),(195,46),(147,118),(31,83),(310,136),(16,145),(95,62),(37,73),(336,12),(237,102),(135,118),(181,128),(68,126),(270,13),(291,114),(97,8),(219,54),(86,14),(178,69),(284,45),
309:(218,23),(195,46),(147,118),(31,83),(310,136),(16,145),(95,62),(36,73),(336,12),(238,102),(135,118),(181,128),(68,126),(270,13),(291,114),(97,7),(219,54),(86,14),(178,69),(284,45),
310:(218,23),(195,46),(147,118),(31,83),(310,136),(16,145),(95,62),(35,73),(336,12),(239,102),(135,118),(181,128),(68,126),(270,13),(291,114),(97,6),(219,54),(86,14),(178,69),(284,45),
311:(218,23),(195,46),(147,118),(31,83),(310,136),(16,145),(95,62),(34,73),(336,12),(240,102),(135,118),(181,128),(68,126),(270,13),(291,114),(97,5),(219,54),(86,14),(178,69),(284,45),
312:(218,23),(195,46),(147,118),(31,83),(310,136),(16,145),(95,62),(33,73),(336,12),(241,102),(135,118),(181,128),(68,126),(270,13),(291,114),(97,4),(219,54),(86,14),(178,69),(284,45),
313:(218,23),(195,46),(147,118),(31,83),(310,136),(16,145),(95,62),(32,73),(336,12),(241,103),(135,118),(181,128),(68,126),(270,13),(291,114),(97,3),(219,54),(86,14),(178,69),(284,45),
314:(218,23),(195,46),(147,118),(31,83),(310,136),(16,145),(95,62),(31,73),(336,12),(242,103),(135,118),(181,128),(68,126),(270,13),(291,114),(97,2),(219,54),(86,14),(178,69),(284,45),
315:(218,23),(195,46),(147,118),(31,83),(310,136),(16,145),(95,62),(30,73),(336,12),(242,104),(135,118),(181,128),(68,126),(270,13),(291,114),(96,2),(219,54),(86,14),(178,69),(284,45),
316:(218,23),(195,46),(147,118),(31,83),(310,136),(16,145),(95,62),(29,73),(336,12),(242,105),(135,118),(181,128),(68,126),(270,13),(291,114),(95,2),(219,54),(86,14),(178,69),(284,45),
317:(218,23),(195,46),(147,118),(31,83),(310,136),(16,145),(95,62),(28,73),(336,12),(243,105),(135,118),(181,128),(68,126),(270,13),(291,114),(94,2),(219,54),(86,14),(178,69),(284,45),
318:(218,23),(195,46),(147,118),(31,83),(310,136),(16,145),(95,62),(28,73),(336,12),(243,106),(135,118),(181,128),(68,126),(270,13),(291,114),(93,2),(219,54),(86,14),(178,69),(284,45),
319:(218,23),(195,46),(147,118),(31,83),(310,136),(16,145),(95,62),(28,73),(336,12),(244,106),(135,118),(181,128),(68,126),(270,13),(291,114),(93,2),(219,54),(86,14),(178,69),(284,45),
320:(218,23),(195,46),(147,118),(31,83),(310,136),(16,145),(95,62),(28,73),(336,12),(245,106),(135,118),(181,128),(68,126),(270,13),(291,114),(93,2),(219,54),(86,14),(178,69),(284,45),
321:(218,23),(195,46),(147,118),(31,83),(310,136),(16,145),(95,62),(28,73),(336,12),(246,106),(135,118),(181,128),(68,126),(270,13),(291,114),(93,2),(219,54),(86,14),(178,69),(284,45),
322:(218,23),(195,46),(147,118),(31,83),(310,136),(16,145),(95,62),(28,73),(336,12),(247,106),(135,118),(181,128),(68,126),(270,13),(291,114),(93,2),(219,54),(86,14),(178,69),(284,45),
323:(218,23),(195,46),(147,118),(31,83),(310,136),(16,145),(95,62),(28,73),(336,12),(248,106),(135,118),(181,128),(68,126),(270,13),(291,114),(93,2),(219,54),(86,14),(178,69),(284,45),
324:(218,23),(195,46),(147,118),(31,83),(310,136),(16,145),(95,62),(28,73),(336,12),(249,106),(135,118),(181,128),(68,126),(270,13),(291,114),(93,2),(219,54),(86,14),(178,69),(284,45),
325:(218,23),(195,46),(147,118),(31,83),(310,136),(16,145),(95,62),(28,73),(336,12),(250,106),(135,118),(181,128),(68,126),(270,13),(291,114),(93,2),(219,54),(86,14),(178,69),(284,45),
326:(218,23),(195,46),(147,118),(31,83),(310,136),(16,145),(95,62),(28,73),(336,12),(251,106),(135,118),(181,128),(68,126),(270,13),(291,114),(93,2),(219,54),(86,14),(178,69),(284,45),
327:(218,23),(195,46),(147,118),(31,83),(310,136),(16,145),(95,62),(28,73),(336,12),(252,106),(135,118),(181,128),(68,126),(270,13),(291,114),(93,2),(219,54),(86,14),(178,69),(284,45),
328:(218,23),(195,46),(147,118),(31,83),(310,136),(16,145),(95,62),(28,73),(336,12),(253,106),(135,118),(181,128),(68,126),(270,13),(291,114),(93,2),(219,54),(86,14),(178,69),(284,45),
329:(218,23),(195,46),(147,118),(31,83),(310,136),(16,145),(95,62),(28,73),(336,12),(253,107),(135,118),(181,128),(68,126),(270,13),(291,114),(93,2),(219,54),(86,14),(178,69),(284,45),
330:(218,23),(195,46),(147,118),(31,83),(310,136),(16,145),(95,62),(28,73),(336,12),(253,108),(135,118),(181,128),(68,126),(270,13),(291,114),(93,2),(219,54),(86,14),(178,69),(284,45),
331:(218,23),(195,46),(147,118),(31,83),(310,136),(16,145),(95,62),(28,73),(336,12),(254,108),(135,118),(181,128),(68,126),(270,13),(291,114),(93,2),(219,54),(86,14),(178,69),(284,45),
332:(218,23),(195,46),(147,118),(31,83),(310,136),(16,145),(95,62),(28,73),(336,12),(254,109),(135,118),(181,128),(68,126),(270,13),(291,114),(93,2),(219,54),(86,14),(178,69),(284,45),
333:(218,23),(195,46),(147,118),(31,83),(310,136),(16,145),(95,62),(28,73),(336,12),(255,109),(135,118),(181,128),(68,126),(270,13),(291,114),(93,2),(219,54),(86,14),(178,69),(284,45),
334:(218,23),(195,46),(147,118),(31,83),(310,136),(16,145),(95,62),(28,73),(336,12),(256,109),(135,118),(181,128),(68,126),(270,13),(291,114),(93,2),(219,54),(86,14),(178,69),(284,45),
335:(218,23),(195,46),(147,118),(31,83),(310,136),(16,145),(95,62),(28,73),(336,12),(256,110),(135,118),(181,128),(68,126),(270,13),(291,114),(93,2),(219,54),(86,14),(178,69),(284,45),
336:(218,23),(195,46),(147,118),(31,83),(310,136),(16,145),(95,62),(28,73),(336,12),(257,110),(135,118),(181,128),(68,126),(270,13),(291,114),(93,2),(219,54),(86,14),(178,69),(284,45),
337:(218,23),(195,46),(147,118),(31,83),(310,136),(16,145),(95,62),(28,73),(336,12),(258,110),(135,118),(181,128),(68,126),(270,13),(291,114),(93,2),(219,54),(86,14),(178,69),(284,45),
338:(218,23),(195,46),(147,118),(31,83),(310,136),(16,145),(95,62),(28,73),(336,12),(259,110),(135,118),(181,128),(68,126),(270,13),(291,114),(93,2),(219,54),(86,14),(178,69),(284,45),
339:(218,23),(195,46),(147,118),(31,83),(310,136),(16,145),(95,62),(28,73),(336,12),(260,110),(135,118),(181,128),(68,126),(270,13),(291,114),(93,2),(219,54),(86,14),(178,69),(284,45),
340:(218,23),(195,46),(147,118),(31,83),(310,136),(16,145),(95,62),(28,73),(336,12),(261,110),(135,118),(181,128),(68,126),(270,13),(291,114),(93,2),(219,54),(86,14),(178,69),(284,45),
341:(218,23),(195,46),(147,118),(31,83),(310,136),(16,145),(95,62),(28,73),(336,12),(262,110),(135,118),(181,128),(68,126),(270,13),(291,114),(93,2),(219,54),(86,14),(178,69),(284,45),
342:(218,23),(195,46),(147,118),(31,83),(310,136),(16,145),(95,62),(28,73),(336,12),(263,110),(135,118),(181,128),(68,126),(270,13),(291,114),(93,2),(219,54),(86,14),(178,69),(284,45),
343:(218,23),(195,46),(147,118),(31,83),(310,136),(16,145),(95,62),(28,73),(336,12),(264,110),(135,118),(181,128),(68,126),(270,13),(291,114),(93,2),(219,54),(86,14),(178,69),(284,45),
344:(218,23),(195,46),(147,118),(31,83),(310,136),(16,145),(95,62),(28,73),(336,12),(265,110),(135,118),(181,128),(68,126),(270,13),(291,114),(93,2),(219,54),(86,14),(178,69),(284,45),
345:(218,23),(195,46),(147,118),(31,83),(310,136),(16,145),(95,62),(28,73),(336,12),(266,110),(135,118),(181,128),(68,126),(270,13),(291,114),(93,2),(219,54),(86,14),(178,69),(284,45),
346:(218,23),(195,46),(147,118),(31,83),(310,136),(16,145),(95,62),(28,73),(336,12),(267,110),(135,118),(181,128),(68,126),(270,13),(291,114),(93,2),(219,54),(86,14),(178,69),(284,45),
347:(218,23),(195,46),(147,118),(31,83),(310,136),(16,145),(95,62),(28,73),(336,12),(268,110),(135,118),(181,128),(68,126),(270,13),(291,114),(93,2),(219,54),(86,14),(178,69),(284,45),
348:(218,23),(195,46),(147,118),(31,83),(310,136),(16,145),(95,62),(28,73),(336,12),(269,110),(135,118),(181,128),(68,126),(270,13),(291,114),(93,2),(219,54),(86,14),(178,69),(284,45),
349:(218,23),(195,46),(147,118),(31,83),(310,136),(16,145),(95,62),(28,73),(336,12),(270,110),(135,118),(181,128),(68,126),(270,13),(291,114),(93,2),(219,54),(86,14),(178,69),(284,45),
350:(218,23),(195,46),(147,118),(31,83),(310,136),(16,145),(95,62),(28,73),(336,12),(271,110),(135,118),(181,128),(68,126),(270,13),(291,114),(93,2),(219,54),(86,14),(178,69),(284,45),
351:(218,23),(195,46),(147,118),(31,83),(310,136),(16,145),(95,62),(28,73),(336,12),(272,110),(135,118),(181,128),(68,126),(270,13),(291,114),(93,2),(219,54),(86,14),(178,69),(284,45),
352:(218,23),(195,46),(147,118),(31,83),(310,136),(16,145),(95,62),(28,73),(336,12),(273,110),(135,118),(181,128),(68,126),(270,13),(291,114),(93,2),(219,54),(86,14),(178,69),(284,45),
353:(218,23),(195,46),(147,118),(31,83),(310,136),(16,145),(95,62),(28,73),(336,12),(274,110),(135,118),(181,128),(68,126),(270,13),(291,114),(93,2),(219,54),(86,14),(178,69),(284,45),
354:(218,23),(195,46),(147,118),(31,83),(310,136),(16,145),(95,62),(28,73),(336,12),(275,110),(135,118),(181,128),(68,126),(270,13),(291,114),(93,2),(219,54),(86,14),(178,69),(284,45),
355:(218,23),(195,46),(147,118),(31,83),(310,136),(16,145),(95,62),(28,73),(336,12),(276,110),(135,118),(181,128),(68,126),(270,13),(291,114),(93,2),(219,54),(86,14),(178,69),(284,45),
356:(218,23),(195,46),(147,118),(31,83),(310,136),(16,145),(95,62),(28,73),(336,12),(277,110),(135,118),(181,128),(68,126),(270,13),(291,114),(93,2),(219,54),(86,14),(178,69),(284,45),
357:(218,23),(195,46),(147,118),(31,83),(310,136),(16,145),(95,62),(28,73),(336,12),(278,110),(135,118),(181,128),(68,126),(270,13),(291,114),(93,2),(219,54),(86,14),(178,69),(284,45),
358:(218,23),(195,46),(147,118),(31,83),(310,136),(16,145),(95,62),(28,73),(336,12),(279,110),(135,118),(181,128),(68,126),(270,13),(291,114),(93,2),(219,54),(86,14),(178,69),(284,45),
359:(218,23),(195,46),(147,118),(31,83),(310,136),(16,145),(95,62),(28,73),(336,12),(280,110),(135,118),(181,128),(68,126),(270,13),(291,114),(93,2),(219,54),(86,14),(178,69),(284,45),
360:(218,23),(195,46),(147,118),(31,83),(310,136),(16,145),(95,62),(28,73),(336,12),(281,110),(135,118),(181,128),(68,126),(270,13),(291,114),(93,2),(219,54),(86,14),(178,69),(284,45),
361:(218,23),(195,46),(147,118),(31,83),(310,136),(16,145),(95,62),(28,73),(336,12),(282,110),(135,118),(181,128),(68,126),(270,13),(291,114),(93,2),(219,54),(86,14),(178,69),(284,45),
362:(218,23),(195,46),(147,118),(31,83),(310,136),(16,145),(95,62),(28,73),(336,12),(283,110),(135,118),(181,128),(68,126),(270,13),(291,114),(93,2),(219,54),(86,14),(178,69),(284,45),
363:(218,23),(195,46),(147,118),(31,83),(310,136),(16,145),(95,62),(28,73),(336,12),(284,110),(135,118),(181,128),(68,126),(270,13),(291,114),(93,2),(219,54),(86,14),(178,69),(284,45),
364:(218,23),(195,46),(147,118),(31,83),(310,136),(16,145),(95,62),(28,73),(336,12),(285,110),(135,118),(181,128),(68,126),(270,13),(291,114),(93,2),(219,54),(86,14),(178,69),(284,45),
365:(218,23),(195,46),(147,118),(31,83),(310,136),(16,145),(95,62),(28,73),(336,12),(286,110),(135,118),(181,128),(68,126),(270,13),(291,114),(93,2),(219,54),(86,14),(178,69),(284,45),
366:(218,23),(195,46),(147,118),(31,83),(310,136),(16,145),(95,62),(28,73),(336,12),(287,110),(135,118),(181,128),(68,126),(270,13),(291,114),(93,2),(219,54),(86,14),(178,69),(284,45),
367:(218,23),(195,46),(147,118),(31,83),(310,136),(16,145),(95,62),(28,73),(336,12),(288,110),(135,118),(181,128),(68,126),(270,13),(291,114),(93,2),(219,54),(86,14),(178,69),(284,45),
368:(218,23),(195,46),(147,118),(31,83),(310,136),(16,145),(95,62),(28,73),(336,12),(289,110),(135,118),(181,128),(68,126),(270,13),(291,114),(93,2),(219,54),(86,14),(178,69),(284,45),
369:(218,23),(195,46),(147,118),(31,83),(310,136),(16,145),(95,62),(28,73),(336,12),(290,110),(135,118),(181,128),(68,126),(270,13),(291,114),(93,2),(219,54),(86,14),(178,69),(284,45),
370:(218,23),(195,46),(147,118),(31,83),(310,136),(16,145),(95,62),(28,73),(336,12),(290,111),(135,118),(181,128),(68,126),(270,13),(291,114),(93,2),(219,54),(86,14),(178,69),(284,45),
371:(218,23),(195,46),(147,118),(31,83),(310,136),(16,145),(95,62),(28,73),(336,12),(291,111),(135,118),(181,128),(68,126),(270,13),(291,114),(93,2),(219,54),(86,14),(178,69),(284,45),
372:(218,23),(195,46),(147,118),(31,83),(310,136),(16,145),(95,62),(28,73),(336,12),(292,111),(135,118),(181,128),(68,126),(270,13),(291,114),(93,2),(219,54),(86,14),(178,69),(284,45),
373:(218,23),(195,46),(147,118),(31,83),(310,136),(16,145),(95,62),(28,73),(336,12),(293,111),(135,118),(181,128),(68,126),(270,13),(291,114),(93,2),(219,54),(86,14),(178,69),(284,45),
374:(218,23),(195,46),(147,118),(31,83),(310,136),(16,145),(95,62),(28,73),(336,12),(294,111),(135,118),(181,128),(68,126),(270,13),(291,114),(93,2),(219,54),(86,14),(178,69),(284,45),
375:(218,23),(195,46),(147,118),(31,83),(310,136),(16,145),(95,62),(28,73),(336,12),(295,111),(135,118),(181,128),(68,126),(270,13),(291,114),(93,2),(219,54),(86,14),(178,69),(284,45),
376:(218,23),(195,46),(147,118),(31,83),(310,136),(16,145),(95,62),(28,73),(336,12),(296,111),(135,118),(181,128),(68,126),(270,13),(291,114),(93,2),(219,54),(86,14),(178,69),(284,45),
377:(218,23),(195,46),(147,118),(31,83),(310,136),(16,145),(95,62),(28,73),(336,12),(297,111),(135,118),(181,128),(68,126),(270,13),(291,114),(93,2),(219,54),(86,14),(178,69),(284,45),
378:(218,23),(195,46),(147,118),(31,83),(310,136),(16,145),(95,62),(28,73),(336,12),(298,111),(135,118),(181,128),(68,126),(270,13),(291,114),(93,2),(219,54),(86,14),(178,69),(284,45),
379:(218,23),(195,46),(147,118),(31,83),(310,136),(16,145),(95,62),(28,73),(336,12),(298,112),(135,118),(181,128),(68,126),(270,13),(291,114),(93,2),(219,54),(86,14),(178,69),(284,45),
380:(218,23),(195,46),(147,118),(31,83),(310,136),(16,145),(95,62),(28,73),(336,12),(299,112),(135,118),(181,128),(68,126),(270,13),(291,114),(93,2),(219,54),(86,14),(178,69),(284,45),
381:(218,23),(195,46),(147,118),(31,83),(310,136),(16,145),(95,62),(28,73),(336,12),(300,112),(135,118),(181,128),(68,126),(270,13),(291,114),(93,2),(219,54),(86,14),(178,69),(284,45),
382:(218,23),(195,46),(147,118),(31,83),(310,136),(16,145),(95,62),(28,73),(336,12),(301,112),(135,118),(181,128),(68,126),(270,13),(291,114),(93,2),(219,54),(86,14),(178,69),(284,45),
383:(218,23),(195,46),(147,118),(31,83),(310,136),(16,145),(95,62),(28,73),(336,12),(302,112),(135,118),(181,128),(68,126),(270,13),(291,114),(93,2),(219,54),(86,14),(178,69),(284,45),
384:(218,23),(195,46),(147,118),(31,83),(310,136),(16,145),(95,62),(28,73),(336,12),(302,113),(135,118),(181,128),(68,126),(270,13),(291,114),(93,2),(219,54),(86,14),(178,69),(284,45),
385:(218,23),(195,46),(147,118),(31,83),(310,136),(16,145),(95,62),(28,73),(336,12),(303,113),(135,118),(181,128),(68,126),(270,13),(291,114),(93,2),(219,54),(86,14),(178,69),(284,45),
386:(218,23),(195,46),(147,118),(31,83),(310,136),(16,145),(95,62),(28,73),(336,12),(304,113),(135,118),(181,128),(68,126),(270,13),(291,114),(93,2),(219,54),(86,14),(178,69),(284,45),
387:(218,23),(195,46),(147,118),(31,83),(310,136),(16,145),(95,62),(28,73),(336,12),(304,114),(135,118),(181,128),(68,126),(270,13),(291,114),(93,2),(219,54),(86,14),(178,69),(284,45),
388:(218,23),(195,46),(147,118),(31,83),(310,136),(16,145),(95,62),(28,73),(336,12),(304,115),(135,118),(181,128),(68,126),(270,13),(291,114),(93,2),(219,54),(86,14),(178,69),(284,45),
389:(218,23),(195,46),(147,118),(31,83),(310,136),(16,145),(95,62),(28,73),(336,12),(304,116),(135,118),(181,128),(68,126),(270,13),(291,114),(93,2),(219,54),(86,14),(178,69),(284,45),
390:(218,23),(195,46),(147,118),(31,83),(310,136),(16,145),(95,62),(28,73),(336,12),(304,117),(135,118),(181,128),(68,126),(270,13),(291,114),(93,2),(219,54),(86,14),(178,69),(284,45),
391:(218,23),(195,46),(147,118),(31,83),(310,136),(16,145),(95,62),(28,73),(336,12),(304,118),(135,118),(181,128),(68,126),(270,13),(291,114),(93,2),(219,54),(86,14),(178,69),(284,45),
392:(218,23),(195,46),(147,118),(31,83),(310,136),(16,145),(95,62),(28,73),(336,12),(304,119),(135,118),(181,128),(68,126),(270,13),(291,114),(93,2),(219,54),(86,14),(178,69),(284,45),
393:(218,23),(195,46),(147,118),(31,83),(310,136),(16,145),(95,62),(28,73),(336,12),(304,120),(135,118),(181,128),(68,126),(270,13),(291,114),(93,2),(219,54),(86,14),(178,69),(284,45),
394:(218,23),(195,46),(147,118),(31,83),(310,136),(16,145),(95,62),(28,73),(336,12),(304,121),(135,118),(181,128),(68,126),(270,13),(291,114),(93,2),(219,54),(86,14),(178,69),(284,45),
395:(218,23),(195,46),(147,118),(31,83),(310,136),(16,145),(95,62),(28,73),(336,12),(304,122),(135,118),(181,128),(68,126),(270,13),(291,114),(93,2),(219,54),(86,14),(178,69),(284,45),
396:(218,23),(195,46),(147,118),(31,83),(310,136),(16,145),(95,62),(28,73),(336,12),(304,123),(135,118),(181,128),(68,126),(270,13),(291,114),(93,2),(219,54),(86,14),(178,69),(284,45),
397:(218,23),(195,46),(147,118),(31,83),(310,136),(16,145),(95,62),(28,73),(336,12),(304,124),(135,118),(181,128),(68,126),(270,13),(291,114),(93,2),(219,54),(86,14),(178,69),(284,45),
398:(218,23),(195,46),(147,118),(31,83),(310,136),(16,145),(95,62),(28,73),(336,12),(304,125),(135,118),(181,128),(68,126),(270,13),(291,114),(93,2),(219,54),(86,14),(178,69),(284,45),
399:(218,23),(195,46),(147,118),(31,83),(310,136),(16,145),(95,62),(28,73),(336,12),(304,126),(135,118),(181,128),(68,126),(270,13),(291,114),(93,2),(219,54),(86,14),(178,69),(284,45),
400:(218,23),(195,46),(147,118),(31,83),(310,136),(16,145),(95,62),(28,73),(336,12),(304,127),(135,118),(181,128),(68,126),(270,13),(291,114),(93,2),(219,54),(86,14),(178,69),(284,45),
401:(218,23),(195,46),(147,118),(31,83),(310,136),(16,145),(95,62),(28,73),(336,12),(304,128),(135,118),(181,128),(68,126),(270,13),(291,114),(93,2),(219,54),(86,14),(178,69),(284,45),
402:(218,23),(195,46),(147,118),(31,83),(310,136),(16,145),(95,62),(28,73),(336,12),(304,129),(135,118),(181,128),(68,126),(270,13),(291,114),(93,2),(219,54),(86,14),(178,69),(284,45),
403:(218,23),(195,46),(147,118),(31,83),(310,136),(16,145),(95,62),(28,73),(336,12),(304,130),(135,118),(181,128),(68,126),(270,13),(291,114),(93,2),(219,54),(86,14),(178,69),(284,45),
404:(218,23),(195,46),(147,118),(31,83),(310,136),(16,145),(95,62),(28,73),(336,12),(304,131),(135,118),(181,128),(68,126),(270,13),(291,114),(93,2),(219,54),(86,14),(178,69),(284,45),
405:(218,23),(195,46),(147,118),(31,83),(310,136),(16,145),(95,62),(28,73),(336,12),(304,132),(135,118),(181,128),(68,126),(270,13),(291,114),(93,2),(219,54),(86,14),(178,69),(284,45),
406:(218,23),(195,46),(147,118),(31,83),(310,136),(16,145),(95,62),(28,73),(336,12),(304,133),(135,118),(181,128),(68,126),(270,13),(291,114),(93,2),(219,54),(86,14),(178,69),(284,45),
407:(218,23),(195,46),(147,118),(31,83),(310,136),(16,145),(95,62),(28,73),(336,12),(304,134),(135,118),(181,128),(68,126),(270,13),(291,114),(93,2),(219,54),(86,14),(178,69),(284,45),
408:(218,23),(195,46),(147,118),(31,83),(310,136),(16,145),(95,62),(28,73),(336,12),(304,135),(135,118),(181,128),(68,126),(270,13),(291,114),(93,2),(219,54),(86,14),(178,69),(284,45),
409:(218,23),(195,46),(147,118),(31,83),(310,136),(16,145),(95,62),(28,73),(336,12),(304,136),(135,118),(181,128),(68,126),(270,13),(291,114),(93,2),(219,54),(86,14),(178,69),(284,45),
410:(218,23),(195,46),(147,118),(31,83),(310,136),(16,145),(95,62),(28,73),(336,12),(304,137),(135,118),(181,128),(68,126),(270,13),(291,114),(93,2),(219,54),(86,14),(178,69),(284,45),
411:(218,23),(195,46),(147,118),(31,83),(310,136),(16,145),(95,62),(28,73),(336,12),(304,138),(135,118),(181,128),(68,126),(270,13),(291,114),(93,2),(219,54),(86,14),(178,69),(284,45),
412:(218,23),(195,46),(147,118),(31,83),(310,136),(16,145),(95,62),(28,73),(336,12),(304,139),(135,118),(181,128),(68,126),(270,13),(291,114),(93,2),(219,54),(86,14),(178,69),(284,45),
413:(218,23),(195,46),(147,118),(31,83),(310,136),(16,145),(95,62),(28,73),(336,12),(304,140),(135,118),(181,128),(68,126),(270,13),(291,114),(93,2),(219,54),(86,14),(178,69),(284,45),
414:(218,23),(195,46),(147,118),(31,83),(310,136),(16,145),(95,62),(28,73),(336,12),(304,141),(135,118),(181,128),(68,126),(270,13),(291,114),(93,2),(219,54),(86,14),(178,69),(284,45),
415:(218,23),(195,46),(147,118),(31,83),(310,136),(16,145),(95,62),(28,73),(336,12),(304,142),(135,118),(181,128),(68,126),(270,13),(291,114),(93,2),(219,54),(86,14),(178,69),(284,45),
416:(218,23),(195,46),(147,118),(31,83),(310,136),(16,145),(95,62),(28,73),(336,12),(304,143),(135,118),(181,128),(68,126),(270,13),(291,114),(93,2),(219,54),(86,14),(178,69),(284,45),
417:(218,23),(195,46),(147,118),(31,83),(310,136),(16,145),(95,62),(28,73),(336,12),(304,144),(135,118),(181,128),(68,126),(270,13),(291,114),(93,2),(219,54),(86,14),(178,69),(284,45),
418:(218,23),(195,46),(147,118),(31,83),(310,136),(16,145),(95,62),(28,73),(336,12),(304,145),(135,118),(181,128),(68,126),(270,13),(291,114),(93,2),(219,54),(86,14),(178,69),(284,45),
419:(218,23),(195,46),(147,118),(31,83),(310,136),(16,145),(95,62),(28,73),(336,12),(304,146),(135,118),(181,128),(68,126),(270,13),(291,114),(93,2),(219,54),(86,14),(178,69),(284,45),
420:(218,23),(195,46),(147,118),(31,83),(310,136),(16,145),(95,62),(28,73),(336,12),(304,147),(135,118),(181,128),(68,126),(270,13),(291,114),(93,2),(219,54),(86,14),(178,69),(284,45),
421:(218,23),(195,46),(147,118),(31,83),(310,136),(16,145),(95,62),(28,73),(336,12),(304,148),(135,118),(181,128),(68,126),(270,13),(291,114),(93,2),(219,54),(86,14),(178,69),(284,45),
422:(218,23),(195,46),(147,118),(31,83),(310,136),(16,145),(95,62),(28,73),(336,12),(304,149),(135,118),(181,128),(68,126),(270,13),(291,114),(93,2),(219,54),(86,14),(178,69),(284,45),
423:(218,23),(195,46),(147,118),(31,83),(310,136),(16,145),(95,62),(28,73),(336,12),(304,150),(135,118),(181,128),(68,126),(270,13),(291,114),(93,2),(219,54),(86,14),(178,69),(284,45),
424:(218,23),(195,46),(147,118),(31,83),(310,136),(16,145),(95,62),(28,73),(336,12),(304,151),(135,118),(181,128),(68,126),(270,13),(291,114),(93,2),(219,54),(86,14),(178,69),(284,45),
425:(218,23),(195,46),(147,118),(31,83),(310,136),(16,145),(95,62),(28,73),(336,12),(304,152),(135,118),(181,128),(68,126),(270,13),(291,114),(93,2),(219,54),(86,14),(178,69),(284,45),
426:(218,23),(195,46),(147,118),(31,83),(310,136),(16,145),(95,62),(28,73),(336,12),(304,153),(135,118),(181,128),(68,126),(270,13),(291,114),(93,2),(219,54),(86,14),(178,69),(284,45),
