instance=temp_instance.txt
agents=20
map_file=warehouse-20-40-10-2-2.map
solver=PIBTOLD
solved=1
soc=2773
lb_soc=2763
makespan=332
lb_makespan=332
comp_time=10
preprocessing_comp_time=9
starts=(160,122),(25,70),(23,30),(122,68),(274,114),(177,134),(42,153),(69,26),(301,47),(303,5),(70,89),(48,162),(257,137),(117,114),(28,56),(33,39),(5,153),(44,16),(64,62),(2,5),
goals=(50,133),(19,58),(140,141),(50,38),(141,81),(256,129),(232,162),(134,75),(228,137),(338,39),(94,49),(121,70),(3,109),(14,112),(170,47),(57,22),(76,118),(332,60),(69,65),(242,4),
solution=
0:(160,122),(25,70),(23,30),(122,68),(274,114),(177,134),(42,153),(69,26),(301,47),(303,5),(70,89),(48,162),(257,137),(117,114),(28,56),(33,39),(5,153),(44,16),(64,62),(2,5),
1:(159,122),(25,69),(24,30),(122,67),(273,114),(177,133),(43,153),(70,26),(300,47),(303,6),(71,89),(49,162),(256,137),(116,114),(28,55),(34,39),(5,152),(44,17),(63,62),(3,5),
2:(158,122),(25,68),(24,31),(121,67),(272,114),(178,133),(43,154),(71,26),(300,48),(304,6),(72,89),(50,162),(255,137),(115,114),(28,54),(34,38),(5,151),(45,17),(62,62),(4,5),
3:(158,123),(24,68),(25,31),(121,66),(271,114),(179,133),(44,154),(72,26),(299,48),(305,6),(73,89),(51,162),(254,137),(115,113),(29,54),(35,38),(6,151),(46,17),(62,63),(5,5),
4:(158,124),(23,68),(25,32),(120,66),(271,113),(180,133),(44,155),(73,26),(298,48),(306,6),(74,89),(51,161),(254,136),(114,113),(29,53),(36,38),(7,151),(47,17),(62,64),(6,5),
5:(157,124),(22,68),(26,32),(119,66),(270,113),(181,133),(44,156),(73,27),(298,49),(306,7),(75,89),(52,161),(253,136),(113,113),(30,53),(37,38),(7,150),(47,18),(62,65),(7,5),
6:(157,125),(22,67),(27,32),(118,66),(269,113),(181,132),(45,156),(74,27),(297,49),(306,8),(76,89),(53,161),(253,135),(112,113),(30,52),(37,37),(7,149),(48,18),(63,65),(8,5),
7:(157,126),(22,66),(27,33),(118,65),(268,113),(182,132),(46,156),(74,28),(297,50),(306,9),(77,89),(54,161),(253,134),(111,113),(30,51),(37,36),(8,149),(48,19),(64,65),(9,5),
8:(157,127),(21,66),(28,33),(117,65),(267,113),(182,131),(47,156),(74,29),(297,51),(307,9),(78,89),(55,161),(253,133),(110,113),(30,50),(38,36),(8,148),(48,20),(65,65),(10,5),
9:(157,128),(21,65),(29,33),(116,65),(266,113),(182,130),(47,157),(74,30),(296,51),(308,9),(79,89),(56,161),(253,132),(109,113),(30,49),(38,35),(9,148),(48,21),(66,65),(11,5),
10:(157,129),(20,65),(29,34),(115,65),(266,112),(182,129),(48,157),(74,31),(296,52),(308,10),(80,89),(57,161),(253,131),(108,113),(31,49),(38,34),(10,148),(49,21),(67,65),(12,5),
11:(156,129),(19,65),(29,35),(114,65),(266,111),(183,129),(49,157),(74,32),(296,53),(309,10),(81,89),(58,161),(253,130),(107,113),(32,49),(38,33),(10,147),(49,22),(68,65),(13,5),
12:(156,130),(19,64),(30,35),(113,65),(265,111),(184,129),(50,157),(74,33),(295,53),(310,10),(82,89),(59,161),(252,130),(106,113),(33,49),(39,33),(10,146),(50,22),(69,65),(14,5),
13:(155,130),(19,63),(30,36),(112,65),(265,110),(185,129),(50,158),(74,34),(295,54),(311,10),(83,89),(60,161),(251,130),(105,113),(34,49),(39,32),(11,146),(50,23),(69,65),(15,5),
14:(154,130),(19,62),(31,36),(111,65),(265,109),(186,129),(50,159),(75,34),(295,55),(311,11),(84,89),(61,161),(251,129),(104,113),(35,49),(40,32),(12,146),(50,24),(69,65),(16,5),
15:(153,130),(19,61),(31,37),(110,65),(265,108),(187,129),(50,160),(76,34),(294,55),(312,11),(85,89),(61,160),(250,129),(103,113),(36,49),(41,32),(12,145),(50,25),(69,65),(17,5),
16:(152,130),(19,60),(31,38),(110,64),(265,107),(188,129),(50,161),(77,34),(293,55),(313,11),(86,89),(62,160),(249,129),(102,113),(37,49),(41,31),(13,145),(50,26),(69,65),(18,5),
17:(151,130),(19,59),(31,39),(109,64),(265,106),(189,129),(51,161),(78,34),(293,56),(313,12),(86,88),(62,159),(248,129),(101,113),(38,49),(41,30),(13,144),(51,26),(69,65),(19,5),
18:(150,130),(19,58),(32,39),(109,63),(265,105),(190,129),(52,161),(79,34),(292,56),(314,12),(86,87),(62,158),(247,129),(100,113),(39,49),(41,29),(13,143),(52,26),(69,65),(20,5),
19:(149,130),(19,58),(32,40),(109,62),(265,104),(191,129),(52,162),(80,34),(291,56),(314,13),(86,86),(63,158),(246,129),(99,113),(40,49),(42,29),(14,143),(53,26),(69,65),(21,5),
20:(148,130),(19,58),(32,41),(108,62),(265,103),(192,129),(53,162),(81,34),(291,57),(315,13),(86,85),(63,157),(245,129),(98,113),(41,49),(42,28),(15,143),(54,26),(69,65),(22,5),
21:(147,130),(19,58),(33,41),(108,61),(265,102),(193,129),(54,162),(82,34),(291,58),(316,13),(86,84),(64,157),(244,129),(97,113),(42,49),(42,27),(16,143),(55,26),(69,65),(23,5),
22:(146,130),(19,58),(33,42),(107,61),(264,102),(194,129),(55,162),(83,34),(291,59),(316,14),(86,83),(65,157),(243,129),(96,113),(43,49),(43,27),(17,143),(56,26),(69,65),(24,5),
23:(145,130),(19,58),(33,43),(106,61),(263,102),(195,129),(56,162),(84,34),(290,59),(317,14),(86,82),(66,157),(242,129),(95,113),(44,49),(44,27),(17,142),(57,26),(69,65),(25,5),
24:(145,131),(19,58),(34,43),(105,61),(263,101),(196,129),(57,162),(85,34),(290,60),(318,14),(86,81),(67,157),(242,128),(94,113),(45,49),(44,26),(17,141),(58,26),(69,65),(26,5),
25:(145,132),(19,58),(35,43),(104,61),(262,101),(197,129),(58,162),(86,34),(290,61),(319,14),(86,80),(68,157),(241,128),(93,113),(46,49),(44,25),(17,140),(59,26),(69,65),(27,5),
26:(145,133),(19,58),(35,44),(103,61),(261,101),(198,129),(59,162),(86,35),(290,62),(320,14),(86,79),(69,157),(241,127),(92,113),(47,49),(45,25),(17,139),(60,26),(69,65),(28,5),
27:(144,133),(19,58),(36,44),(102,61),(260,101),(199,129),(60,162),(86,36),(289,62),(320,15),(86,78),(70,157),(241,126),(91,113),(48,49),(45,24),(17,138),(61,26),(69,65),(29,5),
28:(143,133),(19,58),(37,44),(101,61),(259,101),(200,129),(61,162),(86,37),(288,62),(320,16),(86,77),(71,157),(240,126),(90,113),(49,49),(45,23),(17,137),(61,27),(69,65),(30,5),
29:(142,133),(19,58),(38,44),(100,61),(258,101),(201,129),(62,162),(87,37),(287,62),(321,16),(86,76),(72,157),(240,125),(89,113),(50,49),(45,22),(17,136),(62,27),(69,65),(31,5),
30:(141,133),(19,58),(39,44),(99,61),(257,101),(202,129),(63,162),(88,37),(286,62),(321,17),(86,75),(73,157),(239,125),(88,113),(51,49),(46,22),(18,136),(62,28),(69,65),(32,5),
31:(140,133),(19,58),(40,44),(98,61),(256,101),(203,129),(64,162),(88,38),(285,62),(321,18),(86,74),(73,156),(238,125),(87,113),(52,49),(47,22),(18,135),(62,29),(69,65),(33,5),
32:(139,133),(19,58),(40,45),(98,60),(255,101),(204,129),(65,162),(89,38),(284,62),(322,18),(86,73),(74,156),(237,125),(86,113),(53,49),(48,22),(18,134),(63,29),(69,65),(34,5),
33:(138,133),(19,58),(41,45),(97,60),(254,101),(205,129),(66,162),(90,38),(283,62),(322,19),(86,72),(74,155),(236,125),(85,113),(54,49),(49,22),(19,134),(64,29),(69,65),(35,5),
34:(137,133),(19,58),(41,46),(97,59),(254,100),(206,129),(67,162),(91,38),(282,62),(322,20),(86,71),(74,154),(235,125),(84,113),(55,49),(50,22),(20,134),(65,29),(69,65),(36,5),
35:(136,133),(19,58),(41,47),(97,58),(254,99),(207,129),(68,162),(92,38),(281,62),(323,20),(86,70),(74,153),(234,125),(83,113),(56,49),(51,22),(20,133),(66,29),(69,65),(37,5),
36:(135,133),(19,58),(41,48),(96,58),(253,99),(208,129),(69,162),(93,38),(280,62),(323,21),(86,69),(75,153),(233,125),(82,113),(57,49),(52,22),(20,132),(67,29),(69,65),(38,5),
37:(134,133),(19,58),(41,49),(96,57),(253,98),(209,129),(70,162),(94,38),(279,62),(323,22),(86,68),(76,153),(232,125),(81,113),(58,49),(53,22),(20,131),(67,30),(69,65),(39,5),
38:(133,133),(19,58),(42,49),(95,57),(252,98),(210,129),(71,162),(95,38),(278,62),(324,22),(86,67),(77,153),(231,125),(80,113),(59,49),(54,22),(21,131),(68,30),(69,65),(40,5),
39:(132,133),(19,58),(42,50),(94,57),(252,97),(211,129),(72,162),(96,38),(277,62),(324,23),(86,66),(78,153),(230,125),(79,113),(60,49),(55,22),(22,131),(69,30),(69,65),(41,5),
40:(131,133),(19,58),(43,50),(93,57),(251,97),(212,129),(73,162),(97,38),(277,63),(325,23),(86,65),(79,153),(229,125),(78,113),(61,49),(56,22),(22,130),(70,30),(69,65),(42,5),
41:(130,133),(19,58),(43,51),(92,57),(250,97),(213,129),(74,162),(98,38),(277,64),(326,23),(86,64),(80,153),(228,125),(77,113),(62,49),(57,22),(23,130),(71,30),(69,65),(43,5),
42:(129,133),(19,58),(44,51),(91,57),(249,97),(214,129),(75,162),(98,39),(277,65),(326,24),(86,63),(81,153),(227,125),(76,113),(63,49),(57,22),(23,129),(72,30),(69,65),(44,5),
43:(128,133),(19,58),(44,52),(90,57),(248,97),(215,129),(76,162),(98,40),(276,65),(326,25),(86,62),(82,153),(226,125),(75,113),(64,49),(57,22),(24,129),(73,30),(69,65),(45,5),
44:(127,133),(19,58),(45,52),(89,57),(247,97),(216,129),(77,162),(98,41),(275,65),(327,25),(86,61),(83,153),(225,125),(74,113),(65,49),(57,22),(24,128),(74,30),(69,65),(46,5),
45:(126,133),(19,58),(45,53),(88,57),(246,97),(217,129),(78,162),(99,41),(275,66),(328,25),(86,60),(84,153),(224,125),(73,113),(66,49),(57,22),(24,127),(75,30),(69,65),(47,5),
46:(125,133),(19,58),(45,54),(87,57),(245,97),(218,129),(79,162),(100,41),(274,66),(329,25),(86,59),(85,153),(223,125),(72,113),(67,49),(57,22),(25,127),(76,30),(69,65),(48,5),
47:(124,133),(19,58),(46,54),(86,57),(244,97),(219,129),(80,162),(101,41),(273,66),(329,26),(86,58),(86,153),(222,125),(71,113),(68,49),(57,22),(26,127),(77,30),(69,65),(49,5),
48:(123,133),(19,58),(46,55),(85,57),(243,97),(220,129),(81,162),(101,42),(272,66),(329,27),(86,57),(87,153),(221,125),(70,113),(69,49),(57,22),(26,126),(78,30),(69,65),(50,5),
49:(122,133),(19,58),(47,55),(85,56),(242,97),(221,129),(82,162),(102,42),(271,66),(330,27),(86,56),(88,153),(220,125),(69,113),(70,49),(57,22),(26,125),(79,30),(69,65),(51,5),
50:(121,133),(19,58),(47,56),(85,55),(241,97),(222,129),(83,162),(103,42),(270,66),(331,27),(86,55),(89,153),(219,125),(68,113),(71,49),(57,22),(26,124),(80,30),(69,65),(52,5),
51:(120,133),(19,58),(47,57),(85,54),(241,96),(223,129),(84,162),(104,42),(269,66),(332,27),(86,54),(90,153),(218,125),(67,113),(72,49),(57,22),(27,124),(81,30),(69,65),(53,5),
52:(119,133),(19,58),(47,58),(84,54),(241,95),(224,129),(85,162),(105,42),(268,66),(333,27),(86,53),(91,153),(218,124),(66,113),(73,49),(57,22),(28,124),(82,30),(69,65),(54,5),
53:(118,133),(19,58),(48,58),(83,54),(241,94),(225,129),(86,162),(106,42),(267,66),(333,28),(86,52),(92,153),(217,124),(65,113),(74,49),(57,22),(28,123),(83,30),(69,65),(55,5),
54:(117,133),(19,58),(49,58),(83,53),(240,94),(226,129),(87,162),(107,42),(266,66),(333,29),(86,51),(93,153),(217,123),(64,113),(75,49),(57,22),(29,123),(84,30),(69,65),(56,5),
55:(116,133),(19,58),(49,59),(82,53),(239,94),(227,129),(88,162),(108,42),(265,66),(333,30),(86,50),(94,153),(217,122),(63,113),(76,49),(57,22),(30,123),(85,30),(69,65),(57,5),
56:(115,133),(19,58),(49,60),(81,53),(238,94),(228,129),(89,162),(109,42),(264,66),(334,30),(87,50),(95,153),(217,121),(62,113),(77,49),(57,22),(31,123),(86,30),(69,65),(58,5),
57:(114,133),(19,58),(50,60),(80,53),(237,94),(229,129),(90,162),(110,42),(263,66),(334,31),(88,50),(96,153),(217,120),(61,113),(78,49),(57,22),(32,123),(87,30),(69,65),(59,5),
58:(113,133),(19,58),(50,61),(79,53),(236,94),(230,129),(91,162),(110,43),(262,66),(335,31),(88,49),(97,153),(217,119),(60,113),(79,49),(57,22),(33,123),(88,30),(69,65),(60,5),
59:(112,133),(19,58),(51,61),(78,53),(236,93),(231,129),(92,162),(110,44),(261,66),(335,32),(89,49),(98,153),(217,118),(59,113),(80,49),(57,22),(34,123),(89,30),(69,65),(61,5),
60:(111,133),(19,58),(52,61),(77,53),(235,93),(232,129),(93,162),(110,45),(260,66),(335,33),(90,49),(99,153),(217,117),(58,113),(81,49),(57,22),(35,123),(90,30),(69,65),(62,5),
61:(110,133),(19,58),(52,62),(76,53),(234,93),(233,129),(94,162),(111,45),(259,66),(335,34),(91,49),(100,153),(217,116),(57,113),(82,49),(57,22),(36,123),(91,30),(69,65),(63,5),
62:(109,133),(19,58),(53,62),(75,53),(233,93),(234,129),(95,162),(111,46),(258,66),(336,34),(92,49),(101,153),(217,115),(56,113),(83,49),(57,22),(37,123),(92,30),(69,65),(64,5),
63:(108,133),(19,58),(54,62),(74,53),(232,93),(235,129),(96,162),(112,46),(257,66),(336,35),(93,49),(102,153),(217,114),(55,113),(84,49),(57,22),(37,122),(93,30),(69,65),(65,5),
64:(107,133),(19,58),(55,62),(74,52),(231,93),(236,129),(97,162),(113,46),(256,66),(337,35),(94,49),(103,153),(216,114),(54,113),(85,49),(57,22),(37,121),(94,30),(69,65),(66,5),
65:(106,133),(19,58),(56,62),(73,52),(230,93),(237,129),(98,162),(114,46),(255,66),(337,36),(94,49),(104,153),(216,113),(53,113),(86,49),(57,22),(38,121),(95,30),(69,65),(67,5),
66:(105,133),(19,58),(57,62),(73,51),(229,93),(238,129),(99,162),(115,46),(254,66),(338,36),(94,49),(105,153),(215,113),(52,113),(87,49),(57,22),(38,120),(96,30),(69,65),(68,5),
67:(104,133),(19,58),(58,62),(73,50),(228,93),(239,129),(100,162),(116,46),(253,66),(338,37),(94,49),(106,153),(214,113),(51,113),(88,49),(57,22),(38,119),(97,30),(69,65),(69,5),
68:(103,133),(19,58),(59,62),(73,49),(227,93),(240,129),(101,162),(117,46),(252,66),(338,38),(94,49),(107,153),(213,113),(50,113),(89,49),(57,22),(38,118),(98,30),(69,65),(70,5),
69:(102,133),(19,58),(60,62),(73,48),(226,93),(241,129),(102,162),(118,46),(251,66),(338,39),(94,49),(108,153),(212,113),(49,113),(90,49),(57,22),(39,118),(98,31),(69,65),(71,5),
70:(101,133),(19,58),(61,62),(73,47),(225,93),(242,129),(103,162),(119,46),(250,66),(338,39),(94,49),(109,153),(211,113),(48,113),(91,49),(57,22),(40,118),(98,32),(69,65),(72,5),
71:(100,133),(19,58),(62,62),(73,46),(224,93),(243,129),(104,162),(120,46),(249,66),(338,39),(94,49),(109,152),(210,113),(47,113),(92,49),(57,22),(41,118),(98,33),(69,65),(73,5),
72:(99,133),(19,58),(62,63),(73,45),(223,93),(244,129),(105,162),(121,46),(248,66),(338,39),(94,49),(110,152),(209,113),(46,113),(93,49),(57,22),(42,118),(98,34),(69,65),(74,5),
73:(98,133),(19,58),(62,64),(72,45),(222,93),(245,129),(106,162),(122,46),(247,66),(338,39),(94,50),(110,151),(208,113),(46,112),(94,49),(57,22),(43,118),(99,34),(69,65),(75,5),
74:(97,133),(19,58),(62,65),(71,45),(221,93),(246,129),(107,162),(122,47),(246,66),(338,39),(94,49),(110,150),(207,113),(45,112),(95,49),(57,22),(44,118),(100,34),(69,65),(76,5),
75:(96,133),(19,58),(62,66),(70,45),(220,93),(247,129),(108,162),(122,48),(245,66),(338,39),(94,49),(111,150),(206,113),(44,112),(96,49),(57,22),(45,118),(101,34),(69,65),(77,5),
76:(95,133),(19,58),(63,66),(69,45),(219,93),(248,129),(109,162),(122,49),(244,66),(338,39),(94,49),(111,149),(205,113),(43,112),(97,49),(57,22),(46,118),(102,34),(69,65),(78,5),
77:(94,133),(19,58),(64,66),(68,45),(218,93),(249,129),(110,162),(122,50),(243,66),(338,39),(94,49),(112,149),(204,113),(42,112),(98,49),(57,22),(47,118),(103,34),(69,65),(79,5),
78:(93,133),(19,58),(65,66),(67,45),(217,93),(250,129),(111,162),(122,51),(242,66),(338,39),(94,49),(113,149),(203,113),(41,112),(99,49),(57,22),(48,118),(104,34),(69,65),(80,5),
79:(92,133),(19,58),(66,66),(66,45),(217,92),(251,129),(112,162),(122,52),(241,66),(338,39),(94,49),(114,149),(202,113),(40,112),(100,49),(57,22),(49,118),(105,34),(69,65),(81,5),
80:(91,133),(19,58),(67,66),(65,45),(217,91),(252,129),(113,162),(122,53),(240,66),(338,39),(94,49),(115,149),(201,113),(39,112),(101,49),(57,22),(50,118),(106,34),(69,65),(82,5),
81:(90,133),(19,58),(68,66),(64,45),(217,90),(253,129),(114,162),(123,53),(239,66),(338,39),(94,49),(116,149),(200,113),(38,112),(102,49),(57,22),(51,118),(107,34),(69,65),(83,5),
82:(89,133),(19,58),(69,66),(63,45),(216,90),(254,129),(115,162),(124,53),(238,66),(338,39),(94,49),(117,149),(199,113),(37,112),(103,49),(57,22),(52,118),(108,34),(69,65),(84,5),
83:(88,133),(19,58),(70,66),(62,45),(215,90),(255,129),(116,162),(125,53),(237,66),(338,39),(94,49),(118,149),(198,113),(36,112),(104,49),(57,22),(53,118),(109,34),(69,65),(85,5),
84:(87,133),(19,58),(71,66),(62,44),(214,90),(256,129),(117,162),(126,53),(236,66),(338,39),(94,49),(119,149),(197,113),(35,112),(105,49),(57,22),(54,118),(110,34),(69,65),(86,5),
85:(86,133),(19,58),(72,66),(62,43),(213,90),(256,129),(118,162),(127,53),(235,66),(338,39),(94,49),(120,149),(196,113),(34,112),(106,49),(57,22),(55,118),(110,35),(69,65),(87,5),
86:(85,133),(19,58),(73,66),(62,42),(213,89),(256,129),(119,162),(128,53),(234,66),(338,39),(94,49),(121,149),(195,113),(33,112),(107,49),(57,22),(56,118),(110,36),(69,65),(88,5),
87:(84,133),(19,58),(73,67),(61,42),(212,89),(256,129),(120,162),(129,53),(233,66),(338,39),(94,49),(121,148),(194,113),(32,112),(108,49),(57,22),(57,118),(110,37),(69,65),(89,5),
88:(83,133),(19,58),(74,67),(60,42),(211,89),(256,129),(121,162),(130,53),(232,66),(338,39),(94,49),(121,147),(194,112),(31,112),(109,49),(57,22),(58,118),(111,37),(69,65),(90,5),
89:(82,133),(19,58),(74,68),(59,42),(210,89),(256,129),(122,162),(131,53),(231,66),(338,39),(94,49),(121,146),(194,111),(30,112),(110,49),(57,22),(59,118),(112,37),(69,65),(91,5),
90:(81,133),(19,58),(74,69),(59,41),(209,89),(256,129),(123,162),(132,53),(230,66),(338,39),(94,49),(121,145),(194,110),(29,112),(111,49),(57,22),(60,118),(112,38),(69,65),(92,5),
91:(80,133),(19,58),(75,69),(58,41),(208,89),(256,129),(124,162),(133,53),(230,67),(338,39),(94,49),(121,144),(193,110),(28,112),(112,49),(57,22),(61,118),(113,38),(69,65),(93,5),
92:(79,133),(19,58),(76,69),(57,41),(207,89),(256,129),(125,162),(133,54),(230,68),(338,39),(94,49),(121,143),(193,109),(27,112),(113,49),(57,22),(62,118),(114,38),(69,65),(94,5),
93:(78,133),(19,58),(76,70),(56,41),(206,89),(256,129),(126,162),(133,55),(229,68),(338,39),(94,49),(121,142),(192,109),(26,112),(114,49),(57,22),(63,118),(115,38),(69,65),(95,5),
94:(77,133),(19,58),(77,70),(55,41),(206,88),(256,129),(127,162),(134,55),(229,69),(338,39),(94,49),(121,141),(191,109),(25,112),(115,49),(57,22),(64,118),(116,38),(69,65),(96,5),
95:(76,133),(19,58),(78,70),(54,41),(205,88),(256,129),(128,162),(134,56),(229,70),(338,39),(94,49),(121,140),(190,109),(24,112),(116,49),(57,22),(65,118),(117,38),(69,65),(97,5),
96:(75,133),(19,58),(79,70),(53,41),(205,87),(256,129),(129,162),(134,57),(229,71),(338,39),(94,49),(121,139),(189,109),(23,112),(117,49),(57,22),(66,118),(118,38),(69,65),(98,5),
97:(74,133),(19,58),(80,70),(52,41),(205,86),(256,129),(130,162),(134,58),(229,72),(338,39),(94,49),(121,138),(188,109),(22,112),(118,49),(57,22),(67,118),(119,38),(69,65),(99,5),
98:(73,133),(19,58),(81,70),(51,41),(204,86),(256,129),(131,162),(134,59),(229,73),(338,39),(94,49),(121,137),(187,109),(21,112),(119,49),(57,22),(68,118),(120,38),(69,65),(100,5),
99:(72,133),(19,58),(82,70),(50,41),(204,85),(256,129),(132,162),(134,60),(229,74),(338,39),(94,49),(121,136),(186,109),(20,112),(120,49),(57,22),(69,118),(121,38),(69,65),(101,5),
100:(71,133),(19,58),(83,70),(50,40),(203,85),(256,129),(133,162),(134,61),(229,75),(338,39),(94,49),(121,135),(185,109),(19,112),(121,49),(57,22),(70,118),(121,39),(69,65),(102,5),
101:(70,133),(19,58),(84,70),(50,39),(202,85),(256,129),(134,162),(134,62),(229,76),(338,39),(94,49),(121,134),(184,109),(18,112),(122,49),(57,22),(71,118),(122,39),(69,65),(103,5),
102:(69,133),(19,58),(85,70),(50,38),(201,85),(256,129),(135,162),(134,63),(229,77),(338,39),(94,49),(121,133),(183,109),(17,112),(123,49),(57,22),(72,118),(122,40),(69,65),(104,5),
103:(68,133),(19,58),(85,71),(50,38),(200,85),(256,129),(136,162),(134,64),(229,78),(338,39),(94,49),(121,132),(182,109),(16,112),(124,49),(57,22),(73,118),(122,41),(69,65),(105,5),
104:(67,133),(19,58),(86,71),(50,38),(199,85),(256,129),(137,162),(134,65),(229,79),(338,39),(94,49),(121,131),(181,109),(15,112),(125,49),(57,22),(74,118),(122,42),(69,65),(106,5),
105:(66,133),(19,58),(86,72),(50,38),(198,85),(256,129),(138,162),(134,66),(229,80),(338,39),(94,49),(121,130),(180,109),(14,112),(126,49),(57,22),(75,118),(122,43),(69,65),(107,5),
106:(65,133),(19,58),(86,73),(50,38),(197,85),(256,129),(139,162),(134,67),(229,81),(338,39),(94,49),(121,129),(179,109),(14,112),(127,49),(57,22),(76,118),(122,44),(69,65),(108,5),
107:(64,133),(19,58),(87,73),(50,38),(196,85),(256,129),(140,162),(134,68),(229,82),(338,39),(94,49),(121,128),(178,109),(14,112),(128,49),(57,22),(76,118),(122,45),(69,65),(109,5),
108:(63,133),(19,58),(88,73),(50,38),(195,85),(256,129),(141,162),(134,69),(229,83),(338,39),(94,49),(121,127),(177,109),(14,112),(129,49),(57,22),(76,118),(123,45),(69,65),(110,5),
109:(62,133),(19,58),(88,74),(50,38),(194,85),(256,129),(142,162),(134,70),(229,84),(338,39),(94,49),(121,126),(176,109),(14,112),(130,49),(57,22),(76,118),(124,45),(69,65),(111,5),
110:(61,133),(19,58),(89,74),(50,38),(194,84),(256,129),(143,162),(134,71),(229,85),(338,39),(94,49),(121,125),(175,109),(14,112),(131,49),(57,22),(76,118),(124,46),(69,65),(112,5),
111:(60,133),(19,58),(90,74),(50,38),(193,84),(256,129),(144,162),(134,72),(229,86),(338,39),(94,49),(121,124),(174,109),(14,112),(132,49),(57,22),(76,118),(125,46),(69,65),(113,5),
112:(59,133),(19,58),(91,74),(50,38),(193,83),(256,129),(145,162),(134,73),(229,87),(338,39),(94,49),(121,123),(173,109),(14,112),(133,49),(57,22),(76,118),(126,46),(69,65),(114,5),
113:(58,133),(19,58),(92,74),(50,38),(193,82),(256,129),(146,162),(134,74),(229,88),(338,39),(94,49),(121,122),(172,109),(14,112),(134,49),(57,22),(76,118),(127,46),(69,65),(115,5),
114:(57,133),(19,58),(93,74),(50,38),(193,81),(256,129),(147,162),(134,75),(229,89),(338,39),(94,49),(121,121),(171,109),(14,112),(135,49),(57,22),(76,118),(128,46),(69,65),(116,5),
115:(56,133),(19,58),(94,74),(50,38),(192,81),(256,129),(148,162),(134,75),(229,90),(338,39),(94,49),(121,120),(170,109),(14,112),(136,49),(57,22),(76,118),(129,46),(69,65),(117,5),
116:(55,133),(19,58),(95,74),(50,38),(191,81),(256,129),(149,162),(134,75),(229,91),(338,39),(94,49),(121,119),(169,109),(14,112),(137,49),(57,22),(76,118),(130,46),(69,65),(118,5),
117:(54,133),(19,58),(96,74),(50,38),(190,81),(256,129),(150,162),(134,75),(229,92),(338,39),(94,49),(121,118),(168,109),(14,112),(138,49),(57,22),(76,118),(131,46),(69,65),(119,5),
118:(53,133),(19,58),(97,74),(50,38),(189,81),(256,129),(151,162),(134,75),(229,93),(338,39),(94,49),(121,117),(167,109),(14,112),(139,49),(57,22),(76,118),(132,46),(69,65),(120,5),
119:(52,133),(19,58),(97,75),(50,38),(188,81),(256,129),(152,162),(134,75),(229,94),(338,39),(94,49),(121,116),(166,109),(14,112),(140,49),(57,22),(76,118),(133,46),(69,65),(121,5),
120:(51,133),(19,58),(98,75),(50,38),(187,81),(256,129),(153,162),(134,75),(229,95),(338,39),(94,49),(121,115),(165,109),(14,112),(141,49),(57,22),(76,118),(134,46),(69,65),(122,5),
121:(50,133),(19,58),(98,76),(50,38),(186,81),(256,129),(154,162),(134,75),(229,96),(338,39),(94,49),(121,114),(164,109),(14,112),(142,49),(57,22),(76,118),(134,47),(69,65),(123,5),
122:(50,133),(19,58),(98,77),(50,38),(185,81),(256,129),(155,162),(134,75),(229,97),(338,39),(94,49),(121,113),(163,109),(14,112),(143,49),(57,22),(76,118),(134,48),(69,65),(124,5),
123:(50,133),(19,58),(98,78),(50,38),(184,81),(256,129),(156,162),(134,75),(229,98),(338,39),(94,49),(121,112),(162,109),(14,112),(144,49),(57,22),(76,118),(134,49),(69,65),(125,5),
124:(50,133),(19,58),(98,79),(50,38),(183,81),(256,129),(157,162),(134,75),(229,99),(338,39),(94,49),(121,111),(161,109),(14,112),(145,49),(57,22),(76,118),(134,50),(69,65),(126,5),
125:(50,133),(19,58),(98,80),(50,38),(182,81),(256,129),(158,162),(134,75),(229,100),(338,39),(94,49),(121,110),(160,109),(14,112),(146,49),(57,22),(76,118),(134,51),(69,65),(127,5),
126:(50,133),(19,58),(98,81),(50,38),(181,81),(256,129),(159,162),(134,75),(229,101),(338,39),(94,49),(121,109),(159,109),(14,112),(147,49),(57,22),(76,118),(134,52),(69,65),(128,5),
127:(50,133),(19,58),(98,82),(50,38),(180,81),(256,129),(160,162),(134,75),(229,102),(338,39),(94,49),(121,108),(158,109),(14,112),(148,49),(57,22),(76,118),(134,53),(69,65),(129,5),
128:(50,133),(19,58),(99,82),(50,38),(179,81),(256,129),(161,162),(134,75),(229,103),(338,39),(94,49),(121,107),(157,109),(14,112),(149,49),(57,22),(76,118),(134,54),(69,65),(130,5),
129:(50,133),(19,58),(100,82),(50,38),(178,81),(256,129),(162,162),(134,75),(229,104),(338,39),(94,49),(121,106),(156,109),(14,112),(150,49),(57,22),(76,118),(134,55),(69,65),(131,5),
130:(50,133),(19,58),(101,82),(50,38),(177,81),(256,129),(163,162),(134,75),(229,105),(338,39),(94,49),(121,105),(155,109),(14,112),(151,49),(57,22),(76,118),(134,56),(69,65),(132,5),
131:(50,133),(19,58),(102,82),(50,38),(176,81),(256,129),(164,162),(134,75),(229,106),(338,39),(94,49),(121,104),(154,109),(14,112),(152,49),(57,22),(76,118),(134,57),(69,65),(133,5),
132:(50,133),(19,58),(103,82),(50,38),(175,81),(256,129),(165,162),(134,75),(229,107),(338,39),(94,49),(121,103),(153,109),(14,112),(153,49),(57,22),(76,118),(135,57),(69,65),(134,5),
133:(50,133),(19,58),(104,82),(50,38),(174,81),(256,129),(166,162),(134,75),(229,108),(338,39),(94,49),(121,102),(152,109),(14,112),(154,49),(57,22),(76,118),(136,57),(69,65),(135,5),
134:(50,133),(19,58),(105,82),(50,38),(173,81),(256,129),(167,162),(134,75),(229,109),(338,39),(94,49),(121,101),(151,109),(14,112),(155,49),(57,22),(76,118),(136,58),(69,65),(136,5),
135:(50,133),(19,58),(106,82),(50,38),(172,81),(256,129),(168,162),(134,75),(229,110),(338,39),(94,49),(121,100),(150,109),(14,112),(156,49),(57,22),(76,118),(137,58),(69,65),(137,5),
136:(50,133),(19,58),(107,82),(50,38),(171,81),(256,129),(169,162),(134,75),(229,111),(338,39),(94,49),(121,99),(149,109),(14,112),(157,49),(57,22),(76,118),(138,58),(69,65),(138,5),
137:(50,133),(19,58),(108,82),(50,38),(170,81),(256,129),(170,162),(134,75),(229,112),(338,39),(94,49),(121,98),(148,109),(14,112),(158,49),(57,22),(76,118),(139,58),(69,65),(139,5),
138:(50,133),(19,58),(109,82),(50,38),(169,81),(256,129),(171,162),(134,75),(229,113),(338,39),(94,49),(121,97),(147,109),(14,112),(159,49),(57,22),(76,118),(140,58),(69,65),(140,5),
139:(50,133),(19,58),(110,82),(50,38),(168,81),(256,129),(172,162),(134,75),(229,114),(338,39),(94,49),(121,96),(146,109),(14,112),(160,49),(57,22),(76,118),(141,58),(69,65),(141,5),
140:(50,133),(19,58),(110,83),(50,38),(167,81),(256,129),(173,162),(134,75),(229,115),(338,39),(94,49),(121,95),(145,109),(14,112),(161,49),(57,22),(76,118),(142,58),(69,65),(142,5),
141:(50,133),(19,58),(110,84),(50,38),(166,81),(256,129),(174,162),(134,75),(229,116),(338,39),(94,49),(121,94),(144,109),(14,112),(162,49),(57,22),(76,118),(143,58),(69,65),(143,5),
142:(50,133),(19,58),(110,85),(50,38),(165,81),(256,129),(175,162),(134,75),(229,117),(338,39),(94,49),(121,93),(143,109),(14,112),(163,49),(57,22),(76,118),(144,58),(69,65),(144,5),
143:(50,133),(19,58),(110,86),(50,38),(164,81),(256,129),(176,162),(134,75),(229,118),(338,39),(94,49),(121,92),(142,109),(14,112),(164,49),(57,22),(76,118),(145,58),(69,65),(145,5),
144:(50,133),(19,58),(111,86),(50,38),(163,81),(256,129),(177,162),(134,75),(229,119),(338,39),(94,49),(121,91),(141,109),(14,112),(165,49),(57,22),(76,118),(146,58),(69,65),(146,5),
145:(50,133),(19,58),(112,86),(50,38),(162,81),(256,129),(178,162),(134,75),(229,120),(338,39),(94,49),(121,90),(140,109),(14,112),(166,49),(57,22),(76,118),(147,58),(69,65),(147,5),
146:(50,133),(19,58),(113,86),(50,38),(161,81),(256,129),(179,162),(134,75),(229,121),(338,39),(94,49),(121,89),(139,109),(14,112),(167,49),(57,22),(76,118),(148,58),(69,65),(148,5),
147:(50,133),(19,58),(114,86),(50,38),(160,81),(256,129),(180,162),(134,75),(229,122),(338,39),(94,49),(121,88),(138,109),(14,112),(168,49),(57,22),(76,118),(149,58),(69,65),(149,5),
148:(50,133),(19,58),(115,86),(50,38),(159,81),(256,129),(181,162),(134,75),(229,123),(338,39),(94,49),(121,87),(137,109),(14,112),(169,49),(57,22),(76,118),(150,58),(69,65),(150,5),
149:(50,133),(19,58),(116,86),(50,38),(158,81),(256,129),(182,162),(134,75),(229,124),(338,39),(94,49),(121,86),(136,109),(14,112),(170,49),(57,22),(76,118),(151,58),(69,65),(151,5),
150:(50,133),(19,58),(117,86),(50,38),(157,81),(256,129),(183,162),(134,75),(229,125),(338,39),(94,49),(121,85),(135,109),(14,112),(170,48),(57,22),(76,118),(152,58),(69,65),(152,5),
151:(50,133),(19,58),(118,86),(50,38),(156,81),(256,129),(184,162),(134,75),(229,126),(338,39),(94,49),(121,84),(134,109),(14,112),(170,47),(57,22),(76,118),(153,58),(69,65),(153,5),
152:(50,133),(19,58),(119,86),(50,38),(155,81),(256,129),(185,162),(134,75),(229,127),(338,39),(94,49),(121,83),(133,109),(14,112),(170,47),(57,22),(76,118),(154,58),(69,65),(154,5),
153:(50,133),(19,58),(120,86),(50,38),(154,81),(256,129),(186,162),(134,75),(229,128),(338,39),(94,49),(121,82),(132,109),(14,112),(170,47),(57,22),(76,118),(155,58),(69,65),(155,5),
154:(50,133),(19,58),(121,86),(50,38),(153,81),(256,129),(187,162),(134,75),(229,129),(338,39),(94,49),(121,81),(131,109),(14,112),(170,47),(57,22),(76,118),(156,58),(69,65),(156,5),
155:(50,133),(19,58),(122,86),(50,38),(152,81),(256,129),(188,162),(134,75),(229,130),(338,39),(94,49),(121,80),(130,109),(14,112),(170,47),(57,22),(76,118),(157,58),(69,65),(157,5),
156:(50,133),(19,58),(122,87),(50,38),(151,81),(256,129),(189,162),(134,75),(229,131),(338,39),(94,49),(121,79),(129,109),(14,112),(170,47),(57,22),(76,118),(158,58),(69,65),(158,5),
157:(50,133),(19,58),(122,88),(50,38),(150,81),(256,129),(190,162),(134,75),(229,132),(338,39),(94,49),(121,78),(128,109),(14,112),(170,47),(57,22),(76,118),(159,58),(69,65),(159,5),
158:(50,133),(19,58),(122,89),(50,38),(149,81),(256,129),(191,162),(134,75),(229,133),(338,39),(94,49),(121,77),(127,109),(14,112),(170,47),(57,22),(76,118),(160,58),(69,65),(160,5),
159:(50,133),(19,58),(122,90),(50,38),(148,81),(256,129),(192,162),(134,75),(229,134),(338,39),(94,49),(121,76),(126,109),(14,112),(170,47),(57,22),(76,118),(161,58),(69,65),(161,5),
160:(50,133),(19,58),(122,91),(50,38),(147,81),(256,129),(193,162),(134,75),(229,135),(338,39),(94,49),(121,75),(125,109),(14,112),(170,47),(57,22),(76,118),(162,58),(69,65),(162,5),
161:(50,133),(19,58),(122,92),(50,38),(146,81),(256,129),(194,162),(134,75),(229,136),(338,39),(94,49),(121,74),(124,109),(14,112),(170,47),(57,22),(76,118),(163,58),(69,65),(163,5),
162:(50,133),(19,58),(122,93),(50,38),(145,81),(256,129),(195,162),(134,75),(229,137),(338,39),(94,49),(121,73),(123,109),(14,112),(170,47),(57,22),(76,118),(164,58),(69,65),(164,5),
163:(50,133),(19,58),(122,94),(50,38),(144,81),(256,129),(196,162),(134,75),(228,137),(338,39),(94,49),(121,72),(122,109),(14,112),(170,47),(57,22),(76,118),(165,58),(69,65),(165,5),
164:(50,133),(19,58),(123,94),(50,38),(143,81),(256,129),(197,162),(134,75),(228,137),(338,39),(94,49),(121,71),(121,109),(14,112),(170,47),(57,22),(76,118),(166,58),(69,65),(166,5),
165:(50,133),(19,58),(124,94),(50,38),(142,81),(256,129),(198,162),(134,75),(228,137),(338,39),(94,49),(121,70),(120,109),(14,112),(170,47),(57,22),(76,118),(167,58),(69,65),(167,5),
166:(50,133),(19,58),(125,94),(50,38),(141,81),(256,129),(199,162),(134,75),(228,137),(338,39),(94,49),(121,70),(119,109),(14,112),(170,47),(57,22),(76,118),(168,58),(69,65),(168,5),
167:(50,133),(19,58),(126,94),(50,38),(141,81),(256,129),(200,162),(134,75),(228,137),(338,39),(94,49),(121,70),(118,109),(14,112),(170,47),(57,22),(76,118),(169,58),(69,65),(169,5),
168:(50,133),(19,58),(127,94),(50,38),(141,81),(256,129),(201,162),(134,75),(228,137),(338,39),(94,49),(121,70),(117,109),(14,112),(170,47),(57,22),(76,118),(170,58),(69,65),(170,5),
169:(50,133),(19,58),(128,94),(50,38),(141,81),(256,129),(202,162),(134,75),(228,137),(338,39),(94,49),(121,70),(116,109),(14,112),(170,47),(57,22),(76,118),(171,58),(69,65),(171,5),
170:(50,133),(19,58),(129,94),(50,38),(141,81),(256,129),(203,162),(134,75),(228,137),(338,39),(94,49),(121,70),(115,109),(14,112),(170,47),(57,22),(76,118),(172,58),(69,65),(172,5),
171:(50,133),(19,58),(130,94),(50,38),(141,81),(256,129),(204,162),(134,75),(228,137),(338,39),(94,49),(121,70),(114,109),(14,112),(170,47),(57,22),(76,118),(173,58),(69,65),(173,5),
172:(50,133),(19,58),(131,94),(50,38),(141,81),(256,129),(205,162),(134,75),(228,137),(338,39),(94,49),(121,70),(113,109),(14,112),(170,47),(57,22),(76,118),(174,58),(69,65),(174,5),
173:(50,133),(19,58),(132,94),(50,38),(141,81),(256,129),(206,162),(134,75),(228,137),(338,39),(94,49),(121,70),(112,109),(14,112),(170,47),(57,22),(76,118),(175,58),(69,65),(175,5),
174:(50,133),(19,58),(133,94),(50,38),(141,81),(256,129),(207,162),(134,75),(228,137),(338,39),(94,49),(121,70),(111,109),(14,112),(170,47),(57,22),(76,118),(176,58),(69,65),(176,5),
175:(50,133),(19,58),(133,95),(50,38),(141,81),(256,129),(208,162),(134,75),(228,137),(338,39),(94,49),(121,70),(110,109),(14,112),(170,47),(57,22),(76,118),(177,58),(69,65),(177,5),
176:(50,133),(19,58),(134,95),(50,38),(141,81),(256,129),(209,162),(134,75),(228,137),(338,39),(94,49),(121,70),(109,109),(14,112),(170,47),(57,22),(76,118),(178,58),(69,65),(178,5),
177:(50,133),(19,58),(134,96),(50,38),(141,81),(256,129),(210,162),(134,75),(228,137),(338,39),(94,49),(121,70),(108,109),(14,112),(170,47),(57,22),(76,118),(179,58),(69,65),(179,5),
178:(50,133),(19,58),(134,97),(50,38),(141,81),(256,129),(211,162),(134,75),(228,137),(338,39),(94,49),(121,70),(107,109),(14,112),(170,47),(57,22),(76,118),(180,58),(69,65),(180,5),
179:(50,133),(19,58),(134,98),(50,38),(141,81),(256,129),(212,162),(134,75),(228,137),(338,39),(94,49),(121,70),(106,109),(14,112),(170,47),(57,22),(76,118),(181,58),(69,65),(181,5),
180:(50,133),(19,58),(134,99),(50,38),(141,81),(256,129),(213,162),(134,75),(228,137),(338,39),(94,49),(121,70),(105,109),(14,112),(170,47),(57,22),(76,118),(182,58),(69,65),(182,5),
181:(50,133),(19,58),(134,100),(50,38),(141,81),(256,129),(214,162),(134,75),(228,137),(338,39),(94,49),(121,70),(104,109),(14,112),(170,47),(57,22),(76,118),(183,58),(69,65),(183,5),
182:(50,133),(19,58),(134,101),(50,38),(141,81),(256,129),(215,162),(134,75),(228,137),(338,39),(94,49),(121,70),(103,109),(14,112),(170,47),(57,22),(76,118),(184,58),(69,65),(184,5),
183:(50,133),(19,58),(134,102),(50,38),(141,81),(256,129),(216,162),(134,75),(228,137),(338,39),(94,49),(121,70),(102,109),(14,112),(170,47),(57,22),(76,118),(185,58),(69,65),(185,5),
184:(50,133),(19,58),(134,103),(50,38),(141,81),(256,129),(217,162),(134,75),(228,137),(338,39),(94,49),(121,70),(101,109),(14,112),(170,47),(57,22),(76,118),(186,58),(69,65),(186,5),
185:(50,133),(19,58),(134,104),(50,38),(141,81),(256,129),(218,162),(134,75),(228,137),(338,39),(94,49),(121,70),(100,109),(14,112),(170,47),(57,22),(76,118),(187,58),(69,65),(187,5),
186:(50,133),(19,58),(134,105),(50,38),(141,81),(256,129),(219,162),(134,75),(228,137),(338,39),(94,49),(121,70),(99,109),(14,112),(170,47),(57,22),(76,118),(188,58),(69,65),(188,5),
187:(50,133),(19,58),(134,106),(50,38),(141,81),(256,129),(220,162),(134,75),(228,137),(338,39),(94,49),(121,70),(98,109),(14,112),(170,47),(57,22),(76,118),(189,58),(69,65),(189,5),
188:(50,133),(19,58),(134,107),(50,38),(141,81),(256,129),(221,162),(134,75),(228,137),(338,39),(94,49),(121,70),(97,109),(14,112),(170,47),(57,22),(76,118),(190,58),(69,65),(190,5),
189:(50,133),(19,58),(134,108),(50,38),(141,81),(256,129),(222,162),(134,75),(228,137),(338,39),(94,49),(121,70),(96,109),(14,112),(170,47),(57,22),(76,118),(191,58),(69,65),(191,5),
190:(50,133),(19,58),(134,109),(50,38),(141,81),(256,129),(223,162),(134,75),(228,137),(338,39),(94,49),(121,70),(95,109),(14,112),(170,47),(57,22),(76,118),(192,58),(69,65),(192,5),
191:(50,133),(19,58),(134,110),(50,38),(141,81),(256,129),(224,162),(134,75),(228,137),(338,39),(94,49),(121,70),(94,109),(14,112),(170,47),(57,22),(76,118),(193,58),(69,65),(193,5),
192:(50,133),(19,58),(134,111),(50,38),(141,81),(256,129),(225,162),(134,75),(228,137),(338,39),(94,49),(121,70),(93,109),(14,112),(170,47),(57,22),(76,118),(194,58),(69,65),(194,5),
193:(50,133),(19,58),(134,112),(50,38),(141,81),(256,129),(226,162),(134,75),(228,137),(338,39),(94,49),(121,70),(92,109),(14,112),(170,47),(57,22),(76,118),(195,58),(69,65),(195,5),
194:(50,133),(19,58),(134,113),(50,38),(141,81),(256,129),(227,162),(134,75),(228,137),(338,39),(94,49),(121,70),(91,109),(14,112),(170,47),(57,22),(76,118),(196,58),(69,65),(196,5),
195:(50,133),(19,58),(134,114),(50,38),(141,81),(256,129),(228,162),(134,75),(228,137),(338,39),(94,49),(121,70),(90,109),(14,112),(170,47),(57,22),(76,118),(197,58),(69,65),(197,5),
196:(50,133),(19,58),(134,115),(50,38),(141,81),(256,129),(229,162),(134,75),(228,137),(338,39),(94,49),(121,70),(89,109),(14,112),(170,47),(57,22),(76,118),(198,58),(69,65),(198,5),
197:(50,133),(19,58),(134,116),(50,38),(141,81),(256,129),(230,162),(134,75),(228,137),(338,39),(94,49),(121,70),(88,109),(14,112),(170,47),(57,22),(76,118),(199,58),(69,65),(199,5),
198:(50,133),(19,58),(134,117),(50,38),(141,81),(256,129),(231,162),(134,75),(228,137),(338,39),(94,49),(121,70),(87,109),(14,112),(170,47),(57,22),(76,118),(200,58),(69,65),(200,5),
199:(50,133),(19,58),(134,118),(50,38),(141,81),(256,129),(232,162),(134,75),(228,137),(338,39),(94,49),(121,70),(86,109),(14,112),(170,47),(57,22),(76,118),(201,58),(69,65),(201,5),
200:(50,133),(19,58),(134,119),(50,38),(141,81),(256,129),(232,162),(134,75),(228,137),(338,39),(94,49),(121,70),(85,109),(14,112),(170,47),(57,22),(76,118),(202,58),(69,65),(202,5),
201:(50,133),(19,58),(134,120),(50,38),(141,81),(256,129),(232,162),(134,75),(228,137),(338,39),(94,49),(121,70),(84,109),(14,112),(170,47),(57,22),(76,118),(203,58),(69,65),(203,5),
202:(50,133),(19,58),(134,121),(50,38),(141,81),(256,129),(232,162),(134,75),(228,137),(338,39),(94,49),(121,70),(83,109),(14,112),(170,47),(57,22),(76,118),(204,58),(69,65),(204,5),
203:(50,133),(19,58),(134,122),(50,38),(141,81),(256,129),(232,162),(134,75),(228,137),(338,39),(94,49),(121,70),(82,109),(14,112),(170,47),(57,22),(76,118),(205,58),(69,65),(205,5),
204:(50,133),(19,58),(134,123),(50,38),(141,81),(256,129),(232,162),(134,75),(228,137),(338,39),(94,49),(121,70),(81,109),(14,112),(170,47),(57,22),(76,118),(206,58),(69,65),(206,5),
205:(50,133),(19,58),(134,124),(50,38),(141,81),(256,129),(232,162),(134,75),(228,137),(338,39),(94,49),(121,70),(80,109),(14,112),(170,47),(57,22),(76,118),(207,58),(69,65),(207,5),
206:(50,133),(19,58),(134,125),(50,38),(141,81),(256,129),(232,162),(134,75),(228,137),(338,39),(94,49),(121,70),(79,109),(14,112),(170,47),(57,22),(76,118),(208,58),(69,65),(208,5),
207:(50,133),(19,58),(134,126),(50,38),(141,81),(256,129),(232,162),(134,75),(228,137),(338,39),(94,49),(121,70),(78,109),(14,112),(170,47),(57,22),(76,118),(209,58),(69,65),(209,5),
208:(50,133),(19,58),(134,127),(50,38),(141,81),(256,129),(232,162),(134,75),(228,137),(338,39),(94,49),(121,70),(77,109),(14,112),(170,47),(57,22),(76,118),(210,58),(69,65),(210,5),
209:(50,133),(19,58),(134,128),(50,38),(141,81),(256,129),(232,162),(134,75),(228,137),(338,39),(94,49),(121,70),(76,109),(14,112),(170,47),(57,22),(76,118),(211,58),(69,65),(211,5),
210:(50,133),(19,58),(134,129),(50,38),(141,81),(256,129),(232,162),(134,75),(228,137),(338,39),(94,49),(121,70),(75,109),(14,112),(170,47),(57,22),(76,118),(212,58),(69,65),(212,5),
211:(50,133),(19,58),(134,130),(50,38),(141,81),(256,129),(232,162),(134,75),(228,137),(338,39),(94,49),(121,70),(74,109),(14,112),(170,47),(57,22),(76,118),(213,58),(69,65),(213,5),
212:(50,133),(19,58),(134,131),(50,38),(141,81),(256,129),(232,162),(134,75),(228,137),(338,39),(94,49),(121,70),(73,109),(14,112),(170,47),(57,22),(76,118),(214,58),(69,65),(214,5),
213:(50,133),(19,58),(134,132),(50,38),(141,81),(256,129),(232,162),(134,75),(228,137),(338,39),(94,49),(121,70),(72,109),(14,112),(170,47),(57,22),(76,118),(215,58),(69,65),(215,5),
214:(50,133),(19,58),(134,133),(50,38),(141,81),(256,129),(232,162),(134,75),(228,137),(338,39),(94,49),(121,70),(71,109),(14,112),(170,47),(57,22),(76,118),(216,58),(69,65),(216,5),
215:(50,133),(19,58),(134,134),(50,38),(141,81),(256,129),(232,162),(134,75),(228,137),(338,39),(94,49),(121,70),(70,109),(14,112),(170,47),(57,22),(76,118),(217,58),(69,65),(217,5),
216:(50,133),(19,58),(134,135),(50,38),(141,81),(256,129),(232,162),(134,75),(228,137),(338,39),(94,49),(121,70),(69,109),(14,112),(170,47),(57,22),(76,118),(218,58),(69,65),(218,5),
217:(50,133),(19,58),(134,136),(50,38),(141,81),(256,129),(232,162),(134,75),(228,137),(338,39),(94,49),(121,70),(68,109),(14,112),(170,47),(57,22),(76,118),(219,58),(69,65),(219,5),
218:(50,133),(19,58),(134,137),(50,38),(141,81),(256,129),(232,162),(134,75),(228,137),(338,39),(94,49),(121,70),(67,109),(14,112),(170,47),(57,22),(76,118),(220,58),(69,65),(220,5),
219:(50,133),(19,58),(134,138),(50,38),(141,81),(256,129),(232,162),(134,75),(228,137),(338,39),(94,49),(121,70),(66,109),(14,112),(170,47),(57,22),(76,118),(221,58),(69,65),(221,5),
220:(50,133),(19,58),(134,139),(50,38),(141,81),(256,129),(232,162),(134,75),(228,137),(338,39),(94,49),(121,70),(65,109),(14,112),(170,47),(57,22),(76,118),(222,58),(69,65),(222,5),
221:(50,133),(19,58),(134,140),(50,38),(141,81),(256,129),(232,162),(134,75),(228,137),(338,39),(94,49),(121,70),(64,109),(14,112),(170,47),(57,22),(76,118),(223,58),(69,65),(223,5),
222:(50,133),(19,58),(134,141),(50,38),(141,81),(256,129),(232,162),(134,75),(228,137),(338,39),(94,49),(121,70),(63,109),(14,112),(170,47),(57,22),(76,118),(224,58),(69,65),(224,5),
223:(50,133),(19,58),(135,141),(50,38),(141,81),(256,129),(232,162),(134,75),(228,137),(338,39),(94,49),(121,70),(62,109),(14,112),(170,47),(57,22),(76,118),(225,58),(69,65),(225,5),
224:(50,133),(19,58),(136,141),(50,38),(141,81),(256,129),(232,162),(134,75),(228,137),(338,39),(94,49),(121,70),(61,109),(14,112),(170,47),(57,22),(76,118),(226,58),(69,65),(226,5),
225:(50,133),(19,58),(137,141),(50,38),(141,81),(256,129),(232,162),(134,75),(228,137),(338,39),(94,49),(121,70),(60,109),(14,112),(170,47),(57,22),(76,118),(227,58),(69,65),(227,5),
226:(50,133),(19,58),(138,141),(50,38),(141,81),(256,129),(232,162),(134,75),(228,137),(338,39),(94,49),(121,70),(59,109),(14,112),(170,47),(57,22),(76,118),(228,58),(69,65),(228,5),
227:(50,133),(19,58),(139,141),(50,38),(141,81),(256,129),(232,162),(134,75),(228,137),(338,39),(94,49),(121,70),(58,109),(14,112),(170,47),(57,22),(76,118),(229,58),(69,65),(229,5),
228:(50,133),(19,58),(140,141),(50,38),(141,81),(256,129),(232,162),(134,75),(228,137),(338,39),(94,49),(121,70),(57,109),(14,112),(170,47),(57,22),(76,118),(230,58),(69,65),(230,5),
229:(50,133),(19,58),(140,141),(50,38),(141,81),(256,129),(232,162),(134,75),(228,137),(338,39),(94,49),(121,70),(56,109),(14,112),(170,47),(57,22),(76,118),(231,58),(69,65),(231,5),
230:(50,133),(19,58),(140,141),(50,38),(141,81),(256,129),(232,162),(134,75),(228,137),(338,39),(94,49),(121,70),(55,109),(14,112),(170,47),(57,22),(76,118),(232,58),(69,65),(232,5),
231:(50,133),(19,58),(140,141),(50,38),(141,81),(256,129),(232,162),(134,75),(228,137),(338,39),(94,49),(121,70),(54,109),(14,112),(170,47),(57,22),(76,118),(233,58),(69,65),(233,5),
232:(50,133),(19,58),(140,141),(50,38),(141,81),(256,129),(232,162),(134,75),(228,137),(338,39),(94,49),(121,70),(53,109),(14,112),(170,47),(57,22),(76,118),(234,58),(69,65),(234,5),
233:(50,133),(19,58),(140,141),(50,38),(141,81),(256,129),(232,162),(134,75),(228,137),(338,39),(94,49),(121,70),(52,109),(14,112),(170,47),(57,22),(76,118),(235,58),(69,65),(235,5),
234:(50,133),(19,58),(140,141),(50,38),(141,81),(256,129),(232,162),(134,75),(228,137),(338,39),(94,49),(121,70),(51,109),(14,112),(170,47),(57,22),(76,118),(236,58),(69,65),(236,5),
235:(50,133),(19,58),(140,141),(50,38),(141,81),(256,129),(232,162),(134,75),(228,137),(338,39),(94,49),(121,70),(50,109),(14,112),(170,47),(57,22),(76,118),(237,58),(69,65),(237,5),
236:(50,133),(19,58),(140,141),(50,38),(141,81),(256,129),(232,162),(134,75),(228,137),(338,39),(94,49),(121,70),(49,109),(14,112),(170,47),(57,22),(76,118),(238,58),(69,65),(238,5),
237:(50,133),(19,58),(140,141),(50,38),(141,81),(256,129),(232,162),(134,75),(228,137),(338,39),(94,49),(121,70),(48,109),(14,112),(170,47),(57,22),(76,118),(239,58),(69,65),(239,5),
238:(50,133),(19,58),(140,141),(50,38),(141,81),(256,129),(232,162),(134,75),(228,137),(338,39),(94,49),(121,70),(47,109),(14,112),(170,47),(57,22),(76,118),(240,58),(69,65),(240,5),
239:(50,133),(19,58),(140,141),(50,38),(141,81),(256,129),(232,162),(134,75),(228,137),(338,39),(94,49),(121,70),(46,109),(14,112),(170,47),(57,22),(76,118),(241,58),(69,65),(241,5),
240:(50,133),(19,58),(140,141),(50,38),(141,81),(256,129),(232,162),(134,75),(228,137),(338,39),(94,49),(121,70),(45,109),(14,112),(170,47),(57,22),(76,118),(242,58),(69,65),(242,5),
241:(50,133),(19,58),(140,141),(50,38),(141,81),(256,129),(232,162),(134,75),(228,137),(338,39),(94,49),(121,70),(44,109),(14,112),(170,47),(57,22),(76,118),(243,58),(69,65),(242,4),
242:(50,133),(19,58),(140,141),(50,38),(141,81),(256,129),(232,162),(134,75),(228,137),(338,39),(94,49),(121,70),(43,109),(14,112),(170,47),(57,22),(76,118),(244,58),(69,65),(242,4),
243:(50,133),(19,58),(140,141),(50,38),(141,81),(256,129),(232,162),(134,75),(228,137),(338,39),(94,49),(121,70),(42,109),(14,112),(170,47),(57,22),(76,118),(245,58),(69,65),(242,4),
244:(50,133),(19,58),(140,141),(50,38),(141,81),(256,129),(232,162),(134,75),(228,137),(338,39),(94,49),(121,70),(41,109),(14,112),(170,47),(57,22),(76,118),(246,58),(69,65),(242,4),
245:(50,133),(19,58),(140,141),(50,38),(141,81),(256,129),(232,162),(134,75),(228,137),(338,39),(94,49),(121,70),(40,109),(14,112),(170,47),(57,22),(76,118),(247,58),(69,65),(242,4),
246:(50,133),(19,58),(140,141),(50,38),(141,81),(256,129),(232,162),(134,75),(228,137),(338,39),(94,49),(121,70),(39,109),(14,112),(170,47),(57,22),(76,118),(248,58),(69,65),(242,4),
247:(50,133),(19,58),(140,141),(50,38),(141,81),(256,129),(232,162),(134,75),(228,137),(338,39),(94,49),(121,70),(38,109),(14,112),(170,47),(57,22),(76,118),(249,58),(69,65),(242,4),
248:(50,133),(19,58),(140,141),(50,38),(141,81),(256,129),(232,162),(134,75),(228,137),(338,39),(94,49),(121,70),(37,109),(14,112),(170,47),(57,22),(76,118),(250,58),(69,65),(242,4),
249:(50,133),(19,58),(140,141),(50,38),(141,81),(256,129),(232,162),(134,75),(228,137),(338,39),(94,49),(121,70),(36,109),(14,112),(170,47),(57,22),(76,118),(251,58),(69,65),(242,4),
250:(50,133),(19,58),(140,141),(50,38),(141,81),(256,129),(232,162),(134,75),(228,137),(338,39),(94,49),(121,70),(35,109),(14,112),(170,47),(57,22),(76,118),(252,58),(69,65),(242,4),
251:(50,133),(19,58),(140,141),(50,38),(141,81),(256,129),(232,162),(134,75),(228,137),(338,39),(94,49),(121,70),(34,109),(14,112),(170,47),(57,22),(76,118),(253,58),(69,65),(242,4),
252:(50,133),(19,58),(140,141),(50,38),(141,81),(256,129),(232,162),(134,75),(228,137),(338,39),(94,49),(121,70),(33,109),(14,112),(170,47),(57,22),(76,118),(254,58),(69,65),(242,4),
253:(50,133),(19,58),(140,141),(50,38),(141,81),(256,129),(232,162),(134,75),(228,137),(338,39),(94,49),(121,70),(32,109),(14,112),(170,47),(57,22),(76,118),(255,58),(69,65),(242,4),
254:(50,133),(19,58),(140,141),(50,38),(141,81),(256,129),(232,162),(134,75),(228,137),(338,39),(94,49),(121,70),(31,109),(14,112),(170,47),(57,22),(76,118),(256,58),(69,65),(242,4),
255:(50,133),(19,58),(140,141),(50,38),(141,81),(256,129),(232,162),(134,75),(228,137),(338,39),(94,49),(121,70),(30,109),(14,112),(170,47),(57,22),(76,118),(257,58),(69,65),(242,4),
256:(50,133),(19,58),(140,141),(50,38),(141,81),(256,129),(232,162),(134,75),(228,137),(338,39),(94,49),(121,70),(29,109),(14,112),(170,47),(57,22),(76,118),(258,58),(69,65),(242,4),
257:(50,133),(19,58),(140,141),(50,38),(141,81),(256,129),(232,162),(134,75),(228,137),(338,39),(94,49),(121,70),(28,109),(14,112),(170,47),(57,22),(76,118),(259,58),(69,65),(242,4),
258:(50,133),(19,58),(140,141),(50,38),(141,81),(256,129),(232,162),(134,75),(228,137),(338,39),(94,49),(121,70),(27,109),(14,112),(170,47),(57,22),(76,118),(260,58),(69,65),(242,4),
259:(50,133),(19,58),(140,141),(50,38),(141,81),(256,129),(232,162),(134,75),(228,137),(338,39),(94,49),(121,70),(26,109),(14,112),(170,47),(57,22),(76,118),(261,58),(69,65),(242,4),
260:(50,133),(19,58),(140,141),(50,38),(141,81),(256,129),(232,162),(134,75),(228,137),(338,39),(94,49),(121,70),(25,109),(14,112),(170,47),(57,22),(76,118),(262,58),(69,65),(242,4),
261:(50,133),(19,58),(140,141),(50,38),(141,81),(256,129),(232,162),(134,75),(228,137),(338,39),(94,49),(121,70),(24,109),(14,112),(170,47),(57,22),(76,118),(263,58),(69,65),(242,4),
262:(50,133),(19,58),(140,141),(50,38),(141,81),(256,129),(232,162),(134,75),(228,137),(338,39),(94,49),(121,70),(23,109),(14,112),(170,47),(57,22),(76,118),(264,58),(69,65),(242,4),
263:(50,133),(19,58),(140,141),(50,38),(141,81),(256,129),(232,162),(134,75),(228,137),(338,39),(94,49),(121,70),(22,109),(14,112),(170,47),(57,22),(76,118),(265,58),(69,65),(242,4),
264:(50,133),(19,58),(140,141),(50,38),(141,81),(256,129),(232,162),(134,75),(228,137),(338,39),(94,49),(121,70),(21,109),(14,112),(170,47),(57,22),(76,118),(266,58),(69,65),(242,4),
265:(50,133),(19,58),(140,141),(50,38),(141,81),(256,129),(232,162),(134,75),(228,137),(338,39),(94,49),(121,70),(20,109),(14,112),(170,47),(57,22),(76,118),(267,58),(69,65),(242,4),
266:(50,133),(19,58),(140,141),(50,38),(141,81),(256,129),(232,162),(134,75),(228,137),(338,39),(94,49),(121,70),(19,109),(14,112),(170,47),(57,22),(76,118),(268,58),(69,65),(242,4),
267:(50,133),(19,58),(140,141),(50,38),(141,81),(256,129),(232,162),(134,75),(228,137),(338,39),(94,49),(121,70),(18,109),(14,112),(170,47),(57,22),(76,118),(269,58),(69,65),(242,4),
268:(50,133),(19,58),(140,141),(50,38),(141,81),(256,129),(232,162),(134,75),(228,137),(338,39),(94,49),(121,70),(17,109),(14,112),(170,47),(57,22),(76,118),(270,58),(69,65),(242,4),
269:(50,133),(19,58),(140,141),(50,38),(141,81),(256,129),(232,162),(134,75),(228,137),(338,39),(94,49),(121,70),(16,109),(14,112),(170,47),(57,22),(76,118),(271,58),(69,65),(242,4),
270:(50,133),(19,58),(140,141),(50,38),(141,81),(256,129),(232,162),(134,75),(228,137),(338,39),(94,49),(121,70),(15,109),(14,112),(170,47),(57,22),(76,118),(272,58),(69,65),(242,4),
271:(50,133),(19,58),(140,141),(50,38),(141,81),(256,129),(232,162),(134,75),(228,137),(338,39),(94,49),(121,70),(14,109),(14,112),(170,47),(57,22),(76,118),(273,58),(69,65),(242,4),
272:(50,133),(19,58),(140,141),(50,38),(141,81),(256,129),(232,162),(134,75),(228,137),(338,39),(94,49),(121,70),(13,109),(14,112),(170,47),(57,22),(76,118),(274,58),(69,65),(242,4),
273:(50,133),(19,58),(140,141),(50,38),(141,81),(256,129),(232,162),(134,75),(228,137),(338,39),(94,49),(121,70),(12,109),(14,112),(170,47),(57,22),(76,118),(275,58),(69,65),(242,4),
274:(50,133),(19,58),(140,141),(50,38),(141,81),(256,129),(232,162),(134,75),(228,137),(338,39),(94,49),(121,70),(11,109),(14,112),(170,47),(57,22),(76,118),(276,58),(69,65),(242,4),
275:(50,133),(19,58),(140,141),(50,38),(141,81),(256,129),(232,162),(134,75),(228,137),(338,39),(94,49),(121,70),(10,109),(14,112),(170,47),(57,22),(76,118),(277,58),(69,65),(242,4),
276:(50,133),(19,58),(140,141),(50,38),(141,81),(256,129),(232,162),(134,75),(228,137),(338,39),(94,49),(121,70),(9,109),(14,112),(170,47),(57,22),(76,118),(278,58),(69,65),(242,4),
277:(50,133),(19,58),(140,141),(50,38),(141,81),(256,129),(232,162),(134,75),(228,137),(338,39),(94,49),(121,70),(8,109),(14,112),(170,47),(57,22),(76,118),(279,58),(69,65),(242,4),
278:(50,133),(19,58),(140,141),(50,38),(141,81),(256,129),(232,162),(134,75),(228,137),(338,39),(94,49),(121,70),(7,109),(14,112),(170,47),(57,22),(76,118),(280,58),(69,65),(242,4),
279:(50,133),(19,58),(140,141),(50,38),(141,81),(256,129),(232,162),(134,75),(228,137),(338,39),(94,49),(121,70),(6,109),(14,112),(170,47),(57,22),(76,118),(281,58),(69,65),(242,4),
280:(50,133),(19,58),(140,141),(50,38),(141,81),(256,129),(232,162),(134,75),(228,137),(338,39),(94,49),(121,70),(5,109),(14,112),(170,47),(57,22),(76,118),(282,58),(69,65),(242,4),
281:(50,133),(19,58),(140,141),(50,38),(141,81),(256,129),(232,162),(134,75),(228,137),(338,39),(94,49),(121,70),(4,109),(14,112),(170,47),(57,22),(76,118),(283,58),(69,65),(242,4),
282:(50,133),(19,58),(140,141),(50,38),(141,81),(256,129),(232,162),(134,75),(228,137),(338,39),(94,49),(121,70),(3,109),(14,112),(170,47),(57,22),(76,118),(284,58),(69,65),(242,4),
283:(50,133),(19,58),(140,141),(50,38),(141,81),(256,129),(232,162),(134,75),(228,137),(338,39),(94,49),(121,70),(3,109),(14,112),(170,47),(57,22),(76,118),(285,58),(69,65),(242,4),
284:(50,133),(19,58),(140,141),(50,38),(141,81),(256,129),(232,162),(134,75),(228,137),(338,39),(94,49),(121,70),(3,109),(14,112),(170,47),(57,22),(76,118),(286,58),(69,65),(242,4),
285:(50,133),(19,58),(140,141),(50,38),(141,81),(256,129),(232,162),(134,75),(228,137),(338,39),(94,49),(121,70),(3,109),(14,112),(170,47),(57,22),(76,118),(287,58),(69,65),(242,4),
286:(50,133),(19,58),(140,141),(50,38),(141,81),(256,129),(232,162),(134,75),(228,137),(338,39),(94,49),(121,70),(3,109),(14,112),(170,47),(57,22),(76,118),(288,58),(69,65),(242,4),
287:(50,133),(19,58),(140,141),(50,38),(141,81),(256,129),(232,162),(134,75),(228,137),(338,39),(94,49),(121,70),(3,109),(14,112),(170,47),(57,22),(76,118),(289,58),(69,65),(242,4),
288:(50,133),(19,58),(140,141),(50,38),(141,81),(256,129),(232,162),(134,75),(228,137),(338,39),(94,49),(121,70),(3,109),(14,112),(170,47),(57,22),(76,118),(290,58),(69,65),(242,4),
289:(50,133),(19,58),(140,141),(50,38),(141,81),(256,129),(232,162),(134,75),(228,137),(338,39),(94,49),(121,70),(3,109),(14,112),(170,47),(57,22),(76,118),(290,59),(69,65),(242,4),
290:(50,133),(19,58),(140,141),(50,38),(141,81),(256,129),(232,162),(134,75),(228,137),(338,39),(94,49),(121,70),(3,109),(14,112),(170,47),(57,22),(76,118),(290,60),(69,65),(242,4),
291:(50,133),(19,58),(140,141),(50,38),(141,81),(256,129),(232,162),(134,75),(228,137),(338,39),(94,49),(121,70),(3,109),(14,112),(170,47),(57,22),(76,118),(291,60),(69,65),(242,4),
292:(50,133),(19,58),(140,141),(50,38),(141,81),(256,129),(232,162),(134,75),(228,137),(338,39),(94,49),(121,70),(3,109),(14,112),(170,47),(57,22),(76,118),(292,60),(69,65),(242,4),
293:(50,133),(19,58),(140,141),(50,38),(141,81),(256,129),(232,162),(134,75),(228,137),(338,39),(94,49),(121,70),(3,109),(14,112),(170,47),(57,22),(76,118),(293,60),(69,65),(242,4),
294:(50,133),(19,58),(140,141),(50,38),(141,81),(256,129),(232,162),(134,75),(228,137),(338,39),(94,49),(121,70),(3,109),(14,112),(170,47),(57,22),(76,118),(294,60),(69,65),(242,4),
295:(50,133),(19,58),(140,141),(50,38),(141,81),(256,129),(232,162),(134,75),(228,137),(338,39),(94,49),(121,70),(3,109),(14,112),(170,47),(57,22),(76,118),(295,60),(69,65),(242,4),
296:(50,133),(19,58),(140,141),(50,38),(141,81),(256,129),(232,162),(134,75),(228,137),(338,39),(94,49),(121,70),(3,109),(14,112),(170,47),(57,22),(76,118),(296,60),(69,65),(242,4),
297:(50,133),(19,58),(140,141),(50,38),(141,81),(256,129),(232,162),(134,75),(228,137),(338,39),(94,49),(121,70),(3,109),(14,112),(170,47),(57,22),(76,118),(297,60),(69,65),(242,4),
298:(50,133),(19,58),(140,141),(50,38),(141,81),(256,129),(232,162),(134,75),(228,137),(338,39),(94,49),(121,70),(3,109),(14,112),(170,47),(57,22),(76,118),(298,60),(69,65),(242,4),
299:(50,133),(19,58),(140,141),(50,38),(141,81),(256,129),(232,162),(134,75),(228,137),(338,39),(94,49),(121,70),(3,109),(14,112),(170,47),(57,22),(76,118),(299,60),(69,65),(242,4),
300:(50,133),(19,58),(140,141),(50,38),(141,81),(256,129),(232,162),(134,75),(228,137),(338,39),(94,49),(121,70),(3,109),(14,112),(170,47),(57,22),(76,118),(300,60),(69,65),(242,4),
301:(50,133),(19,58),(140,141),(50,38),(141,81),(256,129),(232,162),(134,75),(228,137),(338,39),(94,49),(121,70),(3,109),(14,112),(170,47),(57,22),(76,118),(301,60),(69,65),(242,4),
302:(50,133),(19,58),(140,141),(50,38),(141,81),(256,129),(232,162),(134,75),(228,137),(338,39),(94,49),(121,70),(3,109),(14,112),(170,47),(57,22),(76,118),(302,60),(69,65),(242,4),
303:(50,133),(19,58),(140,141),(50,38),(141,81),(256,129),(232,162),(134,75),(228,137),(338,39),(94,49),(121,70),(3,109),(14,112),(170,47),(57,22),(76,118),(303,60),(69,65),(242,4),
304:(50,133),(19,58),(140,141),(50,38),(141,81),(256,129),(232,162),(134,75),(228,137),(338,39),(94,49),(121,70),(3,109),(14,112),(170,47),(57,22),(76,118),(304,60),(69,65),(242,4),
305:(50,133),(19,58),(140,141),(50,38),(141,81),(256,129),(232,162),(134,75),(228,137),(338,39),(94,49),(121,70),(3,109),(14,112),(170,47),(57,22),(76,118),(305,60),(69,65),(242,4),
306:(50,133),(19,58),(140,141),(50,38),(141,81),(256,129),(232,162),(134,75),(228,137),(338,39),(94,49),(121,70),(3,109),(14,112),(170,47),(57,22),(76,118),(306,60),(69,65),(242,4),
307:(50,133),(19,58),(140,141),(50,38),(141,81),(256,129),(232,162),(134,75),(228,137),(338,39),(94,49),(121,70),(3,109),(14,112),(170,47),(57,22),(76,118),(307,60),(69,65),(242,4),
308:(50,133),(19,58),(140,141),(50,38),(141,81),(256,129),(232,162),(134,75),(228,137),(338,39),(94,49),(121,70),(3,109),(14,112),(170,47),(57,22),(76,118),(308,60),(69,65),(242,4),
309:(50,133),(19,58),(140,141),(50,38),(141,81),(256,129),(232,162),(134,75),(228,137),(338,39),(94,49),(121,70),(3,109),(14,112),(170,47),(57,22),(76,118),(309,60),(69,65),(242,4),
310:(50,133),(19,58),(140,141),(50,38),(141,81),(256,129),(232,162),(134,75),(228,137),(338,39),(94,49),(121,70),(3,109),(14,112),(170,47),(57,22),(76,118),(310,60),(69,65),(242,4),
311:(50,133),(19,58),(140,141),(50,38),(141,81),(256,129),(232,162),(134,75),(228,137),(338,39),(94,49),(121,70),(3,109),(14,112),(170,47),(57,22),(76,118),(311,60),(69,65),(242,4),
312:(50,133),(19,58),(140,141),(50,38),(141,81),(256,129),(232,162),(134,75),(228,137),(338,39),(94,49),(121,70),(3,109),(14,112),(170,47),(57,22),(76,118),(312,60),(69,65),(242,4),
313:(50,133),(19,58),(140,141),(50,38),(141,81),(256,129),(232,162),(134,75),(228,137),(338,39),(94,49),(121,70),(3,109),(14,112),(170,47),(57,22),(76,118),(313,60),(69,65),(242,4),
314:(50,133),(19,58),(140,141),(50,38),(141,81),(256,129),(232,162),(134,75),(228,137),(338,39),(94,49),(121,70),(3,109),(14,112),(170,47),(57,22),(76,118),(314,60),(69,65),(242,4),
315:(50,133),(19,58),(140,141),(50,38),(141,81),(256,129),(232,162),(134,75),(228,137),(338,39),(94,49),(121,70),(3,109),(14,112),(170,47),(57,22),(76,118),(315,60),(69,65),(242,4),
316:(50,133),(19,58),(140,141),(50,38),(141,81),(256,129),(232,162),(134,75),(228,137),(338,39),(94,49),(121,70),(3,109),(14,112),(170,47),(57,22),(76,118),(316,60),(69,65),(242,4),
317:(50,133),(19,58),(140,141),(50,38),(141,81),(256,129),(232,162),(134,75),(228,137),(338,39),(94,49),(121,70),(3,109),(14,112),(170,47),(57,22),(76,118),(317,60),(69,65),(242,4),
318:(50,133),(19,58),(140,141),(50,38),(141,81),(256,129),(232,162),(134,75),(228,137),(338,39),(94,49),(121,70),(3,109),(14,112),(170,47),(57,22),(76,118),(318,60),(69,65),(242,4),
319:(50,133),(19,58),(140,141),(50,38),(141,81),(256,129),(232,162),(134,75),(228,137),(338,39),(94,49),(121,70),(3,109),(14,112),(170,47),(57,22),(76,118),(319,60),(69,65),(242,4),
320:(50,133),(19,58),(140,141),(50,38),(141,81),(256,129),(232,162),(134,75),(228,137),(338,39),(94,49),(121,70),(3,109),(14,112),(170,47),(57,22),(76,118),(320,60),(69,65),(242,4),
321:(50,133),(19,58),(140,141),(50,38),(141,81),(256,129),(232,162),(134,75),(228,137),(338,39),(94,49),(121,70),(3,109),(14,112),(170,47),(57,22),(76,118),(321,60),(69,65),(242,4),
322:(50,133),(19,58),(140,141),(50,38),(141,81),(256,129),(232,162),(134,75),(228,137),(338,39),(94,49),(121,70),(3,109),(14,112),(170,47),(57,22),(76,118),(322,60),(69,65),(242,4),
323:(50,133),(19,58),(140,141),(50,38),(141,81),(256,129),(232,162),(134,75),(228,137),(338,39),(94,49),(121,70),(3,109),(14,112),(170,47),(57,22),(76,118),(323,60),(69,65),(242,4),
324:(50,133),(19,58),(140,141),(50,38),(141,81),(256,129),(232,162),(134,75),(228,137),(338,39),(94,49),(121,70),(3,109),(14,112),(170,47),(57,22),(76,118),(324,60),(69,65),(242,4),
325:(50,133),(19,58),(140,141),(50,38),(141,81),(256,129),(232,162),(134,75),(228,137),(338,39),(94,49),(121,70),(3,109),(14,112),(170,47),(57,22),(76,118),(325,60),(69,65),(242,4),
326:(50,133),(19,58),(140,141),(50,38),(141,81),(256,129),(232,162),(134,75),(228,137),(338,39),(94,49),(121,70),(3,109),(14,112),(170,47),(57,22),(76,118),(326,60),(69,65),(242,4),
327:(50,133),(19,58),(140,141),(50,38),(141,81),(256,129),(232,162),(134,75),(228,137),(338,39),(94,49),(121,70),(3,109),(14,112),(170,47),(57,22),(76,118),(327,60),(69,65),(242,4),
328:(50,133),(19,58),(140,141),(50,38),(141,81),(256,129),(232,162),(134,75),(228,137),(338,39),(94,49),(121,70),(3,109),(14,112),(170,47),(57,22),(76,118),(328,60),(69,65),(242,4),
329:(50,133),(19,58),(140,141),(50,38),(141,81),(256,129),(232,162),(134,75),(228,137),(338,39),(94,49),(121,70),(3,109),(14,112),(170,47),(57,22),(76,118),(329,60),(69,65),(242,4),
330:(50,133),(19,58),(140,141),(50,38),(141,81),(256,129),(232,162),(134,75),(228,137),(338,39),(94,49),(121,70),(3,109),(14,112),(170,47),(57,22),(76,118),(330,60),(69,65),(242,4),
331:(50,133),(19,58),(140,141),(50,38),(141,81),(256,129),(232,162),(134,75),(228,137),(338,39),(94,49),(121,70),(3,109),(14,112),(170,47),(57,22),(76,118),(331,60),(69,65),(242,4),
332:(50,133),(19,58),(140,141),(50,38),(141,81),(256,129),(232,162),(134,75),(228,137),(338,39),(94,49),(121,70),(3,109),(14,112),(170,47),(57,22),(76,118),(332,60),(69,65),(242,4),
