instance=temp_instance.txt
agents=20
map_file=warehouse-20-40-10-2-2.map
solver=HCA
solved=1
soc=3574
lb_soc=3573
makespan=355
lb_makespan=355
comp_time=49
preprocessing_comp_time=10
starts=(256,85),(313,48),(61,30),(319,54),(118,89),(100,46),(35,81),(156,134),(67,38),(96,129),(152,157),(4,89),(229,127),(270,82),(61,153),(213,74),(118,57),(289,56),(77,45),(162,146),
goals=(212,6),(43,60),(29,105),(325,145),(2,141),(53,125),(331,121),(230,28),(6,90),(219,89),(331,120),(97,16),(337,67),(205,51),(334,71),(98,64),(320,136),(327,3),(169,121),(28,68),
solution=
0:(256,85),(313,48),(61,30),(319,54),(118,89),(100,46),(35,81),(156,134),(67,38),(96,129),(152,157),(4,89),(229,127),(270,82),(61,153),(213,74),(118,57),(289,56),(77,45),(162,146),
1:(255,85),(312,48),(60,30),(320,54),(117,89),(99,46),(36,81),(157,134),(66,38),(97,129),(153,157),(5,89),(230,127),(269,82),(62,153),(212,74),(119,57),(290,56),(78,45),(161,146),
2:(254,85),(311,48),(59,30),(321,54),(116,89),(98,46),(37,81),(158,134),(65,38),(98,129),(154,157),(6,89),(230,126),(268,82),(63,153),(211,74),(120,57),(291,56),(79,45),(160,146),
3:(253,85),(310,48),(58,30),(322,54),(115,89),(97,46),(38,81),(159,134),(64,38),(99,129),(155,157),(7,89),(231,126),(267,82),(64,153),(210,74),(121,57),(292,56),(80,45),(159,146),
4:(252,85),(309,48),(57,30),(323,54),(114,89),(96,46),(39,81),(160,134),(63,38),(100,129),(156,157),(8,89),(232,126),(266,82),(65,153),(209,74),(122,57),(293,56),(81,45),(158,146),
5:(251,85),(308,48),(56,30),(324,54),(113,89),(95,46),(40,81),(161,134),(62,38),(101,129),(157,157),(9,89),(233,126),(265,82),(66,153),(208,74),(123,57),(294,56),(82,45),(157,146),
6:(250,85),(307,48),(55,30),(325,54),(112,89),(94,46),(41,81),(162,134),(61,38),(102,129),(158,157),(10,89),(234,126),(264,82),(67,153),(207,74),(124,57),(295,56),(83,45),(156,146),
7:(249,85),(306,48),(54,30),(325,55),(111,89),(93,46),(42,81),(163,134),(60,38),(103,129),(159,157),(11,89),(235,126),(263,82),(68,153),(206,74),(125,57),(296,56),(84,45),(155,146),
8:(248,85),(305,48),(53,30),(325,56),(110,89),(92,46),(43,81),(164,134),(59,38),(104,129),(160,157),(12,89),(236,126),(262,82),(69,153),(205,74),(126,57),(297,56),(85,45),(154,146),
9:(247,85),(304,48),(52,30),(325,57),(109,89),(91,46),(44,81),(165,134),(58,38),(105,129),(161,157),(13,89),(237,126),(261,82),(70,153),(204,74),(127,57),(298,56),(86,45),(153,146),
10:(246,85),(303,48),(51,30),(325,58),(108,89),(90,46),(45,81),(166,134),(57,38),(106,129),(162,157),(14,89),(238,126),(260,82),(71,153),(203,74),(128,57),(299,56),(87,45),(152,146),
11:(245,85),(302,48),(50,30),(325,59),(107,89),(89,46),(46,81),(167,134),(56,38),(107,129),(163,157),(15,89),(239,126),(259,82),(72,153),(202,74),(129,57),(300,56),(88,45),(151,146),
12:(244,85),(301,48),(49,30),(325,60),(106,89),(88,46),(47,81),(168,134),(55,38),(108,129),(164,157),(16,89),(240,126),(258,82),(73,153),(201,74),(130,57),(301,56),(89,45),(150,146),
13:(243,85),(300,48),(48,30),(325,61),(105,89),(87,46),(48,81),(169,134),(54,38),(109,129),(165,157),(17,89),(241,126),(257,82),(74,153),(200,74),(131,57),(302,56),(90,45),(149,146),
14:(242,85),(299,48),(47,30),(325,62),(104,89),(86,46),(49,81),(170,134),(53,38),(110,129),(166,157),(18,89),(242,126),(256,82),(75,153),(199,74),(132,57),(303,56),(91,45),(148,146),
15:(241,85),(298,48),(46,30),(325,63),(103,89),(85,46),(50,81),(171,134),(52,38),(111,129),(167,157),(19,89),(243,126),(255,82),(76,153),(198,74),(133,57),(304,56),(92,45),(147,146),
16:(240,85),(297,48),(45,30),(325,64),(102,89),(84,46),(51,81),(172,134),(51,38),(112,129),(168,157),(20,89),(244,126),(254,82),(77,153),(197,74),(134,57),(305,56),(93,45),(146,146),
17:(239,85),(296,48),(44,30),(325,65),(101,89),(83,46),(52,81),(173,134),(50,38),(113,129),(169,157),(21,89),(245,126),(253,82),(78,153),(196,74),(135,57),(306,56),(94,45),(145,146),
18:(238,85),(295,48),(43,30),(325,66),(100,89),(82,46),(53,81),(174,134),(49,38),(114,129),(170,157),(22,89),(246,126),(252,82),(79,153),(195,74),(136,57),(307,56),(95,45),(144,146),
19:(237,85),(294,48),(42,30),(325,67),(99,89),(81,46),(54,81),(175,134),(48,38),(115,129),(171,157),(23,89),(247,126),(251,82),(80,153),(194,74),(137,57),(308,56),(96,45),(143,146),
20:(236,85),(293,48),(41,30),(325,68),(98,89),(80,46),(55,81),(176,134),(47,38),(116,129),(172,157),(24,89),(248,126),(250,82),(81,153),(193,74),(138,57),(309,56),(97,45),(142,146),
21:(235,85),(292,48),(40,30),(325,69),(97,89),(79,46),(56,81),(177,134),(46,38),(117,129),(173,157),(25,89),(249,126),(249,82),(82,153),(192,74),(139,57),(310,56),(98,45),(141,146),
22:(234,85),(291,48),(39,30),(325,70),(96,89),(78,46),(57,81),(178,134),(45,38),(118,129),(174,157),(26,89),(250,126),(248,82),(83,153),(191,74),(140,57),(311,56),(99,45),(140,146),
23:(233,85),(290,48),(38,30),(325,71),(95,89),(77,46),(58,81),(179,134),(44,38),(119,129),(175,157),(27,89),(251,126),(247,82),(84,153),(190,74),(141,57),(312,56),(100,45),(139,146),
24:(232,85),(289,48),(37,30),(325,72),(94,89),(76,46),(59,81),(180,134),(43,38),(120,129),(176,157),(28,89),(252,126),(246,82),(85,153),(189,74),(142,57),(313,56),(101,45),(138,146),
25:(231,85),(289,49),(36,30),(325,73),(93,89),(75,46),(60,81),(181,134),(42,38),(121,129),(177,157),(29,89),(253,126),(245,82),(86,153),(188,74),(143,57),(314,56),(102,45),(137,146),
26:(230,85),(288,49),(35,30),(325,74),(92,89),(74,46),(61,81),(182,134),(41,38),(122,129),(178,157),(30,89),(254,126),(244,82),(87,153),(187,74),(144,57),(315,56),(103,45),(136,146),
27:(229,85),(287,49),(34,30),(325,75),(91,89),(73,46),(62,81),(183,134),(40,38),(123,129),(179,157),(31,89),(255,126),(243,82),(88,153),(186,74),(145,57),(316,56),(104,45),(135,146),
28:(228,85),(286,49),(33,30),(325,76),(90,89),(72,46),(63,81),(184,134),(39,38),(124,129),(180,157),(32,89),(256,126),(242,82),(89,153),(185,74),(146,57),(317,56),(105,45),(134,146),
29:(227,85),(285,49),(32,30),(325,77),(89,89),(71,46),(64,81),(185,134),(38,38),(125,129),(181,157),(33,89),(257,126),(241,82),(90,153),(184,74),(147,57),(318,56),(106,45),(133,146),
30:(226,85),(284,49),(31,30),(325,78),(88,89),(70,46),(65,81),(186,134),(37,38),(126,129),(182,157),(34,89),(258,126),(240,82),(91,153),(183,74),(148,57),(319,56),(107,45),(132,146),
31:(225,85),(283,49),(30,30),(325,79),(87,89),(69,46),(66,81),(187,134),(36,38),(127,129),(183,157),(35,89),(259,126),(239,82),(92,153),(182,74),(149,57),(320,56),(108,45),(131,146),
32:(224,85),(282,49),(29,30),(325,80),(86,89),(68,46),(67,81),(188,134),(35,38),(128,129),(184,157),(36,89),(260,126),(238,82),(93,153),(181,74),(150,57),(321,56),(109,45),(130,146),
33:(223,85),(281,49),(29,31),(325,81),(85,89),(67,46),(68,81),(189,134),(34,38),(129,129),(185,157),(37,89),(261,126),(237,82),(94,153),(180,74),(151,57),(322,56),(110,45),(129,146),
34:(222,85),(280,49),(29,32),(325,82),(84,89),(66,46),(69,81),(190,134),(33,38),(130,129),(186,157),(38,89),(262,126),(236,82),(95,153),(179,74),(152,57),(323,56),(111,45),(128,146),
35:(221,85),(279,49),(29,33),(325,83),(83,89),(65,46),(70,81),(191,134),(32,38),(131,129),(187,157),(39,89),(263,126),(235,82),(96,153),(178,74),(153,57),(324,56),(112,45),(127,146),
36:(220,85),(278,49),(29,34),(325,84),(82,89),(64,46),(71,81),(192,134),(31,38),(132,129),(188,157),(40,89),(264,126),(234,82),(97,153),(177,74),(154,57),(325,56),(113,45),(126,146),
37:(219,85),(277,49),(29,35),(325,85),(81,89),(63,46),(72,81),(193,134),(30,38),(133,129),(189,157),(41,89),(265,126),(233,82),(98,153),(176,74),(155,57),(326,56),(114,45),(125,146),
38:(218,85),(276,49),(29,36),(325,86),(80,89),(62,46),(73,81),(194,134),(29,38),(134,129),(190,157),(42,89),(266,126),(232,82),(99,153),(175,74),(156,57),(327,56),(115,45),(124,146),
39:(217,85),(275,49),(29,37),(325,87),(79,89),(61,46),(74,81),(195,134),(28,38),(135,129),(191,157),(43,89),(267,126),(231,82),(100,153),(174,74),(157,57),(327,55),(116,45),(123,146),
40:(217,84),(274,49),(29,38),(325,88),(78,89),(61,47),(75,81),(196,134),(27,38),(136,129),(192,157),(44,89),(268,126),(230,82),(101,153),(173,74),(158,57),(327,54),(117,45),(122,146),
41:(217,83),(273,49),(29,39),(325,89),(77,89),(61,48),(76,81),(197,134),(26,38),(137,129),(193,157),(45,89),(269,126),(229,82),(102,153),(172,74),(159,57),(327,53),(118,45),(121,146),
42:(217,82),(272,49),(29,40),(325,90),(76,89),(61,49),(77,81),(198,134),(25,38),(138,129),(194,157),(46,89),(270,126),(228,82),(103,153),(171,74),(160,57),(327,52),(119,45),(120,146),
43:(217,81),(271,49),(29,41),(325,91),(75,89),(61,50),(78,81),(199,134),(24,38),(139,129),(195,157),(47,89),(271,126),(227,82),(104,153),(170,74),(161,57),(327,51),(120,45),(119,146),
44:(217,80),(270,49),(29,42),(325,92),(74,89),(61,51),(79,81),(200,134),(23,38),(140,129),(196,157),(48,89),(272,126),(226,82),(105,153),(169,74),(162,57),(327,50),(121,45),(118,146),
45:(217,79),(269,49),(29,43),(325,93),(73,89),(61,52),(80,81),(201,134),(22,38),(141,129),(197,157),(49,89),(273,126),(225,82),(106,153),(168,74),(163,57),(327,49),(122,45),(117,146),
46:(217,78),(268,49),(29,44),(325,94),(72,89),(61,53),(81,81),(202,134),(21,38),(142,129),(198,157),(50,89),(274,126),(224,82),(107,153),(167,74),(164,57),(327,48),(123,45),(116,146),
47:(217,77),(267,49),(29,45),(325,95),(71,89),(61,54),(82,81),(203,134),(20,38),(143,129),(199,157),(50,88),(275,126),(223,82),(108,153),(166,74),(165,57),(327,47),(124,45),(115,146),
48:(217,76),(266,49),(29,46),(325,96),(70,89),(61,55),(83,81),(204,134),(19,38),(144,129),(200,157),(50,87),(276,126),(222,82),(109,153),(165,74),(166,57),(327,46),(125,45),(114,146),
49:(217,75),(265,49),(29,47),(325,97),(69,89),(61,56),(84,81),(205,134),(18,38),(145,129),(201,157),(50,86),(277,126),(221,82),(110,153),(164,74),(167,57),(327,45),(126,45),(113,146),
50:(217,74),(264,49),(29,48),(325,98),(68,89),(61,57),(85,81),(206,134),(17,38),(146,129),(202,157),(51,86),(278,126),(220,82),(111,153),(163,74),(168,57),(327,44),(127,45),(112,146),
51:(217,73),(263,49),(29,49),(325,99),(67,89),(61,58),(86,81),(207,134),(16,38),(147,129),(203,157),(52,86),(279,126),(219,82),(112,153),(162,74),(169,57),(327,43),(128,45),(111,146),
52:(217,72),(262,49),(29,50),(325,100),(66,89),(61,59),(87,81),(208,134),(15,38),(148,129),(204,157),(53,86),(280,126),(218,82),(113,153),(161,74),(170,57),(327,42),(129,45),(110,146),
53:(217,71),(261,49),(29,51),(325,101),(65,89),(61,60),(88,81),(209,134),(14,38),(149,129),(205,157),(54,86),(281,126),(217,82),(114,153),(160,74),(171,57),(327,41),(130,45),(109,146),
54:(217,70),(260,49),(29,52),(325,102),(64,89),(61,61),(89,81),(210,134),(13,38),(150,129),(206,157),(55,86),(282,126),(216,82),(115,153),(159,74),(172,57),(327,40),(131,45),(108,146),
55:(217,69),(259,49),(29,53),(325,103),(63,89),(61,62),(90,81),(211,134),(12,38),(151,129),(207,157),(56,86),(283,126),(215,82),(116,153),(158,74),(173,57),(327,39),(132,45),(107,146),
56:(217,68),(258,49),(29,54),(325,104),(62,89),(61,63),(91,81),(212,134),(11,38),(152,129),(208,157),(57,86),(284,126),(214,82),(117,153),(157,74),(174,57),(327,38),(133,45),(106,146),
57:(217,67),(257,49),(29,55),(325,105),(61,89),(61,64),(92,81),(213,134),(10,38),(153,129),(209,157),(58,86),(285,126),(213,82),(118,153),(156,74),(175,57),(327,37),(134,45),(105,146),
58:(217,66),(256,49),(29,56),(325,106),(60,89),(61,65),(93,81),(214,134),(9,38),(154,129),(210,157),(59,86),(286,126),(212,82),(119,153),(155,74),(176,57),(327,36),(135,45),(104,146),
59:(217,65),(255,49),(29,57),(325,107),(59,89),(61,66),(94,81),(215,134),(8,38),(155,129),(211,157),(60,86),(287,126),(211,82),(120,153),(154,74),(177,57),(327,35),(136,45),(103,146),
60:(217,64),(254,49),(29,58),(325,108),(58,89),(61,67),(95,81),(216,134),(7,38),(156,129),(212,157),(61,86),(288,126),(210,82),(121,153),(153,74),(178,57),(327,34),(137,45),(102,146),
61:(217,63),(253,49),(29,59),(325,109),(57,89),(61,68),(96,81),(217,134),(6,38),(157,129),(213,157),(62,86),(289,126),(209,82),(122,153),(152,74),(179,57),(327,33),(138,45),(101,146),
62:(217,62),(252,49),(29,60),(325,110),(56,89),(61,69),(97,81),(218,134),(6,39),(158,129),(214,157),(63,86),(290,126),(208,82),(123,153),(151,74),(180,57),(327,32),(139,45),(100,146),
63:(217,61),(251,49),(29,61),(325,111),(55,89),(61,70),(98,81),(219,134),(6,40),(159,129),(215,157),(64,86),(291,126),(207,82),(124,153),(150,74),(181,57),(327,31),(140,45),(99,146),
64:(217,60),(250,49),(29,62),(325,112),(54,89),(61,71),(99,81),(220,134),(6,41),(160,129),(216,157),(65,86),(292,126),(206,82),(125,153),(149,74),(182,57),(327,30),(141,45),(98,146),
65:(217,59),(249,49),(29,63),(325,113),(53,89),(61,72),(100,81),(221,134),(6,42),(161,129),(217,157),(66,86),(293,126),(205,82),(126,153),(148,74),(183,57),(327,29),(142,45),(97,146),
66:(217,58),(248,49),(29,64),(325,114),(52,89),(61,73),(101,81),(222,134),(6,43),(162,129),(218,157),(67,86),(294,126),(205,81),(127,153),(147,74),(184,57),(327,28),(143,45),(96,146),
67:(217,57),(247,49),(29,65),(325,115),(51,89),(61,74),(102,81),(223,134),(6,44),(163,129),(219,157),(68,86),(295,126),(205,80),(128,153),(146,74),(185,57),(327,27),(144,45),(95,146),
68:(217,56),(246,49),(29,66),(325,116),(50,89),(61,75),(103,81),(224,134),(6,45),(164,129),(220,157),(69,86),(296,126),(205,79),(129,153),(145,74),(186,57),(327,26),(145,45),(94,146),
69:(217,55),(245,49),(29,67),(325,117),(49,89),(61,76),(104,81),(225,134),(6,46),(165,129),(221,157),(70,86),(297,126),(205,78),(130,153),(144,74),(187,57),(327,25),(146,45),(93,146),
70:(217,54),(244,49),(29,68),(325,118),(48,89),(61,77),(105,81),(226,134),(6,47),(166,129),(222,157),(71,86),(298,126),(205,77),(131,153),(143,74),(188,57),(327,24),(147,45),(92,146),
71:(217,53),(243,49),(29,69),(325,119),(47,89),(61,78),(106,81),(227,134),(6,48),(167,129),(223,157),(72,86),(299,126),(205,76),(132,153),(142,74),(189,57),(327,23),(148,45),(91,146),
72:(217,52),(242,49),(29,70),(325,120),(46,89),(61,79),(107,81),(228,134),(6,49),(168,129),(224,157),(73,86),(300,126),(205,75),(133,153),(141,74),(190,57),(327,22),(149,45),(90,146),
73:(217,51),(241,49),(29,71),(325,121),(45,89),(61,80),(108,81),(229,134),(6,50),(169,129),(225,157),(74,86),(301,126),(205,74),(134,153),(140,74),(191,57),(327,21),(150,45),(89,146),
74:(217,50),(240,49),(29,72),(325,122),(44,89),(61,81),(109,81),(230,134),(6,51),(170,129),(226,157),(75,86),(302,126),(205,73),(135,153),(139,74),(192,57),(327,20),(151,45),(88,146),
75:(217,49),(239,49),(29,73),(325,123),(43,89),(61,82),(110,81),(230,133),(6,52),(171,129),(227,157),(76,86),(303,126),(205,72),(136,153),(138,74),(193,57),(327,19),(152,45),(87,146),
76:(217,48),(238,49),(29,74),(325,124),(42,89),(61,83),(111,81),(230,132),(6,53),(172,129),(228,157),(77,86),(304,126),(205,71),(137,153),(137,74),(194,57),(327,18),(153,45),(86,146),
77:(217,47),(237,49),(29,75),(325,125),(41,89),(61,84),(112,81),(230,131),(6,54),(173,129),(229,157),(78,86),(305,126),(205,70),(138,153),(136,74),(195,57),(327,17),(154,45),(85,146),
78:(217,46),(236,49),(29,76),(325,126),(40,89),(61,85),(113,81),(230,130),(6,55),(174,129),(230,157),(79,86),(306,126),(205,69),(139,153),(135,74),(196,57),(327,16),(155,45),(84,146),
79:(217,45),(235,49),(29,77),(325,127),(39,89),(61,86),(114,81),(230,129),(6,56),(175,129),(231,157),(80,86),(307,126),(205,68),(140,153),(134,74),(197,57),(327,15),(156,45),(83,146),
80:(217,44),(234,49),(29,78),(325,128),(38,89),(61,87),(115,81),(230,128),(6,57),(176,129),(232,157),(81,86),(308,126),(205,67),(141,153),(133,74),(198,57),(327,14),(157,45),(82,146),
81:(217,43),(233,49),(29,79),(325,129),(37,89),(61,88),(116,81),(230,127),(6,58),(177,129),(233,157),(82,86),(309,126),(205,66),(142,153),(132,74),(199,57),(327,13),(158,45),(81,146),
82:(217,42),(232,49),(29,80),(325,130),(36,89),(61,89),(117,81),(230,126),(6,59),(178,129),(234,157),(83,86),(310,126),(205,65),(143,153),(131,74),(200,57),(327,12),(159,45),(80,146),
83:(217,41),(231,49),(29,81),(325,131),(35,89),(61,90),(118,81),(230,125),(6,60),(179,129),(235,157),(84,86),(311,126),(205,64),(144,153),(130,74),(201,57),(327,11),(160,45),(79,146),
84:(217,40),(230,49),(29,82),(325,132),(34,89),(61,91),(119,81),(230,124),(6,61),(180,129),(236,157),(85,86),(312,126),(205,63),(145,153),(129,74),(202,57),(327,10),(161,45),(78,146),
85:(217,39),(229,49),(29,83),(325,133),(33,89),(61,92),(120,81),(230,123),(6,62),(181,129),(237,157),(86,86),(313,126),(205,62),(146,153),(128,74),(203,57),(327,9),(162,45),(77,146),
86:(217,38),(228,49),(29,84),(325,134),(32,89),(61,93),(121,81),(230,122),(6,63),(182,129),(238,157),(87,86),(314,126),(205,61),(147,153),(127,74),(204,57),(327,8),(163,45),(76,146),
87:(217,37),(227,49),(29,85),(325,135),(31,89),(61,94),(122,81),(230,121),(6,64),(183,129),(239,157),(88,86),(315,126),(205,60),(148,153),(126,74),(205,57),(327,7),(164,45),(75,146),
88:(217,36),(226,49),(29,86),(325,136),(30,89),(61,95),(123,81),(230,120),(6,65),(184,129),(240,157),(89,86),(316,126),(205,59),(149,153),(125,74),(206,57),(327,6),(165,45),(74,146),
89:(217,35),(225,49),(29,87),(325,137),(29,89),(61,96),(124,81),(230,119),(6,66),(185,129),(241,157),(90,86),(317,126),(205,58),(150,153),(124,74),(207,57),(327,5),(166,45),(73,146),
90:(217,34),(224,49),(29,88),(325,138),(28,89),(61,97),(125,81),(230,118),(6,67),(186,129),(242,157),(91,86),(318,126),(205,57),(151,153),(123,74),(208,57),(327,4),(167,45),(72,146),
91:(217,33),(223,49),(29,89),(325,139),(27,89),(61,98),(126,81),(230,117),(6,68),(187,129),(243,157),(92,86),(319,126),(205,56),(152,153),(122,74),(209,57),(327,3),(168,45),(71,146),
92:(217,32),(222,49),(29,90),(325,140),(26,89),(61,99),(127,81),(230,116),(6,69),(188,129),(244,157),(93,86),(320,126),(205,55),(153,153),(121,74),(210,57),(327,3),(169,45),(70,146),
93:(217,31),(221,49),(29,91),(325,141),(25,89),(61,100),(128,81),(230,115),(6,70),(189,129),(245,157),(94,86),(321,126),(205,54),(154,153),(120,74),(211,57),(327,3),(169,46),(69,146),
94:(217,30),(220,49),(29,92),(325,142),(24,89),(61,101),(129,81),(230,114),(6,71),(190,129),(246,157),(95,86),(322,126),(205,53),(155,153),(119,74),(212,57),(327,3),(169,47),(68,146),
95:(217,29),(219,49),(29,93),(325,143),(23,89),(61,102),(130,81),(230,113),(6,72),(191,129),(247,157),(96,86),(323,126),(205,52),(156,153),(118,74),(213,57),(327,3),(169,48),(67,146),
96:(217,28),(218,49),(29,94),(325,144),(22,89),(61,103),(131,81),(230,112),(6,73),(192,129),(248,157),(97,86),(324,126),(205,51),(157,153),(117,74),(214,57),(327,3),(169,49),(66,146),
97:(217,27),(217,49),(29,95),(325,145),(21,89),(61,104),(132,81),(230,111),(6,74),(193,129),(249,157),(97,85),(325,126),(205,51),(158,153),(116,74),(215,57),(327,3),(169,50),(65,146),
98:(217,26),(216,49),(29,96),(325,145),(20,89),(61,105),(133,81),(230,110),(6,75),(194,129),(250,157),(97,84),(326,126),(205,51),(159,153),(115,74),(216,57),(327,3),(169,51),(64,146),
99:(217,25),(215,49),(29,97),(325,145),(19,89),(61,106),(134,81),(230,109),(6,76),(195,129),(251,157),(97,83),(327,126),(205,51),(160,153),(114,74),(217,57),(327,3),(169,52),(63,146),
100:(217,24),(214,49),(29,98),(325,145),(18,89),(61,107),(135,81),(230,108),(6,77),(196,129),(252,157),(97,82),(328,126),(205,51),(161,153),(113,74),(218,57),(327,3),(169,53),(62,146),
101:(217,23),(213,49),(29,99),(325,145),(17,89),(61,108),(136,81),(230,107),(6,78),(197,129),(253,157),(97,81),(329,126),(205,51),(162,153),(112,74),(219,57),(327,3),(169,54),(61,146),
102:(217,22),(212,49),(29,100),(325,145),(16,89),(61,109),(137,81),(230,106),(6,79),(198,129),(254,157),(97,80),(330,126),(205,51),(163,153),(111,74),(220,57),(327,3),(169,55),(60,146),
103:(217,21),(211,49),(29,101),(325,145),(15,89),(61,110),(138,81),(230,105),(6,80),(199,129),(255,157),(97,79),(331,126),(205,51),(164,153),(110,74),(221,57),(327,3),(169,56),(59,146),
104:(217,20),(210,49),(29,102),(325,145),(14,89),(61,111),(139,81),(230,104),(6,81),(200,129),(256,157),(97,78),(332,126),(205,51),(165,153),(109,74),(222,57),(327,3),(169,57),(58,146),
105:(217,19),(209,49),(29,103),(325,145),(13,89),(61,112),(140,81),(230,103),(6,82),(201,129),(257,157),(97,77),(333,126),(205,51),(166,153),(108,74),(223,57),(327,3),(169,58),(57,146),
106:(217,18),(208,49),(29,104),(325,145),(12,89),(61,113),(141,81),(230,102),(6,83),(202,129),(258,157),(97,76),(334,126),(205,51),(167,153),(107,74),(224,57),(327,3),(169,59),(56,146),
107:(217,17),(207,49),(29,105),(325,145),(11,89),(61,114),(142,81),(230,101),(6,84),(203,129),(259,157),(97,75),(335,126),(205,51),(168,153),(106,74),(225,57),(327,3),(169,60),(55,146),
108:(217,16),(206,49),(29,105),(325,145),(10,89),(61,115),(143,81),(230,100),(6,85),(204,129),(260,157),(97,74),(336,126),(205,51),(169,153),(105,74),(226,57),(327,3),(169,61),(54,146),
109:(217,15),(205,49),(29,105),(325,145),(9,89),(61,116),(144,81),(230,99),(6,86),(205,129),(261,157),(97,73),(337,126),(205,51),(170,153),(104,74),(227,57),(327,3),(169,62),(53,146),
110:(217,14),(204,49),(29,105),(325,145),(8,89),(61,117),(145,81),(230,98),(6,87),(206,129),(262,157),(97,72),(337,125),(205,51),(171,153),(103,74),(228,57),(327,3),(169,63),(52,146),
111:(217,13),(203,49),(29,105),(325,145),(7,89),(61,118),(146,81),(230,97),(6,88),(207,129),(263,157),(97,71),(337,124),(205,51),(172,153),(102,74),(229,57),(327,3),(169,64),(51,146),
112:(217,12),(202,49),(29,105),(325,145),(6,89),(61,119),(147,81),(230,96),(6,88),(208,129),(264,157),(97,70),(337,123),(205,51),(173,153),(101,74),(230,57),(327,3),(169,65),(50,146),
113:(217,11),(201,49),(29,105),(325,145),(5,89),(61,120),(148,81),(230,95),(6,89),(209,129),(265,157),(97,69),(337,122),(205,51),(174,153),(100,74),(231,57),(327,3),(169,66),(49,146),
114:(217,10),(200,49),(29,105),(325,145),(5,90),(61,121),(149,81),(230,94),(6,90),(210,129),(266,157),(97,68),(337,121),(205,51),(175,153),(99,74),(232,57),(327,3),(169,67),(48,146),
115:(217,9),(199,49),(29,105),(325,145),(4,90),(61,122),(150,81),(230,93),(6,90),(211,129),(267,157),(97,67),(337,120),(205,51),(176,153),(98,74),(233,57),(327,3),(169,68),(47,146),
116:(217,8),(198,49),(29,105),(325,145),(3,90),(61,123),(151,81),(230,92),(6,90),(212,129),(268,157),(97,66),(337,119),(205,51),(177,153),(98,73),(234,57),(327,3),(169,69),(46,146),
117:(217,7),(197,49),(29,105),(325,145),(2,90),(61,124),(152,81),(230,91),(6,90),(213,129),(269,157),(97,65),(337,118),(205,51),(178,153),(98,72),(235,57),(327,3),(169,70),(45,146),
118:(217,6),(196,49),(29,105),(325,145),(2,91),(61,125),(153,81),(230,90),(6,90),(214,129),(270,157),(97,64),(337,117),(205,51),(179,153),(98,71),(236,57),(327,3),(169,71),(44,146),
119:(216,6),(195,49),(29,105),(325,145),(2,92),(60,125),(154,81),(230,89),(6,90),(215,129),(271,157),(97,63),(337,116),(205,51),(180,153),(98,70),(237,57),(327,3),(169,72),(43,146),
120:(215,6),(194,49),(29,105),(325,145),(2,93),(59,125),(155,81),(230,88),(6,90),(216,129),(272,157),(97,62),(337,115),(205,51),(181,153),(98,69),(238,57),(327,3),(169,73),(42,146),
121:(214,6),(193,49),(29,105),(325,145),(2,94),(58,125),(156,81),(230,87),(6,90),(217,129),(273,157),(97,61),(337,114),(205,51),(182,153),(98,68),(239,57),(327,3),(169,74),(41,146),
122:(213,6),(192,49),(29,105),(325,145),(2,95),(57,125),(157,81),(230,86),(6,90),(218,129),(274,157),(97,60),(337,113),(205,51),(183,153),(98,67),(240,57),(327,3),(169,75),(40,146),
123:(212,6),(191,49),(29,105),(325,145),(2,96),(56,125),(158,81),(230,85),(6,90),(218,128),(275,157),(97,59),(337,112),(205,51),(184,153),(98,66),(241,57),(327,3),(169,76),(39,146),
124:(212,6),(190,49),(29,105),(325,145),(2,97),(55,125),(159,81),(230,84),(6,90),(218,127),(276,157),(97,58),(337,111),(205,51),(185,153),(98,65),(242,57),(327,3),(169,77),(38,146),
125:(212,6),(189,49),(29,105),(325,145),(2,98),(54,125),(160,81),(230,83),(6,90),(218,126),(277,157),(97,57),(337,110),(205,51),(186,153),(98,64),(243,57),(327,3),(169,78),(37,146),
126:(212,6),(188,49),(29,105),(325,145),(2,99),(53,125),(161,81),(230,82),(6,90),(218,125),(278,157),(97,56),(337,109),(205,51),(187,153),(98,64),(244,57),(327,3),(169,79),(36,146),
127:(212,6),(187,49),(29,105),(325,145),(2,100),(53,125),(162,81),(230,81),(6,90),(218,124),(279,157),(97,55),(337,108),(205,51),(188,153),(98,64),(245,57),(327,3),(169,80),(35,146),
128:(212,6),(186,49),(29,105),(325,145),(2,101),(53,125),(163,81),(230,80),(6,90),(218,123),(280,157),(97,54),(337,107),(205,51),(189,153),(98,64),(246,57),(327,3),(169,81),(34,146),
129:(212,6),(185,49),(29,105),(325,145),(2,102),(53,125),(164,81),(230,79),(6,90),(218,122),(281,157),(97,53),(337,106),(205,51),(190,153),(98,64),(247,57),(327,3),(169,82),(33,146),
130:(212,6),(184,49),(29,105),(325,145),(2,103),(53,125),(165,81),(230,78),(6,90),(218,121),(282,157),(97,52),(337,105),(205,51),(191,153),(98,64),(248,57),(327,3),(169,83),(32,146),
131:(212,6),(183,49),(29,105),(325,145),(2,104),(53,125),(166,81),(230,77),(6,90),(218,120),(283,157),(97,51),(337,104),(205,51),(192,153),(98,64),(249,57),(327,3),(169,84),(31,146),
132:(212,6),(182,49),(29,105),(325,145),(2,105),(53,125),(167,81),(230,76),(6,90),(218,119),(284,157),(97,50),(337,103),(205,51),(193,153),(98,64),(250,57),(327,3),(169,85),(30,146),
133:(212,6),(181,49),(29,105),(325,145),(2,106),(53,125),(168,81),(230,75),(6,90),(218,118),(285,157),(97,49),(337,102),(205,51),(194,153),(98,64),(251,57),(327,3),(169,86),(29,146),
134:(212,6),(180,49),(29,105),(325,145),(2,107),(53,125),(169,81),(230,74),(6,90),(218,117),(286,157),(97,48),(337,101),(205,51),(195,153),(98,64),(252,57),(327,3),(169,87),(28,146),
135:(212,6),(179,49),(29,105),(325,145),(2,108),(53,125),(170,81),(230,73),(6,90),(218,116),(287,157),(97,47),(337,100),(205,51),(196,153),(98,64),(253,57),(327,3),(169,88),(28,145),
136:(212,6),(178,49),(29,105),(325,145),(2,109),(53,125),(171,81),(230,72),(6,90),(218,115),(288,157),(97,46),(337,99),(205,51),(197,153),(98,64),(254,57),(327,3),(169,89),(28,144),
137:(212,6),(177,49),(29,105),(325,145),(2,110),(53,125),(172,81),(230,71),(6,90),(218,114),(289,157),(97,45),(337,98),(205,51),(198,153),(98,64),(255,57),(327,3),(169,90),(28,143),
138:(212,6),(176,49),(29,105),(325,145),(2,111),(53,125),(173,81),(230,70),(6,90),(218,113),(290,157),(97,44),(337,97),(205,51),(199,153),(98,64),(256,57),(327,3),(169,91),(28,142),
139:(212,6),(175,49),(29,105),(325,145),(2,112),(53,125),(174,81),(230,69),(6,90),(218,112),(291,157),(97,43),(337,96),(205,51),(200,153),(98,64),(257,57),(327,3),(169,92),(28,141),
140:(212,6),(174,49),(29,105),(325,145),(2,113),(53,125),(175,81),(230,68),(6,90),(218,111),(292,157),(97,42),(337,95),(205,51),(201,153),(98,64),(258,57),(327,3),(169,93),(28,140),
141:(212,6),(173,49),(29,105),(325,145),(2,114),(53,125),(176,81),(230,67),(6,90),(218,110),(293,157),(97,41),(337,94),(205,51),(202,153),(98,64),(259,57),(327,3),(169,94),(28,139),
142:(212,6),(172,49),(29,105),(325,145),(2,115),(53,125),(177,81),(230,66),(6,90),(218,109),(294,157),(97,40),(337,93),(205,51),(203,153),(98,64),(260,57),(327,3),(169,95),(28,138),
143:(212,6),(171,49),(29,105),(325,145),(2,116),(53,125),(178,81),(230,65),(6,90),(218,108),(295,157),(97,39),(337,92),(205,51),(204,153),(98,64),(261,57),(327,3),(169,96),(28,137),
144:(212,6),(170,49),(29,105),(325,145),(2,117),(53,125),(179,81),(230,64),(6,90),(218,107),(296,157),(97,38),(337,91),(205,51),(205,153),(98,64),(262,57),(327,3),(169,97),(28,136),
145:(212,6),(169,49),(29,105),(325,145),(2,118),(53,125),(180,81),(230,63),(6,90),(218,106),(297,157),(97,37),(337,90),(205,51),(206,153),(98,64),(263,57),(327,3),(169,98),(28,135),
146:(212,6),(168,49),(29,105),(325,145),(2,119),(53,125),(181,81),(230,62),(6,90),(218,105),(298,157),(97,36),(337,89),(205,51),(207,153),(98,64),(264,57),(327,3),(169,99),(28,134),
147:(212,6),(167,49),(29,105),(325,145),(2,120),(53,125),(182,81),(230,61),(6,90),(218,104),(299,157),(97,35),(337,88),(205,51),(208,153),(98,64),(265,57),(327,3),(169,100),(28,133),
148:(212,6),(166,49),(29,105),(325,145),(2,121),(53,125),(183,81),(230,60),(6,90),(218,103),(300,157),(97,34),(337,87),(205,51),(209,153),(98,64),(266,57),(327,3),(169,101),(28,132),
149:(212,6),(165,49),(29,105),(325,145),(2,122),(53,125),(184,81),(230,59),(6,90),(218,102),(301,157),(97,33),(337,86),(205,51),(210,153),(98,64),(267,57),(327,3),(169,102),(28,131),
150:(212,6),(164,49),(29,105),(325,145),(2,123),(53,125),(185,81),(230,58),(6,90),(218,101),(302,157),(97,32),(337,85),(205,51),(211,153),(98,64),(268,57),(327,3),(169,103),(28,130),
151:(212,6),(163,49),(29,105),(325,145),(2,124),(53,125),(186,81),(230,57),(6,90),(218,100),(303,157),(97,31),(337,84),(205,51),(212,153),(98,64),(269,57),(327,3),(169,104),(28,129),
152:(212,6),(162,49),(29,105),(325,145),(2,125),(53,125),(187,81),(230,56),(6,90),(218,99),(304,157),(97,30),(337,83),(205,51),(213,153),(98,64),(270,57),(327,3),(169,105),(28,128),
153:(212,6),(161,49),(29,105),(325,145),(2,126),(53,125),(188,81),(230,55),(6,90),(218,98),(305,157),(97,29),(337,82),(205,51),(214,153),(98,64),(271,57),(327,3),(169,106),(28,127),
154:(212,6),(160,49),(29,105),(325,145),(2,127),(53,125),(189,81),(230,54),(6,90),(218,97),(306,157),(97,28),(337,81),(205,51),(215,153),(98,64),(272,57),(327,3),(169,107),(28,126),
155:(212,6),(159,49),(29,105),(325,145),(2,128),(53,125),(190,81),(230,53),(6,90),(218,96),(307,157),(97,27),(337,80),(205,51),(216,153),(98,64),(273,57),(327,3),(169,108),(28,125),
156:(212,6),(158,49),(29,105),(325,145),(2,129),(53,125),(191,81),(230,52),(6,90),(218,95),(308,157),(97,26),(337,79),(205,51),(217,153),(98,64),(274,57),(327,3),(169,109),(28,124),
157:(212,6),(157,49),(29,105),(325,145),(2,130),(53,125),(192,81),(230,51),(6,90),(218,94),(309,157),(97,25),(337,78),(205,51),(218,153),(98,64),(275,57),(327,3),(169,110),(28,123),
158:(212,6),(156,49),(29,105),(325,145),(2,131),(53,125),(193,81),(230,50),(6,90),(218,93),(310,157),(97,24),(337,77),(205,51),(219,153),(98,64),(276,57),(327,3),(169,111),(28,122),
159:(212,6),(155,49),(29,105),(325,145),(2,132),(53,125),(194,81),(230,49),(6,90),(218,92),(311,157),(97,23),(337,76),(205,51),(220,153),(98,64),(277,57),(327,3),(169,112),(28,121),
160:(212,6),(154,49),(29,105),(325,145),(2,133),(53,125),(195,81),(230,48),(6,90),(218,91),(312,157),(97,22),(337,75),(205,51),(221,153),(98,64),(278,57),(327,3),(169,113),(28,120),
161:(212,6),(153,49),(29,105),(325,145),(2,134),(53,125),(196,81),(230,47),(6,90),(218,90),(313,157),(97,21),(337,74),(205,51),(222,153),(98,64),(279,57),(327,3),(169,114),(28,119),
162:(212,6),(152,49),(29,105),(325,145),(2,135),(53,125),(197,81),(230,46),(6,90),(219,90),(314,157),(97,20),(337,73),(205,51),(223,153),(98,64),(280,57),(327,3),(169,115),(28,118),
163:(212,6),(151,49),(29,105),(325,145),(2,136),(53,125),(198,81),(230,45),(6,90),(219,89),(315,157),(97,19),(337,72),(205,51),(224,153),(98,64),(281,57),(327,3),(169,116),(28,117),
164:(212,6),(150,49),(29,105),(325,145),(2,137),(53,125),(199,81),(230,44),(6,90),(219,89),(316,157),(97,18),(337,71),(205,51),(225,153),(98,64),(282,57),(327,3),(169,117),(28,116),
165:(212,6),(149,49),(29,105),(325,145),(2,138),(53,125),(200,81),(230,43),(6,90),(219,89),(317,157),(97,17),(337,70),(205,51),(226,153),(98,64),(283,57),(327,3),(169,118),(28,115),
166:(212,6),(148,49),(29,105),(325,145),(2,139),(53,125),(201,81),(230,42),(6,90),(219,89),(318,157),(97,16),(337,69),(205,51),(227,153),(98,64),(284,57),(327,3),(169,119),(28,114),
167:(212,6),(147,49),(29,105),(325,145),(2,140),(53,125),(202,81),(230,41),(6,90),(219,89),(319,157),(97,16),(337,68),(205,51),(228,153),(98,64),(285,57),(327,3),(169,120),(28,113),
168:(212,6),(146,49),(29,105),(325,145),(2,141),(53,125),(203,81),(230,40),(6,90),(219,89),(320,157),(97,16),(337,67),(205,51),(229,153),(98,64),(286,57),(327,3),(169,121),(28,112),
169:(212,6),(145,49),(29,105),(325,145),(2,141),(53,125),(204,81),(230,39),(6,90),(219,89),(321,157),(97,16),(337,67),(205,51),(230,153),(98,64),(287,57),(327,3),(169,121),(28,111),
170:(212,6),(144,49),(29,105),(325,145),(2,141),(53,125),(205,81),(230,38),(6,90),(219,89),(322,157),(97,16),(337,67),(205,51),(231,153),(98,64),(288,57),(327,3),(169,121),(28,110),
171:(212,6),(143,49),(29,105),(325,145),(2,141),(53,125),(206,81),(230,37),(6,90),(219,89),(323,157),(97,16),(337,67),(205,51),(232,153),(98,64),(289,57),(327,3),(169,121),(28,109),
172:(212,6),(142,49),(29,105),(325,145),(2,141),(53,125),(207,81),(230,36),(6,90),(219,89),(324,157),(97,16),(337,67),(205,51),(233,153),(98,64),(290,57),(327,3),(169,121),(28,108),
173:(212,6),(141,49),(29,105),(325,145),(2,141),(53,125),(208,81),(230,35),(6,90),(219,89),(325,157),(97,16),(337,67),(205,51),(234,153),(98,64),(291,57),(327,3),(169,121),(28,107),
174:(212,6),(140,49),(29,105),(325,145),(2,141),(53,125),(209,81),(230,34),(6,90),(219,89),(326,157),(97,16),(337,67),(205,51),(235,153),(98,64),(292,57),(327,3),(169,121),(28,106),
175:(212,6),(139,49),(29,105),(325,145),(2,141),(53,125),(210,81),(230,33),(6,90),(219,89),(327,157),(97,16),(337,67),(205,51),(236,153),(98,64),(293,57),(327,3),(169,121),(28,105),
176:(212,6),(138,49),(29,105),(325,145),(2,141),(53,125),(211,81),(230,32),(6,90),(219,89),(328,157),(97,16),(337,67),(205,51),(237,153),(98,64),(294,57),(327,3),(169,121),(28,104),
177:(212,6),(137,49),(29,105),(325,145),(2,141),(53,125),(212,81),(230,31),(6,90),(219,89),(329,157),(97,16),(337,67),(205,51),(238,153),(98,64),(295,57),(327,3),(169,121),(28,103),
178:(212,6),(136,49),(29,105),(325,145),(2,141),(53,125),(213,81),(230,30),(6,90),(219,89),(330,157),(97,16),(337,67),(205,51),(239,153),(98,64),(296,57),(327,3),(169,121),(28,102),
179:(212,6),(135,49),(29,105),(325,145),(2,141),(53,125),(214,81),(230,29),(6,90),(219,89),(330,156),(97,16),(337,67),(205,51),(240,153),(98,64),(297,57),(327,3),(169,121),(28,101),
180:(212,6),(134,49),(29,105),(325,145),(2,141),(53,125),(215,81),(230,28),(6,90),(219,89),(330,155),(97,16),(337,67),(205,51),(241,153),(98,64),(298,57),(327,3),(169,121),(28,100),
181:(212,6),(133,49),(29,105),(325,145),(2,141),(53,125),(216,81),(230,28),(6,90),(219,89),(330,154),(97,16),(337,67),(205,51),(242,153),(98,64),(299,57),(327,3),(169,121),(28,99),
182:(212,6),(132,49),(29,105),(325,145),(2,141),(53,125),(217,81),(230,28),(6,90),(219,89),(330,153),(97,16),(337,67),(205,51),(243,153),(98,64),(300,57),(327,3),(169,121),(28,98),
183:(212,6),(131,49),(29,105),(325,145),(2,141),(53,125),(218,81),(230,28),(6,90),(219,89),(330,152),(97,16),(337,67),(205,51),(244,153),(98,64),(301,57),(327,3),(169,121),(28,97),
184:(212,6),(130,49),(29,105),(325,145),(2,141),(53,125),(219,81),(230,28),(6,90),(219,89),(330,151),(97,16),(337,67),(205,51),(245,153),(98,64),(302,57),(327,3),(169,121),(28,96),
185:(212,6),(129,49),(29,105),(325,145),(2,141),(53,125),(220,81),(230,28),(6,90),(219,89),(330,150),(97,16),(337,67),(205,51),(246,153),(98,64),(303,57),(327,3),(169,121),(28,95),
186:(212,6),(128,49),(29,105),(325,145),(2,141),(53,125),(221,81),(230,28),(6,90),(219,89),(330,149),(97,16),(337,67),(205,51),(247,153),(98,64),(304,57),(327,3),(169,121),(28,94),
187:(212,6),(127,49),(29,105),(325,145),(2,141),(53,125),(222,81),(230,28),(6,90),(219,89),(330,148),(97,16),(337,67),(205,51),(248,153),(98,64),(305,57),(327,3),(169,121),(28,93),
188:(212,6),(126,49),(29,105),(325,145),(2,141),(53,125),(223,81),(230,28),(6,90),(219,89),(330,147),(97,16),(337,67),(205,51),(249,153),(98,64),(306,57),(327,3),(169,121),(28,92),
189:(212,6),(125,49),(29,105),(325,145),(2,141),(53,125),(224,81),(230,28),(6,90),(219,89),(330,146),(97,16),(337,67),(205,51),(250,153),(98,64),(307,57),(327,3),(169,121),(28,91),
190:(212,6),(124,49),(29,105),(325,145),(2,141),(53,125),(225,81),(230,28),(6,90),(219,89),(330,145),(97,16),(337,67),(205,51),(251,153),(98,64),(308,57),(327,3),(169,121),(28,90),
191:(212,6),(123,49),(29,105),(325,145),(2,141),(53,125),(226,81),(230,28),(6,90),(219,89),(330,144),(97,16),(337,67),(205,51),(252,153),(98,64),(309,57),(327,3),(169,121),(28,89),
192:(212,6),(122,49),(29,105),(325,145),(2,141),(53,125),(227,81),(230,28),(6,90),(219,89),(330,143),(97,16),(337,67),(205,51),(253,153),(98,64),(310,57),(327,3),(169,121),(28,88),
193:(212,6),(121,49),(29,105),(325,145),(2,141),(53,125),(228,81),(230,28),(6,90),(219,89),(330,142),(97,16),(337,67),(205,51),(254,153),(98,64),(311,57),(327,3),(169,121),(28,87),
194:(212,6),(120,49),(29,105),(325,145),(2,141),(53,125),(229,81),(230,28),(6,90),(219,89),(330,141),(97,16),(337,67),(205,51),(255,153),(98,64),(312,57),(327,3),(169,121),(28,86),
195:(212,6),(119,49),(29,105),(325,145),(2,141),(53,125),(230,81),(230,28),(6,90),(219,89),(330,140),(97,16),(337,67),(205,51),(256,153),(98,64),(313,57),(327,3),(169,121),(28,85),
196:(212,6),(118,49),(29,105),(325,145),(2,141),(53,125),(231,81),(230,28),(6,90),(219,89),(330,139),(97,16),(337,67),(205,51),(257,153),(98,64),(314,57),(327,3),(169,121),(28,84),
197:(212,6),(117,49),(29,105),(325,145),(2,141),(53,125),(232,81),(230,28),(6,90),(219,89),(330,138),(97,16),(337,67),(205,51),(258,153),(98,64),(315,57),(327,3),(169,121),(28,83),
198:(212,6),(116,49),(29,105),(325,145),(2,141),(53,125),(233,81),(230,28),(6,90),(219,89),(330,137),(97,16),(337,67),(205,51),(259,153),(98,64),(316,57),(327,3),(169,121),(28,82),
199:(212,6),(115,49),(29,105),(325,145),(2,141),(53,125),(234,81),(230,28),(6,90),(219,89),(330,136),(97,16),(337,67),(205,51),(260,153),(98,64),(317,57),(327,3),(169,121),(28,81),
200:(212,6),(114,49),(29,105),(325,145),(2,141),(53,125),(235,81),(230,28),(6,90),(219,89),(330,135),(97,16),(337,67),(205,51),(261,153),(98,64),(318,57),(327,3),(169,121),(28,80),
201:(212,6),(113,49),(29,105),(325,145),(2,141),(53,125),(236,81),(230,28),(6,90),(219,89),(330,134),(97,16),(337,67),(205,51),(262,153),(98,64),(319,57),(327,3),(169,121),(28,79),
202:(212,6),(112,49),(29,105),(325,145),(2,141),(53,125),(237,81),(230,28),(6,90),(219,89),(330,133),(97,16),(337,67),(205,51),(263,153),(98,64),(320,57),(327,3),(169,121),(28,78),
203:(212,6),(111,49),(29,105),(325,145),(2,141),(53,125),(238,81),(230,28),(6,90),(219,89),(330,132),(97,16),(337,67),(205,51),(264,153),(98,64),(320,58),(327,3),(169,121),(28,77),
204:(212,6),(110,49),(29,105),(325,145),(2,141),(53,125),(239,81),(230,28),(6,90),(219,89),(330,131),(97,16),(337,67),(205,51),(265,153),(98,64),(320,59),(327,3),(169,121),(28,76),
205:(212,6),(109,49),(29,105),(325,145),(2,141),(53,125),(240,81),(230,28),(6,90),(219,89),(330,130),(97,16),(337,67),(205,51),(266,153),(98,64),(320,60),(327,3),(169,121),(28,75),
206:(212,6),(108,49),(29,105),(325,145),(2,141),(53,125),(241,81),(230,28),(6,90),(219,89),(330,129),(97,16),(337,67),(205,51),(267,153),(98,64),(320,61),(327,3),(169,121),(28,74),
207:(212,6),(107,49),(29,105),(325,145),(2,141),(53,125),(242,81),(230,28),(6,90),(219,89),(330,128),(97,16),(337,67),(205,51),(268,153),(98,64),(320,62),(327,3),(169,121),(28,73),
208:(212,6),(106,49),(29,105),(325,145),(2,141),(53,125),(243,81),(230,28),(6,90),(219,89),(330,127),(97,16),(337,67),(205,51),(269,153),(98,64),(320,63),(327,3),(169,121),(28,72),
209:(212,6),(105,49),(29,105),(325,145),(2,141),(53,125),(244,81),(230,28),(6,90),(219,89),(330,126),(97,16),(337,67),(205,51),(270,153),(98,64),(320,64),(327,3),(169,121),(28,71),
210:(212,6),(104,49),(29,105),(325,145),(2,141),(53,125),(245,81),(230,28),(6,90),(219,89),(330,125),(97,16),(337,67),(205,51),(271,153),(98,64),(320,65),(327,3),(169,121),(28,70),
211:(212,6),(103,49),(29,105),(325,145),(2,141),(53,125),(246,81),(230,28),(6,90),(219,89),(330,124),(97,16),(337,67),(205,51),(272,153),(98,64),(320,66),(327,3),(169,121),(28,69),
212:(212,6),(102,49),(29,105),(325,145),(2,141),(53,125),(247,81),(230,28),(6,90),(219,89),(330,123),(97,16),(337,67),(205,51),(273,153),(98,64),(320,67),(327,3),(169,121),(28,68),
213:(212,6),(101,49),(29,105),(325,145),(2,141),(53,125),(248,81),(230,28),(6,90),(219,89),(330,122),(97,16),(337,67),(205,51),(274,153),(98,64),(320,68),(327,3),(169,121),(28,68),
214:(212,6),(100,49),(29,105),(325,145),(2,141),(53,125),(249,81),(230,28),(6,90),(219,89),(330,121),(97,16),(337,67),(205,51),(275,153),(98,64),(320,69),(327,3),(169,121),(28,68),
215:(212,6),(99,49),(29,105),(325,145),(2,141),(53,125),(250,81),(230,28),(6,90),(219,89),(330,120),(97,16),(337,67),(205,51),(276,153),(98,64),(320,70),(327,3),(169,121),(28,68),
216:(212,6),(98,49),(29,105),(325,145),(2,141),(53,125),(251,81),(230,28),(6,90),(219,89),(331,120),(97,16),(337,67),(205,51),(277,153),(98,64),(320,71),(327,3),(169,121),(28,68),
217:(212,6),(97,49),(29,105),(325,145),(2,141),(53,125),(252,81),(230,28),(6,90),(219,89),(331,120),(97,16),(337,67),(205,51),(278,153),(98,64),(320,72),(327,3),(169,121),(28,68),
218:(212,6),(96,49),(29,105),(325,145),(2,141),(53,125),(253,81),(230,28),(6,90),(219,89),(331,120),(97,16),(337,67),(205,51),(279,153),(98,64),(320,73),(327,3),(169,121),(28,68),
219:(212,6),(95,49),(29,105),(325,145),(2,141),(53,125),(254,81),(230,28),(6,90),(219,89),(331,120),(97,16),(337,67),(205,51),(280,153),(98,64),(320,74),(327,3),(169,121),(28,68),
220:(212,6),(94,49),(29,105),(325,145),(2,141),(53,125),(255,81),(230,28),(6,90),(219,89),(331,120),(97,16),(337,67),(205,51),(281,153),(98,64),(320,75),(327,3),(169,121),(28,68),
221:(212,6),(93,49),(29,105),(325,145),(2,141),(53,125),(256,81),(230,28),(6,90),(219,89),(331,120),(97,16),(337,67),(205,51),(282,153),(98,64),(320,76),(327,3),(169,121),(28,68),
222:(212,6),(92,49),(29,105),(325,145),(2,141),(53,125),(257,81),(230,28),(6,90),(219,89),(331,120),(97,16),(337,67),(205,51),(283,153),(98,64),(320,77),(327,3),(169,121),(28,68),
223:(212,6),(91,49),(29,105),(325,145),(2,141),(53,125),(258,81),(230,28),(6,90),(219,89),(331,120),(97,16),(337,67),(205,51),(284,153),(98,64),(320,78),(327,3),(169,121),(28,68),
224:(212,6),(90,49),(29,105),(325,145),(2,141),(53,125),(259,81),(230,28),(6,90),(219,89),(331,120),(97,16),(337,67),(205,51),(285,153),(98,64),(320,79),(327,3),(169,121),(28,68),
225:(212,6),(89,49),(29,105),(325,145),(2,141),(53,125),(260,81),(230,28),(6,90),(219,89),(331,120),(97,16),(337,67),(205,51),(286,153),(98,64),(320,80),(327,3),(169,121),(28,68),
226:(212,6),(88,49),(29,105),(325,145),(2,141),(53,125),(261,81),(230,28),(6,90),(219,89),(331,120),(97,16),(337,67),(205,51),(287,153),(98,64),(320,81),(327,3),(169,121),(28,68),
227:(212,6),(87,49),(29,105),(325,145),(2,141),(53,125),(262,81),(230,28),(6,90),(219,89),(331,120),(97,16),(337,67),(205,51),(288,153),(98,64),(320,82),(327,3),(169,121),(28,68),
228:(212,6),(86,49),(29,105),(325,145),(2,141),(53,125),(263,81),(230,28),(6,90),(219,89),(331,120),(97,16),(337,67),(205,51),(289,153),(98,64),(320,83),(327,3),(169,121),(28,68),
229:(212,6),(85,49),(29,105),(325,145),(2,141),(53,125),(264,81),(230,28),(6,90),(219,89),(331,120),(97,16),(337,67),(205,51),(290,153),(98,64),(320,84),(327,3),(169,121),(28,68),
230:(212,6),(84,49),(29,105),(325,145),(2,141),(53,125),(265,81),(230,28),(6,90),(219,89),(331,120),(97,16),(337,67),(205,51),(291,153),(98,64),(320,85),(327,3),(169,121),(28,68),
231:(212,6),(83,49),(29,105),(325,145),(2,141),(53,125),(266,81),(230,28),(6,90),(219,89),(331,120),(97,16),(337,67),(205,51),(292,153),(98,64),(320,86),(327,3),(169,121),(28,68),
232:(212,6),(82,49),(29,105),(325,145),(2,141),(53,125),(267,81),(230,28),(6,90),(219,89),(331,120),(97,16),(337,67),(205,51),(293,153),(98,64),(320,87),(327,3),(169,121),(28,68),
233:(212,6),(81,49),(29,105),(325,145),(2,141),(53,125),(268,81),(230,28),(6,90),(219,89),(331,120),(97,16),(337,67),(205,51),(294,153),(98,64),(320,88),(327,3),(169,121),(28,68),
234:(212,6),(80,49),(29,105),(325,145),(2,141),(53,125),(269,81),(230,28),(6,90),(219,89),(331,120),(97,16),(337,67),(205,51),(295,153),(98,64),(320,89),(327,3),(169,121),(28,68),
235:(212,6),(79,49),(29,105),(325,145),(2,141),(53,125),(270,81),(230,28),(6,90),(219,89),(331,120),(97,16),(337,67),(205,51),(296,153),(98,64),(320,90),(327,3),(169,121),(28,68),
236:(212,6),(78,49),(29,105),(325,145),(2,141),(53,125),(271,81),(230,28),(6,90),(219,89),(331,120),(97,16),(337,67),(205,51),(297,153),(98,64),(320,91),(327,3),(169,121),(28,68),
237:(212,6),(77,49),(29,105),(325,145),(2,141),(53,125),(272,81),(230,28),(6,90),(219,89),(331,120),(97,16),(337,67),(205,51),(298,153),(98,64),(320,92),(327,3),(169,121),(28,68),
238:(212,6),(76,49),(29,105),(325,145),(2,141),(53,125),(273,81),(230,28),(6,90),(219,89),(331,120),(97,16),(337,67),(205,51),(299,153),(98,64),(320,93),(327,3),(169,121),(28,68),
239:(212,6),(75,49),(29,105),(325,145),(2,141),(53,125),(274,81),(230,28),(6,90),(219,89),(331,120),(97,16),(337,67),(205,51),(300,153),(98,64),(320,94),(327,3),(169,121),(28,68),
240:(212,6),(74,49),(29,105),(325,145),(2,141),(53,125),(275,81),(230,28),(6,90),(219,89),(331,120),(97,16),(337,67),(205,51),(301,153),(98,64),(320,95),(327,3),(169,121),(28,68),
241:(212,6),(73,49),(29,105),(325,145),(2,141),(53,125),(276,81),(230,28),(6,90),(219,89),(331,120),(97,16),(337,67),(205,51),(302,153),(98,64),(320,96),(327,3),(169,121),(28,68),
242:(212,6),(72,49),(29,105),(325,145),(2,141),(53,125),(277,81),(230,28),(6,90),(219,89),(331,120),(97,16),(337,67),(205,51),(303,153),(98,64),(320,97),(327,3),(169,121),(28,68),
243:(212,6),(71,49),(29,105),(325,145),(2,141),(53,125),(278,81),(230,28),(6,90),(219,89),(331,120),(97,16),(337,67),(205,51),(304,153),(98,64),(320,98),(327,3),(169,121),(28,68),
244:(212,6),(70,49),(29,105),(325,145),(2,141),(53,125),(279,81),(230,28),(6,90),(219,89),(331,120),(97,16),(337,67),(205,51),(305,153),(98,64),(320,99),(327,3),(169,121),(28,68),
245:(212,6),(69,49),(29,105),(325,145),(2,141),(53,125),(280,81),(230,28),(6,90),(219,89),(331,120),(97,16),(337,67),(205,51),(306,153),(98,64),(320,100),(327,3),(169,121),(28,68),
246:(212,6),(68,49),(29,105),(325,145),(2,141),(53,125),(281,81),(230,28),(6,90),(219,89),(331,120),(97,16),(337,67),(205,51),(307,153),(98,64),(320,101),(327,3),(169,121),(28,68),
247:(212,6),(67,49),(29,105),(325,145),(2,141),(53,125),(282,81),(230,28),(6,90),(219,89),(331,120),(97,16),(337,67),(205,51),(308,153),(98,64),(320,102),(327,3),(169,121),(28,68),
248:(212,6),(66,49),(29,105),(325,145),(2,141),(53,125),(283,81),(230,28),(6,90),(219,89),(331,120),(97,16),(337,67),(205,51),(309,153),(98,64),(320,103),(327,3),(169,121),(28,68),
249:(212,6),(65,49),(29,105),(325,145),(2,141),(53,125),(284,81),(230,28),(6,90),(219,89),(331,120),(97,16),(337,67),(205,51),(310,153),(98,64),(320,104),(327,3),(169,121),(28,68),
250:(212,6),(64,49),(29,105),(325,145),(2,141),(53,125),(285,81),(230,28),(6,90),(219,89),(331,120),(97,16),(337,67),(205,51),(311,153),(98,64),(320,105),(327,3),(169,121),(28,68),
251:(212,6),(63,49),(29,105),(325,145),(2,141),(53,125),(286,81),(230,28),(6,90),(219,89),(331,120),(97,16),(337,67),(205,51),(312,153),(98,64),(320,106),(327,3),(169,121),(28,68),
252:(212,6),(62,49),(29,105),(325,145),(2,141),(53,125),(287,81),(230,28),(6,90),(219,89),(331,120),(97,16),(337,67),(205,51),(313,153),(98,64),(320,107),(327,3),(169,121),(28,68),
253:(212,6),(61,49),(29,105),(325,145),(2,141),(53,125),(288,81),(230,28),(6,90),(219,89),(331,120),(97,16),(337,67),(205,51),(314,153),(98,64),(320,108),(327,3),(169,121),(28,68),
254:(212,6),(60,49),(29,105),(325,145),(2,141),(53,125),(289,81),(230,28),(6,90),(219,89),(331,120),(97,16),(337,67),(205,51),(315,153),(98,64),(320,109),(327,3),(169,121),(28,68),
255:(212,6),(59,49),(29,105),(325,145),(2,141),(53,125),(290,81),(230,28),(6,90),(219,89),(331,120),(97,16),(337,67),(205,51),(316,153),(98,64),(320,110),(327,3),(169,121),(28,68),
256:(212,6),(58,49),(29,105),(325,145),(2,141),(53,125),(291,81),(230,28),(6,90),(219,89),(331,120),(97,16),(337,67),(205,51),(317,153),(98,64),(320,111),(327,3),(169,121),(28,68),
257:(212,6),(57,49),(29,105),(325,145),(2,141),(53,125),(292,81),(230,28),(6,90),(219,89),(331,120),(97,16),(337,67),(205,51),(318,153),(98,64),(320,112),(327,3),(169,121),(28,68),
258:(212,6),(56,49),(29,105),(325,145),(2,141),(53,125),(293,81),(230,28),(6,90),(219,89),(331,120),(97,16),(337,67),(205,51),(319,153),(98,64),(320,113),(327,3),(169,121),(28,68),
259:(212,6),(55,49),(29,105),(325,145),(2,141),(53,125),(294,81),(230,28),(6,90),(219,89),(331,120),(97,16),(337,67),(205,51),(320,153),(98,64),(320,114),(327,3),(169,121),(28,68),
260:(212,6),(54,49),(29,105),(325,145),(2,141),(53,125),(295,81),(230,28),(6,90),(219,89),(331,120),(97,16),(337,67),(205,51),(321,153),(98,64),(320,115),(327,3),(169,121),(28,68),
261:(212,6),(53,49),(29,105),(325,145),(2,141),(53,125),(296,81),(230,28),(6,90),(219,89),(331,120),(97,16),(337,67),(205,51),(322,153),(98,64),(320,116),(327,3),(169,121),(28,68),
262:(212,6),(52,49),(29,105),(325,145),(2,141),(53,125),(297,81),(230,28),(6,90),(219,89),(331,120),(97,16),(337,67),(205,51),(323,153),(98,64),(320,117),(327,3),(169,121),(28,68),
263:(212,6),(51,49),(29,105),(325,145),(2,141),(53,125),(298,81),(230,28),(6,90),(219,89),(331,120),(97,16),(337,67),(205,51),(324,153),(98,64),(320,118),(327,3),(169,121),(28,68),
264:(212,6),(50,49),(29,105),(325,145),(2,141),(53,125),(299,81),(230,28),(6,90),(219,89),(331,120),(97,16),(337,67),(205,51),(325,153),(98,64),(320,119),(327,3),(169,121),(28,68),
265:(212,6),(49,49),(29,105),(325,145),(2,141),(53,125),(300,81),(230,28),(6,90),(219,89),(331,120),(97,16),(337,67),(205,51),(326,153),(98,64),(320,120),(327,3),(169,121),(28,68),
266:(212,6),(48,49),(29,105),(325,145),(2,141),(53,125),(301,81),(230,28),(6,90),(219,89),(331,120),(97,16),(337,67),(205,51),(327,153),(98,64),(320,121),(327,3),(169,121),(28,68),
267:(212,6),(47,49),(29,105),(325,145),(2,141),(53,125),(302,81),(230,28),(6,90),(219,89),(331,120),(97,16),(337,67),(205,51),(328,153),(98,64),(320,122),(327,3),(169,121),(28,68),
268:(212,6),(46,49),(29,105),(325,145),(2,141),(53,125),(303,81),(230,28),(6,90),(219,89),(331,120),(97,16),(337,67),(205,51),(329,153),(98,64),(320,123),(327,3),(169,121),(28,68),
269:(212,6),(45,49),(29,105),(325,145),(2,141),(53,125),(304,81),(230,28),(6,90),(219,89),(331,120),(97,16),(337,67),(205,51),(330,153),(98,64),(320,124),(327,3),(169,121),(28,68),
270:(212,6),(44,49),(29,105),(325,145),(2,141),(53,125),(305,81),(230,28),(6,90),(219,89),(331,120),(97,16),(337,67),(205,51),(331,153),(98,64),(320,125),(327,3),(169,121),(28,68),
271:(212,6),(43,49),(29,105),(325,145),(2,141),(53,125),(306,81),(230,28),(6,90),(219,89),(331,120),(97,16),(337,67),(205,51),(332,153),(98,64),(320,126),(327,3),(169,121),(28,68),
272:(212,6),(43,50),(29,105),(325,145),(2,141),(53,125),(307,81),(230,28),(6,90),(219,89),(331,120),(97,16),(337,67),(205,51),(333,153),(98,64),(320,127),(327,3),(169,121),(28,68),
273:(212,6),(43,51),(29,105),(325,145),(2,141),(53,125),(308,81),(230,28),(6,90),(219,89),(331,120),(97,16),(337,67),(205,51),(334,153),(98,64),(320,128),(327,3),(169,121),(28,68),
274:(212,6),(43,52),(29,105),(325,145),(2,141),(53,125),(309,81),(230,28),(6,90),(219,89),(331,120),(97,16),(337,67),(205,51),(334,152),(98,64),(320,129),(327,3),(169,121),(28,68),
275:(212,6),(43,53),(29,105),(325,145),(2,141),(53,125),(310,81),(230,28),(6,90),(219,89),(331,120),(97,16),(337,67),(205,51),(334,151),(98,64),(320,130),(327,3),(169,121),(28,68),
276:(212,6),(43,54),(29,105),(325,145),(2,141),(53,125),(311,81),(230,28),(6,90),(219,89),(331,120),(97,16),(337,67),(205,51),(334,150),(98,64),(320,131),(327,3),(169,121),(28,68),
277:(212,6),(43,55),(29,105),(325,145),(2,141),(53,125),(312,81),(230,28),(6,90),(219,89),(331,120),(97,16),(337,67),(205,51),(334,149),(98,64),(320,132),(327,3),(169,121),(28,68),
278:(212,6),(43,56),(29,105),(325,145),(2,141),(53,125),(313,81),(230,28),(6,90),(219,89),(331,120),(97,16),(337,67),(205,51),(334,148),(98,64),(320,133),(327,3),(169,121),(28,68),
279:(212,6),(43,57),(29,105),(325,145),(2,141),(53,125),(314,81),(230,28),(6,90),(219,89),(331,120),(97,16),(337,67),(205,51),(334,147),(98,64),(320,134),(327,3),(169,121),(28,68),
280:(212,6),(43,58),(29,105),(325,145),(2,141),(53,125),(315,81),(230,28),(6,90),(219,89),(331,120),(97,16),(337,67),(205,51),(334,146),(98,64),(320,135),(327,3),(169,121),(28,68),
281:(212,6),(43,59),(29,105),(325,145),(2,141),(53,125),(316,81),(230,28),(6,90),(219,89),(331,120),(97,16),(337,67),(205,51),(334,145),(98,64),(320,136),(327,3),(169,121),(28,68),
282:(212,6),(43,60),(29,105),(325,145),(2,141),(53,125),(317,81),(230,28),(6,90),(219,89),(331,120),(97,16),(337,67),(205,51),(334,144),(98,64),(320,136),(327,3),(169,121),(28,68),
283:(212,6),(43,60),(29,105),(325,145),(2,141),(53,125),(318,81),(230,28),(6,90),(219,89),(331,120),(97,16),(337,67),(205,51),(334,143),(98,64),(320,136),(327,3),(169,121),(28,68),
284:(212,6),(43,60),(29,105),(325,145),(2,141),(53,125),(319,81),(230,28),(6,90),(219,89),(331,120),(97,16),(337,67),(205,51),(334,142),(98,64),(320,136),(327,3),(169,121),(28,68),
285:(212,6),(43,60),(29,105),(325,145),(2,141),(53,125),(320,81),(230,28),(6,90),(219,89),(331,120),(97,16),(337,67),(205,51),(334,141),(98,64),(320,136),(327,3),(169,121),(28,68),
286:(212,6),(43,60),(29,105),(325,145),(2,141),(53,125),(321,81),(230,28),(6,90),(219,89),(331,120),(97,16),(337,67),(205,51),(334,140),(98,64),(320,136),(327,3),(169,121),(28,68),
287:(212,6),(43,60),(29,105),(325,145),(2,141),(53,125),(322,81),(230,28),(6,90),(219,89),(331,120),(97,16),(337,67),(205,51),(334,139),(98,64),(320,136),(327,3),(169,121),(28,68),
288:(212,6),(43,60),(29,105),(325,145),(2,141),(53,125),(323,81),(230,28),(6,90),(219,89),(331,120),(97,16),(337,67),(205,51),(334,138),(98,64),(320,136),(327,3),(169,121),(28,68),
289:(212,6),(43,60),(29,105),(325,145),(2,141),(53,125),(324,81),(230,28),(6,90),(219,89),(331,120),(97,16),(337,67),(205,51),(334,137),(98,64),(320,136),(327,3),(169,121),(28,68),
290:(212,6),(43,60),(29,105),(325,145),(2,141),(53,125),(325,81),(230,28),(6,90),(219,89),(331,120),(97,16),(337,67),(205,51),(334,136),(98,64),(320,136),(327,3),(169,121),(28,68),
291:(212,6),(43,60),(29,105),(325,145),(2,141),(53,125),(326,81),(230,28),(6,90),(219,89),(331,120),(97,16),(337,67),(205,51),(334,135),(98,64),(320,136),(327,3),(169,121),(28,68),
292:(212,6),(43,60),(29,105),(325,145),(2,141),(53,125),(327,81),(230,28),(6,90),(219,89),(331,120),(97,16),(337,67),(205,51),(334,134),(98,64),(320,136),(327,3),(169,121),(28,68),
293:(212,6),(43,60),(29,105),(325,145),(2,141),(53,125),(328,81),(230,28),(6,90),(219,89),(331,120),(97,16),(337,67),(205,51),(334,133),(98,64),(320,136),(327,3),(169,121),(28,68),
294:(212,6),(43,60),(29,105),(325,145),(2,141),(53,125),(329,81),(230,28),(6,90),(219,89),(331,120),(97,16),(337,67),(205,51),(334,132),(98,64),(320,136),(327,3),(169,121),(28,68),
295:(212,6),(43,60),(29,105),(325,145),(2,141),(53,125),(330,81),(230,28),(6,90),(219,89),(331,120),(97,16),(337,67),(205,51),(334,131),(98,64),(320,136),(327,3),(169,121),(28,68),
296:(212,6),(43,60),(29,105),(325,145),(2,141),(53,125),(330,82),(230,28),(6,90),(219,89),(331,120),(97,16),(337,67),(205,51),(334,130),(98,64),(320,136),(327,3),(169,121),(28,68),
297:(212,6),(43,60),(29,105),(325,145),(2,141),(53,125),(330,83),(230,28),(6,90),(219,89),(331,120),(97,16),(337,67),(205,51),(334,129),(98,64),(320,136),(327,3),(169,121),(28,68),
298:(212,6),(43,60),(29,105),(325,145),(2,141),(53,125),(330,84),(230,28),(6,90),(219,89),(331,120),(97,16),(337,67),(205,51),(334,128),(98,64),(320,136),(327,3),(169,121),(28,68),
299:(212,6),(43,60),(29,105),(325,145),(2,141),(53,125),(330,85),(230,28),(6,90),(219,89),(331,120),(97,16),(337,67),(205,51),(334,127),(98,64),(320,136),(327,3),(169,121),(28,68),
300:(212,6),(43,60),(29,105),(325,145),(2,141),(53,125),(330,86),(230,28),(6,90),(219,89),(331,120),(97,16),(337,67),(205,51),(334,126),(98,64),(320,136),(327,3),(169,121),(28,68),
301:(212,6),(43,60),(29,105),(325,145),(2,141),(53,125),(330,87),(230,28),(6,90),(219,89),(331,120),(97,16),(337,67),(205,51),(334,125),(98,64),(320,136),(327,3),(169,121),(28,68),
302:(212,6),(43,60),(29,105),(325,145),(2,141),(53,125),(330,88),(230,28),(6,90),(219,89),(331,120),(97,16),(337,67),(205,51),(334,124),(98,64),(320,136),(327,3),(169,121),(28,68),
303:(212,6),(43,60),(29,105),(325,145),(2,141),(53,125),(330,89),(230,28),(6,90),(219,89),(331,120),(97,16),(337,67),(205,51),(334,123),(98,64),(320,136),(327,3),(169,121),(28,68),
304:(212,6),(43,60),(29,105),(325,145),(2,141),(53,125),(330,90),(230,28),(6,90),(219,89),(331,120),(97,16),(337,67),(205,51),(334,122),(98,64),(320,136),(327,3),(169,121),(28,68),
305:(212,6),(43,60),(29,105),(325,145),(2,141),(53,125),(330,91),(230,28),(6,90),(219,89),(331,120),(97,16),(337,67),(205,51),(334,121),(98,64),(320,136),(327,3),(169,121),(28,68),
306:(212,6),(43,60),(29,105),(325,145),(2,141),(53,125),(330,92),(230,28),(6,90),(219,89),(331,120),(97,16),(337,67),(205,51),(334,120),(98,64),(320,136),(327,3),(169,121),(28,68),
307:(212,6),(43,60),(29,105),(325,145),(2,141),(53,125),(330,93),(230,28),(6,90),(219,89),(331,120),(97,16),(337,67),(205,51),(334,119),(98,64),(320,136),(327,3),(169,121),(28,68),
308:(212,6),(43,60),(29,105),(325,145),(2,141),(53,125),(330,94),(230,28),(6,90),(219,89),(331,120),(97,16),(337,67),(205,51),(334,118),(98,64),(320,136),(327,3),(169,121),(28,68),
309:(212,6),(43,60),(29,105),(325,145),(2,141),(53,125),(330,95),(230,28),(6,90),(219,89),(331,120),(97,16),(337,67),(205,51),(334,117),(98,64),(320,136),(327,3),(169,121),(28,68),
310:(212,6),(43,60),(29,105),(325,145),(2,141),(53,125),(330,96),(230,28),(6,90),(219,89),(331,120),(97,16),(337,67),(205,51),(334,116),(98,64),(320,136),(327,3),(169,121),(28,68),
311:(212,6),(43,60),(29,105),(325,145),(2,141),(53,125),(330,97),(230,28),(6,90),(219,89),(331,120),(97,16),(337,67),(205,51),(334,115),(98,64),(320,136),(327,3),(169,121),(28,68),
312:(212,6),(43,60),(29,105),(325,145),(2,141),(53,125),(330,98),(230,28),(6,90),(219,89),(331,120),(97,16),(337,67),(205,51),(334,114),(98,64),(320,136),(327,3),(169,121),(28,68),
313:(212,6),(43,60),(29,105),(325,145),(2,141),(53,125),(330,99),(230,28),(6,90),(219,89),(331,120),(97,16),(337,67),(205,51),(334,113),(98,64),(320,136),(327,3),(169,121),(28,68),
314:(212,6),(43,60),(29,105),(325,145),(2,141),(53,125),(330,100),(230,28),(6,90),(219,89),(331,120),(97,16),(337,67),(205,51),(334,112),(98,64),(320,136),(327,3),(169,121),(28,68),
315:(212,6),(43,60),(29,105),(325,145),(2,141),(53,125),(330,101),(230,28),(6,90),(219,89),(331,120),(97,16),(337,67),(205,51),(334,111),(98,64),(320,136),(327,3),(169,121),(28,68),
316:(212,6),(43,60),(29,105),(325,145),(2,141),(53,125),(330,102),(230,28),(6,90),(219,89),(331,120),(97,16),(337,67),(205,51),(334,110),(98,64),(320,136),(327,3),(169,121),(28,68),
317:(212,6),(43,60),(29,105),(325,145),(2,141),(53,125),(330,103),(230,28),(6,90),(219,89),(331,120),(97,16),(337,67),(205,51),(334,109),(98,64),(320,136),(327,3),(169,121),(28,68),
318:(212,6),(43,60),(29,105),(325,145),(2,141),(53,125),(330,104),(230,28),(6,90),(219,89),(331,120),(97,16),(337,67),(205,51),(334,108),(98,64),(320,136),(327,3),(169,121),(28,68),
319:(212,6),(43,60),(29,105),(325,145),(2,141),(53,125),(330,105),(230,28),(6,90),(219,89),(331,120),(97,16),(337,67),(205,51),(334,107),(98,64),(320,136),(327,3),(169,121),(28,68),
320:(212,6),(43,60),(29,105),(325,145),(2,141),(53,125),(330,106),(230,28),(6,90),(219,89),(331,120),(97,16),(337,67),(205,51),(334,106),(98,64),(320,136),(327,3),(169,121),(28,68),
321:(212,6),(43,60),(29,105),(325,145),(2,141),(53,125),(330,107),(230,28),(6,90),(219,89),(331,120),(97,16),(337,67),(205,51),(334,105),(98,64),(320,136),(327,3),(169,121),(28,68),
322:(212,6),(43,60),(29,105),(325,145),(2,141),(53,125),(330,108),(230,28),(6,90),(219,89),(331,120),(97,16),(337,67),(205,51),(334,104),(98,64),(320,136),(327,3),(169,121),(28,68),
323:(212,6),(43,60),(29,105),(325,145),(2,141),(53,125),(330,109),(230,28),(6,90),(219,89),(331,120),(97,16),(337,67),(205,51),(334,103),(98,64),(320,136),(327,3),(169,121),(28,68),
324:(212,6),(43,60),(29,105),(325,145),(2,141),(53,125),(330,110),(230,28),(6,90),(219,89),(331,120),(97,16),(337,67),(205,51),(334,102),(98,64),(320,136),(327,3),(169,121),(28,68),
325:(212,6),(43,60),(29,105),(325,145),(2,141),(53,125),(330,111),(230,28),(6,90),(219,89),(331,120),(97,16),(337,67),(205,51),(334,101),(98,64),(320,136),(327,3),(169,121),(28,68),
326:(212,6),(43,60),(29,105),(325,145),(2,141),(53,125),(330,112),(230,28),(6,90),(219,89),(331,120),(97,16),(337,67),(205,51),(334,100),(98,64),(320,136),(327,3),(169,121),(28,68),
327:(212,6),(43,60),(29,105),(325,145),(2,141),(53,125),(330,113),(230,28),(6,90),(219,89),(331,120),(97,16),(337,67),(205,51),(334,99),(98,64),(320,136),(327,3),(169,121),(28,68),
328:(212,6),(43,60),(29,105),(325,145),(2,141),(53,125),(330,114),(230,28),(6,90),(219,89),(331,120),(97,16),(337,67),(205,51),(334,98),(98,64),(320,136),(327,3),(169,121),(28,68),
329:(212,6),(43,60),(29,105),(325,145),(2,141),(53,125),(330,115),(230,28),(6,90),(219,89),(331,120),(97,16),(337,67),(205,51),(334,97),(98,64),(320,136),(327,3),(169,121),(28,68),
330:(212,6),(43,60),(29,105),(325,145),(2,141),(53,125),(330,116),(230,28),(6,90),(219,89),(331,120),(97,16),(337,67),(205,51),(334,96),(98,64),(320,136),(327,3),(169,121),(28,68),
331:(212,6),(43,60),(29,105),(325,145),(2,141),(53,125),(330,117),(230,28),(6,90),(219,89),(331,120),(97,16),(337,67),(205,51),(334,95),(98,64),(320,136),(327,3),(169,121),(28,68),
332:(212,6),(43,60),(29,105),(325,145),(2,141),(53,125),(330,118),(230,28),(6,90),(219,89),(331,120),(97,16),(337,67),(205,51),(334,94),(98,64),(320,136),(327,3),(169,121),(28,68),
333:(212,6),(43,60),(29,105),(325,145),(2,141),(53,125),(330,119),(230,28),(6,90),(219,89),(331,120),(97,16),(337,67),(205,51),(334,93),(98,64),(320,136),(327,3),(169,121),(28,68),
334:(212,6),(43,60),(29,105),(325,145),(2,141),(53,125),(330,120),(230,28),(6,90),(219,89),(331,120),(97,16),(337,67),(205,51),(334,92),(98,64),(320,136),(327,3),(169,121),(28,68),
335:(212,6),(43,60),(29,105),(325,145),(2,141),(53,125),(330,121),(230,28),(6,90),(219,89),(331,120),(97,16),(337,67),(205,51),(334,91),(98,64),(320,136),(327,3),(169,121),(28,68),
336:(212,6),(43,60),(29,105),(325,145),(2,141),(53,125),(331,121),(230,28),(6,90),(219,89),(331,120),(97,16),(337,67),(205,51),(334,90),(98,64),(320,136),(327,3),(169,121),(28,68),
337:(212,6),(43,60),(29,105),(325,145),(2,141),(53,125),(331,121),(230,28),(6,90),(219,89),(331,120),(97,16),(337,67),(205,51),(334,89),(98,64),(320,136),(327,3),(169,121),(28,68),
338:(212,6),(43,60),(29,105),(325,145),(2,141),(53,125),(331,121),(230,28),(6,90),(219,89),(331,120),(97,16),(337,67),(205,51),(334,88),(98,64),(320,136),(327,3),(169,121),(28,68),
339:(212,6),(43,60),(29,105),(325,145),(2,141),(53,125),(331,121),(230,28),(6,90),(219,89),(331,120),(97,16),(337,67),(205,51),(334,87),(98,64),(320,136),(327,3),(169,121),(28,68),
340:(212,6),(43,60),(29,105),(325,145),(2,141),(53,125),(331,121),(230,28),(6,90),(219,89),(331,120),(97,16),(337,67),(205,51),(334,86),(98,64),(320,136),(327,3),(169,121),(28,68),
341:(212,6),(43,60),(29,105),(325,145),(2,141),(53,125),(331,121),(230,28),(6,90),(219,89),(331,120),(97,16),(337,67),(205,51),(334,85),(98,64),(320,136),(327,3),(169,121),(28,68),
342:(212,6),(43,60),(29,105),(325,145),(2,141),(53,125),(331,121),(230,28),(6,90),(219,89),(331,120),(97,16),(337,67),(205,51),(334,84),(98,64),(320,136),(327,3),(169,121),(28,68),
343:(212,6),(43,60),(29,105),(325,145),(2,141),(53,125),(331,121),(230,28),(6,90),(219,89),(331,120),(97,16),(337,67),(205,51),(334,83),(98,64),(320,136),(327,3),(169,121),(28,68),
344:(212,6),(43,60),(29,105),(325,145),(2,141),(53,125),(331,121),(230,28),(6,90),(219,89),(331,120),(97,16),(337,67),(205,51),(334,82),(98,64),(320,136),(327,3),(169,121),(28,68),
345:(212,6),(43,60),(29,105),(325,145),(2,141),(53,125),(331,121),(230,28),(6,90),(219,89),(331,120),(97,16),(337,67),(205,51),(334,81),(98,64),(320,136),(327,3),(169,121),(28,68),
346:(212,6),(43,60),(29,105),(325,145),(2,141),(53,125),(331,121),(230,28),(6,90),(219,89),(331,120),(97,16),(337,67),(205,51),(334,80),(98,64),(320,136),(327,3),(169,121),(28,68),
347:(212,6),(43,60),(29,105),(325,145),(2,141),(53,125),(331,121),(230,28),(6,90),(219,89),(331,120),(97,16),(337,67),(205,51),(334,79),(98,64),(320,136),(327,3),(169,121),(28,68),
348:(212,6),(43,60),(29,105),(325,145),(2,141),(53,125),(331,121),(230,28),(6,90),(219,89),(331,120),(97,16),(337,67),(205,51),(334,78),(98,64),(320,136),(327,3),(169,121),(28,68),
349:(212,6),(43,60),(29,105),(325,145),(2,141),(53,125),(331,121),(230,28),(6,90),(219,89),(331,120),(97,16),(337,67),(205,51),(334,77),(98,64),(320,136),(327,3),(169,121),(28,68),
350:(212,6),(43,60),(29,105),(325,145),(2,141),(53,125),(331,121),(230,28),(6,90),(219,89),(331,120),(97,16),(337,67),(205,51),(334,76),(98,64),(320,136),(327,3),(169,121),(28,68),
351:(212,6),(43,60),(29,105),(325,145),(2,141),(53,125),(331,121),(230,28),(6,90),(219,89),(331,120),(97,16),(337,67),(205,51),(334,75),(98,64),(320,136),(327,3),(169,121),(28,68),
352:(212,6),(43,60),(29,105),(325,145),(2,141),(53,125),(331,121),(230,28),(6,90),(219,89),(331,120),(97,16),(337,67),(205,51),(334,74),(98,64),(320,136),(327,3),(169,121),(28,68),
353:(212,6),(43,60),(29,105),(325,145),(2,141),(53,125),(331,121),(230,28),(6,90),(219,89),(331,120),(97,16),(337,67),(205,51),(334,73),(98,64),(320,136),(327,3),(169,121),(28,68),
354:(212,6),(43,60),(29,105),(325,145),(2,141),(53,125),(331,121),(230,28),(6,90),(219,89),(331,120),(97,16),(337,67),(205,51),(334,72),(98,64),(320,136),(327,3),(169,121),(28,68),
355:(212,6),(43,60),(29,105),(325,145),(2,141),(53,125),(331,121),(230,28),(6,90),(219,89),(331,120),(97,16),(337,67),(205,51),(334,71),(98,64),(320,136),(327,3),(169,121),(28,68),
