instance=temp_instance.txt
agents=20
map_file=warehouse-20-40-10-2-2.map
solver=HCA
solved=1
soc=3340
lb_soc=3340
makespan=412
lb_makespan=412
comp_time=52
preprocessing_comp_time=11
starts=(319,101),(242,100),(238,85),(7,82),(120,130),(23,154),(213,101),(280,6),(124,73),(330,81),(298,39),(273,101),(144,85),(282,150),(218,5),(202,54),(103,21),(230,85),(1,41),(32,29),
goals=(266,6),(310,127),(103,10),(295,12),(97,83),(23,155),(83,121),(18,156),(116,66),(309,75),(73,96),(46,26),(87,154),(118,106),(42,140),(145,79),(145,54),(279,53),(86,72),(258,74),
solution=
0:(319,101),(242,100),(238,85),(7,82),(120,130),(23,154),(213,101),(280,6),(124,73),(330,81),(298,39),(273,101),(144,85),(282,150),(218,5),(202,54),(103,21),(230,85),(1,41),(32,29),
1:(318,101),(242,101),(237,85),(8,82),(119,130),(23,155),(212,101),(279,6),(123,73),(329,81),(297,39),(272,101),(143,85),(281,150),(217,5),(201,54),(104,21),(230,84),(2,41),(33,29),
2:(317,101),(243,101),(236,85),(9,82),(118,130),(23,155),(211,101),(278,6),(122,73),(328,81),(296,39),(271,101),(142,85),(280,150),(216,5),(200,54),(105,21),(230,83),(3,41),(34,29),
3:(316,101),(244,101),(235,85),(10,82),(117,130),(23,155),(210,101),(277,6),(121,73),(327,81),(295,39),(270,101),(141,85),(279,150),(215,5),(199,54),(106,21),(230,82),(4,41),(35,29),
4:(315,101),(245,101),(234,85),(11,82),(116,130),(23,155),(209,101),(277,7),(121,72),(326,81),(294,39),(269,101),(140,85),(278,150),(214,5),(198,54),(107,21),(231,82),(5,41),(36,29),
5:(314,101),(246,101),(233,85),(12,82),(115,130),(23,155),(208,101),(277,8),(121,71),(325,81),(293,39),(268,101),(139,85),(277,150),(213,5),(197,54),(108,21),(232,82),(6,41),(37,29),
6:(313,101),(247,101),(232,85),(13,82),(114,130),(23,155),(207,101),(277,9),(121,70),(324,81),(292,39),(267,101),(138,85),(276,150),(212,5),(196,54),(109,21),(233,82),(7,41),(38,29),
7:(312,101),(248,101),(231,85),(14,82),(113,130),(23,155),(206,101),(276,9),(121,69),(323,81),(291,39),(266,101),(137,85),(275,150),(211,5),(195,54),(110,21),(234,82),(8,41),(39,29),
8:(311,101),(249,101),(230,85),(15,82),(112,130),(23,155),(205,101),(275,9),(121,68),(322,81),(290,39),(265,101),(136,85),(274,150),(210,5),(194,54),(111,21),(235,82),(9,41),(40,29),
9:(310,101),(250,101),(229,85),(16,82),(111,130),(23,155),(204,101),(274,9),(121,67),(321,81),(289,39),(264,101),(135,85),(273,150),(209,5),(193,54),(112,21),(236,82),(10,41),(41,29),
10:(309,101),(251,101),(228,85),(17,82),(110,130),(23,155),(203,101),(273,9),(121,66),(320,81),(289,40),(263,101),(134,85),(272,150),(208,5),(192,54),(113,21),(237,82),(11,41),(42,29),
11:(308,101),(252,101),(227,85),(18,82),(109,130),(23,155),(202,101),(272,9),(120,66),(319,81),(289,41),(262,101),(133,85),(271,150),(207,5),(191,54),(114,21),(238,82),(12,41),(43,29),
12:(307,101),(253,101),(226,85),(19,82),(108,130),(23,155),(201,101),(271,9),(119,66),(318,81),(288,41),(261,101),(132,85),(270,150),(206,5),(190,54),(115,21),(239,82),(13,41),(44,29),
13:(306,101),(254,101),(225,85),(20,82),(107,130),(23,155),(200,101),(270,9),(118,66),(317,81),(287,41),(260,101),(131,85),(269,150),(205,5),(189,54),(116,21),(240,82),(14,41),(45,29),
14:(305,101),(255,101),(224,85),(21,82),(106,130),(23,155),(199,101),(269,9),(117,66),(316,81),(286,41),(259,101),(130,85),(268,150),(204,5),(188,54),(117,21),(241,82),(15,41),(46,29),
15:(304,101),(256,101),(223,85),(22,82),(105,130),(23,155),(198,101),(268,9),(116,66),(315,81),(285,41),(258,101),(129,85),(267,150),(203,5),(187,54),(118,21),(242,82),(16,41),(47,29),
16:(303,101),(256,102),(222,85),(23,82),(104,130),(23,155),(197,101),(267,9),(116,66),(314,81),(284,41),(257,101),(128,85),(266,150),(202,5),(186,54),(119,21),(243,82),(17,41),(48,29),
17:(302,101),(257,102),(221,85),(24,82),(103,130),(23,155),(196,101),(266,9),(116,66),(313,81),(283,41),(256,101),(127,85),(265,150),(201,5),(185,54),(120,21),(244,82),(18,41),(49,29),
18:(301,101),(258,102),(220,85),(25,82),(102,130),(23,155),(195,101),(265,9),(116,66),(312,81),(282,41),(255,101),(126,85),(264,150),(200,5),(184,54),(121,21),(245,82),(19,41),(50,29),
19:(300,101),(259,102),(219,85),(26,82),(101,130),(23,155),(194,101),(264,9),(116,66),(311,81),(281,41),(254,101),(125,85),(263,150),(199,5),(183,54),(122,21),(246,82),(20,41),(51,29),
20:(299,101),(260,102),(218,85),(27,82),(100,130),(23,155),(193,101),(263,9),(116,66),(310,81),(280,41),(253,101),(124,85),(262,150),(198,5),(182,54),(123,21),(247,82),(21,41),(52,29),
21:(298,101),(261,102),(217,85),(28,82),(99,130),(23,155),(192,101),(262,9),(116,66),(309,81),(279,41),(252,101),(123,85),(261,150),(197,5),(181,54),(124,21),(248,82),(22,41),(53,29),
22:(297,101),(262,102),(216,85),(29,82),(98,130),(23,155),(191,101),(261,9),(116,66),(309,80),(278,41),(251,101),(122,85),(260,150),(196,5),(180,54),(125,21),(249,82),(23,41),(54,29),
23:(296,101),(263,102),(215,85),(30,82),(98,129),(23,155),(190,101),(260,9),(116,66),(309,79),(277,41),(250,101),(121,85),(259,150),(195,5),(179,54),(126,21),(250,82),(24,41),(55,29),
24:(295,101),(264,102),(214,85),(31,82),(98,128),(23,155),(189,101),(259,9),(116,66),(309,78),(276,41),(249,101),(120,85),(258,150),(194,5),(178,54),(127,21),(251,82),(25,41),(56,29),
25:(294,101),(265,102),(213,85),(32,82),(98,127),(23,155),(188,101),(258,9),(116,66),(309,77),(275,41),(248,101),(119,85),(257,150),(193,5),(177,54),(128,21),(252,82),(26,41),(57,29),
26:(293,101),(266,102),(212,85),(33,82),(98,126),(23,155),(187,101),(257,9),(116,66),(309,76),(274,41),(247,101),(118,85),(256,150),(192,5),(176,54),(129,21),(253,82),(27,41),(58,29),
27:(292,101),(267,102),(211,85),(34,82),(98,125),(23,155),(186,101),(256,9),(116,66),(309,75),(273,41),(246,101),(117,85),(255,150),(191,5),(175,54),(130,21),(254,82),(28,41),(59,29),
28:(291,101),(268,102),(210,85),(35,82),(98,124),(23,155),(185,101),(255,9),(116,66),(309,75),(272,41),(245,101),(116,85),(254,150),(190,5),(174,54),(131,21),(255,82),(29,41),(60,29),
29:(290,101),(269,102),(209,85),(36,82),(98,123),(23,155),(184,101),(254,9),(116,66),(309,75),(271,41),(244,101),(115,85),(253,150),(189,5),(173,54),(132,21),(256,82),(30,41),(61,29),
30:(289,101),(270,102),(208,85),(37,82),(98,122),(23,155),(183,101),(253,9),(116,66),(309,75),(270,41),(243,101),(114,85),(252,150),(188,5),(172,54),(133,21),(257,82),(31,41),(62,29),
31:(288,101),(271,102),(207,85),(38,82),(98,121),(23,155),(182,101),(252,9),(116,66),(309,75),(269,41),(242,101),(113,85),(251,150),(187,5),(171,54),(134,21),(258,82),(32,41),(63,29),
32:(287,101),(272,102),(206,85),(39,82),(98,120),(23,155),(181,101),(251,9),(116,66),(309,75),(268,41),(241,101),(112,85),(250,150),(186,5),(170,54),(135,21),(259,82),(33,41),(64,29),
33:(286,101),(273,102),(205,85),(40,82),(98,119),(23,155),(180,101),(250,9),(116,66),(309,75),(267,41),(240,101),(111,85),(249,150),(185,5),(169,54),(136,21),(260,82),(34,41),(65,29),
34:(285,101),(274,102),(204,85),(41,82),(98,118),(23,155),(179,101),(249,9),(116,66),(309,75),(266,41),(239,101),(110,85),(248,150),(184,5),(168,54),(137,21),(261,82),(35,41),(66,29),
35:(284,101),(275,102),(203,85),(42,82),(98,117),(23,155),(178,101),(248,9),(116,66),(309,75),(265,41),(238,101),(109,85),(247,150),(183,5),(167,54),(138,21),(262,82),(36,41),(67,29),
36:(283,101),(276,102),(202,85),(43,82),(98,116),(23,155),(177,101),(247,9),(116,66),(309,75),(264,41),(237,101),(108,85),(246,150),(182,5),(166,54),(139,21),(263,82),(37,41),(68,29),
37:(282,101),(277,102),(201,85),(44,82),(98,115),(23,155),(176,101),(246,9),(116,66),(309,75),(263,41),(236,101),(107,85),(245,150),(181,5),(165,54),(140,21),(264,82),(38,41),(69,29),
38:(281,101),(278,102),(200,85),(45,82),(98,114),(23,155),(175,101),(245,9),(116,66),(309,75),(262,41),(235,101),(106,85),(244,150),(180,5),(164,54),(141,21),(265,82),(39,41),(70,29),
39:(280,101),(279,102),(199,85),(46,82),(98,113),(23,155),(174,101),(244,9),(116,66),(309,75),(261,41),(234,101),(105,85),(243,150),(179,5),(163,54),(142,21),(266,82),(40,41),(71,29),
40:(279,101),(280,102),(198,85),(47,82),(98,112),(23,155),(173,101),(243,9),(116,66),(309,75),(260,41),(233,101),(104,85),(242,150),(178,5),(162,54),(143,21),(267,82),(41,41),(72,29),
41:(278,101),(281,102),(197,85),(48,82),(98,111),(23,155),(172,101),(242,9),(116,66),(309,75),(259,41),(232,101),(103,85),(241,150),(177,5),(161,54),(144,21),(268,82),(42,41),(73,29),
42:(277,101),(282,102),(196,85),(49,82),(98,110),(23,155),(171,101),(241,9),(116,66),(309,75),(258,41),(231,101),(102,85),(240,150),(176,5),(160,54),(145,21),(269,82),(43,41),(74,29),
43:(277,100),(283,102),(195,85),(50,82),(98,109),(23,155),(170,101),(240,9),(116,66),(309,75),(257,41),(230,101),(101,85),(239,150),(175,5),(159,54),(145,22),(270,82),(44,41),(75,29),
44:(277,99),(284,102),(194,85),(51,82),(98,108),(23,155),(169,101),(239,9),(116,66),(309,75),(256,41),(229,101),(100,85),(238,150),(174,5),(158,54),(145,23),(271,82),(45,41),(76,29),
45:(277,98),(285,102),(193,85),(52,82),(98,107),(23,155),(168,101),(238,9),(116,66),(309,75),(255,41),(228,101),(99,85),(237,150),(173,5),(157,54),(145,24),(272,82),(46,41),(77,29),
46:(276,98),(286,102),(192,85),(53,82),(98,106),(23,155),(167,101),(237,9),(116,66),(309,75),(254,41),(227,101),(98,85),(236,150),(172,5),(156,54),(145,25),(273,82),(47,41),(78,29),
47:(275,98),(287,102),(191,85),(54,82),(98,105),(23,155),(166,101),(236,9),(116,66),(309,75),(253,41),(226,101),(97,85),(235,150),(171,5),(155,54),(145,26),(274,82),(48,41),(79,29),
48:(274,98),(288,102),(190,85),(55,82),(98,104),(23,155),(165,101),(235,9),(116,66),(309,75),(252,41),(225,101),(97,86),(234,150),(170,5),(154,54),(145,27),(275,82),(49,41),(80,29),
49:(273,98),(289,102),(189,85),(56,82),(98,103),(23,155),(164,101),(234,9),(116,66),(309,75),(251,41),(224,101),(97,87),(233,150),(169,5),(153,54),(145,28),(276,82),(50,41),(81,29),
50:(272,98),(290,102),(188,85),(57,82),(98,102),(23,155),(163,101),(233,9),(116,66),(309,75),(250,41),(223,101),(97,88),(232,150),(168,5),(152,54),(145,29),(277,82),(51,41),(82,29),
51:(271,98),(291,102),(187,85),(58,82),(98,101),(23,155),(162,101),(232,9),(116,66),(309,75),(249,41),(222,101),(97,89),(231,150),(167,5),(151,54),(145,30),(278,82),(52,41),(83,29),
52:(270,98),(292,102),(186,85),(59,82),(98,100),(23,155),(161,101),(231,9),(116,66),(309,75),(248,41),(221,101),(97,90),(230,150),(166,5),(150,54),(145,31),(278,81),(53,41),(84,29),
53:(269,98),(293,102),(185,85),(60,82),(98,99),(23,155),(160,101),(230,9),(116,66),(309,75),(247,41),(220,101),(97,91),(229,150),(165,5),(149,54),(145,32),(278,80),(54,41),(85,29),
54:(268,98),(294,102),(184,85),(61,82),(98,98),(23,155),(159,101),(229,9),(116,66),(309,75),(246,41),(219,101),(97,92),(228,150),(164,5),(148,54),(145,33),(278,79),(55,41),(86,29),
55:(267,98),(295,102),(183,85),(62,82),(98,97),(23,155),(158,101),(228,9),(116,66),(309,75),(245,41),(218,101),(97,93),(227,150),(163,5),(147,54),(145,34),(278,78),(56,41),(87,29),
56:(266,98),(296,102),(182,85),(63,82),(98,96),(23,155),(157,101),(227,9),(116,66),(309,75),(244,41),(217,101),(97,94),(226,150),(162,5),(146,54),(145,35),(278,77),(57,41),(88,29),
57:(266,97),(297,102),(181,85),(64,82),(98,95),(23,155),(156,101),(226,9),(116,66),(309,75),(243,41),(217,100),(97,95),(225,150),(161,5),(146,55),(145,36),(278,76),(58,41),(89,29),
58:(266,96),(298,102),(180,85),(65,82),(97,95),(23,155),(155,101),(225,9),(116,66),(309,75),(242,41),(217,99),(97,96),(224,150),(160,5),(145,55),(145,37),(278,75),(59,41),(90,29),
59:(266,95),(299,102),(179,85),(66,82),(97,94),(23,155),(154,101),(224,9),(116,66),(309,75),(241,41),(217,98),(97,97),(223,150),(159,5),(145,56),(145,38),(278,74),(60,41),(91,29),
60:(266,94),(300,102),(178,85),(67,82),(97,93),(23,155),(153,101),(223,9),(116,66),(309,75),(240,41),(216,98),(97,98),(222,150),(158,5),(145,57),(145,39),(278,73),(61,41),(92,29),
61:(266,93),(301,102),(177,85),(68,82),(97,92),(23,155),(152,101),(222,9),(116,66),(309,75),(239,41),(215,98),(97,99),(221,150),(157,5),(145,58),(145,40),(278,72),(62,41),(93,29),
62:(266,92),(302,102),(176,85),(69,82),(97,91),(23,155),(151,101),(221,9),(116,66),(309,75),(238,41),(214,98),(97,100),(220,150),(156,5),(145,59),(145,41),(278,71),(63,41),(94,29),
63:(266,91),(303,102),(175,85),(70,82),(97,90),(23,155),(150,101),(220,9),(116,66),(309,75),(237,41),(213,98),(97,101),(219,150),(155,5),(145,60),(145,42),(278,70),(64,41),(95,29),
64:(266,90),(304,102),(174,85),(71,82),(97,89),(23,155),(149,101),(219,9),(116,66),(309,75),(236,41),(212,98),(97,102),(218,150),(154,5),(145,61),(145,43),(278,69),(65,41),(96,29),
65:(266,89),(305,102),(173,85),(72,82),(97,88),(23,155),(148,101),(218,9),(116,66),(309,75),(235,41),(211,98),(97,103),(217,150),(153,5),(145,62),(145,44),(278,68),(66,41),(97,29),
66:(266,88),(306,102),(172,85),(73,82),(97,87),(23,155),(147,101),(217,9),(116,66),(309,75),(234,41),(210,98),(97,104),(216,150),(152,5),(145,63),(145,45),(278,67),(67,41),(98,29),
67:(266,87),(307,102),(171,85),(74,82),(97,86),(23,155),(146,101),(216,9),(116,66),(309,75),(233,41),(209,98),(97,105),(215,150),(151,5),(145,64),(145,46),(278,66),(68,41),(99,29),
68:(266,86),(308,102),(170,85),(75,82),(97,85),(23,155),(145,101),(215,9),(116,66),(309,75),(232,41),(208,98),(97,106),(214,150),(150,5),(145,65),(145,47),(278,65),(69,41),(100,29),
69:(266,85),(309,102),(169,85),(76,82),(97,84),(23,155),(144,101),(214,9),(116,66),(309,75),(231,41),(207,98),(97,107),(213,150),(149,5),(145,66),(145,48),(278,64),(70,41),(101,29),
70:(266,84),(310,102),(168,85),(77,82),(97,83),(23,155),(143,101),(213,9),(116,66),(309,75),(230,41),(206,98),(97,108),(212,150),(148,5),(145,67),(145,49),(278,63),(71,41),(102,29),
71:(266,83),(310,103),(167,85),(78,82),(97,83),(23,155),(142,101),(212,9),(116,66),(309,75),(229,41),(205,98),(97,109),(211,150),(147,5),(145,68),(145,50),(278,62),(72,41),(103,29),
72:(266,82),(310,104),(166,85),(79,82),(97,83),(23,155),(141,101),(211,9),(116,66),(309,75),(228,41),(204,98),(97,110),(210,150),(146,5),(145,69),(145,51),(278,61),(73,41),(104,29),
73:(266,81),(310,105),(165,85),(80,82),(97,83),(23,155),(140,101),(210,9),(116,66),(309,75),(227,41),(203,98),(97,111),(209,150),(145,5),(145,70),(145,52),(278,60),(74,41),(105,29),
74:(266,80),(310,106),(164,85),(81,82),(97,83),(23,155),(139,101),(209,9),(116,66),(309,75),(226,41),(202,98),(97,112),(208,150),(144,5),(145,71),(145,53),(278,59),(75,41),(106,29),
75:(266,79),(310,107),(163,85),(82,82),(97,83),(23,155),(138,101),(208,9),(116,66),(309,75),(225,41),(201,98),(97,113),(207,150),(143,5),(145,72),(145,54),(278,58),(76,41),(107,29),
76:(266,78),(310,108),(162,85),(83,82),(97,83),(23,155),(137,101),(207,9),(116,66),(309,75),(224,41),(200,98),(97,114),(206,150),(142,5),(145,73),(145,54),(278,57),(77,41),(108,29),
77:(266,77),(310,109),(161,85),(84,82),(97,83),(23,155),(136,101),(206,9),(116,66),(309,75),(223,41),(199,98),(97,115),(205,150),(141,5),(145,74),(145,54),(278,56),(78,41),(109,29),
78:(266,76),(310,110),(160,85),(85,82),(97,83),(23,155),(135,101),(205,9),(116,66),(309,75),(222,41),(198,98),(97,116),(204,150),(140,5),(145,75),(145,54),(278,55),(79,41),(110,29),
79:(266,75),(310,111),(159,85),(86,82),(97,83),(23,155),(134,101),(204,9),(116,66),(309,75),(221,41),(197,98),(97,117),(203,150),(139,5),(145,76),(145,54),(278,54),(80,41),(111,29),
80:(266,74),(310,112),(158,85),(87,82),(97,83),(23,155),(133,101),(203,9),(116,66),(309,75),(220,41),(196,98),(97,118),(202,150),(138,5),(145,77),(145,54),(279,54),(81,41),(112,29),
81:(266,73),(310,113),(157,85),(88,82),(97,83),(23,155),(132,101),(202,9),(116,66),(309,75),(219,41),(195,98),(97,119),(201,150),(137,5),(145,78),(145,54),(279,53),(82,41),(113,29),
82:(266,72),(310,114),(156,85),(89,82),(97,83),(23,155),(131,101),(201,9),(116,66),(309,75),(218,41),(194,98),(97,120),(200,150),(136,5),(145,79),(145,54),(279,53),(83,41),(114,29),
83:(266,71),(310,115),(155,85),(90,82),(97,83),(23,155),(130,101),(200,9),(116,66),(309,75),(217,41),(193,98),(97,121),(199,150),(135,5),(145,79),(145,54),(279,53),(84,41),(115,29),
84:(266,70),(310,116),(154,85),(91,82),(97,83),(23,155),(129,101),(199,9),(116,66),(309,75),(216,41),(192,98),(97,122),(198,150),(134,5),(145,79),(145,54),(279,53),(85,41),(116,29),
85:(266,69),(310,117),(153,85),(92,82),(97,83),(23,155),(128,101),(198,9),(116,66),(309,75),(215,41),(191,98),(97,123),(197,150),(133,5),(145,79),(145,54),(279,53),(86,41),(117,29),
86:(266,68),(310,118),(152,85),(93,82),(97,83),(23,155),(127,101),(197,9),(116,66),(309,75),(214,41),(190,98),(97,124),(196,150),(132,5),(145,79),(145,54),(279,53),(86,42),(118,29),
87:(266,67),(310,119),(151,85),(94,82),(97,83),(23,155),(126,101),(196,9),(116,66),(309,75),(213,41),(189,98),(97,125),(195,150),(131,5),(145,79),(145,54),(279,53),(86,43),(119,29),
88:(266,66),(310,120),(150,85),(95,82),(97,83),(23,155),(125,101),(195,9),(116,66),(309,75),(212,41),(188,98),(97,126),(194,150),(130,5),(145,79),(145,54),(279,53),(86,44),(120,29),
89:(266,65),(310,121),(149,85),(96,82),(97,83),(23,155),(124,101),(194,9),(116,66),(309,75),(211,41),(187,98),(97,127),(193,150),(129,5),(145,79),(145,54),(279,53),(86,45),(121,29),
90:(266,64),(310,122),(148,85),(97,82),(97,83),(23,155),(123,101),(193,9),(116,66),(309,75),(210,41),(186,98),(97,128),(192,150),(128,5),(145,79),(145,54),(279,53),(86,46),(122,29),
91:(266,63),(310,123),(147,85),(98,82),(97,83),(23,155),(122,101),(192,9),(116,66),(309,75),(209,41),(185,98),(97,129),(191,150),(127,5),(145,79),(145,54),(279,53),(86,47),(123,29),
92:(266,62),(310,124),(146,85),(99,82),(97,83),(23,155),(121,101),(191,9),(116,66),(309,75),(208,41),(184,98),(97,130),(190,150),(126,5),(145,79),(145,54),(279,53),(86,48),(124,29),
93:(266,61),(310,125),(145,85),(100,82),(97,83),(23,155),(120,101),(190,9),(116,66),(309,75),(207,41),(183,98),(97,131),(189,150),(125,5),(145,79),(145,54),(279,53),(86,49),(125,29),
94:(266,60),(310,126),(145,84),(101,82),(97,83),(23,155),(119,101),(189,9),(116,66),(309,75),(206,41),(182,98),(97,132),(188,150),(124,5),(145,79),(145,54),(279,53),(86,50),(126,29),
95:(266,59),(310,127),(145,83),(102,82),(97,83),(23,155),(118,101),(188,9),(116,66),(309,75),(205,41),(181,98),(97,133),(187,150),(123,5),(145,79),(145,54),(279,53),(86,51),(127,29),
96:(266,58),(310,127),(145,82),(103,82),(97,83),(23,155),(117,101),(187,9),(116,66),(309,75),(204,41),(180,98),(97,134),(186,150),(122,5),(145,79),(145,54),(279,53),(86,52),(128,29),
97:(266,57),(310,127),(144,82),(104,82),(97,83),(23,155),(116,101),(186,9),(116,66),(309,75),(203,41),(179,98),(97,135),(185,150),(121,5),(145,79),(145,54),(279,53),(86,53),(129,29),
98:(266,56),(310,127),(143,82),(105,82),(97,83),(23,155),(115,101),(185,9),(116,66),(309,75),(202,41),(178,98),(97,136),(184,150),(120,5),(145,79),(145,54),(279,53),(86,54),(130,29),
99:(266,55),(310,127),(142,82),(106,82),(97,83),(23,155),(114,101),(184,9),(116,66),(309,75),(201,41),(177,98),(97,137),(183,150),(119,5),(145,79),(145,54),(279,53),(86,55),(131,29),
100:(266,54),(310,127),(141,82),(107,82),(97,83),(23,155),(113,101),(183,9),(116,66),(309,75),(200,41),(176,98),(97,138),(182,150),(118,5),(145,79),(145,54),(279,53),(86,56),(132,29),
101:(266,53),(310,127),(140,82),(108,82),(97,83),(23,155),(112,101),(182,9),(116,66),(309,75),(199,41),(175,98),(97,139),(181,150),(117,5),(145,79),(145,54),(279,53),(86,57),(133,29),
102:(266,52),(310,127),(139,82),(109,82),(97,83),(23,155),(111,101),(181,9),(116,66),(309,75),(198,41),(174,98),(97,140),(180,150),(116,5),(145,79),(145,54),(279,53),(86,58),(134,29),
103:(266,51),(310,127),(138,82),(110,82),(97,83),(23,155),(110,101),(180,9),(116,66),(309,75),(197,41),(173,98),(97,141),(179,150),(115,5),(145,79),(145,54),(279,53),(86,59),(135,29),
104:(266,50),(310,127),(137,82),(111,82),(97,83),(23,155),(109,101),(179,9),(116,66),(309,75),(196,41),(172,98),(97,142),(178,150),(114,5),(145,79),(145,54),(279,53),(86,60),(136,29),
105:(266,49),(310,127),(136,82),(112,82),(97,83),(23,155),(108,101),(178,9),(116,66),(309,75),(195,41),(171,98),(97,143),(177,150),(113,5),(145,79),(145,54),(279,53),(86,61),(137,29),
106:(266,48),(310,127),(135,82),(113,82),(97,83),(23,155),(107,101),(177,9),(116,66),(309,75),(194,41),(170,98),(97,144),(176,150),(112,5),(145,79),(145,54),(279,53),(86,62),(138,29),
107:(266,47),(310,127),(134,82),(114,82),(97,83),(23,155),(106,101),(176,9),(116,66),(309,75),(193,41),(169,98),(97,145),(175,150),(111,5),(145,79),(145,54),(279,53),(86,63),(139,29),
108:(266,46),(310,127),(133,82),(115,82),(97,83),(23,155),(105,101),(175,9),(116,66),(309,75),(192,41),(168,98),(97,146),(174,150),(110,5),(145,79),(145,54),(279,53),(86,64),(140,29),
109:(266,45),(310,127),(132,82),(116,82),(97,83),(23,155),(104,101),(174,9),(116,66),(309,75),(191,41),(167,98),(97,147),(173,150),(109,5),(145,79),(145,54),(279,53),(86,65),(141,29),
110:(266,44),(310,127),(131,82),(117,82),(97,83),(23,155),(103,101),(173,9),(116,66),(309,75),(190,41),(166,98),(97,148),(172,150),(108,5),(145,79),(145,54),(279,53),(86,66),(142,29),
111:(266,43),(310,127),(130,82),(118,82),(97,83),(23,155),(102,101),(172,9),(116,66),(309,75),(189,41),(165,98),(97,149),(171,150),(107,5),(145,79),(145,54),(279,53),(86,67),(143,29),
112:(266,42),(310,127),(129,82),(119,82),(97,83),(23,155),(101,101),(171,9),(116,66),(309,75),(188,41),(164,98),(97,150),(170,150),(106,5),(145,79),(145,54),(279,53),(86,68),(144,29),
113:(266,41),(310,127),(128,82),(120,82),(97,83),(23,155),(100,101),(170,9),(116,66),(309,75),(187,41),(163,98),(97,151),(169,150),(105,5),(145,79),(145,54),(279,53),(86,69),(145,29),
114:(266,40),(310,127),(127,82),(121,82),(97,83),(23,155),(99,101),(169,9),(116,66),(309,75),(186,41),(162,98),(97,152),(168,150),(104,5),(145,79),(145,54),(279,53),(86,70),(146,29),
115:(266,39),(310,127),(126,82),(122,82),(97,83),(23,155),(98,101),(168,9),(116,66),(309,75),(185,41),(161,98),(97,153),(167,150),(103,5),(145,79),(145,54),(279,53),(86,71),(147,29),
116:(266,38),(310,127),(125,82),(123,82),(97,83),(23,155),(97,101),(167,9),(116,66),(309,75),(184,41),(160,98),(96,153),(166,150),(102,5),(145,79),(145,54),(279,53),(86,72),(148,29),
117:(266,37),(310,127),(125,81),(124,82),(97,83),(23,155),(96,101),(166,9),(116,66),(309,75),(183,41),(159,98),(95,153),(165,150),(101,5),(145,79),(145,54),(279,53),(86,72),(149,29),
118:(266,36),(310,127),(124,81),(125,82),(97,83),(23,155),(95,101),(165,9),(116,66),(309,75),(182,41),(158,98),(94,153),(164,150),(100,5),(145,79),(145,54),(279,53),(86,72),(150,29),
119:(266,35),(310,127),(123,81),(126,82),(97,83),(23,155),(94,101),(164,9),(116,66),(309,75),(181,41),(157,98),(93,153),(163,150),(99,5),(145,79),(145,54),(279,53),(86,72),(151,29),
120:(266,34),(310,127),(122,81),(127,82),(97,83),(23,155),(93,101),(163,9),(116,66),(309,75),(180,41),(156,98),(92,153),(162,150),(98,5),(145,79),(145,54),(279,53),(86,72),(152,29),
121:(266,33),(310,127),(121,81),(128,82),(97,83),(23,155),(92,101),(162,9),(116,66),(309,75),(179,41),(155,98),(91,153),(161,150),(97,5),(145,79),(145,54),(279,53),(86,72),(153,29),
122:(266,32),(310,127),(120,81),(129,82),(97,83),(23,155),(91,101),(161,9),(116,66),(309,75),(178,41),(154,98),(90,153),(160,150),(96,5),(145,79),(145,54),(279,53),(86,72),(154,29),
123:(266,31),(310,127),(119,81),(130,82),(97,83),(23,155),(90,101),(160,9),(116,66),(309,75),(177,41),(153,98),(89,153),(159,150),(95,5),(145,79),(145,54),(279,53),(86,72),(155,29),
124:(266,30),(310,127),(118,81),(131,82),(97,83),(23,155),(89,101),(159,9),(116,66),(309,75),(176,41),(152,98),(88,153),(158,150),(94,5),(145,79),(145,54),(279,53),(86,72),(156,29),
125:(266,29),(310,127),(117,81),(132,82),(97,83),(23,155),(88,101),(158,9),(116,66),(309,75),(175,41),(151,98),(87,153),(157,150),(93,5),(145,79),(145,54),(279,53),(86,72),(157,29),
126:(266,28),(310,127),(116,81),(133,82),(97,83),(23,155),(87,101),(157,9),(116,66),(309,75),(174,41),(150,98),(87,154),(156,150),(92,5),(145,79),(145,54),(279,53),(86,72),(158,29),
127:(266,27),(310,127),(115,81),(134,82),(97,83),(23,155),(86,101),(156,9),(116,66),(309,75),(173,41),(149,98),(87,154),(155,150),(91,5),(145,79),(145,54),(279,53),(86,72),(159,29),
128:(266,26),(310,127),(114,81),(135,82),(97,83),(23,155),(85,101),(155,9),(116,66),(309,75),(172,41),(148,98),(87,154),(154,150),(90,5),(145,79),(145,54),(279,53),(86,72),(160,29),
129:(266,25),(310,127),(113,81),(136,82),(97,83),(23,155),(85,102),(154,9),(116,66),(309,75),(171,41),(147,98),(87,154),(153,150),(89,5),(145,79),(145,54),(279,53),(86,72),(161,29),
130:(266,24),(310,127),(112,81),(137,82),(97,83),(23,155),(85,103),(153,9),(116,66),(309,75),(170,41),(146,98),(87,154),(152,150),(88,5),(145,79),(145,54),(279,53),(86,72),(162,29),
131:(266,23),(310,127),(111,81),(138,82),(97,83),(23,155),(85,104),(152,9),(116,66),(309,75),(169,41),(145,98),(87,154),(151,150),(87,5),(145,79),(145,54),(279,53),(86,72),(163,29),
132:(266,22),(310,127),(110,81),(139,82),(97,83),(23,155),(85,105),(151,9),(116,66),(309,75),(168,41),(144,98),(87,154),(150,150),(86,5),(145,79),(145,54),(279,53),(86,72),(164,29),
133:(266,21),(310,127),(109,81),(140,82),(97,83),(23,155),(85,106),(150,9),(116,66),(309,75),(167,41),(143,98),(87,154),(149,150),(85,5),(145,79),(145,54),(279,53),(86,72),(165,29),
134:(266,20),(310,127),(109,80),(141,82),(97,83),(23,155),(85,107),(149,9),(116,66),(309,75),(166,41),(142,98),(87,154),(148,150),(84,5),(145,79),(145,54),(279,53),(86,72),(166,29),
135:(266,19),(310,127),(109,79),(142,82),(97,83),(23,155),(85,108),(148,9),(116,66),(309,75),(165,41),(141,98),(87,154),(147,150),(83,5),(145,79),(145,54),(279,53),(86,72),(167,29),
136:(266,18),(310,127),(109,78),(143,82),(97,83),(23,155),(85,109),(147,9),(116,66),(309,75),(164,41),(140,98),(87,154),(146,150),(82,5),(145,79),(145,54),(279,53),(86,72),(168,29),
137:(266,17),(310,127),(109,77),(144,82),(97,83),(23,155),(85,110),(146,9),(116,66),(309,75),(163,41),(139,98),(87,154),(145,150),(81,5),(145,79),(145,54),(279,53),(86,72),(169,29),
138:(266,16),(310,127),(109,76),(145,82),(97,83),(23,155),(85,111),(145,9),(116,66),(309,75),(162,41),(138,98),(87,154),(144,150),(80,5),(145,79),(145,54),(279,53),(86,72),(170,29),
139:(266,15),(310,127),(109,75),(146,82),(97,83),(23,155),(85,112),(144,9),(116,66),(309,75),(161,41),(137,98),(87,154),(143,150),(79,5),(145,79),(145,54),(279,53),(86,72),(171,29),
140:(266,14),(310,127),(109,74),(147,82),(97,83),(23,155),(85,113),(143,9),(116,66),(309,75),(160,41),(136,98),(87,154),(142,150),(78,5),(145,79),(145,54),(279,53),(86,72),(172,29),
141:(266,13),(310,127),(109,73),(148,82),(97,83),(23,155),(85,114),(142,9),(116,66),(309,75),(159,41),(135,98),(87,154),(141,150),(77,5),(145,79),(145,54),(279,53),(86,72),(173,29),
142:(266,12),(310,127),(109,72),(149,82),(97,83),(23,155),(85,115),(141,9),(116,66),(309,75),(158,41),(134,98),(87,154),(140,150),(76,5),(145,79),(145,54),(279,53),(86,72),(174,29),
143:(266,11),(310,127),(109,71),(150,82),(97,83),(23,155),(85,116),(140,9),(116,66),(309,75),(157,41),(133,98),(87,154),(139,150),(75,5),(145,79),(145,54),(279,53),(86,72),(175,29),
144:(266,10),(310,127),(109,70),(151,82),(97,83),(23,155),(85,117),(139,9),(116,66),(309,75),(156,41),(132,98),(87,154),(138,150),(74,5),(145,79),(145,54),(279,53),(86,72),(176,29),
145:(266,9),(310,127),(109,69),(152,82),(97,83),(23,155),(85,118),(138,9),(116,66),(309,75),(155,41),(131,98),(87,154),(137,150),(73,5),(145,79),(145,54),(279,53),(86,72),(177,29),
146:(266,8),(310,127),(109,68),(153,82),(97,83),(23,155),(85,119),(137,9),(116,66),(309,75),(154,41),(130,98),(87,154),(136,150),(72,5),(145,79),(145,54),(279,53),(86,72),(178,29),
147:(266,7),(310,127),(109,67),(154,82),(97,83),(23,155),(85,120),(136,9),(116,66),(309,75),(153,41),(129,98),(87,154),(135,150),(71,5),(145,79),(145,54),(279,53),(86,72),(179,29),
148:(266,6),(310,127),(109,66),(155,82),(97,83),(23,155),(85,121),(135,9),(116,66),(309,75),(152,41),(128,98),(87,154),(134,150),(70,5),(145,79),(145,54),(279,53),(86,72),(180,29),
149:(266,6),(310,127),(109,65),(156,82),(97,83),(23,155),(84,121),(134,9),(116,66),(309,75),(151,41),(127,98),(87,154),(133,150),(69,5),(145,79),(145,54),(279,53),(86,72),(181,29),
150:(266,6),(310,127),(109,64),(157,82),(97,83),(23,155),(83,121),(133,9),(116,66),(309,75),(150,41),(126,98),(87,154),(132,150),(68,5),(145,79),(145,54),(279,53),(86,72),(182,29),
151:(266,6),(310,127),(109,63),(158,82),(97,83),(23,155),(83,121),(132,9),(116,66),(309,75),(149,41),(125,98),(87,154),(131,150),(67,5),(145,79),(145,54),(279,53),(86,72),(183,29),
152:(266,6),(310,127),(109,62),(159,82),(97,83),(23,155),(83,121),(131,9),(116,66),(309,75),(148,41),(124,98),(87,154),(130,150),(66,5),(145,79),(145,54),(279,53),(86,72),(184,29),
153:(266,6),(310,127),(109,61),(160,82),(97,83),(23,155),(83,121),(130,9),(116,66),(309,75),(147,41),(123,98),(87,154),(129,150),(65,5),(145,79),(145,54),(279,53),(86,72),(185,29),
154:(266,6),(310,127),(109,60),(161,82),(97,83),(23,155),(83,121),(129,9),(116,66),(309,75),(146,41),(122,98),(87,154),(128,150),(64,5),(145,79),(145,54),(279,53),(86,72),(186,29),
155:(266,6),(310,127),(109,59),(162,82),(97,83),(23,155),(83,121),(128,9),(116,66),(309,75),(145,41),(121,98),(87,154),(127,150),(63,5),(145,79),(145,54),(279,53),(86,72),(187,29),
156:(266,6),(310,127),(109,58),(163,82),(97,83),(23,155),(83,121),(127,9),(116,66),(309,75),(144,41),(120,98),(87,154),(126,150),(62,5),(145,79),(145,54),(279,53),(86,72),(188,29),
157:(266,6),(310,127),(109,57),(164,82),(97,83),(23,155),(83,121),(126,9),(116,66),(309,75),(143,41),(119,98),(87,154),(125,150),(61,5),(145,79),(145,54),(279,53),(86,72),(189,29),
158:(266,6),(310,127),(109,56),(165,82),(97,83),(23,155),(83,121),(125,9),(116,66),(309,75),(142,41),(118,98),(87,154),(124,150),(60,5),(145,79),(145,54),(279,53),(86,72),(190,29),
159:(266,6),(310,127),(109,55),(166,82),(97,83),(23,155),(83,121),(124,9),(116,66),(309,75),(141,41),(117,98),(87,154),(123,150),(59,5),(145,79),(145,54),(279,53),(86,72),(191,29),
160:(266,6),(310,127),(109,54),(167,82),(97,83),(23,155),(83,121),(123,9),(116,66),(309,75),(140,41),(116,98),(87,154),(122,150),(58,5),(145,79),(145,54),(279,53),(86,72),(192,29),
161:(266,6),(310,127),(109,53),(168,82),(97,83),(23,155),(83,121),(122,9),(116,66),(309,75),(139,41),(115,98),(87,154),(121,150),(57,5),(145,79),(145,54),(279,53),(86,72),(193,29),
162:(266,6),(310,127),(109,52),(169,82),(97,83),(23,155),(83,121),(121,9),(116,66),(309,75),(138,41),(114,98),(87,154),(121,149),(56,5),(145,79),(145,54),(279,53),(86,72),(194,29),
163:(266,6),(310,127),(109,51),(170,82),(97,83),(23,155),(83,121),(120,9),(116,66),(309,75),(137,41),(113,98),(87,154),(121,148),(55,5),(145,79),(145,54),(279,53),(86,72),(195,29),
164:(266,6),(310,127),(109,50),(171,82),(97,83),(23,155),(83,121),(119,9),(116,66),(309,75),(136,41),(112,98),(87,154),(121,147),(54,5),(145,79),(145,54),(279,53),(86,72),(196,29),
165:(266,6),(310,127),(109,49),(172,82),(97,83),(23,155),(83,121),(118,9),(116,66),(309,75),(135,41),(111,98),(87,154),(121,146),(53,5),(145,79),(145,54),(279,53),(86,72),(197,29),
166:(266,6),(310,127),(109,48),(173,82),(97,83),(23,155),(83,121),(117,9),(116,66),(309,75),(134,41),(110,98),(87,154),(121,145),(52,5),(145,79),(145,54),(279,53),(86,72),(198,29),
167:(266,6),(310,127),(109,47),(174,82),(97,83),(23,155),(83,121),(116,9),(116,66),(309,75),(133,41),(109,98),(87,154),(121,144),(51,5),(145,79),(145,54),(279,53),(86,72),(199,29),
168:(266,6),(310,127),(109,46),(175,82),(97,83),(23,155),(83,121),(115,9),(116,66),(309,75),(132,41),(108,98),(87,154),(121,143),(50,5),(145,79),(145,54),(279,53),(86,72),(200,29),
169:(266,6),(310,127),(109,45),(176,82),(97,83),(23,155),(83,121),(114,9),(116,66),(309,75),(131,41),(107,98),(87,154),(121,142),(49,5),(145,79),(145,54),(279,53),(86,72),(201,29),
170:(266,6),(310,127),(109,44),(177,82),(97,83),(23,155),(83,121),(113,9),(116,66),(309,75),(130,41),(106,98),(87,154),(121,141),(48,5),(145,79),(145,54),(279,53),(86,72),(202,29),
171:(266,6),(310,127),(109,43),(178,82),(97,83),(23,155),(83,121),(112,9),(116,66),(309,75),(129,41),(105,98),(87,154),(121,140),(47,5),(145,79),(145,54),(279,53),(86,72),(203,29),
172:(266,6),(310,127),(109,42),(179,82),(97,83),(23,155),(83,121),(111,9),(116,66),(309,75),(128,41),(104,98),(87,154),(121,139),(46,5),(145,79),(145,54),(279,53),(86,72),(204,29),
173:(266,6),(310,127),(109,41),(180,82),(97,83),(23,155),(83,121),(110,9),(116,66),(309,75),(127,41),(103,98),(87,154),(121,138),(45,5),(145,79),(145,54),(279,53),(86,72),(205,29),
174:(266,6),(310,127),(109,40),(181,82),(97,83),(23,155),(83,121),(109,9),(116,66),(309,75),(126,41),(102,98),(87,154),(121,137),(44,5),(145,79),(145,54),(279,53),(86,72),(206,29),
175:(266,6),(310,127),(109,39),(182,82),(97,83),(23,155),(83,121),(108,9),(116,66),(309,75),(125,41),(101,98),(87,154),(121,136),(43,5),(145,79),(145,54),(279,53),(86,72),(207,29),
176:(266,6),(310,127),(109,38),(183,82),(97,83),(23,155),(83,121),(107,9),(116,66),(309,75),(124,41),(100,98),(87,154),(121,135),(42,5),(145,79),(145,54),(279,53),(86,72),(208,29),
177:(266,6),(310,127),(109,37),(184,82),(97,83),(23,155),(83,121),(106,9),(116,66),(309,75),(123,41),(99,98),(87,154),(121,134),(42,6),(145,79),(145,54),(279,53),(86,72),(209,29),
178:(266,6),(310,127),(109,36),(185,82),(97,83),(23,155),(83,121),(105,9),(116,66),(309,75),(122,41),(98,98),(87,154),(121,133),(42,7),(145,79),(145,54),(279,53),(86,72),(210,29),
179:(266,6),(310,127),(109,35),(186,82),(97,83),(23,155),(83,121),(104,9),(116,66),(309,75),(121,41),(97,98),(87,154),(121,132),(42,8),(145,79),(145,54),(279,53),(86,72),(211,29),
180:(266,6),(310,127),(109,34),(187,82),(97,83),(23,155),(83,121),(103,9),(116,66),(309,75),(120,41),(96,98),(87,154),(121,131),(42,9),(145,79),(145,54),(279,53),(86,72),(212,29),
181:(266,6),(310,127),(109,33),(188,82),(97,83),(23,155),(83,121),(102,9),(116,66),(309,75),(119,41),(95,98),(87,154),(121,130),(42,10),(145,79),(145,54),(279,53),(86,72),(213,29),
182:(266,6),(310,127),(109,32),(189,82),(97,83),(23,155),(83,121),(101,9),(116,66),(309,75),(118,41),(94,98),(87,154),(121,129),(42,11),(145,79),(145,54),(279,53),(86,72),(214,29),
183:(266,6),(310,127),(109,31),(190,82),(97,83),(23,155),(83,121),(100,9),(116,66),(309,75),(117,41),(93,98),(87,154),(121,128),(42,12),(145,79),(145,54),(279,53),(86,72),(215,29),
184:(266,6),(310,127),(109,30),(191,82),(97,83),(23,155),(83,121),(99,9),(116,66),(309,75),(116,41),(92,98),(87,154),(121,127),(42,13),(145,79),(145,54),(279,53),(86,72),(216,29),
185:(266,6),(310,127),(109,29),(192,82),(97,83),(23,155),(83,121),(98,9),(116,66),(309,75),(115,41),(91,98),(87,154),(121,126),(42,14),(145,79),(145,54),(279,53),(86,72),(217,29),
186:(266,6),(310,127),(109,28),(193,82),(97,83),(23,155),(83,121),(97,9),(116,66),(309,75),(114,41),(90,98),(87,154),(121,125),(42,15),(145,79),(145,54),(279,53),(86,72),(218,29),
187:(266,6),(310,127),(109,27),(194,82),(97,83),(23,155),(83,121),(96,9),(116,66),(309,75),(113,41),(89,98),(87,154),(121,124),(42,16),(145,79),(145,54),(279,53),(86,72),(219,29),
188:(266,6),(310,127),(109,26),(195,82),(97,83),(23,155),(83,121),(95,9),(116,66),(309,75),(112,41),(88,98),(87,154),(121,123),(42,17),(145,79),(145,54),(279,53),(86,72),(220,29),
189:(266,6),(310,127),(109,25),(196,82),(97,83),(23,155),(83,121),(94,9),(116,66),(309,75),(111,41),(87,98),(87,154),(121,122),(42,18),(145,79),(145,54),(279,53),(86,72),(221,29),
190:(266,6),(310,127),(109,24),(197,82),(97,83),(23,155),(83,121),(93,9),(116,66),(309,75),(110,41),(86,98),(87,154),(121,121),(42,19),(145,79),(145,54),(279,53),(86,72),(222,29),
191:(266,6),(310,127),(109,23),(198,82),(97,83),(23,155),(83,121),(92,9),(116,66),(309,75),(109,41),(85,98),(87,154),(121,120),(42,20),(145,79),(145,54),(279,53),(86,72),(223,29),
192:(266,6),(310,127),(109,22),(199,82),(97,83),(23,155),(83,121),(91,9),(116,66),(309,75),(108,41),(84,98),(87,154),(121,119),(42,21),(145,79),(145,54),(279,53),(86,72),(224,29),
193:(266,6),(310,127),(109,21),(200,82),(97,83),(23,155),(83,121),(90,9),(116,66),(309,75),(107,41),(83,98),(87,154),(121,118),(42,22),(145,79),(145,54),(279,53),(86,72),(225,29),
194:(266,6),(310,127),(109,20),(201,82),(97,83),(23,155),(83,121),(89,9),(116,66),(309,75),(106,41),(82,98),(87,154),(121,117),(42,23),(145,79),(145,54),(279,53),(86,72),(226,29),
195:(266,6),(310,127),(109,19),(202,82),(97,83),(23,155),(83,121),(88,9),(116,66),(309,75),(105,41),(81,98),(87,154),(121,116),(42,24),(145,79),(145,54),(279,53),(86,72),(227,29),
196:(266,6),(310,127),(109,18),(203,82),(97,83),(23,155),(83,121),(87,9),(116,66),(309,75),(104,41),(80,98),(87,154),(121,115),(42,25),(145,79),(145,54),(279,53),(86,72),(228,29),
197:(266,6),(310,127),(109,17),(204,82),(97,83),(23,155),(83,121),(86,9),(116,66),(309,75),(103,41),(79,98),(87,154),(121,114),(42,26),(145,79),(145,54),(279,53),(86,72),(229,29),
198:(266,6),(310,127),(109,16),(205,82),(97,83),(23,155),(83,121),(85,9),(116,66),(309,75),(102,41),(78,98),(87,154),(121,113),(42,27),(145,79),(145,54),(279,53),(86,72),(230,29),
199:(266,6),(310,127),(109,15),(206,82),(97,83),(23,155),(83,121),(84,9),(116,66),(309,75),(101,41),(77,98),(87,154),(121,112),(42,28),(145,79),(145,54),(279,53),(86,72),(231,29),
200:(266,6),(310,127),(109,14),(207,82),(97,83),(23,155),(83,121),(83,9),(116,66),(309,75),(100,41),(76,98),(87,154),(121,111),(42,29),(145,79),(145,54),(279,53),(86,72),(232,29),
201:(266,6),(310,127),(109,13),(208,82),(97,83),(23,155),(83,121),(82,9),(116,66),(309,75),(99,41),(75,98),(87,154),(121,110),(42,30),(145,79),(145,54),(279,53),(86,72),(233,29),
202:(266,6),(310,127),(109,12),(209,82),(97,83),(23,155),(83,121),(81,9),(116,66),(309,75),(98,41),(74,98),(87,154),(121,109),(42,31),(145,79),(145,54),(279,53),(86,72),(234,29),
203:(266,6),(310,127),(109,11),(210,82),(97,83),(23,155),(83,121),(80,9),(116,66),(309,75),(97,41),(73,98),(87,154),(121,108),(42,32),(145,79),(145,54),(279,53),(86,72),(235,29),
204:(266,6),(310,127),(109,10),(211,82),(97,83),(23,155),(83,121),(79,9),(116,66),(309,75),(96,41),(72,98),(87,154),(121,107),(42,33),(145,79),(145,54),(279,53),(86,72),(236,29),
205:(266,6),(310,127),(108,10),(212,82),(97,83),(23,155),(83,121),(78,9),(116,66),(309,75),(95,41),(71,98),(87,154),(121,106),(42,34),(145,79),(145,54),(279,53),(86,72),(237,29),
206:(266,6),(310,127),(107,10),(213,82),(97,83),(23,155),(83,121),(77,9),(116,66),(309,75),(94,41),(70,98),(87,154),(120,106),(42,35),(145,79),(145,54),(279,53),(86,72),(238,29),
207:(266,6),(310,127),(106,10),(214,82),(97,83),(23,155),(83,121),(76,9),(116,66),(309,75),(93,41),(69,98),(87,154),(119,106),(42,36),(145,79),(145,54),(279,53),(86,72),(239,29),
208:(266,6),(310,127),(105,10),(215,82),(97,83),(23,155),(83,121),(75,9),(116,66),(309,75),(92,41),(68,98),(87,154),(118,106),(42,37),(145,79),(145,54),(279,53),(86,72),(240,29),
209:(266,6),(310,127),(104,10),(216,82),(97,83),(23,155),(83,121),(74,9),(116,66),(309,75),(91,41),(67,98),(87,154),(118,106),(42,38),(145,79),(145,54),(279,53),(86,72),(241,29),
210:(266,6),(310,127),(103,10),(217,82),(97,83),(23,155),(83,121),(73,9),(116,66),(309,75),(90,41),(66,98),(87,154),(118,106),(42,39),(145,79),(145,54),(279,53),(86,72),(242,29),
211:(266,6),(310,127),(103,10),(218,82),(97,83),(23,155),(83,121),(72,9),(116,66),(309,75),(89,41),(65,98),(87,154),(118,106),(42,40),(145,79),(145,54),(279,53),(86,72),(243,29),
212:(266,6),(310,127),(103,10),(219,82),(97,83),(23,155),(83,121),(71,9),(116,66),(309,75),(88,41),(64,98),(87,154),(118,106),(42,41),(145,79),(145,54),(279,53),(86,72),(244,29),
213:(266,6),(310,127),(103,10),(220,82),(97,83),(23,155),(83,121),(70,9),(116,66),(309,75),(87,41),(63,98),(87,154),(118,106),(42,42),(145,79),(145,54),(279,53),(86,72),(245,29),
214:(266,6),(310,127),(103,10),(221,82),(97,83),(23,155),(83,121),(69,9),(116,66),(309,75),(86,41),(62,98),(87,154),(118,106),(42,43),(145,79),(145,54),(279,53),(86,72),(246,29),
215:(266,6),(310,127),(103,10),(222,82),(97,83),(23,155),(83,121),(68,9),(116,66),(309,75),(85,41),(61,98),(87,154),(118,106),(42,44),(145,79),(145,54),(279,53),(86,72),(247,29),
216:(266,6),(310,127),(103,10),(223,82),(97,83),(23,155),(83,121),(67,9),(116,66),(309,75),(84,41),(60,98),(87,154),(118,106),(42,45),(145,79),(145,54),(279,53),(86,72),(248,29),
217:(266,6),(310,127),(103,10),(224,82),(97,83),(23,155),(83,121),(66,9),(116,66),(309,75),(83,41),(59,98),(87,154),(118,106),(42,46),(145,79),(145,54),(279,53),(86,72),(249,29),
218:(266,6),(310,127),(103,10),(225,82),(97,83),(23,155),(83,121),(65,9),(116,66),(309,75),(82,41),(58,98),(87,154),(118,106),(42,47),(145,79),(145,54),(279,53),(86,72),(250,29),
219:(266,6),(310,127),(103,10),(226,82),(97,83),(23,155),(83,121),(64,9),(116,66),(309,75),(81,41),(57,98),(87,154),(118,106),(42,48),(145,79),(145,54),(279,53),(86,72),(251,29),
220:(266,6),(310,127),(103,10),(227,82),(97,83),(23,155),(83,121),(63,9),(116,66),(309,75),(80,41),(56,98),(87,154),(118,106),(42,49),(145,79),(145,54),(279,53),(86,72),(252,29),
221:(266,6),(310,127),(103,10),(228,82),(97,83),(23,155),(83,121),(62,9),(116,66),(309,75),(79,41),(55,98),(87,154),(118,106),(42,50),(145,79),(145,54),(279,53),(86,72),(253,29),
222:(266,6),(310,127),(103,10),(229,82),(97,83),(23,155),(83,121),(61,9),(116,66),(309,75),(78,41),(54,98),(87,154),(118,106),(42,51),(145,79),(145,54),(279,53),(86,72),(254,29),
223:(266,6),(310,127),(103,10),(230,82),(97,83),(23,155),(83,121),(60,9),(116,66),(309,75),(77,41),(53,98),(87,154),(118,106),(42,52),(145,79),(145,54),(279,53),(86,72),(254,30),
224:(266,6),(310,127),(103,10),(231,82),(97,83),(23,155),(83,121),(59,9),(116,66),(309,75),(76,41),(52,98),(87,154),(118,106),(42,53),(145,79),(145,54),(279,53),(86,72),(254,31),
225:(266,6),(310,127),(103,10),(232,82),(97,83),(23,155),(83,121),(58,9),(116,66),(309,75),(75,41),(51,98),(87,154),(118,106),(42,54),(145,79),(145,54),(279,53),(86,72),(254,32),
226:(266,6),(310,127),(103,10),(233,82),(97,83),(23,155),(83,121),(57,9),(116,66),(309,75),(74,41),(50,98),(87,154),(118,106),(42,55),(145,79),(145,54),(279,53),(86,72),(254,33),
227:(266,6),(310,127),(103,10),(234,82),(97,83),(23,155),(83,121),(56,9),(116,66),(309,75),(73,41),(49,98),(87,154),(118,106),(42,56),(145,79),(145,54),(279,53),(86,72),(254,34),
228:(266,6),(310,127),(103,10),(235,82),(97,83),(23,155),(83,121),(55,9),(116,66),(309,75),(73,42),(48,98),(87,154),(118,106),(42,57),(145,79),(145,54),(279,53),(86,72),(254,35),
229:(266,6),(310,127),(103,10),(236,82),(97,83),(23,155),(83,121),(54,9),(116,66),(309,75),(73,43),(47,98),(87,154),(118,106),(42,58),(145,79),(145,54),(279,53),(86,72),(254,36),
230:(266,6),(310,127),(103,10),(237,82),(97,83),(23,155),(83,121),(53,9),(116,66),(309,75),(73,44),(46,98),(87,154),(118,106),(42,59),(145,79),(145,54),(279,53),(86,72),(254,37),
231:(266,6),(310,127),(103,10),(238,82),(97,83),(23,155),(83,121),(52,9),(116,66),(309,75),(73,45),(46,97),(87,154),(118,106),(42,60),(145,79),(145,54),(279,53),(86,72),(254,38),
232:(266,6),(310,127),(103,10),(239,82),(97,83),(23,155),(83,121),(51,9),(116,66),(309,75),(73,46),(46,96),(87,154),(118,106),(42,61),(145,79),(145,54),(279,53),(86,72),(254,39),
233:(266,6),(310,127),(103,10),(240,82),(97,83),(23,155),(83,121),(50,9),(116,66),(309,75),(73,47),(46,95),(87,154),(118,106),(42,62),(145,79),(145,54),(279,53),(86,72),(254,40),
234:(266,6),(310,127),(103,10),(241,82),(97,83),(23,155),(83,121),(49,9),(116,66),(309,75),(73,48),(46,94),(87,154),(118,106),(42,63),(145,79),(145,54),(279,53),(86,72),(254,41),
235:(266,6),(310,127),(103,10),(242,82),(97,83),(23,155),(83,121),(48,9),(116,66),(309,75),(73,49),(46,93),(87,154),(118,106),(42,64),(145,79),(145,54),(279,53),(86,72),(254,42),
236:(266,6),(310,127),(103,10),(243,82),(97,83),(23,155),(83,121),(47,9),(116,66),(309,75),(73,50),(46,92),(87,154),(118,106),(42,65),(145,79),(145,54),(279,53),(86,72),(254,43),
237:(266,6),(310,127),(103,10),(244,82),(97,83),(23,155),(83,121),(46,9),(116,66),(309,75),(73,51),(46,91),(87,154),(118,106),(42,66),(145,79),(145,54),(279,53),(86,72),(254,44),
238:(266,6),(310,127),(103,10),(245,82),(97,83),(23,155),(83,121),(45,9),(116,66),(309,75),(73,52),(46,90),(87,154),(118,106),(42,67),(145,79),(145,54),(279,53),(86,72),(254,45),
239:(266,6),(310,127),(103,10),(246,82),(97,83),(23,155),(83,121),(44,9),(116,66),(309,75),(73,53),(46,89),(87,154),(118,106),(42,68),(145,79),(145,54),(279,53),(86,72),(254,46),
240:(266,6),(310,127),(103,10),(247,82),(97,83),(23,155),(83,121),(43,9),(116,66),(309,75),(73,54),(46,88),(87,154),(118,106),(42,69),(145,79),(145,54),(279,53),(86,72),(254,47),
241:(266,6),(310,127),(103,10),(248,82),(97,83),(23,155),(83,121),(42,9),(116,66),(309,75),(73,55),(46,87),(87,154),(118,106),(42,70),(145,79),(145,54),(279,53),(86,72),(254,48),
242:(266,6),(310,127),(103,10),(249,82),(97,83),(23,155),(83,121),(41,9),(116,66),(309,75),(73,56),(46,86),(87,154),(118,106),(42,71),(145,79),(145,54),(279,53),(86,72),(254,49),
243:(266,6),(310,127),(103,10),(250,82),(97,83),(23,155),(83,121),(40,9),(116,66),(309,75),(73,57),(46,85),(87,154),(118,106),(42,72),(145,79),(145,54),(279,53),(86,72),(254,50),
244:(266,6),(310,127),(103,10),(251,82),(97,83),(23,155),(83,121),(39,9),(116,66),(309,75),(73,58),(46,84),(87,154),(118,106),(42,73),(145,79),(145,54),(279,53),(86,72),(254,51),
245:(266,6),(310,127),(103,10),(252,82),(97,83),(23,155),(83,121),(38,9),(116,66),(309,75),(73,59),(46,83),(87,154),(118,106),(42,74),(145,79),(145,54),(279,53),(86,72),(254,52),
246:(266,6),(310,127),(103,10),(253,82),(97,83),(23,155),(83,121),(37,9),(116,66),(309,75),(73,60),(46,82),(87,154),(118,106),(42,75),(145,79),(145,54),(279,53),(86,72),(254,53),
247:(266,6),(310,127),(103,10),(254,82),(97,83),(23,155),(83,121),(36,9),(116,66),(309,75),(73,61),(46,81),(87,154),(118,106),(42,76),(145,79),(145,54),(279,53),(86,72),(254,54),
248:(266,6),(310,127),(103,10),(255,82),(97,83),(23,155),(83,121),(35,9),(116,66),(309,75),(73,62),(46,80),(87,154),(118,106),(42,77),(145,79),(145,54),(279,53),(86,72),(254,55),
249:(266,6),(310,127),(103,10),(256,82),(97,83),(23,155),(83,121),(34,9),(116,66),(309,75),(73,63),(46,79),(87,154),(118,106),(42,78),(145,79),(145,54),(279,53),(86,72),(254,56),
250:(266,6),(310,127),(103,10),(257,82),(97,83),(23,155),(83,121),(33,9),(116,66),(309,75),(73,64),(46,78),(87,154),(118,106),(42,79),(145,79),(145,54),(279,53),(86,72),(254,57),
251:(266,6),(310,127),(103,10),(258,82),(97,83),(23,155),(83,121),(32,9),(116,66),(309,75),(73,65),(46,77),(87,154),(118,106),(42,80),(145,79),(145,54),(279,53),(86,72),(254,58),
252:(266,6),(310,127),(103,10),(259,82),(97,83),(23,155),(83,121),(31,9),(116,66),(309,75),(73,66),(46,76),(87,154),(118,106),(42,81),(145,79),(145,54),(279,53),(86,72),(254,59),
253:(266,6),(310,127),(103,10),(260,82),(97,83),(23,155),(83,121),(30,9),(116,66),(309,75),(73,67),(46,75),(87,154),(118,106),(42,82),(145,79),(145,54),(279,53),(86,72),(254,60),
254:(266,6),(310,127),(103,10),(261,82),(97,83),(23,155),(83,121),(29,9),(116,66),(309,75),(73,68),(46,74),(87,154),(118,106),(42,83),(145,79),(145,54),(279,53),(86,72),(254,61),
255:(266,6),(310,127),(103,10),(262,82),(97,83),(23,155),(83,121),(28,9),(116,66),(309,75),(73,69),(46,73),(87,154),(118,106),(42,84),(145,79),(145,54),(279,53),(86,72),(254,62),
256:(266,6),(310,127),(103,10),(263,82),(97,83),(23,155),(83,121),(27,9),(116,66),(309,75),(73,70),(46,72),(87,154),(118,106),(42,85),(145,79),(145,54),(279,53),(86,72),(254,63),
257:(266,6),(310,127),(103,10),(264,82),(97,83),(23,155),(83,121),(26,9),(116,66),(309,75),(73,71),(46,71),(87,154),(118,106),(42,86),(145,79),(145,54),(279,53),(86,72),(254,64),
258:(266,6),(310,127),(103,10),(265,82),(97,83),(23,155),(83,121),(25,9),(116,66),(309,75),(73,72),(46,70),(87,154),(118,106),(42,87),(145,79),(145,54),(279,53),(86,72),(254,65),
259:(266,6),(310,127),(103,10),(266,82),(97,83),(23,155),(83,121),(24,9),(116,66),(309,75),(73,73),(46,69),(87,154),(118,106),(42,88),(145,79),(145,54),(279,53),(86,72),(254,66),
260:(266,6),(310,127),(103,10),(267,82),(97,83),(23,155),(83,121),(23,9),(116,66),(309,75),(73,74),(46,68),(87,154),(118,106),(42,89),(145,79),(145,54),(279,53),(86,72),(254,67),
261:(266,6),(310,127),(103,10),(268,82),(97,83),(23,155),(83,121),(22,9),(116,66),(309,75),(73,75),(46,67),(87,154),(118,106),(42,90),(145,79),(145,54),(279,53),(86,72),(254,68),
262:(266,6),(310,127),(103,10),(269,82),(97,83),(23,155),(83,121),(21,9),(116,66),(309,75),(73,76),(46,66),(87,154),(118,106),(42,91),(145,79),(145,54),(279,53),(86,72),(254,69),
263:(266,6),(310,127),(103,10),(270,82),(97,83),(23,155),(83,121),(20,9),(116,66),(309,75),(73,77),(46,65),(87,154),(118,106),(42,92),(145,79),(145,54),(279,53),(86,72),(254,70),
264:(266,6),(310,127),(103,10),(271,82),(97,83),(23,155),(83,121),(19,9),(116,66),(309,75),(73,78),(46,64),(87,154),(118,106),(42,93),(145,79),(145,54),(279,53),(86,72),(254,71),
265:(266,6),(310,127),(103,10),(272,82),(97,83),(23,155),(83,121),(18,9),(116,66),(309,75),(73,79),(46,63),(87,154),(118,106),(42,94),(145,79),(145,54),(279,53),(86,72),(254,72),
266:(266,6),(310,127),(103,10),(273,82),(97,83),(23,155),(83,121),(18,10),(116,66),(309,75),(73,80),(46,62),(87,154),(118,106),(42,95),(145,79),(145,54),(279,53),(86,72),(254,73),
267:(266,6),(310,127),(103,10),(274,82),(97,83),(23,155),(83,121),(18,11),(116,66),(309,75),(73,81),(46,61),(87,154),(118,106),(42,96),(145,79),(145,54),(279,53),(86,72),(255,73),
268:(266,6),(310,127),(103,10),(275,82),(97,83),(23,155),(83,121),(18,12),(116,66),(309,75),(73,82),(46,60),(87,154),(118,106),(42,97),(145,79),(145,54),(279,53),(86,72),(256,73),
269:(266,6),(310,127),(103,10),(276,82),(97,83),(23,155),(83,121),(18,13),(116,66),(309,75),(73,83),(46,59),(87,154),(118,106),(42,98),(145,79),(145,54),(279,53),(86,72),(257,73),
270:(266,6),(310,127),(103,10),(277,82),(97,83),(23,155),(83,121),(18,14),(116,66),(309,75),(73,84),(46,58),(87,154),(118,106),(42,99),(145,79),(145,54),(279,53),(86,72),(258,73),
271:(266,6),(310,127),(103,10),(278,82),(97,83),(23,155),(83,121),(18,15),(116,66),(309,75),(73,85),(46,57),(87,154),(118,106),(42,100),(145,79),(145,54),(279,53),(86,72),(258,74),
272:(266,6),(310,127),(103,10),(279,82),(97,83),(23,155),(83,121),(18,16),(116,66),(309,75),(73,86),(46,56),(87,154),(118,106),(42,101),(145,79),(145,54),(279,53),(86,72),(258,74),
273:(266,6),(310,127),(103,10),(280,82),(97,83),(23,155),(83,121),(18,17),(116,66),(309,75),(73,87),(46,55),(87,154),(118,106),(42,102),(145,79),(145,54),(279,53),(86,72),(258,74),
274:(266,6),(310,127),(103,10),(281,82),(97,83),(23,155),(83,121),(18,18),(116,66),(309,75),(73,88),(46,54),(87,154),(118,106),(42,103),(145,79),(145,54),(279,53),(86,72),(258,74),
275:(266,6),(310,127),(103,10),(282,82),(97,83),(23,155),(83,121),(18,19),(116,66),(309,75),(73,89),(46,53),(87,154),(118,106),(42,104),(145,79),(145,54),(279,53),(86,72),(258,74),
276:(266,6),(310,127),(103,10),(283,82),(97,83),(23,155),(83,121),(18,20),(116,66),(309,75),(73,90),(46,52),(87,154),(118,106),(42,105),(145,79),(145,54),(279,53),(86,72),(258,74),
277:(266,6),(310,127),(103,10),(284,82),(97,83),(23,155),(83,121),(18,21),(116,66),(309,75),(73,91),(46,51),(87,154),(118,106),(42,106),(145,79),(145,54),(279,53),(86,72),(258,74),
278:(266,6),(310,127),(103,10),(285,82),(97,83),(23,155),(83,121),(18,22),(116,66),(309,75),(73,92),(46,50),(87,154),(118,106),(42,107),(145,79),(145,54),(279,53),(86,72),(258,74),
279:(266,6),(310,127),(103,10),(286,82),(97,83),(23,155),(83,121),(18,23),(116,66),(309,75),(73,93),(46,49),(87,154),(118,106),(42,108),(145,79),(145,54),(279,53),(86,72),(258,74),
280:(266,6),(310,127),(103,10),(287,82),(97,83),(23,155),(83,121),(18,24),(116,66),(309,75),(73,94),(46,48),(87,154),(118,106),(42,109),(145,79),(145,54),(279,53),(86,72),(258,74),
281:(266,6),(310,127),(103,10),(288,82),(97,83),(23,155),(83,121),(18,25),(116,66),(309,75),(73,95),(46,47),(87,154),(118,106),(42,110),(145,79),(145,54),(279,53),(86,72),(258,74),
282:(266,6),(310,127),(103,10),(289,82),(97,83),(23,155),(83,121),(18,26),(116,66),(309,75),(73,96),(46,46),(87,154),(118,106),(42,111),(145,79),(145,54),(279,53),(86,72),(258,74),
283:(266,6),(310,127),(103,10),(290,82),(97,83),(23,155),(83,121),(18,27),(116,66),(309,75),(73,96),(46,45),(87,154),(118,106),(42,112),(145,79),(145,54),(279,53),(86,72),(258,74),
284:(266,6),(310,127),(103,10),(291,82),(97,83),(23,155),(83,121),(18,28),(116,66),(309,75),(73,96),(46,44),(87,154),(118,106),(42,113),(145,79),(145,54),(279,53),(86,72),(258,74),
285:(266,6),(310,127),(103,10),(292,82),(97,83),(23,155),(83,121),(18,29),(116,66),(309,75),(73,96),(46,43),(87,154),(118,106),(42,114),(145,79),(145,54),(279,53),(86,72),(258,74),
286:(266,6),(310,127),(103,10),(293,82),(97,83),(23,155),(83,121),(18,30),(116,66),(309,75),(73,96),(46,42),(87,154),(118,106),(42,115),(145,79),(145,54),(279,53),(86,72),(258,74),
287:(266,6),(310,127),(103,10),(294,82),(97,83),(23,155),(83,121),(18,31),(116,66),(309,75),(73,96),(46,41),(87,154),(118,106),(42,116),(145,79),(145,54),(279,53),(86,72),(258,74),
288:(266,6),(310,127),(103,10),(295,82),(97,83),(23,155),(83,121),(18,32),(116,66),(309,75),(73,96),(46,40),(87,154),(118,106),(42,117),(145,79),(145,54),(279,53),(86,72),(258,74),
289:(266,6),(310,127),(103,10),(295,81),(97,83),(23,155),(83,121),(18,33),(116,66),(309,75),(73,96),(46,39),(87,154),(118,106),(42,118),(145,79),(145,54),(279,53),(86,72),(258,74),
290:(266,6),(310,127),(103,10),(295,80),(97,83),(23,155),(83,121),(18,34),(116,66),(309,75),(73,96),(46,38),(87,154),(118,106),(42,119),(145,79),(145,54),(279,53),(86,72),(258,74),
291:(266,6),(310,127),(103,10),(295,79),(97,83),(23,155),(83,121),(18,35),(116,66),(309,75),(73,96),(46,37),(87,154),(118,106),(42,120),(145,79),(145,54),(279,53),(86,72),(258,74),
292:(266,6),(310,127),(103,10),(295,78),(97,83),(23,155),(83,121),(18,36),(116,66),(309,75),(73,96),(46,36),(87,154),(118,106),(42,121),(145,79),(145,54),(279,53),(86,72),(258,74),
293:(266,6),(310,127),(103,10),(295,77),(97,83),(23,155),(83,121),(18,37),(116,66),(309,75),(73,96),(46,35),(87,154),(118,106),(42,122),(145,79),(145,54),(279,53),(86,72),(258,74),
294:(266,6),(310,127),(103,10),(295,76),(97,83),(23,155),(83,121),(18,38),(116,66),(309,75),(73,96),(46,34),(87,154),(118,106),(42,123),(145,79),(145,54),(279,53),(86,72),(258,74),
295:(266,6),(310,127),(103,10),(295,75),(97,83),(23,155),(83,121),(18,39),(116,66),(309,75),(73,96),(46,33),(87,154),(118,106),(42,124),(145,79),(145,54),(279,53),(86,72),(258,74),
296:(266,6),(310,127),(103,10),(295,74),(97,83),(23,155),(83,121),(18,40),(116,66),(309,75),(73,96),(46,32),(87,154),(118,106),(42,125),(145,79),(145,54),(279,53),(86,72),(258,74),
297:(266,6),(310,127),(103,10),(295,73),(97,83),(23,155),(83,121),(18,41),(116,66),(309,75),(73,96),(46,31),(87,154),(118,106),(42,126),(145,79),(145,54),(279,53),(86,72),(258,74),
298:(266,6),(310,127),(103,10),(295,72),(97,83),(23,155),(83,121),(18,42),(116,66),(309,75),(73,96),(46,30),(87,154),(118,106),(42,127),(145,79),(145,54),(279,53),(86,72),(258,74),
299:(266,6),(310,127),(103,10),(295,71),(97,83),(23,155),(83,121),(18,43),(116,66),(309,75),(73,96),(46,29),(87,154),(118,106),(42,128),(145,79),(145,54),(279,53),(86,72),(258,74),
300:(266,6),(310,127),(103,10),(295,70),(97,83),(23,155),(83,121),(18,44),(116,66),(309,75),(73,96),(46,28),(87,154),(118,106),(42,129),(145,79),(145,54),(279,53),(86,72),(258,74),
301:(266,6),(310,127),(103,10),(295,69),(97,83),(23,155),(83,121),(18,45),(116,66),(309,75),(73,96),(46,27),(87,154),(118,106),(42,130),(145,79),(145,54),(279,53),(86,72),(258,74),
302:(266,6),(310,127),(103,10),(295,68),(97,83),(23,155),(83,121),(18,46),(116,66),(309,75),(73,96),(46,26),(87,154),(118,106),(42,131),(145,79),(145,54),(279,53),(86,72),(258,74),
303:(266,6),(310,127),(103,10),(295,67),(97,83),(23,155),(83,121),(18,47),(116,66),(309,75),(73,96),(46,26),(87,154),(118,106),(42,132),(145,79),(145,54),(279,53),(86,72),(258,74),
304:(266,6),(310,127),(103,10),(295,66),(97,83),(23,155),(83,121),(18,48),(116,66),(309,75),(73,96),(46,26),(87,154),(118,106),(42,133),(145,79),(145,54),(279,53),(86,72),(258,74),
305:(266,6),(310,127),(103,10),(295,65),(97,83),(23,155),(83,121),(18,49),(116,66),(309,75),(73,96),(46,26),(87,154),(118,106),(42,134),(145,79),(145,54),(279,53),(86,72),(258,74),
306:(266,6),(310,127),(103,10),(295,64),(97,83),(23,155),(83,121),(18,50),(116,66),(309,75),(73,96),(46,26),(87,154),(118,106),(42,135),(145,79),(145,54),(279,53),(86,72),(258,74),
307:(266,6),(310,127),(103,10),(295,63),(97,83),(23,155),(83,121),(18,51),(116,66),(309,75),(73,96),(46,26),(87,154),(118,106),(42,136),(145,79),(145,54),(279,53),(86,72),(258,74),
308:(266,6),(310,127),(103,10),(295,62),(97,83),(23,155),(83,121),(18,52),(116,66),(309,75),(73,96),(46,26),(87,154),(118,106),(42,137),(145,79),(145,54),(279,53),(86,72),(258,74),
309:(266,6),(310,127),(103,10),(295,61),(97,83),(23,155),(83,121),(18,53),(116,66),(309,75),(73,96),(46,26),(87,154),(118,106),(42,138),(145,79),(145,54),(279,53),(86,72),(258,74),
310:(266,6),(310,127),(103,10),(295,60),(97,83),(23,155),(83,121),(18,54),(116,66),(309,75),(73,96),(46,26),(87,154),(118,106),(42,139),(145,79),(145,54),(279,53),(86,72),(258,74),
311:(266,6),(310,127),(103,10),(295,59),(97,83),(23,155),(83,121),(18,55),(116,66),(309,75),(73,96),(46,26),(87,154),(118,106),(42,140),(145,79),(145,54),(279,53),(86,72),(258,74),
312:(266,6),(310,127),(103,10),(295,58),(97,83),(23,155),(83,121),(18,56),(116,66),(309,75),(73,96),(46,26),(87,154),(118,106),(42,140),(145,79),(145,54),(279,53),(86,72),(258,74),
313:(266,6),(310,127),(103,10),(295,57),(97,83),(23,155),(83,121),(18,57),(116,66),(309,75),(73,96),(46,26),(87,154),(118,106),(42,140),(145,79),(145,54),(279,53),(86,72),(258,74),
314:(266,6),(310,127),(103,10),(295,56),(97,83),(23,155),(83,121),(18,58),(116,66),(309,75),(73,96),(46,26),(87,154),(118,106),(42,140),(145,79),(145,54),(279,53),(86,72),(258,74),
315:(266,6),(310,127),(103,10),(295,55),(97,83),(23,155),(83,121),(18,59),(116,66),(309,75),(73,96),(46,26),(87,154),(118,106),(42,140),(145,79),(145,54),(279,53),(86,72),(258,74),
316:(266,6),(310,127),(103,10),(295,54),(97,83),(23,155),(83,121),(18,60),(116,66),(309,75),(73,96),(46,26),(87,154),(118,106),(42,140),(145,79),(145,54),(279,53),(86,72),(258,74),
317:(266,6),(310,127),(103,10),(295,53),(97,83),(23,155),(83,121),(18,61),(116,66),(309,75),(73,96),(46,26),(87,154),(118,106),(42,140),(145,79),(145,54),(279,53),(86,72),(258,74),
318:(266,6),(310,127),(103,10),(295,52),(97,83),(23,155),(83,121),(18,62),(116,66),(309,75),(73,96),(46,26),(87,154),(118,106),(42,140),(145,79),(145,54),(279,53),(86,72),(258,74),
319:(266,6),(310,127),(103,10),(295,51),(97,83),(23,155),(83,121),(18,63),(116,66),(309,75),(73,96),(46,26),(87,154),(118,106),(42,140),(145,79),(145,54),(279,53),(86,72),(258,74),
320:(266,6),(310,127),(103,10),(295,50),(97,83),(23,155),(83,121),(18,64),(116,66),(309,75),(73,96),(46,26),(87,154),(118,106),(42,140),(145,79),(145,54),(279,53),(86,72),(258,74),
321:(266,6),(310,127),(103,10),(295,49),(97,83),(23,155),(83,121),(18,65),(116,66),(309,75),(73,96),(46,26),(87,154),(118,106),(42,140),(145,79),(145,54),(279,53),(86,72),(258,74),
322:(266,6),(310,127),(103,10),(295,48),(97,83),(23,155),(83,121),(18,66),(116,66),(309,75),(73,96),(46,26),(87,154),(118,106),(42,140),(145,79),(145,54),(279,53),(86,72),(258,74),
323:(266,6),(310,127),(103,10),(295,47),(97,83),(23,155),(83,121),(18,67),(116,66),(309,75),(73,96),(46,26),(87,154),(118,106),(42,140),(145,79),(145,54),(279,53),(86,72),(258,74),
324:(266,6),(310,127),(103,10),(295,46),(97,83),(23,155),(83,121),(18,68),(116,66),(309,75),(73,96),(46,26),(87,154),(118,106),(42,140),(145,79),(145,54),(279,53),(86,72),(258,74),
325:(266,6),(310,127),(103,10),(295,45),(97,83),(23,155),(83,121),(18,69),(116,66),(309,75),(73,96),(46,26),(87,154),(118,106),(42,140),(145,79),(145,54),(279,53),(86,72),(258,74),
326:(266,6),(310,127),(103,10),(295,44),(97,83),(23,155),(83,121),(18,70),(116,66),(309,75),(73,96),(46,26),(87,154),(118,106),(42,140),(145,79),(145,54),(279,53),(86,72),(258,74),
327:(266,6),(310,127),(103,10),(295,43),(97,83),(23,155),(83,121),(18,71),(116,66),(309,75),(73,96),(46,26),(87,154),(118,106),(42,140),(145,79),(145,54),(279,53),(86,72),(258,74),
328:(266,6),(310,127),(103,10),(295,42),(97,83),(23,155),(83,121),(18,72),(116,66),(309,75),(73,96),(46,26),(87,154),(118,106),(42,140),(145,79),(145,54),(279,53),(86,72),(258,74),
329:(266,6),(310,127),(103,10),(295,41),(97,83),(23,155),(83,121),(18,73),(116,66),(309,75),(73,96),(46,26),(87,154),(118,106),(42,140),(145,79),(145,54),(279,53),(86,72),(258,74),
330:(266,6),(310,127),(103,10),(295,40),(97,83),(23,155),(83,121),(18,74),(116,66),(309,75),(73,96),(46,26),(87,154),(118,106),(42,140),(145,79),(145,54),(279,53),(86,72),(258,74),
331:(266,6),(310,127),(103,10),(295,39),(97,83),(23,155),(83,121),(18,75),(116,66),(309,75),(73,96),(46,26),(87,154),(118,106),(42,140),(145,79),(145,54),(279,53),(86,72),(258,74),
332:(266,6),(310,127),(103,10),(295,38),(97,83),(23,155),(83,121),(18,76),(116,66),(309,75),(73,96),(46,26),(87,154),(118,106),(42,140),(145,79),(145,54),(279,53),(86,72),(258,74),
333:(266,6),(310,127),(103,10),(295,37),(97,83),(23,155),(83,121),(18,77),(116,66),(309,75),(73,96),(46,26),(87,154),(118,106),(42,140),(145,79),(145,54),(279,53),(86,72),(258,74),
334:(266,6),(310,127),(103,10),(295,36),(97,83),(23,155),(83,121),(18,78),(116,66),(309,75),(73,96),(46,26),(87,154),(118,106),(42,140),(145,79),(145,54),(279,53),(86,72),(258,74),
335:(266,6),(310,127),(103,10),(295,35),(97,83),(23,155),(83,121),(18,79),(116,66),(309,75),(73,96),(46,26),(87,154),(118,106),(42,140),(145,79),(145,54),(279,53),(86,72),(258,74),
336:(266,6),(310,127),(103,10),(295,34),(97,83),(23,155),(83,121),(18,80),(116,66),(309,75),(73,96),(46,26),(87,154),(118,106),(42,140),(145,79),(145,54),(279,53),(86,72),(258,74),
337:(266,6),(310,127),(103,10),(295,33),(97,83),(23,155),(83,121),(18,81),(116,66),(309,75),(73,96),(46,26),(87,154),(118,106),(42,140),(145,79),(145,54),(279,53),(86,72),(258,74),
338:(266,6),(310,127),(103,10),(295,32),(97,83),(23,155),(83,121),(18,82),(116,66),(309,75),(73,96),(46,26),(87,154),(118,106),(42,140),(145,79),(145,54),(279,53),(86,72),(258,74),
339:(266,6),(310,127),(103,10),(295,31),(97,83),(23,155),(83,121),(18,83),(116,66),(309,75),(73,96),(46,26),(87,154),(118,106),(42,140),(145,79),(145,54),(279,53),(86,72),(258,74),
340:(266,6),(310,127),(103,10),(295,30),(97,83),(23,155),(83,121),(18,84),(116,66),(309,75),(73,96),(46,26),(87,154),(118,106),(42,140),(145,79),(145,54),(279,53),(86,72),(258,74),
341:(266,6),(310,127),(103,10),(295,29),(97,83),(23,155),(83,121),(18,85),(116,66),(309,75),(73,96),(46,26),(87,154),(118,106),(42,140),(145,79),(145,54),(279,53),(86,72),(258,74),
342:(266,6),(310,127),(103,10),(295,28),(97,83),(23,155),(83,121),(18,86),(116,66),(309,75),(73,96),(46,26),(87,154),(118,106),(42,140),(145,79),(145,54),(279,53),(86,72),(258,74),
343:(266,6),(310,127),(103,10),(295,27),(97,83),(23,155),(83,121),(18,87),(116,66),(309,75),(73,96),(46,26),(87,154),(118,106),(42,140),(145,79),(145,54),(279,53),(86,72),(258,74),
344:(266,6),(310,127),(103,10),(295,26),(97,83),(23,155),(83,121),(18,88),(116,66),(309,75),(73,96),(46,26),(87,154),(118,106),(42,140),(145,79),(145,54),(279,53),(86,72),(258,74),
345:(266,6),(310,127),(103,10),(295,25),(97,83),(23,155),(83,121),(18,89),(116,66),(309,75),(73,96),(46,26),(87,154),(118,106),(42,140),(145,79),(145,54),(279,53),(86,72),(258,74),
346:(266,6),(310,127),(103,10),(295,24),(97,83),(23,155),(83,121),(18,90),(116,66),(309,75),(73,96),(46,26),(87,154),(118,106),(42,140),(145,79),(145,54),(279,53),(86,72),(258,74),
347:(266,6),(310,127),(103,10),(295,23),(97,83),(23,155),(83,121),(18,91),(116,66),(309,75),(73,96),(46,26),(87,154),(118,106),(42,140),(145,79),(145,54),(279,53),(86,72),(258,74),
348:(266,6),(310,127),(103,10),(295,22),(97,83),(23,155),(83,121),(18,92),(116,66),(309,75),(73,96),(46,26),(87,154),(118,106),(42,140),(145,79),(145,54),(279,53),(86,72),(258,74),
349:(266,6),(310,127),(103,10),(295,21),(97,83),(23,155),(83,121),(18,93),(116,66),(309,75),(73,96),(46,26),(87,154),(118,106),(42,140),(145,79),(145,54),(279,53),(86,72),(258,74),
350:(266,6),(310,127),(103,10),(295,20),(97,83),(23,155),(83,121),(18,94),(116,66),(309,75),(73,96),(46,26),(87,154),(118,106),(42,140),(145,79),(145,54),(279,53),(86,72),(258,74),
351:(266,6),(310,127),(103,10),(295,19),(97,83),(23,155),(83,121),(18,95),(116,66),(309,75),(73,96),(46,26),(87,154),(118,106),(42,140),(145,79),(145,54),(279,53),(86,72),(258,74),
352:(266,6),(310,127),(103,10),(295,18),(97,83),(23,155),(83,121),(18,96),(116,66),(309,75),(73,96),(46,26),(87,154),(118,106),(42,140),(145,79),(145,54),(279,53),(86,72),(258,74),
353:(266,6),(310,127),(103,10),(295,17),(97,83),(23,155),(83,121),(18,97),(116,66),(309,75),(73,96),(46,26),(87,154),(118,106),(42,140),(145,79),(145,54),(279,53),(86,72),(258,74),
354:(266,6),(310,127),(103,10),(295,16),(97,83),(23,155),(83,121),(18,98),(116,66),(309,75),(73,96),(46,26),(87,154),(118,106),(42,140),(145,79),(145,54),(279,53),(86,72),(258,74),
355:(266,6),(310,127),(103,10),(295,15),(97,83),(23,155),(83,121),(18,99),(116,66),(309,75),(73,96),(46,26),(87,154),(118,106),(42,140),(145,79),(145,54),(279,53),(86,72),(258,74),
356:(266,6),(310,127),(103,10),(295,14),(97,83),(23,155),(83,121),(18,100),(116,66),(309,75),(73,96),(46,26),(87,154),(118,106),(42,140),(145,79),(145,54),(279,53),(86,72),(258,74),
357:(266,6),(310,127),(103,10),(295,13),(97,83),(23,155),(83,121),(18,101),(116,66),(309,75),(73,96),(46,26),(87,154),(118,106),(42,140),(145,79),(145,54),(279,53),(86,72),(258,74),
358:(266,6),(310,127),(103,10),(295,12),(97,83),(23,155),(83,121),(18,102),(116,66),(309,75),(73,96),(46,26),(87,154),(118,106),(42,140),(145,79),(145,54),(279,53),(86,72),(258,74),
359:(266,6),(310,127),(103,10),(295,12),(97,83),(23,155),(83,121),(18,103),(116,66),(309,75),(73,96),(46,26),(87,154),(118,106),(42,140),(145,79),(145,54),(279,53),(86,72),(258,74),
360:(266,6),(310,127),(103,10),(295,12),(97,83),(23,155),(83,121),(18,104),(116,66),(309,75),(73,96),(46,26),(87,154),(118,106),(42,140),(145,79),(145,54),(279,53),(86,72),(258,74),
361:(266,6),(310,127),(103,10),(295,12),(97,83),(23,155),(83,121),(18,105),(116,66),(309,75),(73,96),(46,26),(87,154),(118,106),(42,140),(145,79),(145,54),(279,53),(86,72),(258,74),
362:(266,6),(310,127),(103,10),(295,12),(97,83),(23,155),(83,121),(18,106),(116,66),(309,75),(73,96),(46,26),(87,154),(118,106),(42,140),(145,79),(145,54),(279,53),(86,72),(258,74),
363:(266,6),(310,127),(103,10),(295,12),(97,83),(23,155),(83,121),(18,107),(116,66),(309,75),(73,96),(46,26),(87,154),(118,106),(42,140),(145,79),(145,54),(279,53),(86,72),(258,74),
364:(266,6),(310,127),(103,10),(295,12),(97,83),(23,155),(83,121),(18,108),(116,66),(309,75),(73,96),(46,26),(87,154),(118,106),(42,140),(145,79),(145,54),(279,53),(86,72),(258,74),
365:(266,6),(310,127),(103,10),(295,12),(97,83),(23,155),(83,121),(18,109),(116,66),(309,75),(73,96),(46,26),(87,154),(118,106),(42,140),(145,79),(145,54),(279,53),(86,72),(258,74),
366:(266,6),(310,127),(103,10),(295,12),(97,83),(23,155),(83,121),(18,110),(116,66),(309,75),(73,96),(46,26),(87,154),(118,106),(42,140),(145,79),(145,54),(279,53),(86,72),(258,74),
367:(266,6),(310,127),(103,10),(295,12),(97,83),(23,155),(83,121),(18,111),(116,66),(309,75),(73,96),(46,26),(87,154),(118,106),(42,140),(145,79),(145,54),(279,53),(86,72),(258,74),
368:(266,6),(310,127),(103,10),(295,12),(97,83),(23,155),(83,121),(18,112),(116,66),(309,75),(73,96),(46,26),(87,154),(118,106),(42,140),(145,79),(145,54),(279,53),(86,72),(258,74),
369:(266,6),(310,127),(103,10),(295,12),(97,83),(23,155),(83,121),(18,113),(116,66),(309,75),(73,96),(46,26),(87,154),(118,106),(42,140),(145,79),(145,54),(279,53),(86,72),(258,74),
370:(266,6),(310,127),(103,10),(295,12),(97,83),(23,155),(83,121),(18,114),(116,66),(309,75),(73,96),(46,26),(87,154),(118,106),(42,140),(145,79),(145,54),(279,53),(86,72),(258,74),
371:(266,6),(310,127),(103,10),(295,12),(97,83),(23,155),(83,121),(18,115),(116,66),(309,75),(73,96),(46,26),(87,154),(118,106),(42,140),(145,79),(145,54),(279,53),(86,72),(258,74),
372:(266,6),(310,127),(103,10),(295,12),(97,83),(23,155),(83,121),(18,116),(116,66),(309,75),(73,96),(46,26),(87,154),(118,106),(42,140),(145,79),(145,54),(279,53),(86,72),(258,74),
373:(266,6),(310,127),(103,10),(295,12),(97,83),(23,155),(83,121),(18,117),(116,66),(309,75),(73,96),(46,26),(87,154),(118,106),(42,140),(145,79),(145,54),(279,53),(86,72),(258,74),
374:(266,6),(310,127),(103,10),(295,12),(97,83),(23,155),(83,121),(18,118),(116,66),(309,75),(73,96),(46,26),(87,154),(118,106),(42,140),(145,79),(145,54),(279,53),(86,72),(258,74),
375:(266,6),(310,127),(103,10),(295,12),(97,83),(23,155),(83,121),(18,119),(116,66),(309,75),(73,96),(46,26),(87,154),(118,106),(42,140),(145,79),(145,54),(279,53),(86,72),(258,74),
376:(266,6),(310,127),(103,10),(295,12),(97,83),(23,155),(83,121),(18,120),(116,66),(309,75),(73,96),(46,26),(87,154),(118,106),(42,140),(145,79),(145,54),(279,53),(86,72),(258,74),
377:(266,6),(310,127),(103,10),(295,12),(97,83),(23,155),(83,121),(18,121),(116,66),(309,75),(73,96),(46,26),(87,154),(118,106),(42,140),(145,79),(145,54),(279,53),(86,72),(258,74),
378:(266,6),(310,127),(103,10),(295,12),(97,83),(23,155),(83,121),(18,122),(116,66),(309,75),(73,96),(46,26),(87,154),(118,106),(42,140),(145,79),(145,54),(279,53),(86,72),(258,74),
379:(266,6),(310,127),(103,10),(295,12),(97,83),(23,155),(83,121),(18,123),(116,66),(309,75),(73,96),(46,26),(87,154),(118,106),(42,140),(145,79),(145,54),(279,53),(86,72),(258,74),
380:(266,6),(310,127),(103,10),(295,12),(97,83),(23,155),(83,121),(18,124),(116,66),(309,75),(73,96),(46,26),(87,154),(118,106),(42,140),(145,79),(145,54),(279,53),(86,72),(258,74),
381:(266,6),(310,127),(103,10),(295,12),(97,83),(23,155),(83,121),(18,125),(116,66),(309,75),(73,96),(46,26),(87,154),(118,106),(42,140),(145,79),(145,54),(279,53),(86,72),(258,74),
382:(266,6),(310,127),(103,10),(295,12),(97,83),(23,155),(83,121),(18,126),(116,66),(309,75),(73,96),(46,26),(87,154),(118,106),(42,140),(145,79),(145,54),(279,53),(86,72),(258,74),
383:(266,6),(310,127),(103,10),(295,12),(97,83),(23,155),(83,121),(18,127),(116,66),(309,75),(73,96),(46,26),(87,154),(118,106),(42,140),(145,79),(145,54),(279,53),(86,72),(258,74),
384:(266,6),(310,127),(103,10),(295,12),(97,83),(23,155),(83,121),(18,128),(116,66),(309,75),(73,96),(46,26),(87,154),(118,106),(42,140),(145,79),(145,54),(279,53),(86,72),(258,74),
385:(266,6),(310,127),(103,10),(295,12),(97,83),(23,155),(83,121),(18,129),(116,66),(309,75),(73,96),(46,26),(87,154),(118,106),(42,140),(145,79),(145,54),(279,53),(86,72),(258,74),
386:(266,6),(310,127),(103,10),(295,12),(97,83),(23,155),(83,121),(18,130),(116,66),(309,75),(73,96),(46,26),(87,154),(118,106),(42,140),(145,79),(145,54),(279,53),(86,72),(258,74),
387:(266,6),(310,127),(103,10),(295,12),(97,83),(23,155),(83,121),(18,131),(116,66),(309,75),(73,96),(46,26),(87,154),(118,106),(42,140),(145,79),(145,54),(279,53),(86,72),(258,74),
388:(266,6),(310,127),(103,10),(295,12),(97,83),(23,155),(83,121),(18,132),(116,66),(309,75),(73,96),(46,26),(87,154),(118,106),(42,140),(145,79),(145,54),(279,53),(86,72),(258,74),
389:(266,6),(310,127),(103,10),(295,12),(97,83),(23,155),(83,121),(18,133),(116,66),(309,75),(73,96),(46,26),(87,154),(118,106),(42,140),(145,79),(145,54),(279,53),(86,72),(258,74),
390:(266,6),(310,127),(103,10),(295,12),(97,83),(23,155),(83,121),(18,134),(116,66),(309,75),(73,96),(46,26),(87,154),(118,106),(42,140),(145,79),(145,54),(279,53),(86,72),(258,74),
391:(266,6),(310,127),(103,10),(295,12),(97,83),(23,155),(83,121),(18,135),(116,66),(309,75),(73,96),(46,26),(87,154),(118,106),(42,140),(145,79),(145,54),(279,53),(86,72),(258,74),
392:(266,6),(310,127),(103,10),(295,12),(97,83),(23,155),(83,121),(18,136),(116,66),(309,75),(73,96),(46,26),(87,154),(118,106),(42,140),(145,79),(145,54),(279,53),(86,72),(258,74),
393:(266,6),(310,127),(103,10),(295,12),(97,83),(23,155),(83,121),(18,137),(116,66),(309,75),(73,96),(46,26),(87,154),(118,106),(42,140),(145,79),(145,54),(279,53),(86,72),(258,74),
394:(266,6),(310,127),(103,10),(295,12),(97,83),(23,155),(83,121),(18,138),(116,66),(309,75),(73,96),(46,26),(87,154),(118,106),(42,140),(145,79),(145,54),(279,53),(86,72),(258,74),
395:(266,6),(310,127),(103,10),(295,12),(97,83),(23,155),(83,121),(18,139),(116,66),(309,75),(73,96),(46,26),(87,154),(118,106),(42,140),(145,79),(145,54),(279,53),(86,72),(258,74),
396:(266,6),(310,127),(103,10),(295,12),(97,83),(23,155),(83,121),(18,140),(116,66),(309,75),(73,96),(46,26),(87,154),(118,106),(42,140),(145,79),(145,54),(279,53),(86,72),(258,74),
397:(266,6),(310,127),(103,10),(295,12),(97,83),(23,155),(83,121),(18,141),(116,66),(309,75),(73,96),(46,26),(87,154),(118,106),(42,140),(145,79),(145,54),(279,53),(86,72),(258,74),
398:(266,6),(310,127),(103,10),(295,12),(97,83),(23,155),(83,121),(18,142),(116,66),(309,75),(73,96),(46,26),(87,154),(118,106),(42,140),(145,79),(145,54),(279,53),(86,72),(258,74),
399:(266,6),(310,127),(103,10),(295,12),(97,83),(23,155),(83,121),(18,143),(116,66),(309,75),(73,96),(46,26),(87,154),(118,106),(42,140),(145,79),(145,54),(279,53),(86,72),(258,74),
400:(266,6),(310,127),(103,10),(295,12),(97,83),(23,155),(83,121),(18,144),(116,66),(309,75),(73,96),(46,26),(87,154),(118,106),(42,140),(145,79),(145,54),(279,53),(86,72),(258,74),
401:(266,6),(310,127),(103,10),(295,12),(97,83),(23,155),(83,121),(18,145),(116,66),(309,75),(73,96),(46,26),(87,154),(118,106),(42,140),(145,79),(145,54),(279,53),(86,72),(258,74),
402:(266,6),(310,127),(103,10),(295,12),(97,83),(23,155),(83,121),(18,146),(116,66),(309,75),(73,96),(46,26),(87,154),(118,106),(42,140),(145,79),(145,54),(279,53),(86,72),(258,74),
403:(266,6),(310,127),(103,10),(295,12),(97,83),(23,155),(83,121),(18,147),(116,66),(309,75),(73,96),(46,26),(87,154),(118,106),(42,140),(145,79),(145,54),(279,53),(86,72),(258,74),
404:(266,6),(310,127),(103,10),(295,12),(97,83),(23,155),(83,121),(18,148),(116,66),(309,75),(73,96),(46,26),(87,154),(118,106),(42,140),(145,79),(145,54),(279,53),(86,72),(258,74),
405:(266,6),(310,127),(103,10),(295,12),(97,83),(23,155),(83,121),(18,149),(116,66),(309,75),(73,96),(46,26),(87,154),(118,106),(42,140),(145,79),(145,54),(279,53),(86,72),(258,74),
406:(266,6),(310,127),(103,10),(295,12),(97,83),(23,155),(83,121),(18,150),(116,66),(309,75),(73,96),(46,26),(87,154),(118,106),(42,140),(145,79),(145,54),(279,53),(86,72),(258,74),
407:(266,6),(310,127),(103,10),(295,12),(97,83),(23,155),(83,121),(18,151),(116,66),(309,75),(73,96),(46,26),(87,154),(118,106),(42,140),(145,79),(145,54),(279,53),(86,72),(258,74),
408:(266,6),(310,127),(103,10),(295,12),(97,83),(23,155),(83,121),(18,152),(116,66),(309,75),(73,96),(46,26),(87,154),(118,106),(42,140),(145,79),(145,54),(279,53),(86,72),(258,74),
409:(266,6),(310,127),(103,10),(295,12),(97,83),(23,155),(83,121),(18,153),(116,66),(309,75),(73,96),(46,26),(87,154),(118,106),(42,140),(145,79),(145,54),(279,53),(86,72),(258,74),
410:(266,6),(310,127),(103,10),(295,12),(97,83),(23,155),(83,121),(18,154),(116,66),(309,75),(73,96),(46,26),(87,154),(118,106),(42,140),(145,79),(145,54),(279,53),(86,72),(258,74),
411:(266,6),(310,127),(103,10),(295,12),(97,83),(23,155),(83,121),(18,155),(116,66),(309,75),(73,96),(46,26),(87,154),(118,106),(42,140),(145,79),(145,54),(279,53),(86,72),(258,74),
412:(266,6),(310,127),(103,10),(295,12),(97,83),(23,155),(83,121),(18,156),(116,66),(309,75),(73,96),(46,26),(87,154),(118,106),(42,140),(145,79),(145,54),(279,53),(86,72),(258,74),
