instance=temp_instance.txt
agents=20
map_file=warehouse-20-40-10-2-2.map
solver=PushAndSwap
solved=0
soc=7205
lb_soc=3469
makespan=501
lb_makespan=397
comp_time=31
preprocessing_comp_time=10
starts=(320,143),(266,99),(139,89),(6,130),(60,41),(137,37),(101,69),(221,82),(23,104),(47,68),(254,126),(153,18),(308,156),(123,85),(223,41),(41,137),(74,109),(3,44),(305,131),(110,56),
goals=(35,31),(98,50),(325,122),(111,30),(8,150),(133,138),(152,94),(23,36),(11,45),(226,86),(294,1),(104,134),(181,53),(281,9),(208,62),(44,158),(122,128),(79,110),(29,18),(18,23),
solution=
0:(320,143),(266,99),(139,89),(6,130),(60,41),(137,37),(101,69),(221,82),(23,104),(47,68),(254,126),(153,18),(308,156),(123,85),(223,41),(41,137),(74,109),(3,44),(305,131),(110,56),
1:(319,143),(265,99),(140,89),(7,130),(59,41),(136,37),(102,69),(220,82),(22,104),(48,68),(255,126),(152,18),(307,156),(124,85),(222,41),(42,137),(75,109),(4,44),(304,131),(109,56),
2:(318,143),(265,98),(141,89),(8,130),(58,41),(135,37),(103,69),(219,82),(21,104),(49,68),(256,126),(151,18),(306,156),(125,85),(221,41),(43,137),(76,109),(5,44),(303,131),(109,56),
3:(317,143),(264,98),(142,89),(9,130),(57,41),(134,37),(104,69),(218,82),(20,104),(50,68),(257,126),(150,18),(305,156),(126,85),(220,41),(44,137),(77,109),(6,44),(302,131),(109,56),
4:(316,143),(263,98),(143,89),(10,130),(56,41),(133,37),(105,69),(217,82),(19,104),(50,69),(258,126),(149,18),(304,156),(127,85),(219,41),(44,138),(78,109),(7,44),(301,131),(109,56),
5:(315,143),(262,98),(144,89),(11,130),(55,41),(133,38),(106,69),(216,82),(18,104),(51,69),(259,126),(148,18),(303,156),(128,85),(218,41),(44,139),(79,109),(7,44),(300,131),(109,56),
6:(314,143),(261,98),(145,89),(12,130),(54,41),(133,39),(107,69),(215,82),(17,104),(52,69),(260,126),(147,18),(302,156),(129,85),(217,41),(44,140),(80,109),(7,44),(299,131),(109,56),
7:(313,143),(260,98),(146,89),(13,130),(53,41),(133,40),(108,69),(214,82),(16,104),(53,69),(261,126),(146,18),(301,156),(130,85),(217,42),(44,141),(81,109),(7,44),(298,131),(109,56),
8:(312,143),(259,98),(147,89),(14,130),(52,41),(133,41),(108,69),(213,82),(15,104),(54,69),(262,126),(145,18),(300,156),(131,85),(217,43),(44,141),(82,109),(7,44),(297,131),(109,56),
9:(311,143),(258,98),(148,89),(15,130),(51,41),(133,42),(108,69),(212,82),(14,104),(55,69),(263,126),(144,18),(299,156),(132,85),(217,44),(44,141),(83,109),(7,44),(296,131),(109,56),
10:(310,143),(257,98),(149,89),(16,130),(50,41),(133,43),(108,69),(211,82),(13,104),(56,69),(264,126),(143,18),(298,156),(133,85),(217,45),(44,141),(84,109),(7,44),(295,131),(109,56),
11:(309,143),(256,98),(150,89),(17,130),(49,41),(133,44),(108,69),(210,82),(12,104),(57,69),(265,126),(142,18),(297,156),(134,85),(217,46),(44,141),(85,109),(7,44),(294,131),(109,56),
12:(308,143),(255,98),(151,89),(18,130),(48,41),(133,45),(108,69),(209,82),(11,104),(58,69),(266,126),(141,18),(296,156),(135,85),(217,47),(44,141),(86,109),(7,44),(293,131),(109,56),
13:(307,143),(254,98),(152,89),(19,130),(47,41),(133,46),(108,69),(208,82),(11,103),(59,69),(267,126),(140,18),(295,156),(136,85),(217,48),(44,141),(87,109),(7,44),(292,131),(109,56),
14:(306,143),(253,98),(153,89),(20,130),(46,41),(133,47),(108,69),(207,82),(11,102),(60,69),(268,126),(139,18),(294,156),(137,85),(217,49),(44,141),(88,109),(7,44),(291,131),(109,56),
15:(305,143),(252,98),(154,89),(21,130),(45,41),(133,48),(108,69),(206,82),(11,101),(61,69),(269,126),(138,18),(293,156),(138,85),(217,50),(44,141),(89,109),(7,44),(290,131),(109,56),
16:(304,143),(251,98),(155,89),(22,130),(44,41),(133,49),(108,69),(205,82),(11,100),(62,69),(270,126),(137,18),(292,156),(139,85),(217,51),(44,141),(90,109),(7,44),(289,131),(109,56),
17:(303,143),(250,98),(156,89),(23,130),(43,41),(133,50),(108,69),(204,82),(11,99),(63,69),(271,126),(136,18),(291,156),(140,85),(217,52),(44,141),(91,109),(7,44),(289,130),(109,56),
18:(302,143),(249,98),(157,89),(24,130),(42,41),(133,51),(108,69),(203,82),(11,98),(64,69),(272,126),(135,18),(290,156),(141,85),(217,53),(44,141),(92,109),(7,44),(288,130),(109,56),
19:(301,143),(248,98),(158,89),(25,130),(41,41),(133,52),(108,69),(202,82),(11,97),(65,69),(273,126),(134,18),(289,156),(142,85),(217,54),(44,141),(93,109),(7,44),(287,130),(109,56),
20:(300,143),(247,98),(159,89),(26,130),(40,41),(133,53),(108,69),(201,82),(11,96),(66,69),(274,126),(133,18),(289,155),(143,85),(217,55),(44,141),(94,109),(7,44),(286,130),(109,56),
21:(299,143),(246,98),(160,89),(27,130),(39,41),(133,54),(108,69),(200,82),(11,95),(67,69),(275,126),(132,18),(289,154),(144,85),(217,56),(44,141),(95,109),(7,44),(285,130),(109,56),
22:(298,143),(245,98),(161,89),(28,130),(38,41),(133,55),(108,69),(199,82),(11,94),(68,69),(276,126),(131,18),(288,154),(145,85),(217,57),(44,141),(96,109),(7,44),(284,130),(109,56),
23:(297,143),(244,98),(162,89),(28,130),(37,41),(133,56),(108,69),(198,82),(11,93),(69,69),(277,126),(130,18),(287,154),(146,85),(217,58),(44,141),(97,109),(7,44),(283,130),(109,56),
24:(296,143),(243,98),(163,89),(28,130),(36,41),(133,57),(108,69),(197,82),(11,92),(70,69),(278,126),(129,18),(286,154),(147,85),(217,59),(44,141),(98,109),(7,44),(282,130),(109,56),
25:(295,143),(242,98),(164,89),(28,130),(36,41),(133,58),(108,69),(196,82),(11,91),(71,69),(279,126),(128,18),(285,154),(148,85),(217,60),(44,141),(99,109),(7,44),(281,130),(109,56),
26:(294,143),(241,98),(165,89),(28,130),(36,41),(133,59),(108,69),(195,82),(11,90),(72,69),(280,126),(127,18),(284,154),(149,85),(217,61),(44,141),(100,109),(7,44),(280,130),(109,56),
27:(293,143),(240,98),(166,89),(28,130),(36,41),(133,60),(108,69),(194,82),(11,89),(73,69),(281,126),(126,18),(283,154),(150,85),(216,61),(44,141),(101,109),(7,44),(279,130),(109,56),
28:(292,143),(239,98),(167,89),(28,130),(36,41),(133,61),(108,69),(193,82),(11,88),(74,69),(282,126),(125,18),(282,154),(151,85),(215,61),(44,141),(102,109),(7,44),(278,130),(109,56),
29:(291,143),(238,98),(168,89),(28,130),(36,41),(133,62),(108,69),(192,82),(11,87),(75,69),(283,126),(124,18),(281,154),(152,85),(214,61),(44,141),(103,109),(7,44),(277,130),(109,56),
30:(290,143),(237,98),(169,89),(28,130),(36,41),(133,63),(108,69),(191,82),(11,86),(76,69),(284,126),(123,18),(280,154),(153,85),(213,61),(44,141),(104,109),(7,44),(276,130),(109,56),
31:(289,143),(236,98),(170,89),(28,130),(36,41),(133,64),(108,69),(190,82),(11,85),(77,69),(285,126),(122,18),(279,154),(154,85),(212,61),(44,141),(105,109),(7,44),(275,130),(109,56),
32:(289,142),(235,98),(171,89),(28,130),(36,41),(133,65),(108,69),(189,82),(11,84),(78,69),(286,126),(121,18),(278,154),(155,85),(211,61),(44,141),(106,109),(7,44),(274,130),(109,56),
33:(288,142),(234,98),(172,89),(28,130),(36,41),(133,66),(108,69),(188,82),(11,83),(79,69),(287,126),(120,18),(277,154),(156,85),(210,61),(44,141),(107,109),(7,44),(273,130),(109,56),
34:(287,142),(233,98),(173,89),(28,130),(36,41),(133,67),(108,69),(187,82),(11,82),(80,69),(288,126),(119,18),(276,154),(157,85),(209,61),(44,141),(108,109),(7,44),(272,130),(109,56),
35:(286,142),(232,98),(174,89),(28,130),(36,41),(133,68),(108,69),(186,82),(11,81),(81,69),(289,126),(118,18),(275,154),(158,85),(208,61),(44,141),(108,109),(7,44),(271,130),(109,56),
36:(285,142),(231,98),(175,89),(28,130),(36,41),(133,69),(108,69),(185,82),(11,80),(82,69),(290,126),(117,18),(274,154),(159,85),(208,62),(44,141),(108,109),(7,44),(270,130),(109,56),
37:(284,142),(230,98),(176,89),(28,130),(36,41),(133,69),(108,69),(184,82),(11,79),(83,69),(291,126),(116,18),(273,154),(160,85),(208,62),(44,141),(108,109),(7,44),(269,130),(109,56),
38:(283,142),(229,98),(177,89),(28,130),(36,41),(133,69),(108,69),(183,82),(11,78),(84,69),(292,126),(115,18),(272,154),(161,85),(208,62),(44,141),(108,109),(7,44),(268,130),(109,56),
39:(282,142),(228,98),(178,89),(28,130),(36,41),(133,69),(108,69),(182,82),(11,77),(85,69),(293,126),(114,18),(271,154),(162,85),(208,62),(44,141),(108,109),(7,44),(267,130),(109,56),
40:(281,142),(227,98),(179,89),(28,130),(36,41),(133,69),(108,69),(181,82),(11,76),(86,69),(294,126),(113,18),(270,154),(163,85),(208,62),(44,141),(108,109),(7,44),(266,130),(109,56),
41:(280,142),(226,98),(180,89),(28,130),(36,41),(133,69),(108,69),(180,82),(11,75),(87,69),(294,125),(112,18),(269,154),(164,85),(208,62),(44,141),(108,109),(7,44),(265,130),(109,56),
42:(279,142),(225,98),(180,89),(28,130),(36,41),(133,69),(108,69),(179,82),(11,74),(88,69),(294,124),(111,18),(268,154),(165,85),(208,62),(44,141),(108,109),(7,44),(264,130),(109,56),
43:(278,142),(224,98),(180,89),(28,130),(36,41),(133,69),(108,69),(178,82),(11,73),(89,69),(294,123),(110,18),(267,154),(166,85),(208,62),(44,141),(108,109),(7,44),(263,130),(109,56),
44:(277,142),(223,98),(180,89),(28,130),(36,41),(133,69),(108,69),(177,82),(11,72),(90,69),(294,122),(109,18),(266,154),(167,85),(208,62),(44,141),(108,109),(7,44),(262,130),(109,56),
45:(276,142),(222,98),(180,89),(28,130),(36,41),(133,69),(108,69),(176,82),(11,71),(91,69),(294,121),(109,19),(265,154),(168,85),(208,62),(44,141),(108,109),(7,44),(261,130),(109,56),
46:(275,142),(221,98),(180,89),(28,130),(36,41),(133,69),(108,69),(175,82),(11,70),(92,69),(294,120),(109,20),(264,154),(169,85),(208,62),(44,141),(108,109),(7,44),(260,130),(109,56),
47:(274,142),(220,98),(180,89),(28,130),(36,41),(133,69),(108,69),(174,82),(11,69),(93,69),(294,119),(109,21),(263,154),(170,85),(208,62),(44,141),(108,109),(7,44),(259,130),(109,56),
48:(273,142),(219,98),(180,89),(28,130),(36,41),(133,69),(108,69),(173,82),(11,68),(94,69),(294,118),(109,22),(262,154),(171,85),(208,62),(44,141),(108,109),(7,44),(258,130),(109,56),
49:(272,142),(218,98),(180,89),(28,130),(36,41),(133,69),(108,69),(172,82),(11,67),(95,69),(294,117),(109,23),(261,154),(172,85),(208,62),(44,141),(108,109),(7,44),(257,130),(109,56),
50:(271,142),(217,98),(180,89),(28,130),(36,41),(133,69),(108,69),(171,82),(11,66),(96,69),(294,116),(109,24),(260,154),(173,85),(208,62),(44,141),(108,109),(7,44),(256,130),(109,56),
51:(270,142),(216,98),(180,89),(28,130),(36,41),(133,69),(108,69),(170,82),(11,65),(97,69),(294,115),(109,25),(259,154),(174,85),(208,62),(44,141),(108,109),(7,44),(255,130),(109,56),
52:(269,142),(215,98),(180,89),(28,130),(36,41),(133,69),(108,69),(169,82),(11,64),(97,69),(294,114),(109,26),(258,154),(175,85),(208,62),(44,141),(108,109),(7,44),(254,130),(109,56),
53:(268,142),(214,98),(180,89),(28,130),(36,41),(133,69),(108,69),(168,82),(11,63),(97,69),(294,113),(109,27),(257,154),(176,85),(208,62),(44,141),(108,109),(7,44),(253,130),(109,56),
54:(267,142),(213,98),(180,89),(28,130),(36,41),(133,69),(108,69),(167,82),(11,62),(97,69),(294,112),(109,28),(256,154),(177,85),(208,62),(44,141),(108,109),(7,44),(252,130),(109,56),
55:(266,142),(212,98),(180,89),(28,130),(36,41),(133,69),(108,69),(166,82),(11,61),(97,69),(294,111),(109,29),(255,154),(178,85),(208,62),(44,141),(108,109),(7,44),(251,130),(109,56),
56:(265,142),(211,98),(180,89),(28,130),(36,41),(133,69),(108,69),(165,82),(11,60),(97,69),(294,110),(109,30),(254,154),(179,85),(208,62),(44,141),(108,109),(7,44),(250,130),(109,56),
57:(264,142),(210,98),(180,89),(28,130),(36,41),(133,69),(108,69),(164,82),(11,59),(97,69),(294,109),(109,31),(253,154),(180,85),(208,62),(44,141),(108,109),(7,44),(249,130),(109,56),
58:(263,142),(209,98),(180,89),(28,130),(36,41),(133,69),(108,69),(163,82),(11,58),(97,69),(294,108),(109,32),(252,154),(181,85),(208,62),(44,141),(108,109),(7,44),(248,130),(109,56),
59:(262,142),(208,98),(180,89),(28,130),(36,41),(133,69),(108,69),(162,82),(11,57),(97,69),(294,107),(109,33),(251,154),(182,85),(208,62),(44,141),(108,109),(7,44),(247,130),(109,56),
60:(261,142),(207,98),(180,89),(28,130),(36,41),(133,69),(108,69),(161,82),(11,56),(97,69),(294,106),(109,34),(250,154),(183,85),(208,62),(44,141),(108,109),(7,44),(246,130),(109,56),
61:(260,142),(206,98),(180,89),(28,130),(36,41),(133,69),(108,69),(160,82),(11,55),(97,69),(294,105),(109,35),(249,154),(184,85),(208,62),(44,141),(108,109),(7,44),(245,130),(109,56),
62:(259,142),(205,98),(180,89),(28,130),(36,41),(133,69),(108,69),(159,82),(11,54),(97,69),(294,104),(109,36),(248,154),(185,85),(208,62),(44,141),(108,109),(7,44),(244,130),(109,56),
63:(258,142),(204,98),(180,89),(28,130),(36,41),(133,69),(108,69),(158,82),(11,53),(97,69),(294,103),(109,37),(247,154),(186,85),(208,62),(44,141),(108,109),(7,44),(243,130),(109,56),
64:(257,142),(203,98),(180,89),(28,130),(36,41),(133,69),(108,69),(157,82),(11,52),(97,69),(294,102),(109,38),(246,154),(187,85),(208,62),(44,141),(108,109),(7,44),(242,130),(109,56),
65:(256,142),(202,98),(180,89),(28,130),(36,41),(133,69),(108,69),(156,82),(11,51),(97,69),(294,101),(109,39),(245,154),(188,85),(208,62),(44,141),(108,109),(7,44),(241,130),(109,56),
66:(255,142),(201,98),(180,89),(28,130),(36,41),(133,69),(108,69),(155,82),(11,50),(97,69),(294,100),(109,40),(244,154),(189,85),(208,62),(44,141),(108,109),(7,44),(240,130),(109,56),
67:(254,142),(200,98),(180,89),(28,130),(36,41),(133,69),(108,69),(154,82),(11,49),(97,69),(294,99),(109,41),(243,154),(190,85),(208,62),(44,141),(108,109),(7,44),(239,130),(109,56),
68:(253,142),(199,98),(180,89),(28,130),(36,41),(133,69),(108,69),(153,82),(11,48),(97,69),(294,98),(109,42),(242,154),(191,85),(208,62),(44,141),(108,109),(7,44),(238,130),(109,56),
69:(252,142),(198,98),(180,89),(28,130),(36,41),(133,69),(108,69),(152,82),(11,47),(97,69),(294,97),(109,43),(241,154),(192,85),(208,62),(44,141),(108,109),(7,44),(237,130),(109,56),
70:(251,142),(197,98),(180,89),(28,130),(36,41),(133,69),(108,69),(151,82),(11,46),(97,69),(294,96),(109,44),(240,154),(193,85),(208,62),(44,141),(108,109),(7,44),(236,130),(109,56),
71:(250,142),(196,98),(180,89),(28,130),(36,41),(133,69),(108,69),(150,82),(11,45),(97,69),(294,95),(109,45),(239,154),(194,85),(208,62),(44,141),(108,109),(7,44),(235,130),(109,56),
72:(249,142),(195,98),(180,89),(28,130),(36,41),(133,69),(108,69),(149,82),(11,45),(97,69),(294,94),(109,46),(238,154),(195,85),(208,62),(44,141),(108,109),(7,44),(234,130),(109,56),
73:(248,142),(194,98),(180,89),(28,130),(36,41),(133,69),(108,69),(148,82),(11,45),(97,69),(294,93),(109,47),(237,154),(196,85),(208,62),(44,141),(108,109),(7,44),(233,130),(109,56),
74:(247,142),(193,98),(180,89),(28,130),(36,41),(133,69),(108,69),(147,82),(11,45),(97,69),(294,92),(109,48),(236,154),(197,85),(208,62),(44,141),(108,109),(7,44),(232,130),(109,56),
75:(246,142),(192,98),(180,89),(28,130),(36,41),(133,69),(108,69),(146,82),(11,45),(97,69),(294,91),(109,49),(235,154),(198,85),(208,62),(44,141),(108,109),(7,44),(231,130),(109,56),
76:(245,142),(191,98),(180,89),(28,130),(36,41),(133,69),(108,69),(145,82),(11,45),(97,69),(294,90),(109,50),(234,154),(199,85),(208,62),(44,141),(108,109),(7,44),(230,130),(109,56),
77:(244,142),(190,98),(180,89),(28,130),(36,41),(133,69),(108,69),(144,82),(11,45),(97,69),(294,90),(109,51),(233,154),(200,85),(208,62),(44,141),(108,109),(7,44),(229,130),(109,56),
78:(243,142),(189,98),(180,89),(28,130),(36,41),(133,69),(108,69),(143,82),(11,45),(97,69),(294,90),(109,52),(232,154),(201,85),(208,62),(44,141),(108,109),(7,44),(228,130),(109,56),
79:(242,142),(188,98),(180,89),(28,130),(36,41),(133,69),(108,69),(142,82),(11,45),(97,69),(294,90),(109,53),(231,154),(202,85),(208,62),(44,141),(108,109),(7,44),(227,130),(109,56),
80:(241,142),(187,98),(180,89),(28,130),(36,41),(133,69),(108,69),(141,82),(11,45),(97,69),(294,90),(109,54),(230,154),(203,85),(208,62),(44,141),(108,109),(7,44),(226,130),(109,56),
81:(240,142),(186,98),(180,89),(28,130),(36,41),(133,69),(108,69),(140,82),(11,45),(97,69),(294,90),(109,55),(229,154),(204,85),(208,62),(44,141),(108,109),(7,44),(225,130),(109,56),
82:(239,142),(185,98),(180,89),(28,130),(36,41),(133,69),(108,69),(139,82),(11,45),(97,69),(294,90),(109,55),(228,154),(205,85),(208,62),(44,141),(108,109),(7,44),(224,130),(109,56),
83:(238,142),(184,98),(180,89),(28,130),(36,41),(133,69),(108,69),(138,82),(11,45),(97,69),(294,90),(109,55),(227,154),(206,85),(208,62),(44,141),(108,109),(7,44),(223,130),(109,56),
84:(237,142),(183,98),(180,89),(28,130),(36,41),(133,69),(108,69),(137,82),(11,45),(97,69),(294,90),(109,55),(226,154),(207,85),(208,62),(44,141),(108,109),(7,44),(222,130),(109,56),
85:(236,142),(182,98),(180,89),(28,130),(36,41),(133,69),(108,69),(136,82),(11,45),(97,69),(294,90),(109,55),(225,154),(208,85),(208,62),(44,141),(108,109),(7,44),(221,130),(109,56),
86:(235,142),(182,98),(180,89),(28,130),(36,41),(133,69),(108,69),(135,82),(11,45),(97,69),(294,90),(109,55),(224,154),(209,85),(208,62),(44,141),(108,109),(7,44),(220,130),(109,56),
87:(234,142),(182,98),(180,89),(28,130),(36,41),(133,69),(108,69),(134,82),(11,45),(97,69),(294,90),(109,55),(223,154),(210,85),(208,62),(44,141),(108,109),(7,44),(219,130),(109,56),
88:(233,142),(182,98),(180,89),(28,130),(36,41),(133,69),(108,69),(133,82),(11,45),(97,69),(294,90),(109,55),(222,154),(211,85),(208,62),(44,141),(108,109),(7,44),(218,130),(109,56),
89:(232,142),(182,98),(180,89),(28,130),(36,41),(133,69),(108,69),(132,82),(11,45),(97,69),(294,90),(109,55),(221,154),(212,85),(208,62),(44,141),(108,109),(7,44),(217,130),(109,56),
90:(231,142),(182,98),(180,89),(28,130),(36,41),(133,69),(108,69),(131,82),(11,45),(97,69),(294,90),(109,55),(220,154),(213,85),(208,62),(44,141),(108,109),(7,44),(216,130),(109,56),
91:(230,142),(182,98),(180,89),(28,130),(36,41),(133,69),(108,69),(130,82),(11,45),(97,69),(294,90),(109,55),(219,154),(214,85),(208,62),(44,141),(108,109),(7,44),(215,130),(109,56),
92:(229,142),(182,98),(180,89),(28,130),(36,41),(133,69),(108,69),(129,82),(11,45),(97,69),(294,90),(109,55),(218,154),(215,85),(208,62),(44,141),(108,109),(7,44),(214,130),(109,56),
93:(228,142),(182,98),(180,89),(28,130),(36,41),(133,69),(108,69),(128,82),(11,45),(97,69),(294,90),(109,55),(217,154),(216,85),(208,62),(44,141),(108,109),(7,44),(213,130),(109,56),
94:(227,142),(182,98),(180,89),(28,130),(36,41),(133,69),(108,69),(127,82),(11,45),(97,69),(294,90),(109,55),(216,154),(217,85),(208,62),(44,141),(108,109),(7,44),(212,130),(109,56),
95:(226,142),(182,98),(180,89),(28,130),(36,41),(133,69),(108,69),(126,82),(11,45),(97,69),(294,90),(109,55),(215,154),(218,85),(208,62),(44,141),(108,109),(7,44),(211,130),(109,56),
96:(225,142),(182,98),(180,89),(28,130),(36,41),(133,69),(108,69),(125,82),(11,45),(97,69),(294,90),(109,55),(214,154),(219,85),(208,62),(44,141),(108,109),(7,44),(210,130),(109,56),
97:(224,142),(182,98),(180,89),(28,130),(36,41),(133,69),(108,69),(124,82),(11,45),(97,69),(294,90),(109,55),(213,154),(220,85),(208,62),(44,141),(108,109),(7,44),(209,130),(109,56),
98:(223,142),(182,98),(180,89),(28,130),(36,41),(133,69),(108,69),(123,82),(11,45),(97,69),(294,90),(109,55),(212,154),(221,85),(208,62),(44,141),(108,109),(7,44),(208,130),(109,56),
99:(222,142),(182,98),(180,89),(28,130),(36,41),(133,69),(108,69),(122,82),(11,45),(97,69),(294,90),(109,55),(211,154),(222,85),(208,62),(44,141),(108,109),(7,44),(207,130),(109,56),
100:(221,142),(182,98),(180,89),(28,130),(36,41),(133,69),(108,69),(121,82),(11,45),(97,69),(294,90),(109,55),(210,154),(223,85),(208,62),(44,141),(108,109),(7,44),(206,130),(109,56),
101:(220,142),(182,98),(180,89),(28,130),(36,41),(133,69),(108,69),(120,82),(11,45),(97,69),(294,90),(109,55),(209,154),(224,85),(208,62),(44,141),(108,109),(7,44),(205,130),(109,56),
102:(219,142),(182,98),(180,89),(28,130),(36,41),(133,69),(108,69),(119,82),(11,45),(97,69),(294,90),(109,55),(208,154),(225,85),(208,62),(44,141),(108,109),(7,44),(204,130),(109,56),
103:(218,142),(182,98),(180,89),(28,130),(36,41),(133,69),(108,69),(118,82),(11,45),(97,69),(294,90),(109,55),(207,154),(226,85),(208,62),(44,141),(108,109),(7,44),(203,130),(109,56),
104:(217,142),(182,98),(180,89),(28,130),(36,41),(133,69),(108,69),(117,82),(11,45),(97,69),(294,90),(109,55),(206,154),(227,85),(208,62),(44,141),(108,109),(7,44),(202,130),(109,56),
105:(216,142),(182,98),(180,89),(28,130),(36,41),(133,69),(108,69),(116,82),(11,45),(97,69),(294,90),(109,55),(205,154),(228,85),(208,62),(44,141),(108,109),(7,44),(201,130),(109,56),
106:(215,142),(182,98),(180,89),(28,130),(36,41),(133,69),(108,69),(115,82),(11,45),(97,69),(294,90),(109,55),(204,154),(229,85),(208,62),(44,141),(108,109),(7,44),(200,130),(109,56),
107:(214,142),(182,98),(180,89),(28,130),(36,41),(133,69),(108,69),(114,82),(11,45),(97,69),(294,90),(109,55),(203,154),(230,85),(208,62),(44,141),(108,109),(7,44),(199,130),(109,56),
108:(213,142),(182,98),(180,89),(28,130),(36,41),(133,69),(108,69),(113,82),(11,45),(97,69),(294,90),(109,55),(202,154),(231,85),(208,62),(44,141),(108,109),(7,44),(198,130),(109,56),
109:(212,142),(182,98),(180,89),(28,130),(36,41),(133,69),(108,69),(112,82),(11,45),(97,69),(294,90),(109,55),(201,154),(232,85),(208,62),(44,141),(108,109),(7,44),(197,130),(109,56),
110:(211,142),(182,98),(180,89),(28,130),(36,41),(133,69),(108,69),(111,82),(11,45),(97,69),(294,90),(109,55),(200,154),(233,85),(208,62),(44,141),(108,109),(7,44),(196,130),(109,56),
111:(210,142),(182,98),(180,89),(28,130),(36,41),(133,69),(108,69),(110,82),(11,45),(97,69),(294,90),(109,55),(199,154),(234,85),(208,62),(44,141),(108,109),(7,44),(195,130),(109,56),
112:(209,142),(182,98),(180,89),(28,130),(36,41),(133,69),(108,69),(109,82),(11,45),(97,69),(294,90),(109,55),(198,154),(235,85),(208,62),(44,141),(108,109),(7,44),(194,130),(109,56),
113:(208,142),(182,98),(180,89),(28,130),(36,41),(133,69),(108,69),(108,82),(11,45),(97,69),(294,90),(109,55),(197,154),(236,85),(208,62),(44,141),(108,109),(7,44),(193,130),(109,56),
114:(207,142),(182,98),(180,89),(28,130),(36,41),(133,69),(108,69),(107,82),(11,45),(97,69),(294,90),(109,55),(196,154),(237,85),(208,62),(44,141),(108,109),(7,44),(192,130),(109,56),
115:(206,142),(182,98),(180,89),(28,130),(36,41),(133,69),(108,69),(106,82),(11,45),(97,69),(294,90),(109,55),(195,154),(238,85),(208,62),(44,141),(108,109),(7,44),(191,130),(109,56),
116:(205,142),(182,98),(180,89),(28,130),(36,41),(133,69),(108,69),(105,82),(11,45),(97,69),(294,90),(109,55),(194,154),(239,85),(208,62),(44,141),(108,109),(7,44),(190,130),(109,56),
117:(204,142),(182,98),(180,89),(28,130),(36,41),(133,69),(108,69),(104,82),(11,45),(97,69),(294,90),(109,55),(193,154),(240,85),(208,62),(44,141),(108,109),(7,44),(189,130),(109,56),
118:(203,142),(182,98),(180,89),(28,130),(36,41),(133,69),(108,69),(103,82),(11,45),(97,69),(294,90),(109,55),(192,154),(241,85),(208,62),(44,141),(108,109),(7,44),(188,130),(109,56),
119:(202,142),(182,98),(180,89),(28,130),(36,41),(133,69),(108,69),(102,82),(11,45),(97,69),(294,90),(109,55),(191,154),(242,85),(208,62),(44,141),(108,109),(7,44),(187,130),(109,56),
120:(201,142),(182,98),(180,89),(28,130),(36,41),(133,69),(108,69),(101,82),(11,45),(97,69),(294,90),(109,55),(190,154),(243,85),(208,62),(44,141),(108,109),(7,44),(186,130),(109,56),
121:(200,142),(182,98),(180,89),(28,130),(36,41),(133,69),(108,69),(100,82),(11,45),(97,69),(294,90),(109,55),(189,154),(244,85),(208,62),(44,141),(108,109),(7,44),(185,130),(109,56),
122:(199,142),(182,98),(180,89),(28,130),(36,41),(133,69),(108,69),(99,82),(11,45),(97,69),(294,90),(109,55),(188,154),(245,85),(208,62),(44,141),(108,109),(7,44),(184,130),(109,56),
123:(198,142),(182,98),(180,89),(28,130),(36,41),(133,69),(108,69),(98,82),(11,45),(97,69),(294,90),(109,55),(187,154),(246,85),(208,62),(44,141),(108,109),(7,44),(183,130),(109,56),
124:(197,142),(182,98),(180,89),(28,130),(36,41),(133,69),(108,69),(97,82),(11,45),(97,69),(294,90),(109,55),(186,154),(247,85),(208,62),(44,141),(108,109),(7,44),(182,130),(109,56),
125:(196,142),(182,98),(180,89),(28,130),(36,41),(133,69),(108,69),(96,82),(11,45),(97,69),(294,90),(109,55),(185,154),(248,85),(208,62),(44,141),(108,109),(7,44),(181,130),(109,56),
126:(195,142),(182,98),(180,89),(28,130),(36,41),(133,69),(108,69),(95,82),(11,45),(97,69),(294,90),(109,55),(184,154),(249,85),(208,62),(44,141),(108,109),(7,44),(180,130),(109,56),
127:(194,142),(182,98),(180,89),(28,130),(36,41),(133,69),(108,69),(94,82),(11,45),(97,69),(294,90),(109,55),(183,154),(250,85),(208,62),(44,141),(108,109),(7,44),(179,130),(109,56),
128:(193,142),(182,98),(180,89),(28,130),(36,41),(133,69),(108,69),(93,82),(11,45),(97,69),(294,90),(109,55),(182,154),(251,85),(208,62),(44,141),(108,109),(7,44),(178,130),(109,56),
129:(192,142),(182,98),(180,89),(28,130),(36,41),(133,69),(108,69),(92,82),(11,45),(97,69),(294,90),(109,55),(181,154),(252,85),(208,62),(44,141),(108,109),(7,44),(177,130),(109,56),
130:(191,142),(182,98),(180,89),(28,130),(36,41),(133,69),(108,69),(91,82),(11,45),(97,69),(294,90),(109,55),(181,153),(253,85),(208,62),(44,141),(108,109),(7,44),(176,130),(109,56),
131:(190,142),(182,98),(180,89),(28,130),(36,41),(133,69),(108,69),(90,82),(11,45),(97,69),(294,90),(109,55),(181,152),(254,85),(208,62),(44,141),(108,109),(7,44),(175,130),(109,56),
132:(189,142),(182,98),(180,89),(28,130),(36,41),(133,69),(108,69),(89,82),(11,45),(97,69),(294,90),(109,55),(181,151),(255,85),(208,62),(44,141),(108,109),(7,44),(174,130),(109,56),
133:(188,142),(182,98),(180,89),(28,130),(36,41),(133,69),(108,69),(88,82),(11,45),(97,69),(294,90),(109,55),(181,150),(256,85),(208,62),(44,141),(108,109),(7,44),(173,130),(109,56),
134:(187,142),(182,98),(180,89),(28,130),(36,41),(133,69),(108,69),(87,82),(11,45),(97,69),(294,90),(109,55),(181,149),(257,85),(208,62),(44,141),(108,109),(7,44),(172,130),(109,56),
135:(186,142),(182,98),(180,89),(28,130),(36,41),(133,69),(108,69),(86,82),(11,45),(97,69),(294,90),(109,55),(181,148),(258,85),(208,62),(44,141),(108,109),(7,44),(171,130),(109,56),
136:(185,142),(182,98),(180,89),(28,130),(36,41),(133,69),(108,69),(85,82),(11,45),(97,69),(294,90),(109,55),(181,147),(259,85),(208,62),(44,141),(108,109),(7,44),(170,130),(109,56),
137:(184,142),(182,98),(180,89),(28,130),(36,41),(133,69),(108,69),(84,82),(11,45),(97,69),(294,90),(109,55),(181,146),(260,85),(208,62),(44,141),(108,109),(7,44),(169,130),(109,56),
138:(183,142),(182,98),(180,89),(28,130),(36,41),(133,69),(108,69),(83,82),(11,45),(97,69),(294,90),(109,55),(181,145),(261,85),(208,62),(44,141),(108,109),(7,44),(168,130),(109,56),
139:(182,142),(182,98),(180,89),(28,130),(36,41),(133,69),(108,69),(82,82),(11,45),(97,69),(294,90),(109,55),(181,144),(262,85),(208,62),(44,141),(108,109),(7,44),(167,130),(109,56),
140:(181,142),(182,98),(180,89),(28,130),(36,41),(133,69),(108,69),(81,82),(11,45),(97,69),(294,90),(109,55),(181,143),(263,85),(208,62),(44,141),(108,109),(7,44),(166,130),(109,56),
141:(180,142),(182,98),(180,89),(28,130),(36,41),(133,69),(108,69),(80,82),(11,45),(97,69),(294,90),(109,55),(181,142),(264,85),(208,62),(44,141),(108,109),(7,44),(165,130),(109,56),
142:(179,142),(182,98),(180,89),(28,130),(36,41),(133,69),(108,69),(79,82),(11,45),(97,69),(294,90),(109,55),(181,141),(265,85),(208,62),(44,141),(108,109),(7,44),(164,130),(109,56),
143:(178,142),(182,98),(180,89),(28,130),(36,41),(133,69),(108,69),(78,82),(11,45),(97,69),(294,90),(109,55),(181,140),(266,85),(208,62),(44,141),(108,109),(7,44),(163,130),(109,56),
144:(177,142),(182,98),(180,89),(28,130),(36,41),(133,69),(108,69),(77,82),(11,45),(97,69),(294,90),(109,55),(181,139),(267,85),(208,62),(44,141),(108,109),(7,44),(162,130),(109,56),
145:(176,142),(182,98),(180,89),(28,130),(36,41),(133,69),(108,69),(76,82),(11,45),(97,69),(294,90),(109,55),(181,138),(268,85),(208,62),(44,141),(108,109),(7,44),(161,130),(109,56),
146:(175,142),(182,98),(180,89),(28,130),(36,41),(133,69),(108,69),(75,82),(11,45),(97,69),(294,90),(109,55),(181,137),(269,85),(208,62),(44,141),(108,109),(7,44),(160,130),(109,56),
147:(174,142),(182,98),(180,89),(28,130),(36,41),(133,69),(108,69),(74,82),(11,45),(97,69),(294,90),(109,55),(181,136),(270,85),(208,62),(44,141),(108,109),(7,44),(159,130),(109,56),
148:(173,142),(182,98),(180,89),(28,130),(36,41),(133,69),(108,69),(73,82),(11,45),(97,69),(294,90),(109,55),(181,135),(271,85),(208,62),(44,141),(108,109),(7,44),(158,130),(109,56),
149:(172,142),(182,98),(180,89),(28,130),(36,41),(133,69),(108,69),(72,82),(11,45),(97,69),(294,90),(109,55),(181,134),(272,85),(208,62),(44,141),(108,109),(7,44),(157,130),(109,56),
150:(171,142),(182,98),(180,89),(28,130),(36,41),(133,69),(108,69),(71,82),(11,45),(97,69),(294,90),(109,55),(181,133),(273,85),(208,62),(44,141),(108,109),(7,44),(156,130),(109,56),
151:(170,142),(182,98),(180,89),(28,130),(36,41),(133,69),(108,69),(70,82),(11,45),(97,69),(294,90),(109,55),(181,132),(274,85),(208,62),(44,141),(108,109),(7,44),(155,130),(109,56),
152:(169,142),(182,98),(180,89),(28,130),(36,41),(133,69),(108,69),(69,82),(11,45),(97,69),(294,90),(109,55),(181,131),(275,85),(208,62),(44,141),(108,109),(7,44),(154,130),(109,56),
153:(168,142),(182,98),(180,89),(28,130),(36,41),(133,69),(108,69),(68,82),(11,45),(97,69),(294,90),(109,55),(181,130),(276,85),(208,62),(44,141),(108,109),(7,44),(153,130),(109,56),
154:(167,142),(182,98),(180,89),(28,130),(36,41),(133,69),(108,69),(67,82),(11,45),(97,69),(294,90),(109,55),(181,129),(277,85),(208,62),(44,141),(108,109),(7,44),(152,130),(109,56),
155:(166,142),(182,98),(180,89),(28,130),(36,41),(133,69),(108,69),(66,82),(11,45),(97,69),(294,90),(109,55),(181,128),(278,85),(208,62),(44,141),(108,109),(7,44),(151,130),(109,56),
156:(165,142),(182,98),(180,89),(28,130),(36,41),(133,69),(108,69),(65,82),(11,45),(97,69),(294,90),(109,55),(181,127),(278,84),(208,62),(44,141),(108,109),(7,44),(150,130),(109,56),
157:(164,142),(182,98),(180,89),(28,130),(36,41),(133,69),(108,69),(64,82),(11,45),(97,69),(294,90),(109,55),(181,126),(278,83),(208,62),(44,141),(108,109),(7,44),(149,130),(109,56),
158:(163,142),(182,98),(180,89),(28,130),(36,41),(133,69),(108,69),(63,82),(11,45),(97,69),(294,90),(109,55),(181,125),(278,82),(208,62),(44,141),(108,109),(7,44),(148,130),(109,56),
159:(162,142),(182,98),(180,89),(28,130),(36,41),(133,69),(108,69),(62,82),(11,45),(97,69),(294,90),(109,55),(181,124),(278,81),(208,62),(44,141),(108,109),(7,44),(147,130),(109,56),
160:(161,142),(182,98),(180,89),(28,130),(36,41),(133,69),(108,69),(61,82),(11,45),(97,69),(294,90),(109,55),(181,123),(278,80),(208,62),(44,141),(108,109),(7,44),(146,130),(109,56),
161:(160,142),(182,98),(180,89),(28,130),(36,41),(133,69),(108,69),(60,82),(11,45),(97,69),(294,90),(109,55),(181,122),(278,79),(208,62),(44,141),(108,109),(7,44),(145,130),(109,56),
162:(159,142),(182,98),(180,89),(28,130),(36,41),(133,69),(108,69),(59,82),(11,45),(97,69),(294,90),(109,55),(181,121),(278,78),(208,62),(44,141),(108,109),(7,44),(144,130),(109,56),
163:(158,142),(182,98),(180,89),(28,130),(36,41),(133,69),(108,69),(58,82),(11,45),(97,69),(294,90),(109,55),(181,120),(278,77),(208,62),(44,141),(108,109),(7,44),(143,130),(109,56),
164:(157,142),(182,98),(180,89),(28,130),(36,41),(133,69),(108,69),(57,82),(11,45),(97,69),(294,90),(109,55),(181,119),(278,76),(208,62),(44,141),(108,109),(7,44),(142,130),(109,56),
165:(156,142),(182,98),(180,89),(28,130),(36,41),(133,69),(108,69),(56,82),(11,45),(97,69),(294,90),(109,55),(181,118),(278,75),(208,62),(44,141),(108,109),(7,44),(141,130),(109,56),
166:(155,142),(182,98),(180,89),(28,130),(36,41),(133,69),(108,69),(55,82),(11,45),(97,69),(294,90),(109,55),(181,117),(278,74),(208,62),(44,141),(108,109),(7,44),(140,130),(109,56),
167:(154,142),(182,98),(180,89),(28,130),(36,41),(133,69),(108,69),(54,82),(11,45),(97,69),(294,90),(109,55),(181,116),(278,73),(208,62),(44,141),(108,109),(7,44),(139,130),(109,56),
168:(153,142),(182,98),(180,89),(28,130),(36,41),(133,69),(108,69),(53,82),(11,45),(97,69),(294,90),(109,55),(181,115),(278,72),(208,62),(44,141),(108,109),(7,44),(138,130),(109,56),
169:(152,142),(182,98),(180,89),(28,130),(36,41),(133,69),(108,69),(52,82),(11,45),(97,69),(294,90),(109,55),(181,114),(278,71),(208,62),(44,141),(108,109),(7,44),(137,130),(109,56),
170:(151,142),(182,98),(180,89),(28,130),(36,41),(133,69),(108,69),(51,82),(11,45),(97,69),(294,90),(109,55),(181,113),(278,70),(208,62),(44,141),(108,109),(7,44),(136,130),(109,56),
171:(150,142),(182,98),(180,89),(28,130),(36,41),(133,69),(108,69),(50,82),(11,45),(97,69),(294,90),(109,55),(181,112),(278,69),(208,62),(44,141),(108,109),(7,44),(135,130),(109,56),
172:(149,142),(182,98),(180,89),(28,130),(36,41),(133,69),(108,69),(49,82),(11,45),(97,69),(294,90),(109,55),(181,111),(278,68),(208,62),(44,141),(108,109),(7,44),(134,130),(109,56),
173:(148,142),(182,98),(180,89),(28,130),(36,41),(133,69),(108,69),(48,82),(11,45),(97,69),(294,90),(109,55),(181,110),(278,67),(208,62),(44,141),(108,109),(7,44),(133,130),(109,56),
174:(147,142),(182,98),(180,89),(28,130),(36,41),(133,69),(108,69),(47,82),(11,45),(97,69),(294,90),(109,55),(181,109),(278,66),(208,62),(44,141),(108,109),(7,44),(132,130),(109,56),
175:(146,142),(182,98),(180,89),(28,130),(36,41),(133,69),(108,69),(46,82),(11,45),(97,69),(294,90),(109,55),(181,108),(278,65),(208,62),(44,141),(108,109),(7,44),(131,130),(109,56),
176:(145,142),(182,98),(180,89),(28,130),(36,41),(133,69),(108,69),(45,82),(11,45),(97,69),(294,90),(109,55),(181,107),(278,64),(208,62),(44,141),(108,109),(7,44),(130,130),(109,56),
177:(144,142),(182,98),(180,89),(28,130),(36,41),(133,69),(108,69),(44,82),(11,45),(97,69),(294,90),(109,55),(181,106),(278,63),(208,62),(44,141),(108,109),(7,44),(129,130),(109,56),
178:(143,142),(182,98),(180,89),(28,130),(36,41),(133,69),(108,69),(43,82),(11,45),(97,69),(294,90),(109,55),(181,105),(278,62),(208,62),(44,141),(108,109),(7,44),(128,130),(109,56),
179:(142,142),(182,98),(180,89),(28,130),(36,41),(133,69),(108,69),(42,82),(11,45),(97,69),(294,90),(109,55),(181,104),(278,61),(208,62),(44,141),(108,109),(7,44),(127,130),(109,56),
180:(141,142),(182,98),(180,89),(28,130),(36,41),(133,69),(108,69),(41,82),(11,45),(97,69),(294,90),(109,55),(181,103),(278,60),(208,62),(44,141),(108,109),(7,44),(126,130),(109,56),
181:(140,142),(182,98),(180,89),(28,130),(36,41),(133,69),(108,69),(40,82),(11,45),(97,69),(294,90),(109,55),(181,102),(278,59),(208,62),(44,141),(108,109),(7,44),(125,130),(109,56),
182:(139,142),(182,98),(180,89),(28,130),(36,41),(133,69),(108,69),(39,82),(11,45),(97,69),(294,90),(109,55),(181,101),(278,58),(208,62),(44,141),(108,109),(7,44),(124,130),(109,56),
183:(138,142),(182,98),(180,89),(28,130),(36,41),(133,69),(108,69),(38,82),(11,45),(97,69),(294,90),(109,55),(181,100),(278,57),(208,62),(44,141),(108,109),(7,44),(123,130),(109,56),
184:(137,142),(182,98),(180,89),(28,130),(36,41),(133,69),(108,69),(37,82),(11,45),(97,69),(294,90),(109,55),(181,99),(278,56),(208,62),(44,141),(108,109),(7,44),(122,130),(109,56),
185:(136,142),(182,98),(180,89),(28,130),(36,41),(133,69),(108,69),(36,82),(11,45),(97,69),(294,90),(109,55),(181,98),(278,55),(208,62),(44,141),(108,109),(7,44),(121,130),(109,56),
186:(135,142),(182,98),(180,89),(28,130),(36,41),(133,69),(108,69),(36,82),(11,45),(97,69),(294,90),(109,55),(181,97),(278,54),(208,62),(44,141),(108,109),(7,44),(120,130),(109,56),
187:(134,142),(181,98),(180,89),(28,130),(36,41),(133,69),(108,69),(36,82),(11,45),(97,69),(294,90),(109,55),(181,96),(278,53),(208,62),(44,141),(108,109),(7,44),(119,130),(109,56),
188:(133,142),(180,98),(180,89),(28,130),(36,41),(133,69),(108,69),(36,82),(11,45),(97,69),(294,90),(109,55),(181,95),(278,52),(208,62),(44,141),(108,109),(7,44),(118,130),(109,56),
189:(132,142),(179,98),(180,89),(28,130),(36,41),(133,69),(108,69),(36,82),(11,45),(97,69),(294,90),(109,55),(181,94),(278,51),(208,62),(44,141),(108,109),(7,44),(117,130),(109,56),
190:(131,142),(178,98),(180,89),(28,130),(36,41),(133,69),(108,69),(36,82),(11,45),(97,69),(294,90),(109,55),(181,93),(278,50),(208,62),(44,141),(108,109),(7,44),(116,130),(109,56),
191:(130,142),(177,98),(180,89),(28,130),(36,41),(133,69),(108,69),(36,82),(11,45),(97,69),(294,90),(109,55),(181,92),(278,49),(208,62),(44,141),(108,109),(7,44),(115,130),(109,56),
192:(129,142),(176,98),(180,89),(28,130),(36,41),(133,69),(108,69),(36,82),(11,45),(97,69),(294,90),(109,55),(181,91),(278,48),(208,62),(44,141),(108,109),(7,44),(114,130),(109,56),
193:(128,142),(175,98),(180,89),(28,130),(36,41),(133,69),(108,69),(36,82),(11,45),(97,69),(294,90),(109,55),(181,90),(278,47),(208,62),(44,141),(108,109),(7,44),(113,130),(109,56),
194:(127,142),(174,98),(180,89),(28,130),(36,41),(133,69),(108,69),(36,82),(11,45),(97,69),(294,90),(109,55),(181,89),(278,46),(208,62),(44,141),(108,109),(7,44),(112,130),(109,56),
195:(126,142),(173,98),(180,89),(28,130),(36,41),(133,69),(108,69),(36,82),(11,45),(97,69),(294,90),(109,55),(181,88),(278,45),(208,62),(44,141),(108,109),(7,44),(111,130),(109,56),
196:(125,142),(172,98),(181,89),(28,130),(36,41),(133,69),(108,69),(36,82),(11,45),(97,69),(294,90),(109,55),(181,87),(278,44),(208,62),(44,141),(108,109),(7,44),(110,130),(109,56),
197:(124,142),(171,98),(182,89),(28,130),(36,41),(133,69),(108,69),(36,82),(11,45),(97,69),(294,90),(109,55),(181,86),(278,43),(208,62),(44,141),(108,109),(7,44),(109,130),(109,56),
198:(123,142),(170,98),(183,89),(28,130),(36,41),(133,69),(108,69),(36,82),(11,45),(97,69),(294,90),(109,55),(181,85),(278,42),(208,62),(44,141),(108,109),(7,44),(108,130),(109,56),
199:(122,142),(169,98),(184,89),(28,130),(36,41),(133,69),(108,69),(36,82),(11,45),(97,69),(294,90),(109,55),(181,84),(278,41),(208,62),(44,141),(108,109),(7,44),(107,130),(109,56),
200:(121,142),(168,98),(185,89),(28,130),(36,41),(133,69),(108,69),(36,82),(11,45),(97,69),(294,90),(109,55),(181,83),(278,40),(208,62),(44,141),(108,109),(7,44),(106,130),(109,56),
201:(120,142),(167,98),(186,89),(28,130),(36,41),(133,69),(108,69),(36,82),(11,45),(97,69),(294,90),(109,55),(181,82),(278,39),(208,62),(44,141),(108,109),(7,44),(105,130),(109,56),
202:(119,142),(166,98),(187,89),(28,130),(36,41),(133,69),(108,69),(36,82),(11,45),(97,69),(294,90),(109,55),(181,81),(278,38),(208,62),(44,141),(108,109),(7,44),(104,130),(109,56),
203:(118,142),(165,98),(188,89),(28,130),(36,41),(133,69),(108,69),(36,82),(11,45),(97,69),(294,90),(109,55),(181,80),(278,37),(208,62),(44,141),(108,109),(7,44),(103,130),(109,56),
204:(117,142),(164,98),(189,89),(28,130),(36,41),(133,69),(108,69),(36,82),(11,45),(97,69),(294,90),(109,55),(181,79),(278,36),(208,62),(44,141),(108,109),(7,44),(102,130),(109,56),
205:(116,142),(163,98),(190,89),(28,130),(36,41),(133,69),(108,69),(36,82),(11,45),(97,69),(294,90),(109,55),(181,78),(278,35),(208,62),(44,141),(108,109),(7,44),(101,130),(109,56),
206:(115,142),(162,98),(191,89),(28,130),(36,41),(133,69),(108,69),(36,82),(11,45),(97,69),(294,90),(109,55),(181,77),(278,34),(208,62),(44,141),(108,109),(7,44),(100,130),(109,56),
207:(114,142),(161,98),(192,89),(28,130),(36,41),(133,69),(108,69),(36,82),(11,45),(97,69),(294,90),(109,55),(181,76),(278,33),(208,62),(44,141),(108,109),(7,44),(99,130),(109,56),
208:(113,142),(160,98),(193,89),(28,130),(36,41),(133,69),(108,69),(36,82),(11,45),(97,69),(294,90),(109,55),(181,75),(278,32),(208,62),(44,141),(108,109),(7,44),(98,130),(109,56),
209:(112,142),(159,98),(194,89),(28,130),(36,41),(133,69),(108,69),(36,82),(11,45),(97,69),(294,90),(109,55),(181,74),(278,31),(208,62),(44,141),(108,109),(7,44),(97,130),(109,56),
210:(111,142),(158,98),(195,89),(28,130),(36,41),(133,69),(108,69),(36,82),(11,45),(97,69),(294,90),(109,55),(181,73),(278,30),(208,62),(44,141),(108,109),(7,44),(96,130),(109,56),
211:(110,142),(157,98),(196,89),(28,130),(36,41),(133,69),(108,69),(36,82),(11,45),(97,69),(294,90),(109,55),(181,72),(278,29),(208,62),(44,141),(108,109),(7,44),(95,130),(109,56),
212:(109,142),(156,98),(197,89),(28,130),(36,41),(133,69),(108,69),(36,82),(11,45),(97,69),(294,90),(109,55),(181,71),(278,28),(208,62),(44,141),(108,109),(7,44),(94,130),(109,56),
213:(108,142),(155,98),(198,89),(28,130),(36,41),(133,69),(108,69),(36,82),(11,45),(97,69),(294,90),(109,55),(181,70),(278,27),(208,62),(44,141),(108,109),(7,44),(93,130),(109,56),
214:(107,142),(154,98),(199,89),(28,130),(36,41),(133,69),(108,69),(36,82),(11,45),(97,69),(294,90),(109,55),(181,69),(278,26),(208,62),(44,141),(108,109),(7,44),(92,130),(109,56),
215:(106,142),(153,98),(200,89),(28,130),(36,41),(133,69),(108,69),(36,82),(11,45),(97,69),(294,90),(109,55),(181,68),(278,25),(208,62),(44,141),(108,109),(7,44),(91,130),(109,56),
216:(105,142),(152,98),(201,89),(28,130),(36,41),(133,69),(108,69),(36,82),(11,45),(97,69),(294,90),(109,55),(181,67),(278,24),(208,62),(44,141),(108,109),(7,44),(90,130),(109,56),
217:(104,142),(151,98),(202,89),(28,130),(36,41),(133,69),(108,69),(36,82),(11,45),(97,69),(294,90),(109,55),(181,66),(278,23),(208,62),(44,141),(108,109),(7,44),(89,130),(109,56),
218:(103,142),(150,98),(203,89),(28,130),(36,41),(133,69),(108,69),(36,82),(11,45),(97,69),(294,90),(109,55),(181,65),(278,22),(208,62),(44,141),(108,109),(7,44),(88,130),(109,56),
219:(102,142),(149,98),(204,89),(28,130),(36,41),(133,69),(108,69),(36,82),(11,45),(97,69),(294,90),(109,55),(181,64),(278,21),(208,62),(44,141),(108,109),(7,44),(87,130),(109,56),
220:(101,142),(148,98),(205,89),(28,130),(36,41),(133,69),(108,69),(36,82),(11,45),(97,69),(294,90),(109,55),(181,63),(278,20),(208,62),(44,141),(108,109),(7,44),(86,130),(109,56),
221:(100,142),(147,98),(206,89),(28,130),(36,41),(133,69),(108,69),(36,82),(11,45),(97,69),(294,90),(109,55),(181,62),(278,19),(208,62),(44,141),(108,109),(7,44),(85,130),(109,56),
222:(99,142),(146,98),(207,89),(28,130),(36,41),(133,69),(108,69),(36,82),(11,45),(97,69),(294,90),(109,55),(181,61),(278,18),(208,62),(44,141),(108,109),(7,44),(84,130),(109,56),
223:(98,142),(145,98),(208,89),(28,130),(36,41),(133,69),(108,69),(36,82),(11,45),(97,69),(294,90),(109,55),(181,60),(278,17),(208,62),(44,141),(108,109),(7,44),(83,130),(109,56),
224:(97,142),(144,98),(209,89),(28,130),(36,41),(133,69),(108,69),(36,82),(11,45),(97,69),(294,90),(109,55),(181,59),(278,16),(208,62),(44,141),(108,109),(7,44),(82,130),(109,56),
225:(96,142),(143,98),(210,89),(28,130),(36,41),(133,69),(108,69),(36,82),(11,45),(97,69),(294,90),(109,55),(181,58),(278,15),(208,62),(44,141),(108,109),(7,44),(81,130),(109,56),
226:(95,142),(142,98),(211,89),(28,130),(36,41),(133,69),(108,69),(36,82),(11,45),(97,69),(294,90),(109,55),(181,57),(278,14),(208,62),(44,141),(108,109),(7,44),(80,130),(109,56),
227:(94,142),(141,98),(212,89),(28,130),(36,41),(133,69),(108,69),(36,82),(11,45),(97,69),(294,90),(109,55),(181,56),(278,13),(208,62),(44,141),(108,109),(7,44),(79,130),(109,56),
228:(93,142),(140,98),(213,89),(28,130),(36,41),(133,69),(108,69),(36,82),(11,45),(97,69),(294,90),(109,55),(181,55),(278,12),(208,62),(44,141),(108,109),(7,44),(78,130),(109,56),
229:(92,142),(139,98),(214,89),(28,130),(36,41),(133,69),(108,69),(36,82),(11,45),(97,69),(294,90),(109,55),(181,54),(278,11),(208,62),(44,141),(108,109),(7,44),(77,130),(109,56),
230:(91,142),(138,98),(215,89),(28,130),(36,41),(133,69),(108,69),(36,82),(11,45),(97,69),(294,90),(109,55),(181,53),(278,10),(208,62),(44,141),(108,109),(7,44),(76,130),(109,56),
231:(90,142),(137,98),(216,89),(28,130),(36,41),(133,69),(108,69),(36,82),(11,45),(97,69),(294,90),(109,55),(181,53),(279,10),(208,62),(44,141),(108,109),(7,44),(75,130),(109,56),
232:(89,142),(136,98),(217,89),(28,130),(36,41),(133,69),(108,69),(36,82),(11,45),(97,69),(294,90),(109,55),(181,53),(280,10),(208,62),(44,141),(108,109),(7,44),(74,130),(109,56),
233:(88,142),(135,98),(218,89),(28,130),(36,41),(133,69),(108,69),(36,82),(11,45),(97,69),(294,90),(109,55),(181,53),(281,10),(208,62),(44,141),(108,109),(7,44),(73,130),(109,56),
234:(87,142),(134,98),(219,89),(28,130),(36,41),(133,69),(108,69),(36,82),(11,45),(97,69),(294,90),(109,55),(181,53),(281,9),(208,62),(44,141),(108,109),(7,44),(72,130),(109,56),
235:(86,142),(133,98),(220,89),(28,130),(36,41),(133,69),(108,69),(36,82),(11,45),(97,69),(294,90),(109,55),(181,53),(281,9),(208,62),(44,141),(108,109),(7,44),(71,130),(109,56),
236:(85,142),(132,98),(221,89),(28,130),(36,41),(133,69),(108,69),(36,82),(11,45),(97,69),(294,90),(109,55),(181,53),(281,9),(208,62),(44,141),(108,109),(7,44),(70,130),(109,56),
237:(84,142),(131,98),(222,89),(28,130),(36,41),(133,69),(108,69),(36,82),(11,45),(97,69),(294,90),(109,55),(181,53),(281,9),(208,62),(44,141),(108,109),(7,44),(69,130),(109,56),
238:(83,142),(130,98),(223,89),(28,130),(36,41),(133,69),(108,69),(36,82),(11,45),(97,69),(294,90),(109,55),(181,53),(281,9),(208,62),(44,141),(108,109),(7,44),(68,130),(109,56),
239:(82,142),(129,98),(224,89),(28,130),(36,41),(133,69),(108,69),(36,82),(11,45),(97,69),(294,90),(109,55),(181,53),(281,9),(208,62),(44,141),(108,109),(7,44),(67,130),(109,56),
240:(81,142),(128,98),(225,89),(28,130),(36,41),(133,69),(108,69),(36,82),(11,45),(97,69),(294,90),(109,55),(181,53),(281,9),(208,62),(44,141),(108,109),(7,44),(66,130),(109,56),
241:(80,142),(127,98),(226,89),(28,130),(36,41),(133,69),(108,69),(36,82),(11,45),(97,69),(294,90),(109,55),(181,53),(281,9),(208,62),(44,141),(108,109),(7,44),(65,130),(109,56),
242:(79,142),(126,98),(227,89),(28,130),(36,41),(133,69),(108,69),(36,82),(11,45),(97,69),(294,90),(109,55),(181,53),(281,9),(208,62),(44,141),(108,109),(7,44),(64,130),(109,56),
243:(78,142),(125,98),(228,89),(28,130),(36,41),(133,69),(108,69),(36,82),(11,45),(97,69),(294,90),(109,55),(181,53),(281,9),(208,62),(44,141),(108,109),(7,44),(63,130),(109,56),
244:(77,142),(124,98),(229,89),(28,130),(36,41),(133,69),(108,69),(36,82),(11,45),(97,69),(294,90),(109,55),(181,53),(281,9),(208,62),(44,141),(108,109),(7,44),(62,130),(109,56),
245:(76,142),(123,98),(230,89),(28,130),(36,41),(133,69),(108,69),(36,82),(11,45),(97,69),(294,90),(109,55),(181,53),(281,9),(208,62),(44,141),(108,109),(7,44),(61,130),(109,56),
246:(75,142),(122,98),(231,89),(28,130),(36,41),(133,69),(108,69),(36,82),(11,45),(97,69),(294,90),(109,55),(181,53),(281,9),(208,62),(44,141),(108,109),(7,44),(60,130),(109,56),
247:(74,142),(121,98),(232,89),(28,130),(36,41),(133,69),(108,69),(36,82),(11,45),(97,69),(294,90),(109,55),(181,53),(281,9),(208,62),(44,141),(108,109),(7,44),(59,130),(109,56),
248:(73,142),(120,98),(233,89),(28,130),(36,41),(133,69),(108,69),(36,82),(11,45),(97,69),(294,90),(109,55),(181,53),(281,9),(208,62),(44,141),(108,109),(7,44),(58,130),(109,56),
249:(72,142),(119,98),(234,89),(28,130),(36,41),(133,69),(108,69),(36,82),(11,45),(97,69),(294,90),(109,55),(181,53),(281,9),(208,62),(44,141),(108,109),(7,44),(57,130),(109,56),
250:(71,142),(118,98),(235,89),(28,130),(36,41),(133,69),(108,69),(36,82),(11,45),(97,69),(294,90),(109,55),(181,53),(281,9),(208,62),(44,141),(108,109),(7,44),(56,130),(109,56),
251:(70,142),(117,98),(236,89),(28,130),(36,41),(133,69),(108,69),(36,82),(11,45),(97,69),(294,90),(109,55),(181,53),(281,9),(208,62),(44,141),(108,109),(7,44),(55,130),(109,56),
252:(69,142),(116,98),(237,89),(28,130),(36,41),(133,69),(108,69),(36,82),(11,45),(97,69),(294,90),(109,55),(181,53),(281,9),(208,62),(44,141),(108,109),(7,44),(54,130),(109,56),
253:(68,142),(115,98),(238,89),(28,130),(36,41),(133,69),(108,69),(36,82),(11,45),(97,69),(294,90),(109,55),(181,53),(281,9),(208,62),(44,141),(108,109),(7,44),(53,130),(109,56),
254:(67,142),(114,98),(239,89),(28,130),(36,41),(133,69),(108,69),(36,82),(11,45),(97,69),(294,90),(109,55),(181,53),(281,9),(208,62),(44,141),(108,109),(7,44),(52,130),(109,56),
255:(66,142),(113,98),(240,89),(28,130),(36,41),(133,69),(108,69),(36,82),(11,45),(97,69),(294,90),(109,55),(181,53),(281,9),(208,62),(44,141),(108,109),(7,44),(51,130),(109,56),
256:(65,142),(112,98),(241,89),(28,130),(36,41),(133,69),(108,69),(36,82),(11,45),(97,69),(294,90),(109,55),(181,53),(281,9),(208,62),(44,141),(108,109),(7,44),(50,130),(109,56),
257:(64,142),(111,98),(242,89),(28,130),(36,41),(133,69),(108,69),(36,82),(11,45),(97,69),(294,90),(109,55),(181,53),(281,9),(208,62),(44,141),(108,109),(7,44),(49,130),(109,56),
258:(63,142),(110,98),(243,89),(28,130),(36,41),(133,69),(108,69),(36,82),(11,45),(97,69),(294,90),(109,55),(181,53),(281,9),(208,62),(44,141),(108,109),(7,44),(48,130),(109,56),
259:(62,142),(109,98),(244,89),(28,130),(36,41),(133,69),(108,69),(36,82),(11,45),(97,69),(294,90),(109,55),(181,53),(281,9),(208,62),(44,141),(108,109),(7,44),(47,130),(109,56),
260:(61,142),(108,98),(245,89),(28,130),(36,41),(133,69),(108,69),(36,82),(11,45),(97,69),(294,90),(109,55),(181,53),(281,9),(208,62),(44,141),(108,109),(7,44),(46,130),(109,56),
261:(60,142),(107,98),(246,89),(28,130),(36,41),(133,69),(108,69),(36,82),(11,45),(97,69),(294,90),(109,55),(181,53),(281,9),(208,62),(44,141),(108,109),(7,44),(45,130),(109,56),
262:(59,142),(106,98),(247,89),(28,130),(36,41),(133,69),(108,69),(36,82),(11,45),(97,69),(294,90),(109,55),(181,53),(281,9),(208,62),(44,141),(108,109),(7,44),(44,130),(109,56),
263:(58,142),(105,98),(248,89),(28,130),(36,41),(133,69),(108,69),(36,82),(11,45),(97,69),(294,90),(109,55),(181,53),(281,9),(208,62),(44,141),(108,109),(7,44),(43,130),(109,56),
264:(57,142),(104,98),(249,89),(28,130),(36,41),(133,69),(108,69),(36,82),(11,45),(97,69),(294,90),(109,55),(181,53),(281,9),(208,62),(44,141),(108,109),(7,44),(42,130),(109,56),
265:(56,142),(103,98),(250,89),(28,130),(36,41),(133,69),(108,69),(36,82),(11,45),(97,69),(294,90),(109,55),(181,53),(281,9),(208,62),(44,141),(108,109),(7,44),(41,130),(109,56),
266:(55,142),(102,98),(251,89),(28,130),(36,41),(133,69),(108,69),(36,82),(11,45),(97,69),(294,90),(109,55),(181,53),(281,9),(208,62),(44,141),(108,109),(7,44),(40,130),(109,56),
267:(54,142),(101,98),(252,89),(28,130),(36,41),(133,69),(108,69),(36,82),(11,45),(97,69),(294,90),(109,55),(181,53),(281,9),(208,62),(44,141),(108,109),(7,44),(39,130),(109,56),
268:(53,142),(100,98),(253,89),(28,130),(36,41),(133,69),(108,69),(36,82),(11,45),(97,69),(294,90),(109,55),(181,53),(281,9),(208,62),(44,141),(108,109),(7,44),(38,130),(109,56),
269:(52,142),(99,98),(254,89),(28,130),(36,41),(133,69),(108,69),(36,82),(11,45),(97,69),(294,90),(109,55),(181,53),(281,9),(208,62),(44,141),(108,109),(7,44),(37,130),(109,56),
270:(51,142),(98,98),(255,89),(28,130),(36,41),(133,69),(108,69),(36,82),(11,45),(97,69),(294,90),(109,55),(181,53),(281,9),(208,62),(44,141),(108,109),(7,44),(36,130),(109,56),
271:(50,142),(98,97),(256,89),(28,130),(36,41),(133,69),(108,69),(36,82),(11,45),(97,69),(294,90),(109,55),(181,53),(281,9),(208,62),(44,141),(108,109),(7,44),(36,130),(109,56),
272:(49,142),(98,96),(257,89),(28,130),(36,41),(133,69),(108,69),(36,82),(11,45),(97,69),(294,90),(109,55),(181,53),(281,9),(208,62),(44,141),(108,109),(7,44),(36,130),(109,56),
273:(48,142),(98,95),(258,89),(28,130),(36,41),(133,69),(108,69),(36,82),(11,45),(97,69),(294,90),(109,55),(181,53),(281,9),(208,62),(44,141),(108,109),(7,44),(36,130),(109,56),
274:(47,142),(98,94),(259,89),(28,130),(36,41),(133,69),(108,69),(36,82),(11,45),(97,69),(294,90),(109,55),(181,53),(281,9),(208,62),(44,141),(108,109),(7,44),(36,130),(109,56),
275:(46,142),(98,93),(260,89),(28,130),(36,41),(133,69),(108,69),(36,82),(11,45),(97,69),(294,90),(109,55),(181,53),(281,9),(208,62),(44,141),(108,109),(7,44),(36,130),(109,56),
276:(45,142),(98,92),(261,89),(28,130),(36,41),(133,69),(108,69),(36,82),(11,45),(97,69),(294,90),(109,55),(181,53),(281,9),(208,62),(44,141),(108,109),(7,44),(36,130),(109,56),
277:(44,142),(98,91),(262,89),(28,130),(36,41),(133,69),(108,69),(36,82),(11,45),(97,69),(294,90),(109,55),(181,53),(281,9),(208,62),(44,141),(108,109),(7,44),(36,130),(109,56),
278:(43,142),(98,90),(263,89),(28,130),(36,41),(133,69),(108,69),(36,82),(11,45),(97,69),(294,90),(109,55),(181,53),(281,9),(208,62),(44,142),(108,109),(7,44),(36,130),(109,56),
279:(42,142),(98,89),(264,89),(28,130),(36,41),(133,69),(108,69),(36,82),(11,45),(97,69),(294,90),(109,55),(181,53),(281,9),(208,62),(44,143),(108,109),(7,44),(36,130),(109,56),
280:(41,142),(98,88),(265,89),(28,130),(36,41),(133,69),(108,69),(36,82),(11,45),(97,69),(294,90),(109,55),(181,53),(281,9),(208,62),(44,144),(108,109),(7,44),(36,130),(109,56),
281:(40,142),(98,87),(266,89),(28,130),(36,41),(133,69),(108,69),(36,82),(11,45),(97,69),(294,90),(109,55),(181,53),(281,9),(208,62),(44,145),(108,109),(7,44),(36,130),(109,56),
282:(39,142),(98,86),(267,89),(28,130),(36,41),(133,69),(108,69),(36,82),(11,45),(97,69),(294,90),(109,55),(181,53),(281,9),(208,62),(44,146),(108,109),(7,44),(36,130),(109,56),
283:(38,142),(98,85),(268,89),(28,130),(36,41),(133,69),(108,69),(36,82),(11,45),(97,69),(294,90),(109,55),(181,53),(281,9),(208,62),(44,147),(108,109),(7,44),(36,130),(109,56),
284:(37,142),(98,84),(269,89),(28,130),(36,41),(133,69),(108,69),(36,82),(11,45),(97,69),(294,90),(109,55),(181,53),(281,9),(208,62),(44,148),(108,109),(7,44),(36,130),(109,56),
285:(36,142),(98,83),(270,89),(28,130),(36,41),(133,69),(108,69),(36,82),(11,45),(97,69),(294,90),(109,55),(181,53),(281,9),(208,62),(44,149),(108,109),(7,44),(36,130),(109,56),
286:(35,142),(98,82),(271,89),(28,130),(36,41),(133,69),(108,69),(36,82),(11,45),(97,69),(294,90),(109,55),(181,53),(281,9),(208,62),(44,150),(108,109),(7,44),(36,130),(109,56),
287:(35,141),(98,81),(272,89),(28,130),(36,41),(133,69),(108,69),(36,82),(11,45),(97,69),(294,90),(109,55),(181,53),(281,9),(208,62),(44,151),(108,109),(7,44),(36,130),(109,56),
288:(35,140),(98,80),(273,89),(28,130),(36,41),(133,69),(108,69),(36,82),(11,45),(97,69),(294,90),(109,55),(181,53),(281,9),(208,62),(44,152),(108,109),(7,44),(36,130),(109,56),
289:(35,139),(98,79),(274,89),(28,130),(36,41),(133,69),(108,69),(36,82),(11,45),(97,69),(294,90),(109,55),(181,53),(281,9),(208,62),(44,153),(108,109),(7,44),(36,130),(109,56),
290:(35,138),(98,78),(275,89),(28,130),(36,41),(133,69),(108,69),(36,82),(11,45),(97,69),(294,90),(109,55),(181,53),(281,9),(208,62),(44,154),(108,109),(7,44),(36,130),(109,56),
291:(35,137),(98,77),(276,89),(28,130),(36,41),(133,69),(108,69),(36,82),(11,45),(97,69),(294,90),(109,55),(181,53),(281,9),(208,62),(44,155),(108,109),(7,44),(36,130),(109,56),
292:(35,136),(98,76),(277,89),(28,130),(36,41),(133,69),(108,69),(36,82),(11,45),(97,69),(294,90),(109,55),(181,53),(281,9),(208,62),(44,156),(108,109),(7,44),(36,130),(109,56),
293:(35,135),(98,75),(278,89),(28,130),(36,41),(133,69),(108,69),(36,82),(11,45),(97,69),(294,90),(109,55),(181,53),(281,9),(208,62),(44,157),(108,109),(7,44),(36,130),(109,56),
294:(35,134),(98,74),(279,89),(28,130),(36,41),(133,69),(108,69),(36,82),(11,45),(97,69),(294,90),(109,55),(181,53),(281,9),(208,62),(44,158),(108,109),(7,44),(36,130),(109,56),
295:(35,133),(98,73),(280,89),(28,130),(36,41),(133,69),(108,69),(36,82),(11,45),(97,69),(294,90),(109,55),(181,53),(281,9),(208,62),(44,158),(108,109),(7,44),(36,130),(109,56),
296:(35,132),(98,72),(281,89),(28,130),(36,41),(133,69),(108,69),(36,82),(11,45),(97,69),(294,90),(109,55),(181,53),(281,9),(208,62),(44,158),(108,109),(7,44),(36,130),(109,56),
297:(35,131),(98,71),(282,89),(28,130),(36,41),(133,69),(108,69),(36,82),(11,45),(97,69),(294,90),(109,55),(181,53),(281,9),(208,62),(44,158),(108,109),(7,44),(36,130),(109,56),
298:(35,130),(98,70),(283,89),(28,130),(36,41),(133,69),(108,69),(36,82),(11,45),(97,69),(294,90),(109,55),(181,53),(281,9),(208,62),(44,158),(108,109),(7,44),(36,130),(109,56),
299:(35,129),(98,69),(284,89),(28,130),(36,41),(133,69),(108,69),(36,82),(11,45),(97,69),(294,90),(109,55),(181,53),(281,9),(208,62),(44,158),(108,109),(7,44),(35,130),(109,56),
300:(35,128),(98,68),(285,89),(28,130),(36,41),(133,69),(108,69),(36,82),(11,45),(98,69),(294,90),(109,55),(181,53),(281,9),(208,62),(44,158),(108,109),(7,44),(34,130),(109,56),
301:(35,127),(98,67),(286,89),(28,130),(36,41),(133,69),(108,69),(36,82),(11,45),(99,69),(294,90),(109,55),(181,53),(281,9),(208,62),(44,158),(108,109),(7,44),(33,130),(109,56),
302:(35,126),(98,66),(287,89),(28,130),(36,41),(133,69),(108,69),(36,82),(11,45),(100,69),(294,90),(109,55),(181,53),(281,9),(208,62),(44,158),(108,109),(7,44),(32,130),(109,56),
303:(35,125),(98,65),(288,89),(28,130),(36,41),(133,69),(108,69),(36,82),(11,45),(100,70),(294,90),(109,55),(181,53),(281,9),(208,62),(44,158),(108,109),(7,44),(31,130),(109,56),
304:(35,124),(98,64),(289,89),(28,130),(36,41),(133,69),(108,69),(36,82),(11,45),(101,70),(294,90),(109,55),(181,53),(281,9),(208,62),(44,158),(108,109),(7,44),(30,130),(109,56),
305:(35,123),(98,63),(290,89),(28,130),(36,41),(133,69),(108,69),(36,82),(11,45),(102,70),(294,90),(109,55),(181,53),(281,9),(208,62),(44,158),(108,109),(7,44),(29,130),(109,56),
306:(35,122),(98,62),(291,89),(28,130),(36,41),(133,69),(108,69),(36,82),(11,45),(103,70),(294,90),(109,55),(181,53),(281,9),(208,62),(44,158),(108,109),(7,44),(29,129),(109,56),
307:(35,121),(98,61),(292,89),(29,130),(36,41),(133,69),(108,69),(36,82),(11,45),(104,70),(294,90),(109,55),(181,53),(281,9),(208,62),(44,158),(108,109),(7,44),(29,128),(109,56),
308:(35,120),(98,60),(293,89),(30,130),(36,41),(133,69),(108,69),(36,82),(11,45),(105,70),(294,90),(109,55),(181,53),(281,9),(208,62),(44,158),(108,109),(7,44),(29,127),(109,56),
309:(35,119),(98,59),(294,89),(31,130),(36,41),(133,69),(108,69),(36,82),(11,45),(106,70),(294,90),(109,55),(181,53),(281,9),(208,62),(44,158),(108,109),(7,44),(29,126),(109,56),
310:(35,118),(98,58),(295,89),(32,130),(36,41),(133,69),(108,69),(36,82),(11,45),(107,70),(294,89),(109,55),(181,53),(281,9),(208,62),(44,158),(108,109),(7,44),(29,125),(109,56),
311:(35,117),(98,57),(296,89),(33,130),(36,41),(133,69),(108,69),(36,82),(11,45),(108,70),(294,88),(109,55),(181,53),(281,9),(208,62),(44,158),(108,109),(7,44),(29,124),(109,56),
312:(35,116),(98,56),(297,89),(34,130),(36,41),(133,69),(108,69),(36,82),(11,45),(109,70),(294,87),(109,55),(181,53),(281,9),(208,62),(44,158),(108,109),(7,44),(29,123),(109,56),
313:(35,115),(98,55),(298,89),(35,130),(36,41),(133,69),(108,69),(36,82),(11,45),(109,70),(294,86),(109,55),(181,53),(281,9),(208,62),(44,158),(108,109),(7,44),(29,122),(109,56),
314:(35,114),(98,54),(299,89),(36,130),(36,41),(133,69),(108,69),(36,82),(11,45),(109,70),(294,85),(109,55),(181,53),(281,9),(208,62),(44,158),(108,109),(7,44),(29,121),(109,56),
315:(35,113),(98,53),(300,89),(37,130),(36,41),(133,69),(108,69),(36,82),(11,45),(109,70),(294,84),(109,55),(181,53),(281,9),(208,62),(44,158),(108,109),(7,44),(29,120),(109,56),
316:(35,112),(98,52),(301,89),(38,130),(36,41),(133,69),(108,69),(36,82),(11,45),(109,70),(294,83),(109,55),(181,53),(281,9),(208,62),(44,158),(108,109),(7,44),(29,119),(109,56),
317:(35,111),(98,51),(302,89),(39,130),(36,41),(133,69),(108,69),(36,82),(11,45),(109,70),(294,82),(109,55),(181,53),(281,9),(208,62),(44,158),(108,109),(7,44),(29,118),(109,56),
318:(35,110),(98,50),(303,89),(40,130),(36,41),(133,69),(108,69),(36,82),(11,45),(109,70),(294,81),(109,55),(181,53),(281,9),(208,62),(44,158),(108,109),(7,44),(29,117),(109,56),
319:(35,109),(98,50),(304,89),(41,130),(36,41),(133,69),(108,69),(36,82),(11,45),(109,70),(294,80),(109,55),(181,53),(281,9),(208,62),(44,158),(108,109),(7,44),(29,116),(109,56),
320:(35,108),(98,50),(305,89),(42,130),(36,41),(133,69),(108,69),(36,82),(11,45),(109,70),(294,79),(109,55),(181,53),(281,9),(208,62),(44,158),(108,109),(7,44),(29,115),(109,56),
321:(35,107),(98,50),(306,89),(43,130),(36,41),(133,69),(108,69),(36,82),(11,45),(109,70),(294,78),(109,55),(181,53),(281,9),(208,62),(44,158),(108,109),(7,44),(29,114),(109,56),
322:(35,106),(98,50),(307,89),(44,130),(36,41),(133,69),(108,69),(36,82),(11,45),(109,70),(294,77),(109,55),(181,53),(281,9),(208,62),(44,158),(108,109),(7,44),(29,113),(109,56),
323:(35,105),(98,50),(308,89),(45,130),(36,41),(133,69),(108,69),(36,82),(11,45),(109,70),(294,76),(109,55),(181,53),(281,9),(208,62),(44,158),(108,109),(7,44),(29,112),(109,56),
324:(35,104),(98,50),(309,89),(46,130),(36,41),(133,69),(108,69),(36,82),(11,45),(109,70),(294,75),(109,55),(181,53),(281,9),(208,62),(44,158),(108,109),(7,44),(29,111),(109,56),
325:(35,103),(98,50),(310,89),(47,130),(36,41),(133,69),(108,69),(36,82),(11,45),(109,70),(294,74),(109,55),(181,53),(281,9),(208,62),(44,158),(108,109),(7,44),(29,110),(109,56),
326:(35,102),(98,50),(311,89),(48,130),(36,41),(133,69),(108,69),(36,82),(11,45),(109,70),(294,73),(109,55),(181,53),(281,9),(208,62),(44,158),(108,109),(7,44),(29,109),(109,56),
327:(35,101),(98,50),(312,89),(49,130),(36,41),(133,69),(108,69),(36,82),(11,45),(109,70),(294,72),(109,55),(181,53),(281,9),(208,62),(44,158),(108,109),(7,44),(29,108),(109,56),
328:(35,100),(98,50),(313,89),(50,130),(36,41),(133,69),(108,69),(36,82),(11,45),(109,70),(294,71),(109,55),(181,53),(281,9),(208,62),(44,158),(108,109),(7,44),(29,107),(109,56),
329:(35,99),(98,50),(314,89),(51,130),(36,41),(133,69),(108,69),(36,82),(11,45),(109,70),(294,70),(109,55),(181,53),(281,9),(208,62),(44,158),(108,109),(7,44),(29,106),(109,56),
330:(35,98),(98,50),(315,89),(52,130),(36,41),(133,69),(108,69),(36,82),(11,45),(109,70),(294,69),(109,55),(181,53),(281,9),(208,62),(44,158),(108,109),(7,44),(29,105),(109,56),
331:(35,97),(98,50),(316,89),(53,130),(36,41),(133,69),(108,69),(36,82),(11,45),(109,70),(294,68),(109,55),(181,53),(281,9),(208,62),(44,158),(108,109),(7,44),(29,104),(109,56),
332:(35,96),(98,50),(317,89),(54,130),(36,41),(133,69),(108,69),(36,82),(11,45),(109,70),(294,67),(109,55),(181,53),(281,9),(208,62),(44,158),(108,109),(7,44),(29,103),(109,56),
333:(35,95),(98,50),(318,89),(55,130),(36,41),(133,69),(108,69),(36,82),(11,45),(109,70),(294,66),(109,55),(181,53),(281,9),(208,62),(44,158),(108,109),(7,44),(29,102),(109,56),
334:(35,94),(98,50),(319,89),(56,130),(36,41),(133,69),(108,69),(36,82),(11,45),(109,70),(294,65),(109,55),(181,53),(281,9),(208,62),(44,158),(108,109),(7,44),(29,101),(109,56),
335:(35,93),(98,50),(320,89),(57,130),(36,41),(133,69),(108,69),(36,82),(11,45),(109,70),(294,64),(109,55),(181,53),(281,9),(208,62),(44,158),(108,109),(7,44),(29,100),(109,56),
336:(35,92),(98,50),(321,89),(58,130),(36,41),(133,69),(108,69),(36,82),(11,45),(109,70),(294,63),(109,55),(181,53),(281,9),(208,62),(44,158),(108,109),(7,44),(29,99),(109,56),
337:(35,91),(98,50),(322,89),(59,130),(36,41),(133,69),(108,69),(36,82),(11,45),(109,70),(294,62),(109,55),(181,53),(281,9),(208,62),(44,158),(108,109),(7,44),(29,98),(109,56),
338:(35,90),(98,50),(323,89),(60,130),(36,41),(133,69),(108,69),(36,82),(11,45),(109,70),(294,61),(109,55),(181,53),(281,9),(208,62),(44,158),(108,109),(7,44),(29,97),(109,56),
339:(35,89),(98,50),(324,89),(61,130),(36,41),(133,69),(108,69),(36,82),(11,45),(109,70),(294,60),(109,55),(181,53),(281,9),(208,62),(44,158),(108,109),(7,44),(29,96),(109,56),
340:(35,88),(98,50),(325,89),(62,130),(36,41),(133,69),(108,69),(36,82),(11,45),(109,70),(294,59),(109,55),(181,53),(281,9),(208,62),(44,158),(108,109),(7,44),(29,95),(109,56),
341:(35,87),(98,50),(325,90),(63,130),(36,41),(133,69),(108,69),(36,82),(11,45),(109,70),(294,58),(109,55),(181,53),(281,9),(208,62),(44,158),(108,109),(7,44),(29,94),(109,56),
342:(35,86),(98,50),(325,91),(64,130),(36,41),(133,69),(108,69),(36,82),(11,45),(109,70),(294,57),(109,55),(181,53),(281,9),(208,62),(44,158),(108,109),(7,44),(29,93),(109,56),
343:(35,85),(98,50),(325,92),(65,130),(36,41),(133,69),(108,69),(36,82),(11,45),(109,70),(294,56),(109,55),(181,53),(281,9),(208,62),(44,158),(108,109),(7,44),(29,92),(109,56),
344:(35,84),(98,50),(325,93),(66,130),(36,41),(133,69),(108,69),(36,82),(11,45),(109,70),(294,55),(109,55),(181,53),(281,9),(208,62),(44,158),(108,109),(7,44),(29,91),(109,56),
345:(35,83),(98,50),(325,94),(67,130),(36,41),(133,69),(108,69),(36,82),(11,45),(109,70),(294,54),(109,55),(181,53),(281,9),(208,62),(44,158),(108,109),(7,44),(29,90),(109,56),
346:(35,82),(98,50),(325,95),(68,130),(36,41),(133,69),(108,69),(36,82),(11,45),(109,70),(294,53),(109,55),(181,53),(281,9),(208,62),(44,158),(108,109),(7,44),(29,89),(109,56),
347:(35,81),(98,50),(325,96),(69,130),(36,41),(133,69),(108,69),(35,82),(11,45),(109,70),(294,52),(109,55),(181,53),(281,9),(208,62),(44,158),(108,109),(7,44),(29,88),(109,56),
348:(35,80),(98,50),(325,97),(70,130),(36,41),(133,69),(108,69),(34,82),(11,45),(109,70),(294,51),(109,55),(181,53),(281,9),(208,62),(44,158),(108,109),(7,44),(29,87),(109,56),
349:(35,79),(98,50),(325,98),(71,130),(36,41),(133,69),(108,69),(33,82),(11,45),(109,70),(294,50),(109,55),(181,53),(281,9),(208,62),(44,158),(108,109),(7,44),(29,86),(109,56),
350:(35,78),(98,50),(325,99),(72,130),(36,41),(133,69),(108,69),(32,82),(11,45),(109,70),(294,49),(109,55),(181,53),(281,9),(208,62),(44,158),(108,109),(7,44),(29,85),(109,56),
351:(35,77),(98,50),(325,100),(73,130),(36,41),(133,69),(108,69),(31,82),(11,45),(109,70),(294,48),(109,55),(181,53),(281,9),(208,62),(44,158),(108,109),(7,44),(29,84),(109,56),
352:(35,76),(98,50),(325,101),(74,130),(36,41),(133,69),(108,69),(30,82),(11,45),(109,70),(294,47),(109,55),(181,53),(281,9),(208,62),(44,158),(108,109),(7,44),(29,83),(109,56),
353:(35,75),(98,50),(325,102),(75,130),(36,41),(133,69),(108,69),(30,82),(11,45),(109,70),(294,46),(109,55),(181,53),(281,9),(208,62),(44,158),(108,109),(7,44),(29,82),(109,56),
354:(35,74),(98,50),(325,103),(76,130),(36,41),(133,69),(108,69),(30,82),(11,45),(109,70),(294,45),(109,55),(181,53),(281,9),(208,62),(44,158),(108,109),(7,44),(29,81),(109,56),
355:(35,73),(98,50),(325,104),(77,130),(36,41),(133,69),(108,69),(29,82),(11,45),(109,70),(294,44),(109,55),(181,53),(281,9),(208,62),(44,158),(108,109),(7,44),(29,80),(109,56),
356:(35,72),(98,50),(325,105),(78,130),(36,41),(133,69),(108,69),(28,82),(11,45),(109,70),(294,43),(109,55),(181,53),(281,9),(208,62),(44,158),(108,109),(7,44),(29,79),(109,56),
357:(35,71),(98,50),(325,106),(79,130),(36,41),(133,69),(108,69),(27,82),(11,45),(109,70),(294,42),(109,55),(181,53),(281,9),(208,62),(44,158),(108,109),(7,44),(29,78),(109,56),
358:(35,70),(98,50),(325,107),(80,130),(36,41),(133,69),(108,69),(26,82),(11,45),(109,70),(294,41),(109,55),(181,53),(281,9),(208,62),(44,158),(108,109),(7,44),(29,77),(109,56),
359:(35,69),(98,50),(325,108),(81,130),(36,41),(133,69),(108,69),(25,82),(11,45),(109,70),(294,40),(109,55),(181,53),(281,9),(208,62),(44,158),(108,109),(7,44),(29,76),(109,56),
360:(35,68),(98,50),(325,109),(82,130),(36,41),(133,69),(108,69),(24,82),(11,45),(109,70),(294,39),(109,55),(181,53),(281,9),(208,62),(44,158),(108,109),(7,44),(29,75),(109,56),
361:(35,67),(98,50),(325,110),(83,130),(36,41),(133,69),(108,69),(23,82),(11,45),(109,70),(294,38),(109,55),(181,53),(281,9),(208,62),(44,158),(108,109),(7,44),(29,74),(109,56),
362:(35,66),(98,50),(325,111),(84,130),(36,41),(133,69),(108,69),(23,81),(11,45),(109,70),(294,37),(109,55),(181,53),(281,9),(208,62),(44,158),(108,109),(7,44),(29,73),(109,56),
363:(35,65),(98,50),(325,112),(85,130),(36,41),(133,69),(108,69),(23,80),(11,45),(109,70),(294,36),(109,55),(181,53),(281,9),(208,62),(44,158),(108,109),(7,44),(29,72),(109,56),
364:(35,64),(98,50),(325,113),(86,130),(36,41),(133,69),(108,69),(23,79),(11,45),(109,70),(294,35),(109,55),(181,53),(281,9),(208,62),(44,158),(108,109),(7,44),(29,71),(109,56),
365:(35,63),(98,50),(325,114),(87,130),(36,41),(133,69),(108,69),(23,78),(11,45),(109,70),(294,34),(109,55),(181,53),(281,9),(208,62),(44,158),(108,109),(7,44),(29,70),(109,56),
366:(35,62),(98,50),(325,115),(88,130),(36,41),(133,69),(108,69),(23,77),(11,45),(109,70),(294,33),(109,55),(181,53),(281,9),(208,62),(44,158),(108,109),(7,44),(29,69),(109,56),
367:(35,61),(98,50),(325,116),(89,130),(36,41),(133,69),(108,69),(23,76),(11,45),(109,70),(294,32),(109,55),(181,53),(281,9),(208,62),(44,158),(108,109),(7,44),(29,68),(109,56),
368:(35,60),(98,50),(325,117),(90,130),(36,41),(133,69),(108,69),(23,75),(11,45),(109,70),(294,31),(109,55),(181,53),(281,9),(208,62),(44,158),(108,109),(7,44),(29,67),(109,56),
369:(35,59),(98,50),(325,118),(91,130),(36,41),(133,69),(108,69),(23,74),(11,45),(109,70),(294,30),(109,55),(181,53),(281,9),(208,62),(44,158),(108,109),(7,44),(29,66),(109,56),
370:(35,58),(98,50),(325,119),(92,130),(36,41),(133,69),(108,69),(23,73),(11,45),(109,70),(294,29),(109,55),(181,53),(281,9),(208,62),(44,158),(108,109),(7,44),(29,65),(109,56),
371:(35,57),(98,50),(325,120),(93,130),(36,41),(133,69),(108,69),(23,72),(11,45),(109,70),(294,28),(109,55),(181,53),(281,9),(208,62),(44,158),(108,109),(7,44),(29,64),(109,56),
372:(35,56),(98,50),(325,121),(94,130),(36,41),(133,69),(108,69),(23,71),(11,45),(109,70),(294,27),(109,55),(181,53),(281,9),(208,62),(44,158),(108,109),(7,44),(29,63),(109,56),
373:(35,55),(98,50),(325,122),(95,130),(36,41),(133,69),(108,69),(23,70),(11,45),(109,70),(294,26),(109,55),(181,53),(281,9),(208,62),(44,158),(108,109),(7,44),(29,62),(109,56),
374:(35,54),(98,50),(325,122),(96,130),(36,41),(133,69),(108,69),(23,69),(11,45),(109,70),(294,25),(109,55),(181,53),(281,9),(208,62),(44,158),(108,109),(7,44),(29,61),(109,56),
375:(35,53),(98,50),(325,122),(97,130),(36,41),(133,69),(108,69),(23,68),(11,45),(109,70),(294,24),(109,55),(181,53),(281,9),(208,62),(44,158),(108,109),(7,44),(29,60),(109,56),
376:(35,52),(98,50),(325,122),(98,130),(36,41),(133,69),(108,69),(23,67),(11,45),(109,70),(294,23),(109,55),(181,53),(281,9),(208,62),(44,158),(108,109),(7,44),(29,59),(109,56),
377:(35,51),(98,50),(325,122),(99,130),(36,41),(133,69),(108,69),(23,66),(11,45),(109,70),(294,22),(109,55),(181,53),(281,9),(208,62),(44,158),(108,109),(7,44),(29,58),(109,56),
378:(35,50),(98,50),(325,122),(100,130),(36,41),(133,69),(108,69),(23,65),(11,45),(109,70),(294,21),(109,55),(181,53),(281,9),(208,62),(44,158),(108,109),(7,44),(29,57),(109,56),
379:(35,49),(98,50),(325,122),(101,130),(36,41),(133,69),(108,69),(23,64),(11,45),(109,70),(294,20),(109,55),(181,53),(281,9),(208,62),(44,158),(108,109),(7,44),(29,56),(109,56),
380:(35,48),(98,50),(325,122),(102,130),(36,41),(133,69),(108,69),(23,63),(11,45),(109,70),(294,19),(109,55),(181,53),(281,9),(208,62),(44,158),(108,109),(7,44),(29,55),(109,56),
381:(35,47),(98,50),(325,122),(103,130),(36,41),(133,69),(108,69),(23,62),(11,45),(109,70),(294,18),(109,55),(181,53),(281,9),(208,62),(44,158),(108,109),(7,44),(29,54),(109,56),
382:(35,46),(98,50),(325,122),(104,130),(36,41),(133,69),(108,69),(23,61),(11,45),(109,70),(294,17),(109,55),(181,53),(281,9),(208,62),(44,158),(108,109),(7,44),(29,53),(109,56),
383:(35,45),(98,50),(325,122),(105,130),(36,41),(133,69),(108,69),(23,60),(11,45),(109,70),(294,16),(109,55),(181,53),(281,9),(208,62),(44,158),(108,109),(7,44),(29,52),(109,56),
384:(35,44),(98,50),(325,122),(106,130),(36,41),(133,69),(108,69),(23,59),(11,45),(109,70),(294,15),(109,55),(181,53),(281,9),(208,62),(44,158),(108,109),(7,44),(29,51),(109,56),
385:(35,43),(98,50),(325,122),(107,130),(36,41),(133,69),(108,69),(23,58),(11,45),(109,70),(294,14),(109,55),(181,53),(281,9),(208,62),(44,158),(108,109),(7,44),(29,50),(109,56),
386:(35,42),(98,50),(325,122),(108,130),(36,41),(133,69),(108,69),(23,57),(11,45),(109,70),(294,13),(109,55),(181,53),(281,9),(208,62),(44,158),(108,109),(7,44),(29,49),(109,56),
387:(35,41),(98,50),(325,122),(109,130),(36,41),(133,69),(108,69),(23,56),(11,45),(109,70),(294,12),(109,55),(181,53),(281,9),(208,62),(44,158),(108,109),(7,44),(29,48),(109,56),
388:(35,40),(98,50),(325,122),(110,130),(35,41),(133,69),(108,69),(23,55),(11,45),(109,70),(294,11),(109,55),(181,53),(281,9),(208,62),(44,158),(108,109),(7,44),(29,47),(109,56),
389:(35,39),(98,50),(325,122),(110,129),(34,41),(133,69),(108,69),(23,54),(11,45),(109,70),(294,10),(109,55),(181,53),(281,9),(208,62),(44,158),(108,109),(7,44),(29,46),(109,56),
390:(35,38),(98,50),(325,122),(110,128),(33,41),(133,69),(108,69),(23,53),(11,45),(109,70),(294,9),(109,55),(181,53),(281,9),(208,62),(44,158),(108,109),(7,44),(29,45),(109,56),
391:(35,37),(98,50),(325,122),(110,127),(32,41),(133,69),(108,69),(23,52),(11,45),(109,70),(294,8),(109,55),(181,53),(281,9),(208,62),(44,158),(108,109),(7,44),(29,44),(109,56),
392:(35,36),(98,50),(325,122),(110,126),(31,41),(133,69),(108,69),(23,51),(11,45),(109,70),(294,7),(109,55),(181,53),(281,9),(208,62),(44,158),(108,109),(7,44),(29,43),(109,56),
393:(35,35),(98,50),(325,122),(110,125),(30,41),(133,69),(108,69),(23,50),(11,45),(109,70),(294,6),(109,55),(181,53),(281,9),(208,62),(44,158),(108,109),(7,44),(29,42),(109,56),
394:(35,34),(98,50),(325,122),(110,124),(30,41),(133,69),(108,69),(23,49),(11,45),(109,70),(294,5),(109,55),(181,53),(281,9),(208,62),(44,158),(108,109),(7,44),(29,41),(109,56),
395:(35,33),(98,50),(325,122),(110,123),(30,41),(133,69),(108,69),(23,48),(11,45),(109,70),(294,4),(109,55),(181,53),(281,9),(208,62),(44,158),(108,109),(7,44),(29,40),(109,56),
396:(35,32),(98,50),(325,122),(110,122),(29,41),(133,69),(108,69),(23,47),(11,45),(109,70),(294,3),(109,55),(181,53),(281,9),(208,62),(44,158),(108,109),(7,44),(29,39),(109,56),
397:(35,31),(98,50),(325,122),(110,121),(28,41),(133,69),(108,69),(23,46),(11,45),(109,70),(294,2),(109,55),(181,53),(281,9),(208,62),(44,158),(108,109),(7,44),(29,38),(109,56),
398:(35,31),(98,50),(325,122),(110,120),(27,41),(133,69),(108,69),(23,45),(11,45),(109,70),(294,1),(109,55),(181,53),(281,9),(208,62),(44,158),(108,109),(7,44),(29,37),(109,56),
399:(35,31),(98,50),(325,122),(110,119),(26,41),(133,69),(108,69),(23,44),(11,45),(109,70),(294,1),(109,55),(181,53),(281,9),(208,62),(44,158),(108,109),(7,44),(29,36),(109,56),
400:(35,31),(98,50),(325,122),(110,118),(25,41),(133,69),(108,69),(23,43),(11,45),(109,70),(294,1),(109,55),(181,53),(281,9),(208,62),(44,158),(108,109),(7,44),(29,35),(109,56),
401:(35,31),(98,50),(325,122),(110,117),(24,41),(133,69),(108,69),(23,42),(11,45),(109,70),(294,1),(109,55),(181,53),(281,9),(208,62),(44,158),(108,109),(7,44),(29,34),(109,56),
402:(35,31),(98,50),(325,122),(110,116),(24,41),(133,69),(108,69),(23,41),(11,45),(109,70),(294,1),(109,55),(181,53),(281,9),(208,62),(44,158),(108,109),(7,44),(29,33),(109,56),
403:(35,31),(98,50),(325,122),(110,115),(24,41),(133,69),(108,69),(23,40),(11,45),(109,70),(294,1),(109,55),(181,53),(281,9),(208,62),(44,158),(108,109),(7,44),(29,32),(109,56),
404:(35,31),(98,50),(325,122),(110,114),(23,41),(133,69),(108,69),(23,39),(11,45),(109,70),(294,1),(109,55),(181,53),(281,9),(208,62),(44,158),(108,109),(7,44),(29,31),(109,56),
405:(35,31),(98,50),(325,122),(110,113),(22,41),(133,69),(108,69),(23,38),(11,45),(109,70),(294,1),(109,55),(181,53),(281,9),(208,62),(44,158),(108,109),(7,44),(29,30),(109,56),
406:(35,31),(98,50),(325,122),(110,112),(21,41),(133,69),(108,69),(23,37),(11,45),(109,70),(294,1),(109,55),(181,53),(281,9),(208,62),(44,158),(108,109),(7,44),(29,29),(109,56),
407:(35,31),(98,50),(325,122),(110,111),(20,41),(133,69),(108,69),(23,36),(11,45),(109,70),(294,1),(109,55),(181,53),(281,9),(208,62),(44,158),(108,109),(7,44),(29,28),(109,56),
408:(35,31),(98,50),(325,122),(110,110),(19,41),(133,69),(108,69),(23,36),(11,45),(109,70),(294,1),(109,55),(181,53),(281,9),(208,62),(44,158),(108,109),(7,44),(29,27),(109,56),
409:(35,31),(98,50),(325,122),(110,109),(18,41),(133,69),(108,69),(23,36),(11,45),(109,70),(294,1),(109,55),(181,53),(281,9),(208,62),(44,158),(108,109),(7,44),(29,26),(109,56),
410:(35,31),(98,50),(325,122),(110,108),(17,41),(133,69),(108,69),(23,36),(11,45),(109,70),(294,1),(109,55),(181,53),(281,9),(208,62),(44,158),(108,109),(7,44),(29,25),(109,56),
411:(35,31),(98,50),(325,122),(110,107),(16,41),(133,69),(108,69),(23,36),(11,45),(109,70),(294,1),(109,55),(181,53),(281,9),(208,62),(44,158),(108,109),(7,44),(29,24),(109,56),
412:(35,31),(98,50),(325,122),(110,106),(15,41),(133,69),(108,69),(23,36),(11,45),(109,70),(294,1),(109,55),(181,53),(281,9),(208,62),(44,158),(108,109),(7,44),(29,23),(109,56),
413:(35,31),(98,50),(325,122),(110,105),(14,41),(133,69),(108,69),(23,36),(11,45),(109,70),(294,1),(109,55),(181,53),(281,9),(208,62),(44,158),(108,109),(7,44),(29,22),(109,56),
414:(35,31),(98,50),(325,122),(110,104),(13,41),(133,69),(108,69),(23,36),(11,45),(109,70),(294,1),(109,55),(181,53),(281,9),(208,62),(44,158),(108,109),(7,44),(29,21),(109,56),
415:(35,31),(98,50),(325,122),(110,103),(12,41),(133,69),(108,69),(23,36),(11,45),(109,70),(294,1),(109,55),(181,53),(281,9),(208,62),(44,158),(108,109),(7,44),(29,20),(109,56),
416:(35,31),(98,50),(325,122),(110,102),(11,41),(133,69),(108,69),(23,36),(11,45),(109,70),(294,1),(109,55),(181,53),(281,9),(208,62),(44,158),(108,109),(7,44),(29,19),(109,56),
417:(35,31),(98,50),(325,122),(110,101),(10,41),(133,69),(108,69),(23,36),(11,45),(109,70),(294,1),(109,55),(181,53),(281,9),(208,62),(44,158),(108,109),(7,44),(29,18),(109,56),
418:(35,31),(98,50),(325,122),(110,100),(9,41),(133,69),(108,69),(23,36),(11,45),(109,70),(294,1),(109,55),(181,53),(281,9),(208,62),(44,158),(108,109),(7,44),(29,18),(109,56),
419:(35,31),(98,50),(325,122),(110,99),(8,41),(133,69),(108,69),(23,36),(11,45),(109,70),(294,1),(109,55),(181,53),(281,9),(208,62),(44,158),(108,109),(7,44),(29,18),(109,56),
420:(35,31),(98,50),(325,122),(110,98),(8,42),(133,69),(108,69),(23,36),(11,45),(109,70),(294,1),(109,55),(181,53),(281,9),(208,62),(44,158),(108,109),(7,44),(29,18),(109,56),
421:(35,31),(98,50),(325,122),(110,97),(8,43),(133,69),(108,69),(23,36),(11,45),(109,70),(294,1),(109,55),(181,53),(281,9),(208,62),(44,158),(108,109),(7,44),(29,18),(109,56),
422:(35,31),(98,50),(325,122),(110,96),(8,44),(133,69),(108,69),(23,36),(11,45),(109,70),(294,1),(109,55),(181,53),(281,9),(208,62),(44,158),(108,109),(7,44),(29,18),(109,56),
423:(35,31),(98,50),(325,122),(110,95),(8,45),(133,69),(108,69),(23,36),(11,45),(109,70),(294,1),(109,55),(181,53),(281,9),(208,62),(44,158),(108,109),(8,44),(29,18),(109,56),
424:(35,31),(98,50),(325,122),(110,94),(8,46),(133,69),(108,69),(23,36),(11,45),(109,70),(294,1),(109,55),(181,53),(281,9),(208,62),(44,158),(108,109),(9,44),(29,18),(109,56),
425:(35,31),(98,50),(325,122),(110,93),(8,47),(133,69),(108,69),(23,36),(11,45),(109,70),(294,1),(109,55),(181,53),(281,9),(208,62),(44,158),(108,109),(10,44),(29,18),(109,56),
426:(35,31),(98,50),(325,122),(110,92),(8,48),(133,69),(108,69),(23,36),(11,45),(109,70),(294,1),(109,55),(181,53),(281,9),(208,62),(44,158),(108,109),(11,44),(29,18),(109,56),
427:(35,31),(98,50),(325,122),(110,91),(8,49),(133,69),(108,69),(23,36),(11,45),(109,70),(294,1),(109,55),(181,53),(281,9),(208,62),(44,158),(108,109),(12,44),(29,18),(109,56),
428:(35,31),(98,50),(325,122),(110,90),(8,50),(133,69),(108,69),(23,36),(11,45),(109,70),(294,1),(109,55),(181,53),(281,9),(208,62),(44,158),(108,109),(13,44),(29,18),(109,56),
429:(35,31),(98,50),(325,122),(110,89),(8,51),(133,69),(108,69),(23,36),(11,45),(109,70),(294,1),(109,55),(181,53),(281,9),(208,62),(44,158),(108,109),(14,44),(29,18),(109,56),
430:(35,31),(98,50),(325,122),(110,88),(8,52),(133,69),(108,69),(23,36),(11,45),(109,70),(294,1),(109,55),(181,53),(281,9),(208,62),(44,158),(108,109),(15,44),(29,18),(109,56),
431:(35,31),(98,50),(325,122),(110,87),(8,53),(133,69),(108,69),(23,36),(11,45),(109,70),(294,1),(109,55),(181,53),(281,9),(208,62),(44,158),(108,109),(16,44),(29,18),(109,56),
432:(35,31),(98,50),(325,122),(110,86),(8,54),(133,69),(108,69),(23,36),(11,45),(109,70),(294,1),(109,55),(181,53),(281,9),(208,62),(44,158),(108,109),(17,44),(29,18),(109,56),
433:(35,31),(98,50),(325,122),(110,85),(8,55),(133,69),(108,69),(23,36),(11,45),(109,70),(294,1),(109,55),(181,53),(281,9),(208,62),(44,158),(108,109),(18,44),(29,18),(109,56),
434:(35,31),(98,50),(325,122),(110,84),(8,56),(133,69),(108,69),(23,36),(11,45),(109,70),(294,1),(109,55),(181,53),(281,9),(208,62),(44,158),(108,109),(19,44),(29,18),(109,56),
435:(35,31),(98,50),(325,122),(110,83),(8,57),(133,69),(108,69),(23,36),(11,45),(109,70),(294,1),(109,55),(181,53),(281,9),(208,62),(44,158),(108,109),(20,44),(29,18),(109,56),
436:(35,31),(98,50),(325,122),(110,82),(8,58),(133,69),(108,69),(23,36),(11,45),(109,70),(294,1),(109,55),(181,53),(281,9),(208,62),(44,158),(108,109),(21,44),(29,18),(109,56),
437:(35,31),(98,50),(325,122),(110,81),(8,59),(133,69),(108,69),(23,36),(11,45),(109,70),(294,1),(109,55),(181,53),(281,9),(208,62),(44,158),(108,109),(22,44),(29,18),(109,56),
438:(35,31),(98,50),(325,122),(110,80),(8,60),(133,69),(108,69),(23,36),(11,45),(109,70),(294,1),(109,55),(181,53),(281,9),(208,62),(44,158),(108,109),(23,44),(29,18),(109,56),
439:(35,31),(98,50),(325,122),(110,79),(8,61),(133,69),(108,69),(23,36),(11,45),(109,70),(294,1),(109,55),(181,53),(281,9),(208,62),(44,158),(108,109),(24,44),(29,18),(109,56),
440:(35,31),(98,50),(325,122),(110,78),(8,62),(133,69),(108,69),(23,36),(11,45),(109,70),(294,1),(109,55),(181,53),(281,9),(208,62),(44,158),(108,109),(25,44),(29,18),(109,56),
441:(35,31),(98,50),(325,122),(110,77),(8,63),(133,69),(108,69),(23,36),(11,45),(109,70),(294,1),(109,55),(181,53),(281,9),(208,62),(44,158),(108,109),(26,44),(29,18),(109,56),
442:(35,31),(98,50),(325,122),(110,76),(8,64),(133,69),(108,69),(23,36),(11,45),(109,70),(294,1),(109,55),(181,53),(281,9),(208,62),(44,158),(108,109),(27,44),(29,18),(109,56),
443:(35,31),(98,50),(325,122),(110,75),(8,65),(133,69),(108,69),(23,36),(11,45),(109,70),(294,1),(109,55),(181,53),(281,9),(208,62),(44,158),(108,109),(28,44),(29,18),(109,56),
444:(35,31),(98,50),(325,122),(110,74),(8,66),(133,69),(108,69),(23,36),(11,45),(109,70),(294,1),(109,55),(181,53),(281,9),(208,62),(44,158),(108,109),(29,44),(29,18),(109,56),
445:(35,31),(98,50),(325,122),(110,73),(8,67),(133,69),(108,69),(23,36),(11,45),(109,70),(294,1),(109,55),(181,53),(281,9),(208,62),(44,158),(108,109),(30,44),(29,18),(109,56),
446:(35,31),(98,50),(325,122),(110,72),(8,68),(133,69),(108,69),(23,36),(11,45),(109,70),(294,1),(109,55),(181,53),(281,9),(208,62),(44,158),(108,109),(31,44),(29,18),(109,56),
447:(35,31),(98,50),(325,122),(110,71),(8,69),(133,69),(108,69),(23,36),(11,45),(109,70),(294,1),(109,55),(181,53),(281,9),(208,62),(44,158),(108,109),(32,44),(29,18),(109,56),
448:(35,31),(98,50),(325,122),(110,70),(8,70),(133,69),(108,69),(23,36),(11,45),(109,70),(294,1),(109,55),(181,53),(281,9),(208,62),(44,158),(108,109),(33,44),(29,18),(109,56),
449:(35,31),(98,50),(325,122),(110,69),(8,71),(133,69),(108,69),(23,36),(11,45),(110,70),(294,1),(109,55),(181,53),(281,9),(208,62),(44,158),(108,109),(34,44),(29,18),(109,56),
450:(35,31),(98,50),(325,122),(110,68),(8,72),(133,69),(108,69),(23,36),(11,45),(111,70),(294,1),(109,55),(181,53),(281,9),(208,62),(44,158),(108,109),(35,44),(29,18),(109,56),
451:(35,31),(98,50),(325,122),(110,67),(8,73),(133,69),(108,69),(23,36),(11,45),(112,70),(294,1),(109,55),(181,53),(281,9),(208,62),(44,158),(108,109),(36,44),(29,18),(109,56),
452:(35,31),(98,50),(325,122),(110,66),(8,74),(133,69),(108,69),(23,36),(11,45),(113,70),(294,1),(109,55),(181,53),(281,9),(208,62),(44,158),(108,109),(37,44),(29,18),(109,56),
453:(35,31),(98,50),(325,122),(110,65),(8,75),(133,69),(108,69),(23,36),(11,45),(114,70),(294,1),(109,55),(181,53),(281,9),(208,62),(44,158),(108,109),(38,44),(29,18),(109,56),
454:(35,31),(98,50),(325,122),(110,64),(8,76),(133,69),(108,69),(23,36),(11,45),(115,70),(294,1),(109,55),(181,53),(281,9),(208,62),(44,158),(108,109),(39,44),(29,18),(109,56),
455:(35,31),(98,50),(325,122),(110,63),(8,77),(133,69),(108,69),(23,36),(11,45),(116,70),(294,1),(109,55),(181,53),(281,9),(208,62),(44,158),(108,109),(40,44),(29,18),(109,56),
456:(35,31),(98,50),(325,122),(110,62),(8,78),(133,69),(108,69),(23,36),(11,45),(117,70),(294,1),(109,55),(181,53),(281,9),(208,62),(44,158),(108,109),(41,44),(29,18),(109,56),
457:(35,31),(98,50),(325,122),(110,61),(8,79),(133,69),(108,69),(23,36),(11,45),(118,70),(294,1),(109,55),(181,53),(281,9),(208,62),(44,158),(108,109),(42,44),(29,18),(109,56),
458:(35,31),(98,50),(325,122),(110,60),(8,80),(133,69),(108,69),(23,36),(11,45),(119,70),(294,1),(109,55),(181,53),(281,9),(208,62),(44,158),(108,109),(43,44),(29,18),(109,56),
459:(35,31),(98,50),(325,122),(110,59),(8,81),(133,69),(108,69),(23,36),(11,45),(120,70),(294,1),(109,55),(181,53),(281,9),(208,62),(44,158),(108,109),(44,44),(29,18),(109,56),
460:(35,31),(98,50),(325,122),(110,58),(8,82),(133,69),(108,69),(23,36),(11,45),(121,70),(294,1),(109,55),(181,53),(281,9),(208,62),(44,158),(108,109),(45,44),(29,18),(109,56),
461:(35,31),(98,50),(325,122),(110,57),(8,83),(133,69),(108,69),(23,36),(11,45),(122,70),(294,1),(109,55),(181,53),(281,9),(208,62),(44,158),(108,109),(46,44),(29,18),(109,56),
462:(35,31),(98,50),(325,122),(110,56),(8,84),(133,69),(108,69),(23,36),(11,45),(123,70),(294,1),(109,55),(181,53),(281,9),(208,62),(44,158),(108,109),(47,44),(29,18),(109,56),
463:(35,31),(98,50),(325,122),(110,55),(8,85),(133,69),(108,69),(23,36),(11,45),(124,70),(294,1),(109,55),(181,53),(281,9),(208,62),(44,158),(108,109),(48,44),(29,18),(110,56),
464:(35,31),(98,50),(325,122),(110,54),(8,86),(133,69),(108,69),(23,36),(11,45),(125,70),(294,1),(109,56),(181,53),(281,9),(208,62),(44,158),(108,109),(49,44),(29,18),(110,56),
465:(35,31),(98,50),(325,122),(110,53),(8,87),(133,69),(108,69),(23,36),(11,45),(126,70),(294,1),(109,57),(181,53),(281,9),(208,62),(44,158),(108,109),(50,44),(29,18),(109,56),
466:(35,31),(98,50),(325,122),(110,52),(8,88),(133,69),(108,69),(23,36),(11,45),(127,70),(294,1),(109,58),(181,53),(281,9),(208,62),(44,158),(108,109),(50,45),(29,18),(109,55),
467:(35,31),(98,50),(325,122),(110,51),(8,89),(133,69),(108,69),(23,36),(11,45),(128,70),(294,1),(109,59),(181,53),(281,9),(208,62),(44,158),(108,109),(51,45),(29,18),(109,54),
468:(35,31),(98,50),(325,122),(110,50),(8,90),(133,69),(108,69),(23,36),(11,45),(129,70),(294,1),(109,60),(181,53),(281,9),(208,62),(44,158),(108,109),(52,45),(29,18),(108,54),
469:(35,31),(98,50),(325,122),(110,49),(8,91),(133,69),(108,69),(23,36),(11,45),(130,70),(294,1),(109,61),(181,53),(281,9),(208,62),(44,158),(108,109),(53,45),(29,18),(107,54),
470:(35,31),(98,50),(325,122),(110,48),(8,92),(133,69),(108,69),(23,36),(11,45),(131,70),(294,1),(109,62),(181,53),(281,9),(208,62),(44,158),(108,109),(54,45),(29,18),(106,54),
471:(35,31),(98,50),(325,122),(110,47),(8,93),(133,69),(108,69),(23,36),(11,45),(132,70),(294,1),(109,63),(181,53),(281,9),(208,62),(44,158),(108,109),(55,45),(29,18),(105,54),
472:(35,31),(98,50),(325,122),(110,46),(8,94),(133,69),(108,69),(23,36),(11,45),(133,70),(294,1),(109,64),(181,53),(281,9),(208,62),(44,158),(108,109),(56,45),(29,18),(104,54),
473:(35,31),(98,50),(325,122),(110,45),(8,95),(133,69),(108,69),(23,36),(11,45),(134,70),(294,1),(109,65),(181,53),(281,9),(208,62),(44,158),(108,109),(57,45),(29,18),(103,54),
474:(35,31),(98,50),(325,122),(110,44),(8,96),(133,70),(108,69),(23,36),(11,45),(135,70),(294,1),(109,66),(181,53),(281,9),(208,62),(44,158),(108,109),(58,45),(29,18),(102,54),
475:(35,31),(98,50),(325,122),(110,43),(8,97),(133,71),(108,69),(23,36),(11,45),(136,70),(294,1),(109,67),(181,53),(281,9),(208,62),(44,158),(108,109),(59,45),(29,18),(101,54),
476:(35,31),(98,50),(325,122),(110,42),(8,98),(133,72),(108,69),(23,36),(11,45),(137,70),(294,1),(109,68),(181,53),(281,9),(208,62),(44,158),(108,109),(60,45),(29,18),(100,54),
477:(35,31),(98,50),(325,122),(110,41),(8,99),(133,73),(108,69),(23,36),(11,45),(138,70),(294,1),(109,69),(181,53),(281,9),(208,62),(44,158),(108,109),(61,45),(29,18),(99,54),
478:(35,31),(98,50),(325,122),(110,40),(8,100),(133,74),(108,69),(23,36),(11,45),(139,70),(294,1),(109,70),(181,53),(281,9),(208,62),(44,158),(108,109),(62,45),(29,18),(98,54),
479:(35,31),(98,50),(325,122),(110,39),(8,101),(133,75),(109,69),(23,36),(11,45),(140,70),(294,1),(109,71),(181,53),(281,9),(208,62),(44,158),(108,109),(63,45),(29,18),(97,54),
480:(35,31),(98,50),(325,122),(110,38),(8,102),(133,76),(110,69),(23,36),(11,45),(141,70),(294,1),(109,72),(181,53),(281,9),(208,62),(44,158),(108,109),(64,45),(29,18),(96,54),
481:(35,31),(98,50),(325,122),(110,37),(8,103),(133,77),(111,69),(23,36),(11,45),(142,70),(294,1),(109,73),(181,53),(281,9),(208,62),(44,158),(108,109),(65,45),(29,18),(95,54),
482:(35,31),(98,50),(325,122),(110,36),(8,104),(133,78),(112,69),(23,36),(11,45),(143,70),(294,1),(109,74),(181,53),(281,9),(208,62),(44,158),(108,109),(66,45),(29,18),(94,54),
483:(35,31),(98,50),(325,122),(110,35),(8,105),(133,79),(113,69),(23,36),(11,45),(144,70),(294,1),(109,75),(181,53),(281,9),(208,62),(44,158),(108,109),(67,45),(29,18),(93,54),
484:(35,31),(98,50),(325,122),(110,34),(8,106),(133,80),(114,69),(23,36),(11,45),(145,70),(294,1),(109,76),(181,53),(281,9),(208,62),(44,158),(108,109),(68,45),(29,18),(92,54),
485:(35,31),(98,50),(325,122),(110,33),(8,107),(133,81),(115,69),(23,36),(11,45),(146,70),(294,1),(109,77),(181,53),(281,9),(208,62),(44,158),(108,109),(69,45),(29,18),(91,54),
486:(35,31),(98,50),(325,122),(110,32),(8,108),(133,82),(116,69),(23,36),(11,45),(147,70),(294,1),(109,78),(181,53),(281,9),(208,62),(44,158),(108,109),(70,45),(29,18),(90,54),
487:(35,31),(98,50),(325,122),(110,31),(8,109),(133,83),(117,69),(23,36),(11,45),(148,70),(294,1),(109,79),(181,53),(281,9),(208,62),(44,158),(108,109),(71,45),(29,18),(89,54),
488:(35,31),(98,50),(325,122),(110,30),(8,110),(133,84),(118,69),(23,36),(11,45),(149,70),(294,1),(109,80),(181,53),(281,9),(208,62),(44,158),(108,109),(72,45),(29,18),(88,54),
489:(35,31),(98,50),(325,122),(111,30),(8,111),(133,85),(119,69),(23,36),(11,45),(150,70),(294,1),(109,81),(181,53),(281,9),(208,62),(44,158),(108,109),(73,45),(29,18),(87,54),
490:(35,31),(98,50),(325,122),(111,30),(8,112),(133,86),(120,69),(23,36),(11,45),(151,70),(294,1),(109,82),(181,53),(281,9),(208,62),(44,158),(108,109),(74,45),(29,18),(86,54),
491:(35,31),(98,50),(325,122),(111,30),(8,113),(133,87),(121,69),(23,36),(11,45),(152,70),(294,1),(109,83),(181,53),(281,9),(208,62),(44,158),(108,109),(74,46),(29,18),(85,54),
492:(35,31),(98,50),(325,122),(111,30),(8,114),(133,88),(122,69),(23,36),(11,45),(153,70),(294,1),(109,84),(181,53),(281,9),(208,62),(44,158),(108,109),(74,47),(29,18),(84,54),
493:(35,31),(98,50),(325,122),(111,30),(8,115),(133,89),(123,69),(23,36),(11,45),(154,70),(294,1),(109,85),(181,53),(281,9),(208,62),(44,158),(108,109),(74,48),(29,18),(83,54),
494:(35,31),(98,50),(325,122),(111,30),(8,116),(133,90),(124,69),(23,36),(11,45),(155,70),(294,1),(109,86),(181,53),(281,9),(208,62),(44,158),(108,109),(74,49),(29,18),(82,54),
495:(35,31),(98,50),(325,122),(111,30),(8,117),(133,91),(125,69),(23,36),(11,45),(156,70),(294,1),(109,87),(181,53),(281,9),(208,62),(44,158),(108,109),(74,50),(29,18),(81,54),
496:(35,31),(98,50),(325,122),(111,30),(8,118),(133,92),(126,69),(23,36),(11,45),(157,70),(294,1),(109,88),(181,53),(281,9),(208,62),(44,158),(108,109),(74,51),(29,18),(80,54),
497:(35,31),(98,50),(325,122),(111,30),(8,119),(133,93),(127,69),(23,36),(11,45),(158,70),(294,1),(109,89),(181,53),(281,9),(208,62),(44,158),(108,109),(74,52),(29,18),(79,54),
498:(35,31),(98,50),(325,122),(111,30),(8,120),(133,94),(128,69),(23,36),(11,45),(159,70),(294,1),(109,90),(181,53),(281,9),(208,62),(44,158),(108,109),(74,53),(29,18),(78,54),
499:(35,31),(98,50),(325,122),(111,30),(8,121),(133,95),(129,69),(23,36),(11,45),(160,70),(294,1),(109,91),(181,53),(281,9),(208,62),(44,158),(108,109),(74,54),(29,18),(77,54),
500:(35,31),(98,50),(325,122),(111,30),(8,122),(133,96),(130,69),(23,36),(11,45),(161,70),(294,1),(109,92),(181,53),(281,9),(208,62),(44,158),(108,109),(74,55),(29,18),(76,54),
501:(35,31),(98,50),(325,122),(111,30),(8,123),(133,97),(131,69),(23,36),(11,45),(162,70),(294,1),(109,93),(181,53),(281,9),(208,62),(44,158),(108,109),(74,56),(29,18),(75,54),
