instance=temp_instance.txt
agents=20
map_file=warehouse-20-40-10-2-2.map
solver=PIBTOLD
solved=1
soc=2848
lb_soc=2848
makespan=295
lb_makespan=295
comp_time=9
preprocessing_comp_time=9
starts=(19,143),(276,94),(104,29),(185,45),(137,78),(140,53),(19,124),(229,67),(184,81),(321,2),(110,78),(232,109),(98,126),(97,73),(314,79),(230,162),(241,116),(41,57),(326,104),(277,93),
goals=(24,65),(234,50),(256,18),(166,150),(34,155),(14,105),(44,159),(11,16),(113,86),(30,6),(20,124),(50,88),(297,144),(121,127),(282,149),(262,141),(78,94),(90,58),(255,153),(98,104),
solution=
0:(19,143),(276,94),(104,29),(185,45),(137,78),(140,53),(19,124),(229,67),(184,81),(321,2),(110,78),(232,109),(98,126),(97,73),(314,79),(230,162),(241,116),(41,57),(326,104),(277,93),
1:(20,143),(275,94),(105,29),(184,45),(136,78),(139,53),(20,124),(229,66),(183,81),(320,2),(109,78),(231,109),(99,126),(97,74),(314,80),(230,161),(241,115),(41,58),(325,104),(276,93),
2:(20,142),(274,94),(106,29),(183,45),(135,78),(138,53),(20,125),(228,66),(182,81),(319,2),(108,78),(230,109),(100,126),(97,75),(313,80),(231,161),(241,114),(42,58),(325,105),(275,93),
3:(21,142),(273,94),(107,29),(182,45),(134,78),(137,53),(20,126),(228,65),(182,82),(318,2),(107,78),(229,109),(101,126),(97,76),(313,81),(232,161),(241,113),(43,58),(324,105),(274,93),
4:(22,142),(272,94),(108,29),(182,46),(134,79),(136,53),(21,126),(227,65),(182,83),(317,2),(106,78),(228,109),(102,126),(97,77),(312,81),(233,161),(240,113),(44,58),(323,105),(273,93),
5:(23,142),(272,93),(109,29),(182,47),(133,79),(135,53),(21,127),(226,65),(181,83),(317,3),(105,78),(227,109),(103,126),(97,78),(311,81),(234,161),(239,113),(45,58),(322,105),(273,94),
6:(23,141),(271,93),(110,29),(181,47),(133,80),(134,53),(21,128),(225,65),(181,84),(317,4),(104,78),(226,109),(104,126),(97,79),(310,81),(235,161),(238,113),(46,58),(322,106),(272,94),
7:(23,140),(270,93),(110,28),(181,48),(133,81),(134,54),(22,128),(224,65),(181,85),(317,5),(103,78),(225,109),(105,126),(97,80),(309,81),(236,161),(237,113),(47,58),(321,106),(271,94),
8:(24,140),(269,93),(110,27),(181,49),(133,82),(134,55),(22,129),(223,65),(181,86),(317,6),(102,78),(224,109),(106,126),(97,81),(308,81),(237,161),(236,113),(48,58),(321,107),(270,94),
9:(24,139),(268,93),(110,26),(180,49),(132,82),(133,55),(23,129),(222,65),(180,86),(316,6),(101,78),(223,109),(107,126),(98,81),(307,81),(238,161),(235,113),(49,58),(320,107),(269,94),
10:(24,138),(267,93),(111,26),(180,50),(131,82),(133,56),(23,130),(221,65),(179,86),(315,6),(100,78),(222,109),(108,126),(98,82),(306,81),(239,161),(234,113),(50,58),(320,108),(268,94),
11:(24,137),(266,93),(112,26),(179,50),(130,82),(133,57),(24,130),(220,65),(178,86),(314,6),(99,78),(221,109),(109,126),(98,83),(305,81),(240,161),(233,113),(51,58),(320,109),(267,94),
12:(24,136),(266,92),(112,25),(178,50),(129,82),(132,57),(24,131),(219,65),(177,86),(313,6),(98,78),(220,109),(110,126),(98,84),(305,82),(241,161),(232,113),(52,58),(320,110),(266,94),
13:(24,135),(266,91),(113,25),(177,50),(128,82),(132,58),(24,132),(218,65),(176,86),(312,6),(98,79),(219,109),(110,127),(98,85),(305,83),(242,161),(231,113),(53,58),(319,110),(266,95),
14:(24,134),(266,90),(114,25),(176,50),(127,82),(131,58),(24,133),(217,65),(175,86),(311,6),(98,80),(218,109),(110,128),(99,85),(305,84),(243,161),(230,113),(54,58),(318,110),(266,96),
15:(24,133),(266,89),(115,25),(175,50),(126,82),(130,58),(25,133),(217,64),(174,86),(310,6),(98,81),(218,108),(110,129),(100,85),(305,85),(244,161),(230,112),(55,58),(318,111),(265,96),
16:(24,132),(265,89),(116,25),(174,50),(125,82),(129,58),(25,134),(217,63),(173,86),(309,6),(98,82),(217,108),(110,130),(100,86),(305,86),(245,161),(230,111),(56,58),(318,112),(265,97),
17:(24,131),(265,88),(117,25),(173,50),(124,82),(128,58),(25,135),(217,62),(172,86),(308,6),(97,82),(217,107),(111,130),(101,86),(304,86),(246,161),(229,111),(57,58),(317,112),(265,98),
18:(24,130),(265,87),(118,25),(172,50),(123,82),(127,58),(26,135),(216,62),(171,86),(307,6),(97,83),(217,106),(112,130),(102,86),(304,87),(247,161),(229,110),(58,58),(316,112),(265,99),
19:(24,129),(265,86),(119,25),(171,50),(122,82),(126,58),(27,135),(215,62),(170,86),(306,6),(97,84),(217,105),(113,130),(103,86),(304,88),(248,161),(228,110),(59,58),(316,113),(265,100),
20:(24,128),(265,85),(120,25),(170,50),(122,83),(125,58),(28,135),(215,61),(169,86),(305,6),(97,85),(216,105),(114,130),(104,86),(303,88),(249,161),(227,110),(60,58),(315,113),(265,101),
21:(24,127),(265,84),(121,25),(170,51),(121,83),(124,58),(29,135),(214,61),(168,86),(304,6),(96,85),(215,105),(115,130),(105,86),(303,89),(250,161),(226,110),(61,58),(315,114),(264,101),
22:(24,126),(265,83),(122,25),(169,51),(121,84),(123,58),(30,135),(213,61),(167,86),(303,6),(96,86),(214,105),(116,130),(106,86),(302,89),(251,161),(225,110),(62,58),(314,114),(264,102),
23:(24,125),(265,82),(123,25),(169,52),(121,85),(122,58),(30,136),(212,61),(166,86),(302,6),(95,86),(213,105),(117,130),(107,86),(302,90),(252,161),(225,109),(63,58),(314,115),(263,102),
24:(24,124),(265,81),(124,25),(169,53),(120,85),(121,58),(30,137),(211,61),(165,86),(301,6),(94,86),(212,105),(118,130),(108,86),(301,90),(253,161),(224,109),(64,58),(313,115),(262,102),
25:(24,123),(265,80),(125,25),(169,54),(120,86),(121,59),(31,137),(210,61),(164,86),(300,6),(93,86),(211,105),(119,130),(109,86),(300,90),(253,160),(223,109),(65,58),(313,116),(261,102),
26:(24,122),(265,79),(126,25),(169,55),(119,86),(121,60),(32,137),(209,61),(163,86),(299,6),(92,86),(210,105),(120,130),(109,87),(300,91),(253,159),(222,109),(66,58),(312,116),(260,102),
27:(24,121),(265,78),(127,25),(169,56),(118,86),(121,61),(33,137),(208,61),(162,86),(298,6),(91,86),(209,105),(121,130),(110,87),(300,92),(253,158),(221,109),(67,58),(311,116),(259,102),
28:(24,120),(264,78),(128,25),(169,57),(117,86),(121,62),(33,138),(207,61),(161,86),(297,6),(90,86),(208,105),(122,130),(110,88),(299,92),(253,157),(220,109),(68,58),(310,116),(258,102),
29:(24,119),(264,77),(129,25),(169,58),(116,86),(121,63),(33,139),(206,61),(160,86),(296,6),(89,86),(207,105),(123,130),(110,89),(298,92),(254,157),(219,109),(69,58),(309,116),(257,102),
30:(24,118),(263,77),(130,25),(169,59),(115,86),(121,64),(34,139),(205,61),(159,86),(295,6),(88,86),(206,105),(124,130),(111,89),(297,92),(254,156),(218,109),(70,58),(308,116),(256,102),
31:(24,117),(262,77),(131,25),(169,60),(114,86),(121,65),(34,140),(204,61),(158,86),(294,6),(87,86),(206,104),(125,130),(111,90),(297,93),(254,155),(218,108),(71,58),(308,117),(255,102),
32:(24,116),(261,77),(132,25),(169,61),(113,86),(121,66),(34,141),(203,61),(157,86),(293,6),(86,86),(206,103),(126,130),(112,90),(297,94),(254,154),(218,107),(72,58),(308,118),(254,102),
33:(24,115),(260,77),(133,25),(169,62),(112,86),(120,66),(35,141),(202,61),(156,86),(292,6),(85,86),(206,102),(127,130),(113,90),(297,95),(254,153),(217,107),(73,58),(307,118),(253,102),
34:(24,114),(259,77),(133,24),(169,63),(111,86),(119,66),(36,141),(201,61),(155,86),(291,6),(85,87),(205,102),(128,130),(114,90),(297,96),(254,152),(217,106),(74,58),(307,119),(252,102),
35:(24,113),(258,77),(133,23),(169,64),(110,86),(118,66),(37,141),(200,61),(154,86),(290,6),(85,88),(205,101),(129,130),(115,90),(296,96),(254,151),(217,105),(75,58),(307,120),(251,102),
36:(24,112),(257,77),(134,23),(169,65),(110,87),(117,66),(38,141),(199,61),(153,86),(289,6),(85,89),(205,100),(130,130),(116,90),(296,97),(254,150),(217,104),(76,58),(306,120),(250,102),
37:(24,111),(256,77),(134,22),(169,66),(109,87),(116,66),(38,142),(198,61),(152,86),(288,6),(84,89),(205,99),(131,130),(117,90),(296,98),(254,149),(217,103),(77,58),(305,120),(249,102),
38:(24,110),(255,77),(134,21),(169,67),(109,88),(115,66),(38,143),(197,61),(151,86),(287,6),(83,89),(205,98),(132,130),(118,90),(296,99),(254,148),(217,102),(78,58),(305,121),(248,102),
39:(24,109),(254,77),(134,20),(169,68),(109,89),(114,66),(39,143),(196,61),(150,86),(286,6),(83,90),(204,98),(133,130),(119,90),(296,100),(254,147),(216,102),(79,58),(305,122),(247,102),
40:(24,108),(254,76),(134,19),(169,69),(108,89),(113,66),(39,144),(195,61),(149,86),(285,6),(82,90),(203,98),(134,130),(120,90),(295,100),(254,146),(216,101),(80,58),(304,122),(246,102),
41:(24,107),(253,76),(134,18),(169,70),(107,89),(112,66),(39,145),(194,61),(148,86),(284,6),(81,90),(203,97),(134,131),(121,90),(294,100),(254,145),(215,101),(81,58),(304,123),(245,102),
42:(24,106),(253,75),(135,18),(169,71),(107,90),(111,66),(40,145),(193,61),(147,86),(283,6),(80,90),(202,97),(134,132),(121,91),(294,101),(254,144),(214,101),(82,58),(304,124),(244,102),
43:(24,105),(253,74),(136,18),(169,72),(106,90),(110,66),(40,146),(193,60),(146,86),(282,6),(79,90),(201,97),(134,133),(121,92),(293,101),(254,143),(213,101),(83,58),(303,124),(243,102),
44:(24,104),(253,73),(137,18),(169,73),(105,90),(109,66),(41,146),(193,59),(145,86),(281,6),(78,90),(200,97),(135,133),(121,93),(293,102),(254,142),(212,101),(84,58),(302,124),(242,102),
45:(24,103),(253,72),(138,18),(169,74),(104,90),(108,66),(41,147),(193,58),(144,86),(280,6),(77,90),(199,97),(135,134),(121,94),(293,103),(255,142),(211,101),(85,58),(301,124),(241,102),
46:(24,102),(253,71),(139,18),(169,75),(103,90),(107,66),(41,148),(192,58),(143,86),(279,6),(76,90),(198,97),(136,134),(121,95),(293,104),(255,141),(210,101),(86,58),(301,125),(240,102),
47:(24,101),(253,70),(140,18),(169,76),(102,90),(106,66),(41,149),(192,57),(142,86),(278,6),(75,90),(197,97),(137,134),(121,96),(292,104),(256,141),(209,101),(87,58),(300,125),(239,102),
48:(24,100),(253,69),(141,18),(169,77),(101,90),(105,66),(41,150),(191,57),(141,86),(277,6),(74,90),(196,97),(138,134),(121,97),(291,104),(257,141),(208,101),(88,58),(300,126),(238,102),
49:(24,99),(252,69),(142,18),(169,78),(100,90),(104,66),(42,150),(190,57),(140,86),(276,6),(74,91),(195,97),(139,134),(121,98),(291,105),(258,141),(207,101),(89,58),(299,126),(237,102),
50:(24,98),(251,69),(143,18),(169,79),(99,90),(103,66),(42,151),(189,57),(139,86),(275,6),(73,91),(194,97),(140,134),(121,99),(290,105),(259,141),(206,101),(90,58),(298,126),(236,102),
51:(24,97),(250,69),(144,18),(169,80),(98,90),(102,66),(42,152),(188,57),(138,86),(274,6),(73,92),(193,97),(141,134),(121,100),(289,105),(260,141),(206,100),(90,58),(298,127),(235,102),
52:(24,96),(249,69),(145,18),(169,81),(98,91),(101,66),(43,152),(187,57),(137,86),(273,6),(73,93),(192,97),(142,134),(121,101),(289,106),(261,141),(205,100),(90,58),(297,127),(234,102),
53:(24,95),(248,69),(146,18),(169,82),(97,91),(100,66),(43,153),(186,57),(136,86),(272,6),(73,94),(191,97),(143,134),(121,102),(289,107),(262,141),(205,99),(90,58),(296,127),(233,102),
54:(24,94),(247,69),(147,18),(169,83),(97,92),(99,66),(43,154),(185,57),(135,86),(271,6),(73,95),(190,97),(144,134),(121,103),(289,108),(262,141),(205,98),(90,58),(295,127),(232,102),
55:(24,93),(246,69),(148,18),(169,84),(97,93),(98,66),(43,155),(184,57),(134,86),(270,6),(73,96),(189,97),(145,134),(121,104),(289,109),(262,141),(204,98),(90,58),(294,127),(231,102),
56:(24,92),(245,69),(149,18),(169,85),(96,93),(98,67),(44,155),(183,57),(133,86),(269,6),(73,97),(188,97),(146,134),(121,105),(289,110),(262,141),(204,97),(90,58),(294,128),(230,102),
57:(24,91),(244,69),(150,18),(169,86),(95,93),(98,68),(44,156),(182,57),(132,86),(268,6),(73,98),(187,97),(146,135),(121,106),(289,111),(262,141),(203,97),(90,58),(293,128),(229,102),
58:(24,90),(243,69),(151,18),(169,87),(94,93),(98,69),(44,157),(181,57),(131,86),(267,6),(73,99),(186,97),(146,136),(121,107),(289,112),(262,141),(202,97),(90,58),(292,128),(228,102),
59:(24,89),(242,69),(152,18),(169,88),(93,93),(97,69),(44,158),(181,56),(130,86),(266,6),(73,100),(185,97),(146,137),(121,108),(289,113),(262,141),(201,97),(90,58),(291,128),(227,102),
60:(24,88),(241,69),(153,18),(169,89),(92,93),(96,69),(44,159),(181,55),(129,86),(265,6),(73,101),(184,97),(146,138),(121,109),(289,114),(262,141),(200,97),(90,58),(290,128),(226,102),
61:(24,87),(241,68),(154,18),(169,90),(91,93),(96,70),(44,159),(181,54),(128,86),(264,6),(72,101),(183,97),(147,138),(121,110),(289,115),(262,141),(199,97),(90,58),(289,128),(225,102),
62:(24,86),(241,67),(155,18),(169,91),(90,93),(95,70),(44,159),(180,54),(127,86),(263,6),(71,101),(182,97),(148,138),(121,111),(289,116),(262,141),(198,97),(90,58),(289,129),(224,102),
63:(24,85),(241,66),(156,18),(169,92),(89,93),(94,70),(44,159),(179,54),(126,86),(262,6),(71,102),(182,96),(149,138),(121,112),(289,117),(262,141),(197,97),(90,58),(288,129),(223,102),
64:(24,84),(241,65),(157,18),(169,93),(88,93),(93,70),(44,159),(178,54),(125,86),(261,6),(70,102),(181,96),(150,138),(121,113),(289,118),(262,141),(196,97),(90,58),(287,129),(222,102),
65:(24,83),(241,64),(158,18),(169,94),(88,94),(92,70),(44,159),(177,54),(124,86),(260,6),(69,102),(181,95),(151,138),(121,114),(289,119),(262,141),(195,97),(90,58),(287,130),(221,102),
66:(24,82),(241,63),(159,18),(169,95),(87,94),(91,70),(44,159),(176,54),(123,86),(259,6),(68,102),(181,94),(152,138),(121,115),(289,120),(262,141),(194,97),(90,58),(286,130),(220,102),
67:(24,81),(241,62),(160,18),(169,96),(86,94),(90,70),(44,159),(176,53),(122,86),(258,6),(67,102),(181,93),(153,138),(121,116),(289,121),(262,141),(194,96),(90,58),(285,130),(219,102),
68:(24,80),(241,61),(161,18),(169,97),(85,94),(89,70),(44,159),(175,53),(121,86),(257,6),(66,102),(180,93),(154,138),(121,117),(289,122),(262,141),(193,96),(90,58),(284,130),(218,102),
69:(24,79),(241,60),(162,18),(169,98),(84,94),(88,70),(44,159),(174,53),(120,86),(256,6),(65,102),(179,93),(155,138),(121,118),(289,123),(262,141),(193,95),(90,58),(283,130),(217,102),
70:(24,78),(241,59),(163,18),(169,99),(83,94),(87,70),(44,159),(173,53),(119,86),(255,6),(64,102),(178,93),(156,138),(121,119),(289,124),(262,141),(193,94),(90,58),(282,130),(216,102),
71:(24,77),(241,58),(164,18),(169,100),(82,94),(86,70),(44,159),(172,53),(118,86),(254,6),(63,102),(177,93),(157,138),(121,120),(289,125),(262,141),(192,94),(90,58),(281,130),(215,102),
72:(24,76),(241,57),(165,18),(169,101),(81,94),(86,71),(44,159),(171,53),(117,86),(253,6),(62,102),(176,93),(158,138),(121,121),(289,126),(262,141),(191,94),(90,58),(280,130),(214,102),
73:(24,75),(241,56),(166,18),(169,102),(80,94),(85,71),(44,159),(170,53),(116,86),(252,6),(62,103),(175,93),(159,138),(121,122),(289,127),(262,141),(190,94),(90,58),(279,130),(213,102),
74:(24,74),(241,55),(167,18),(169,103),(79,94),(85,72),(44,159),(170,52),(115,86),(251,6),(62,104),(174,93),(160,138),(121,123),(289,128),(262,141),(189,94),(90,58),(278,130),(212,102),
75:(24,73),(241,54),(168,18),(169,104),(78,94),(85,73),(44,159),(169,52),(114,86),(250,6),(61,104),(173,93),(161,138),(121,124),(289,129),(262,141),(188,94),(90,58),(277,130),(211,102),
76:(24,72),(241,53),(169,18),(169,105),(77,94),(85,74),(44,159),(169,51),(113,86),(249,6),(61,105),(172,93),(162,138),(121,125),(289,130),(262,141),(187,94),(90,58),(277,131),(210,102),
77:(24,71),(241,52),(170,18),(169,106),(76,94),(85,75),(44,159),(169,50),(113,86),(248,6),(60,105),(171,93),(163,138),(121,126),(289,131),(262,141),(186,94),(90,58),(277,132),(209,102),
78:(24,70),(241,51),(171,18),(169,107),(75,94),(85,76),(44,159),(169,49),(113,86),(247,6),(59,105),(170,93),(164,138),(121,127),(289,132),(262,141),(185,94),(90,58),(277,133),(208,102),
79:(24,69),(241,50),(172,18),(169,108),(74,94),(85,77),(44,159),(169,48),(113,86),(246,6),(59,106),(169,93),(165,138),(121,127),(289,133),(262,141),(184,94),(90,58),(276,133),(207,102),
80:(24,68),(240,50),(173,18),(169,109),(74,95),(85,78),(44,159),(169,47),(113,86),(245,6),(58,106),(169,92),(166,138),(121,127),(289,134),(262,141),(183,94),(90,58),(275,133),(206,102),
81:(24,67),(239,50),(174,18),(169,110),(74,96),(84,78),(44,159),(169,46),(113,86),(244,6),(57,106),(169,91),(167,138),(121,127),(289,135),(262,141),(182,94),(90,58),(275,134),(205,102),
82:(24,66),(238,50),(175,18),(169,111),(74,97),(83,78),(44,159),(169,45),(113,86),(243,6),(56,106),(169,90),(168,138),(121,127),(289,136),(262,141),(181,94),(90,58),(274,134),(204,102),
83:(24,65),(237,50),(176,18),(169,112),(74,98),(82,78),(44,159),(168,45),(113,86),(242,6),(55,106),(169,89),(169,138),(121,127),(289,137),(262,141),(180,94),(90,58),(273,134),(203,102),
84:(24,65),(236,50),(177,18),(169,113),(74,99),(81,78),(44,159),(167,45),(113,86),(241,6),(54,106),(168,89),(170,138),(121,127),(289,138),(262,141),(179,94),(90,58),(272,134),(202,102),
85:(24,65),(235,50),(178,18),(169,114),(73,99),(80,78),(44,159),(166,45),(113,86),(240,6),(53,106),(167,89),(171,138),(121,127),(289,139),(262,141),(178,94),(90,58),(271,134),(201,102),
86:(24,65),(234,50),(179,18),(169,115),(73,100),(79,78),(44,159),(165,45),(113,86),(239,6),(52,106),(166,89),(172,138),(121,127),(289,140),(262,141),(177,94),(90,58),(270,134),(200,102),
87:(24,65),(234,50),(180,18),(169,116),(73,101),(78,78),(44,159),(164,45),(113,86),(238,6),(51,106),(165,89),(173,138),(121,127),(289,141),(262,141),(176,94),(90,58),(269,134),(199,102),
88:(24,65),(234,50),(181,18),(169,117),(73,102),(77,78),(44,159),(163,45),(113,86),(237,6),(50,106),(164,89),(174,138),(121,127),(289,142),(262,141),(175,94),(90,58),(268,134),(198,102),
89:(24,65),(234,50),(182,18),(169,118),(73,103),(76,78),(44,159),(162,45),(113,86),(236,6),(50,107),(163,89),(175,138),(121,127),(289,143),(262,141),(174,94),(90,58),(267,134),(197,102),
90:(24,65),(234,50),(183,18),(169,119),(73,104),(75,78),(44,159),(161,45),(113,86),(235,6),(50,108),(162,89),(176,138),(121,127),(289,144),(262,141),(173,94),(90,58),(266,134),(196,102),
91:(24,65),(234,50),(184,18),(169,120),(73,105),(74,78),(44,159),(160,45),(113,86),(234,6),(49,108),(161,89),(177,138),(121,127),(289,145),(262,141),(172,94),(90,58),(265,134),(195,102),
92:(24,65),(234,50),(185,18),(169,121),(73,106),(73,78),(44,159),(159,45),(113,86),(233,6),(48,108),(160,89),(178,138),(121,127),(289,146),(262,141),(171,94),(90,58),(265,135),(194,102),
93:(24,65),(234,50),(186,18),(169,122),(73,107),(72,78),(44,159),(158,45),(113,86),(232,6),(47,108),(159,89),(179,138),(121,127),(289,147),(262,141),(170,94),(90,58),(265,136),(193,102),
94:(24,65),(234,50),(187,18),(169,123),(73,108),(71,78),(44,159),(158,44),(113,86),(231,6),(47,109),(158,89),(180,138),(121,127),(289,148),(262,141),(169,94),(90,58),(265,137),(192,102),
95:(24,65),(234,50),(188,18),(169,124),(73,109),(70,78),(44,159),(157,44),(113,86),(230,6),(46,109),(157,89),(181,138),(121,127),(289,149),(262,141),(168,94),(90,58),(265,138),(191,102),
96:(24,65),(234,50),(189,18),(169,125),(73,110),(69,78),(44,159),(157,43),(113,86),(229,6),(45,109),(156,89),(182,138),(121,127),(288,149),(262,141),(167,94),(90,58),(265,139),(190,102),
97:(24,65),(234,50),(190,18),(169,126),(73,111),(68,78),(44,159),(157,42),(113,86),(228,6),(45,110),(155,89),(182,139),(121,127),(287,149),(262,141),(166,94),(90,58),(265,140),(189,102),
98:(24,65),(234,50),(191,18),(169,127),(73,112),(67,78),(44,159),(156,42),(113,86),(227,6),(45,111),(154,89),(182,140),(121,127),(286,149),(262,141),(165,94),(90,58),(265,141),(188,102),
99:(24,65),(234,50),(192,18),(169,128),(73,113),(66,78),(44,159),(155,42),(113,86),(226,6),(45,112),(153,89),(182,141),(121,127),(285,149),(262,141),(164,94),(90,58),(265,142),(187,102),
100:(24,65),(234,50),(193,18),(169,129),(72,113),(65,78),(44,159),(154,42),(113,86),(225,6),(44,112),(152,89),(183,141),(121,127),(284,149),(262,141),(163,94),(90,58),(265,143),(186,102),
101:(24,65),(234,50),(194,18),(169,130),(72,114),(64,78),(44,159),(153,42),(113,86),(224,6),(44,113),(151,89),(184,141),(121,127),(283,149),(262,141),(162,94),(90,58),(265,144),(185,102),
102:(24,65),(234,50),(195,18),(169,131),(71,114),(63,78),(44,159),(153,41),(113,86),(223,6),(43,113),(150,89),(185,141),(121,127),(282,149),(262,141),(161,94),(90,58),(265,145),(184,102),
103:(24,65),(234,50),(196,18),(169,132),(70,114),(62,78),(44,159),(152,41),(113,86),(222,6),(43,114),(149,89),(185,142),(121,127),(282,149),(262,141),(160,94),(90,58),(265,146),(183,102),
104:(24,65),(234,50),(197,18),(169,133),(69,114),(61,78),(44,159),(151,41),(113,86),(221,6),(42,114),(148,89),(186,142),(121,127),(282,149),(262,141),(159,94),(90,58),(265,147),(182,102),
105:(24,65),(234,50),(198,18),(169,134),(68,114),(61,79),(44,159),(150,41),(113,86),(220,6),(41,114),(147,89),(187,142),(121,127),(282,149),(262,141),(158,94),(90,58),(265,148),(181,102),
106:(24,65),(234,50),(199,18),(169,135),(67,114),(61,80),(44,159),(149,41),(113,86),(219,6),(40,114),(146,89),(188,142),(121,127),(282,149),(262,141),(157,94),(90,58),(265,149),(180,102),
107:(24,65),(234,50),(200,18),(169,136),(66,114),(61,81),(44,159),(148,41),(113,86),(218,6),(39,114),(145,89),(189,142),(121,127),(282,149),(262,141),(156,94),(90,58),(265,150),(179,102),
108:(24,65),(234,50),(201,18),(169,137),(65,114),(60,81),(44,159),(147,41),(113,86),(217,6),(39,115),(144,89),(190,142),(121,127),(282,149),(262,141),(155,94),(90,58),(265,151),(178,102),
109:(24,65),(234,50),(202,18),(169,138),(64,114),(59,81),(44,159),(146,41),(113,86),(216,6),(38,115),(143,89),(191,142),(121,127),(282,149),(262,141),(154,94),(90,58),(265,152),(177,102),
110:(24,65),(234,50),(203,18),(169,139),(63,114),(59,82),(44,159),(145,41),(113,86),(215,6),(37,115),(142,89),(192,142),(121,127),(282,149),(262,141),(153,94),(90,58),(265,153),(176,102),
111:(24,65),(234,50),(204,18),(169,140),(62,114),(58,82),(44,159),(144,41),(113,86),(214,6),(36,115),(141,89),(193,142),(121,127),(282,149),(262,141),(152,94),(90,58),(264,153),(175,102),
112:(24,65),(234,50),(205,18),(169,141),(62,115),(57,82),(44,159),(143,41),(113,86),(213,6),(36,116),(140,89),(194,142),(121,127),(282,149),(262,141),(151,94),(90,58),(263,153),(174,102),
113:(24,65),(234,50),(206,18),(169,142),(61,115),(56,82),(44,159),(142,41),(113,86),(212,6),(36,117),(139,89),(195,142),(121,127),(282,149),(262,141),(150,94),(90,58),(262,153),(173,102),
114:(24,65),(234,50),(207,18),(169,143),(61,116),(55,82),(44,159),(141,41),(113,86),(211,6),(35,117),(138,89),(196,142),(121,127),(282,149),(262,141),(149,94),(90,58),(261,153),(172,102),
115:(24,65),(234,50),(208,18),(169,144),(61,117),(54,82),(44,159),(140,41),(113,86),(210,6),(35,118),(137,89),(197,142),(121,127),(282,149),(262,141),(148,94),(90,58),(260,153),(171,102),
116:(24,65),(234,50),(209,18),(169,145),(60,117),(53,82),(44,159),(139,41),(113,86),(209,6),(35,119),(136,89),(198,142),(121,127),(282,149),(262,141),(147,94),(90,58),(259,153),(170,102),
117:(24,65),(234,50),(210,18),(169,146),(59,117),(52,82),(44,159),(138,41),(113,86),(208,6),(34,119),(135,89),(199,142),(121,127),(282,149),(262,141),(146,94),(90,58),(258,153),(169,102),
118:(24,65),(234,50),(211,18),(169,147),(58,117),(51,82),(44,159),(137,41),(113,86),(207,6),(33,119),(134,89),(200,142),(121,127),(282,149),(262,141),(145,94),(90,58),(257,153),(168,102),
119:(24,65),(234,50),(212,18),(169,148),(57,117),(50,82),(44,159),(136,41),(113,86),(206,6),(33,120),(133,89),(201,142),(121,127),(282,149),(262,141),(144,94),(90,58),(256,153),(167,102),
120:(24,65),(234,50),(213,18),(169,149),(57,118),(49,82),(44,159),(135,41),(113,86),(205,6),(32,120),(132,89),(202,142),(121,127),(282,149),(262,141),(143,94),(90,58),(255,153),(166,102),
121:(24,65),(234,50),(214,18),(169,150),(56,118),(49,83),(44,159),(134,41),(113,86),(204,6),(31,120),(131,89),(203,142),(121,127),(282,149),(262,141),(142,94),(90,58),(255,153),(165,102),
122:(24,65),(234,50),(215,18),(168,150),(55,118),(49,84),(44,159),(134,40),(113,86),(203,6),(31,121),(130,89),(204,142),(121,127),(282,149),(262,141),(141,94),(90,58),(255,153),(164,102),
123:(24,65),(234,50),(216,18),(167,150),(54,118),(48,84),(44,159),(134,39),(113,86),(202,6),(31,122),(129,89),(205,142),(121,127),(282,149),(262,141),(140,94),(90,58),(255,153),(163,102),
124:(24,65),(234,50),(217,18),(166,150),(53,118),(48,85),(44,159),(134,38),(113,86),(201,6),(31,123),(128,89),(206,142),(121,127),(282,149),(262,141),(139,94),(90,58),(255,153),(162,102),
125:(24,65),(234,50),(218,18),(166,150),(52,118),(48,86),(44,159),(133,38),(113,86),(200,6),(31,124),(127,89),(207,142),(121,127),(282,149),(262,141),(138,94),(90,58),(255,153),(161,102),
126:(24,65),(234,50),(219,18),(166,150),(51,118),(48,87),(44,159),(133,37),(113,86),(199,6),(30,124),(126,89),(208,142),(121,127),(282,149),(262,141),(137,94),(90,58),(255,153),(160,102),
127:(24,65),(234,50),(220,18),(166,150),(50,118),(47,87),(44,159),(132,37),(113,86),(198,6),(29,124),(125,89),(209,142),(121,127),(282,149),(262,141),(136,94),(90,58),(255,153),(159,102),
128:(24,65),(234,50),(221,18),(166,150),(49,118),(46,87),(44,159),(131,37),(113,86),(197,6),(28,124),(124,89),(210,142),(121,127),(282,149),(262,141),(135,94),(90,58),(255,153),(158,102),
129:(24,65),(234,50),(222,18),(166,150),(48,118),(46,88),(44,159),(130,37),(113,86),(196,6),(27,124),(123,89),(211,142),(121,127),(282,149),(262,141),(134,94),(90,58),(255,153),(157,102),
130:(24,65),(234,50),(223,18),(166,150),(47,118),(45,88),(44,159),(129,37),(113,86),(195,6),(26,124),(122,89),(212,142),(121,127),(282,149),(262,141),(133,94),(90,58),(255,153),(156,102),
131:(24,65),(234,50),(224,18),(166,150),(46,118),(44,88),(44,159),(128,37),(113,86),(194,6),(25,124),(121,89),(213,142),(121,127),(282,149),(262,141),(132,94),(90,58),(255,153),(155,102),
132:(24,65),(234,50),(225,18),(166,150),(46,119),(44,89),(44,159),(127,37),(113,86),(193,6),(24,124),(120,89),(214,142),(121,127),(282,149),(262,141),(131,94),(90,58),(255,153),(154,102),
133:(24,65),(234,50),(226,18),(166,150),(45,119),(43,89),(44,159),(126,37),(113,86),(192,6),(23,124),(119,89),(215,142),(121,127),(282,149),(262,141),(130,94),(90,58),(255,153),(153,102),
134:(24,65),(234,50),(227,18),(166,150),(44,119),(42,89),(44,159),(125,37),(113,86),(191,6),(22,124),(118,89),(216,142),(121,127),(282,149),(262,141),(129,94),(90,58),(255,153),(152,102),
135:(24,65),(234,50),(228,18),(166,150),(44,120),(42,90),(44,159),(124,37),(113,86),(190,6),(21,124),(117,89),(217,142),(121,127),(282,149),(262,141),(128,94),(90,58),(255,153),(151,102),
136:(24,65),(234,50),(229,18),(166,150),(43,120),(41,90),(44,159),(123,37),(113,86),(189,6),(20,124),(116,89),(218,142),(121,127),(282,149),(262,141),(127,94),(90,58),(255,153),(150,102),
137:(24,65),(234,50),(230,18),(166,150),(42,120),(40,90),(44,159),(122,37),(113,86),(188,6),(20,124),(115,89),(219,142),(121,127),(282,149),(262,141),(126,94),(90,58),(255,153),(149,102),
138:(24,65),(234,50),(231,18),(166,150),(41,120),(39,90),(44,159),(121,37),(113,86),(187,6),(20,124),(114,89),(220,142),(121,127),(282,149),(262,141),(125,94),(90,58),(255,153),(148,102),
139:(24,65),(234,50),(232,18),(166,150),(41,121),(38,90),(44,159),(121,36),(113,86),(186,6),(20,124),(113,89),(221,142),(121,127),(282,149),(262,141),(124,94),(90,58),(255,153),(147,102),
140:(24,65),(234,50),(233,18),(166,150),(41,122),(37,90),(44,159),(121,35),(113,86),(185,6),(20,124),(112,89),(222,142),(121,127),(282,149),(262,141),(123,94),(90,58),(255,153),(146,102),
141:(24,65),(234,50),(234,18),(166,150),(40,122),(36,90),(44,159),(121,34),(113,86),(184,6),(20,124),(111,89),(223,142),(121,127),(282,149),(262,141),(122,94),(90,58),(255,153),(145,102),
142:(24,65),(234,50),(235,18),(166,150),(40,123),(36,91),(44,159),(121,33),(113,86),(183,6),(20,124),(110,89),(224,142),(121,127),(282,149),(262,141),(121,94),(90,58),(255,153),(144,102),
143:(24,65),(234,50),(236,18),(166,150),(40,124),(35,91),(44,159),(120,33),(113,86),(182,6),(20,124),(109,89),(225,142),(121,127),(282,149),(262,141),(120,94),(90,58),(255,153),(143,102),
144:(24,65),(234,50),(237,18),(166,150),(39,124),(34,91),(44,159),(119,33),(113,86),(181,6),(20,124),(108,89),(226,142),(121,127),(282,149),(262,141),(119,94),(90,58),(255,153),(142,102),
145:(24,65),(234,50),(238,18),(166,150),(39,125),(33,91),(44,159),(118,33),(113,86),(180,6),(20,124),(107,89),(227,142),(121,127),(282,149),(262,141),(118,94),(90,58),(255,153),(141,102),
146:(24,65),(234,50),(239,18),(166,150),(39,126),(32,91),(44,159),(117,33),(113,86),(179,6),(20,124),(106,89),(228,142),(121,127),(282,149),(262,141),(117,94),(90,58),(255,153),(140,102),
147:(24,65),(234,50),(240,18),(166,150),(38,126),(32,92),(44,159),(116,33),(113,86),(178,6),(20,124),(105,89),(229,142),(121,127),(282,149),(262,141),(116,94),(90,58),(255,153),(139,102),
148:(24,65),(234,50),(241,18),(166,150),(37,126),(31,92),(44,159),(115,33),(113,86),(177,6),(20,124),(104,89),(230,142),(121,127),(282,149),(262,141),(115,94),(90,58),(255,153),(138,102),
149:(24,65),(234,50),(242,18),(166,150),(37,127),(30,92),(44,159),(114,33),(113,86),(176,6),(20,124),(103,89),(231,142),(121,127),(282,149),(262,141),(114,94),(90,58),(255,153),(137,102),
150:(24,65),(234,50),(243,18),(166,150),(37,128),(30,93),(44,159),(113,33),(113,86),(175,6),(20,124),(102,89),(232,142),(121,127),(282,149),(262,141),(113,94),(90,58),(255,153),(136,102),
151:(24,65),(234,50),(244,18),(166,150),(36,128),(30,94),(44,159),(112,33),(113,86),(174,6),(20,124),(101,89),(233,142),(121,127),(282,149),(262,141),(112,94),(90,58),(255,153),(135,102),
152:(24,65),(234,50),(245,18),(166,150),(36,129),(29,94),(44,159),(111,33),(113,86),(173,6),(20,124),(100,89),(234,142),(121,127),(282,149),(262,141),(111,94),(90,58),(255,153),(134,102),
153:(24,65),(234,50),(246,18),(166,150),(36,130),(28,94),(44,159),(110,33),(113,86),(172,6),(20,124),(99,89),(235,142),(121,127),(282,149),(262,141),(110,94),(90,58),(255,153),(133,102),
154:(24,65),(234,50),(247,18),(166,150),(35,130),(28,95),(44,159),(110,32),(113,86),(171,6),(20,124),(98,89),(236,142),(121,127),(282,149),(262,141),(109,94),(90,58),(255,153),(132,102),
155:(24,65),(234,50),(248,18),(166,150),(34,130),(27,95),(44,159),(110,31),(113,86),(170,6),(20,124),(97,89),(237,142),(121,127),(282,149),(262,141),(108,94),(90,58),(255,153),(131,102),
156:(24,65),(234,50),(249,18),(166,150),(34,131),(26,95),(44,159),(109,31),(113,86),(169,6),(20,124),(96,89),(238,142),(121,127),(282,149),(262,141),(107,94),(90,58),(255,153),(130,102),
157:(24,65),(234,50),(250,18),(166,150),(34,132),(26,96),(44,159),(109,30),(113,86),(168,6),(20,124),(95,89),(239,142),(121,127),(282,149),(262,141),(106,94),(90,58),(255,153),(129,102),
158:(24,65),(234,50),(251,18),(166,150),(34,133),(26,97),(44,159),(108,30),(113,86),(167,6),(20,124),(94,89),(240,142),(121,127),(282,149),(262,141),(105,94),(90,58),(255,153),(128,102),
159:(24,65),(234,50),(252,18),(166,150),(34,134),(25,97),(44,159),(108,29),(113,86),(166,6),(20,124),(93,89),(241,142),(121,127),(282,149),(262,141),(104,94),(90,58),(255,153),(127,102),
160:(24,65),(234,50),(253,18),(166,150),(34,135),(24,97),(44,159),(107,29),(113,86),(165,6),(20,124),(92,89),(242,142),(121,127),(282,149),(262,141),(103,94),(90,58),(255,153),(126,102),
161:(24,65),(234,50),(254,18),(166,150),(34,136),(23,97),(44,159),(106,29),(113,86),(164,6),(20,124),(91,89),(243,142),(121,127),(282,149),(262,141),(102,94),(90,58),(255,153),(125,102),
162:(24,65),(234,50),(255,18),(166,150),(34,137),(22,97),(44,159),(105,29),(113,86),(163,6),(20,124),(90,89),(244,142),(121,127),(282,149),(262,141),(101,94),(90,58),(255,153),(124,102),
163:(24,65),(234,50),(256,18),(166,150),(34,138),(21,97),(44,159),(104,29),(113,86),(162,6),(20,124),(89,89),(245,142),(121,127),(282,149),(262,141),(100,94),(90,58),(255,153),(123,102),
164:(24,65),(234,50),(256,18),(166,150),(34,139),(20,97),(44,159),(103,29),(113,86),(161,6),(20,124),(88,89),(246,142),(121,127),(282,149),(262,141),(99,94),(90,58),(255,153),(122,102),
165:(24,65),(234,50),(256,18),(166,150),(34,140),(20,98),(44,159),(102,29),(113,86),(160,6),(20,124),(87,89),(247,142),(121,127),(282,149),(262,141),(98,94),(90,58),(255,153),(121,102),
166:(24,65),(234,50),(256,18),(166,150),(34,141),(20,99),(44,159),(101,29),(113,86),(159,6),(20,124),(86,89),(248,142),(121,127),(282,149),(262,141),(97,94),(90,58),(255,153),(120,102),
167:(24,65),(234,50),(256,18),(166,150),(34,142),(19,99),(44,159),(100,29),(113,86),(158,6),(20,124),(85,89),(249,142),(121,127),(282,149),(262,141),(96,94),(90,58),(255,153),(119,102),
168:(24,65),(234,50),(256,18),(166,150),(34,143),(18,99),(44,159),(99,29),(113,86),(157,6),(20,124),(84,89),(250,142),(121,127),(282,149),(262,141),(95,94),(90,58),(255,153),(118,102),
169:(24,65),(234,50),(256,18),(166,150),(34,144),(17,99),(44,159),(98,29),(113,86),(156,6),(20,124),(83,89),(251,142),(121,127),(282,149),(262,141),(94,94),(90,58),(255,153),(117,102),
170:(24,65),(234,50),(256,18),(166,150),(34,145),(16,99),(44,159),(97,29),(113,86),(155,6),(20,124),(82,89),(252,142),(121,127),(282,149),(262,141),(93,94),(90,58),(255,153),(116,102),
171:(24,65),(234,50),(256,18),(166,150),(34,146),(15,99),(44,159),(96,29),(113,86),(154,6),(20,124),(81,89),(253,142),(121,127),(282,149),(262,141),(92,94),(90,58),(255,153),(115,102),
172:(24,65),(234,50),(256,18),(166,150),(34,147),(14,99),(44,159),(95,29),(113,86),(153,6),(20,124),(80,89),(254,142),(121,127),(282,149),(262,141),(91,94),(90,58),(255,153),(114,102),
173:(24,65),(234,50),(256,18),(166,150),(34,148),(14,100),(44,159),(94,29),(113,86),(152,6),(20,124),(79,89),(255,142),(121,127),(282,149),(262,141),(90,94),(90,58),(255,153),(113,102),
174:(24,65),(234,50),(256,18),(166,150),(34,149),(14,101),(44,159),(93,29),(113,86),(151,6),(20,124),(78,89),(256,142),(121,127),(282,149),(262,141),(89,94),(90,58),(255,153),(112,102),
175:(24,65),(234,50),(256,18),(166,150),(34,150),(14,102),(44,159),(92,29),(113,86),(150,6),(20,124),(77,89),(257,142),(121,127),(282,149),(262,141),(88,94),(90,58),(255,153),(111,102),
176:(24,65),(234,50),(256,18),(166,150),(34,151),(14,103),(44,159),(91,29),(113,86),(149,6),(20,124),(76,89),(258,142),(121,127),(282,149),(262,141),(87,94),(90,58),(255,153),(110,102),
177:(24,65),(234,50),(256,18),(166,150),(34,152),(14,104),(44,159),(90,29),(113,86),(148,6),(20,124),(75,89),(259,142),(121,127),(282,149),(262,141),(86,94),(90,58),(255,153),(109,102),
178:(24,65),(234,50),(256,18),(166,150),(34,153),(14,105),(44,159),(89,29),(113,86),(147,6),(20,124),(74,89),(260,142),(121,127),(282,149),(262,141),(85,94),(90,58),(255,153),(108,102),
179:(24,65),(234,50),(256,18),(166,150),(34,154),(14,105),(44,159),(88,29),(113,86),(146,6),(20,124),(73,89),(261,142),(121,127),(282,149),(262,141),(84,94),(90,58),(255,153),(107,102),
180:(24,65),(234,50),(256,18),(166,150),(34,155),(14,105),(44,159),(87,29),(113,86),(145,6),(20,124),(72,89),(262,142),(121,127),(282,149),(262,141),(83,94),(90,58),(255,153),(106,102),
181:(24,65),(234,50),(256,18),(166,150),(34,155),(14,105),(44,159),(86,29),(113,86),(144,6),(20,124),(71,89),(263,142),(121,127),(282,149),(262,141),(82,94),(90,58),(255,153),(105,102),
182:(24,65),(234,50),(256,18),(166,150),(34,155),(14,105),(44,159),(85,29),(113,86),(143,6),(20,124),(70,89),(264,142),(121,127),(282,149),(262,141),(81,94),(90,58),(255,153),(104,102),
183:(24,65),(234,50),(256,18),(166,150),(34,155),(14,105),(44,159),(85,28),(113,86),(142,6),(20,124),(69,89),(265,142),(121,127),(282,149),(262,141),(80,94),(90,58),(255,153),(103,102),
184:(24,65),(234,50),(256,18),(166,150),(34,155),(14,105),(44,159),(85,27),(113,86),(141,6),(20,124),(68,89),(266,142),(121,127),(282,149),(262,141),(79,94),(90,58),(255,153),(102,102),
185:(24,65),(234,50),(256,18),(166,150),(34,155),(14,105),(44,159),(85,26),(113,86),(140,6),(20,124),(67,89),(267,142),(121,127),(282,149),(262,141),(78,94),(90,58),(255,153),(101,102),
186:(24,65),(234,50),(256,18),(166,150),(34,155),(14,105),(44,159),(84,26),(113,86),(139,6),(20,124),(66,89),(268,142),(121,127),(282,149),(262,141),(78,94),(90,58),(255,153),(100,102),
187:(24,65),(234,50),(256,18),(166,150),(34,155),(14,105),(44,159),(84,25),(113,86),(138,6),(20,124),(65,89),(269,142),(121,127),(282,149),(262,141),(78,94),(90,58),(255,153),(99,102),
188:(24,65),(234,50),(256,18),(166,150),(34,155),(14,105),(44,159),(83,25),(113,86),(137,6),(20,124),(64,89),(270,142),(121,127),(282,149),(262,141),(78,94),(90,58),(255,153),(98,102),
189:(24,65),(234,50),(256,18),(166,150),(34,155),(14,105),(44,159),(82,25),(113,86),(136,6),(20,124),(63,89),(271,142),(121,127),(282,149),(262,141),(78,94),(90,58),(255,153),(98,103),
190:(24,65),(234,50),(256,18),(166,150),(34,155),(14,105),(44,159),(81,25),(113,86),(135,6),(20,124),(62,89),(272,142),(121,127),(282,149),(262,141),(78,94),(90,58),(255,153),(98,104),
191:(24,65),(234,50),(256,18),(166,150),(34,155),(14,105),(44,159),(80,25),(113,86),(134,6),(20,124),(61,89),(273,142),(121,127),(282,149),(262,141),(78,94),(90,58),(255,153),(98,104),
192:(24,65),(234,50),(256,18),(166,150),(34,155),(14,105),(44,159),(79,25),(113,86),(133,6),(20,124),(60,89),(274,142),(121,127),(282,149),(262,141),(78,94),(90,58),(255,153),(98,104),
193:(24,65),(234,50),(256,18),(166,150),(34,155),(14,105),(44,159),(78,25),(113,86),(132,6),(20,124),(59,89),(275,142),(121,127),(282,149),(262,141),(78,94),(90,58),(255,153),(98,104),
194:(24,65),(234,50),(256,18),(166,150),(34,155),(14,105),(44,159),(77,25),(113,86),(131,6),(20,124),(58,89),(276,142),(121,127),(282,149),(262,141),(78,94),(90,58),(255,153),(98,104),
195:(24,65),(234,50),(256,18),(166,150),(34,155),(14,105),(44,159),(76,25),(113,86),(130,6),(20,124),(57,89),(277,142),(121,127),(282,149),(262,141),(78,94),(90,58),(255,153),(98,104),
196:(24,65),(234,50),(256,18),(166,150),(34,155),(14,105),(44,159),(75,25),(113,86),(129,6),(20,124),(56,89),(278,142),(121,127),(282,149),(262,141),(78,94),(90,58),(255,153),(98,104),
197:(24,65),(234,50),(256,18),(166,150),(34,155),(14,105),(44,159),(74,25),(113,86),(128,6),(20,124),(55,89),(279,142),(121,127),(282,149),(262,141),(78,94),(90,58),(255,153),(98,104),
198:(24,65),(234,50),(256,18),(166,150),(34,155),(14,105),(44,159),(74,24),(113,86),(127,6),(20,124),(54,89),(280,142),(121,127),(282,149),(262,141),(78,94),(90,58),(255,153),(98,104),
199:(24,65),(234,50),(256,18),(166,150),(34,155),(14,105),(44,159),(74,23),(113,86),(126,6),(20,124),(53,89),(281,142),(121,127),(282,149),(262,141),(78,94),(90,58),(255,153),(98,104),
200:(24,65),(234,50),(256,18),(166,150),(34,155),(14,105),(44,159),(74,22),(113,86),(125,6),(20,124),(52,89),(282,142),(121,127),(282,149),(262,141),(78,94),(90,58),(255,153),(98,104),
201:(24,65),(234,50),(256,18),(166,150),(34,155),(14,105),(44,159),(74,21),(113,86),(124,6),(20,124),(51,89),(283,142),(121,127),(282,149),(262,141),(78,94),(90,58),(255,153),(98,104),
202:(24,65),(234,50),(256,18),(166,150),(34,155),(14,105),(44,159),(73,21),(113,86),(123,6),(20,124),(50,89),(284,142),(121,127),(282,149),(262,141),(78,94),(90,58),(255,153),(98,104),
203:(24,65),(234,50),(256,18),(166,150),(34,155),(14,105),(44,159),(73,20),(113,86),(122,6),(20,124),(50,88),(285,142),(121,127),(282,149),(262,141),(78,94),(90,58),(255,153),(98,104),
204:(24,65),(234,50),(256,18),(166,150),(34,155),(14,105),(44,159),(73,19),(113,86),(121,6),(20,124),(50,88),(286,142),(121,127),(282,149),(262,141),(78,94),(90,58),(255,153),(98,104),
205:(24,65),(234,50),(256,18),(166,150),(34,155),(14,105),(44,159),(73,18),(113,86),(120,6),(20,124),(50,88),(287,142),(121,127),(282,149),(262,141),(78,94),(90,58),(255,153),(98,104),
206:(24,65),(234,50),(256,18),(166,150),(34,155),(14,105),(44,159),(72,18),(113,86),(119,6),(20,124),(50,88),(288,142),(121,127),(282,149),(262,141),(78,94),(90,58),(255,153),(98,104),
207:(24,65),(234,50),(256,18),(166,150),(34,155),(14,105),(44,159),(71,18),(113,86),(118,6),(20,124),(50,88),(289,142),(121,127),(282,149),(262,141),(78,94),(90,58),(255,153),(98,104),
208:(24,65),(234,50),(256,18),(166,150),(34,155),(14,105),(44,159),(71,17),(113,86),(117,6),(20,124),(50,88),(289,143),(121,127),(282,149),(262,141),(78,94),(90,58),(255,153),(98,104),
209:(24,65),(234,50),(256,18),(166,150),(34,155),(14,105),(44,159),(70,17),(113,86),(116,6),(20,124),(50,88),(290,143),(121,127),(282,149),(262,141),(78,94),(90,58),(255,153),(98,104),
210:(24,65),(234,50),(256,18),(166,150),(34,155),(14,105),(44,159),(69,17),(113,86),(115,6),(20,124),(50,88),(290,144),(121,127),(282,149),(262,141),(78,94),(90,58),(255,153),(98,104),
211:(24,65),(234,50),(256,18),(166,150),(34,155),(14,105),(44,159),(68,17),(113,86),(114,6),(20,124),(50,88),(291,144),(121,127),(282,149),(262,141),(78,94),(90,58),(255,153),(98,104),
212:(24,65),(234,50),(256,18),(166,150),(34,155),(14,105),(44,159),(67,17),(113,86),(113,6),(20,124),(50,88),(292,144),(121,127),(282,149),(262,141),(78,94),(90,58),(255,153),(98,104),
213:(24,65),(234,50),(256,18),(166,150),(34,155),(14,105),(44,159),(66,17),(113,86),(112,6),(20,124),(50,88),(293,144),(121,127),(282,149),(262,141),(78,94),(90,58),(255,153),(98,104),
214:(24,65),(234,50),(256,18),(166,150),(34,155),(14,105),(44,159),(65,17),(113,86),(111,6),(20,124),(50,88),(294,144),(121,127),(282,149),(262,141),(78,94),(90,58),(255,153),(98,104),
215:(24,65),(234,50),(256,18),(166,150),(34,155),(14,105),(44,159),(64,17),(113,86),(110,6),(20,124),(50,88),(295,144),(121,127),(282,149),(262,141),(78,94),(90,58),(255,153),(98,104),
216:(24,65),(234,50),(256,18),(166,150),(34,155),(14,105),(44,159),(63,17),(113,86),(109,6),(20,124),(50,88),(296,144),(121,127),(282,149),(262,141),(78,94),(90,58),(255,153),(98,104),
217:(24,65),(234,50),(256,18),(166,150),(34,155),(14,105),(44,159),(62,17),(113,86),(108,6),(20,124),(50,88),(297,144),(121,127),(282,149),(262,141),(78,94),(90,58),(255,153),(98,104),
218:(24,65),(234,50),(256,18),(166,150),(34,155),(14,105),(44,159),(61,17),(113,86),(107,6),(20,124),(50,88),(297,144),(121,127),(282,149),(262,141),(78,94),(90,58),(255,153),(98,104),
219:(24,65),(234,50),(256,18),(166,150),(34,155),(14,105),(44,159),(60,17),(113,86),(106,6),(20,124),(50,88),(297,144),(121,127),(282,149),(262,141),(78,94),(90,58),(255,153),(98,104),
220:(24,65),(234,50),(256,18),(166,150),(34,155),(14,105),(44,159),(59,17),(113,86),(105,6),(20,124),(50,88),(297,144),(121,127),(282,149),(262,141),(78,94),(90,58),(255,153),(98,104),
221:(24,65),(234,50),(256,18),(166,150),(34,155),(14,105),(44,159),(58,17),(113,86),(104,6),(20,124),(50,88),(297,144),(121,127),(282,149),(262,141),(78,94),(90,58),(255,153),(98,104),
222:(24,65),(234,50),(256,18),(166,150),(34,155),(14,105),(44,159),(57,17),(113,86),(103,6),(20,124),(50,88),(297,144),(121,127),(282,149),(262,141),(78,94),(90,58),(255,153),(98,104),
223:(24,65),(234,50),(256,18),(166,150),(34,155),(14,105),(44,159),(56,17),(113,86),(102,6),(20,124),(50,88),(297,144),(121,127),(282,149),(262,141),(78,94),(90,58),(255,153),(98,104),
224:(24,65),(234,50),(256,18),(166,150),(34,155),(14,105),(44,159),(55,17),(113,86),(101,6),(20,124),(50,88),(297,144),(121,127),(282,149),(262,141),(78,94),(90,58),(255,153),(98,104),
225:(24,65),(234,50),(256,18),(166,150),(34,155),(14,105),(44,159),(54,17),(113,86),(100,6),(20,124),(50,88),(297,144),(121,127),(282,149),(262,141),(78,94),(90,58),(255,153),(98,104),
226:(24,65),(234,50),(256,18),(166,150),(34,155),(14,105),(44,159),(53,17),(113,86),(99,6),(20,124),(50,88),(297,144),(121,127),(282,149),(262,141),(78,94),(90,58),(255,153),(98,104),
227:(24,65),(234,50),(256,18),(166,150),(34,155),(14,105),(44,159),(52,17),(113,86),(98,6),(20,124),(50,88),(297,144),(121,127),(282,149),(262,141),(78,94),(90,58),(255,153),(98,104),
228:(24,65),(234,50),(256,18),(166,150),(34,155),(14,105),(44,159),(51,17),(113,86),(97,6),(20,124),(50,88),(297,144),(121,127),(282,149),(262,141),(78,94),(90,58),(255,153),(98,104),
229:(24,65),(234,50),(256,18),(166,150),(34,155),(14,105),(44,159),(50,17),(113,86),(96,6),(20,124),(50,88),(297,144),(121,127),(282,149),(262,141),(78,94),(90,58),(255,153),(98,104),
230:(24,65),(234,50),(256,18),(166,150),(34,155),(14,105),(44,159),(50,16),(113,86),(95,6),(20,124),(50,88),(297,144),(121,127),(282,149),(262,141),(78,94),(90,58),(255,153),(98,104),
231:(24,65),(234,50),(256,18),(166,150),(34,155),(14,105),(44,159),(49,16),(113,86),(94,6),(20,124),(50,88),(297,144),(121,127),(282,149),(262,141),(78,94),(90,58),(255,153),(98,104),
232:(24,65),(234,50),(256,18),(166,150),(34,155),(14,105),(44,159),(48,16),(113,86),(93,6),(20,124),(50,88),(297,144),(121,127),(282,149),(262,141),(78,94),(90,58),(255,153),(98,104),
233:(24,65),(234,50),(256,18),(166,150),(34,155),(14,105),(44,159),(47,16),(113,86),(92,6),(20,124),(50,88),(297,144),(121,127),(282,149),(262,141),(78,94),(90,58),(255,153),(98,104),
234:(24,65),(234,50),(256,18),(166,150),(34,155),(14,105),(44,159),(46,16),(113,86),(91,6),(20,124),(50,88),(297,144),(121,127),(282,149),(262,141),(78,94),(90,58),(255,153),(98,104),
235:(24,65),(234,50),(256,18),(166,150),(34,155),(14,105),(44,159),(45,16),(113,86),(90,6),(20,124),(50,88),(297,144),(121,127),(282,149),(262,141),(78,94),(90,58),(255,153),(98,104),
236:(24,65),(234,50),(256,18),(166,150),(34,155),(14,105),(44,159),(44,16),(113,86),(89,6),(20,124),(50,88),(297,144),(121,127),(282,149),(262,141),(78,94),(90,58),(255,153),(98,104),
237:(24,65),(234,50),(256,18),(166,150),(34,155),(14,105),(44,159),(43,16),(113,86),(88,6),(20,124),(50,88),(297,144),(121,127),(282,149),(262,141),(78,94),(90,58),(255,153),(98,104),
238:(24,65),(234,50),(256,18),(166,150),(34,155),(14,105),(44,159),(42,16),(113,86),(87,6),(20,124),(50,88),(297,144),(121,127),(282,149),(262,141),(78,94),(90,58),(255,153),(98,104),
239:(24,65),(234,50),(256,18),(166,150),(34,155),(14,105),(44,159),(41,16),(113,86),(86,6),(20,124),(50,88),(297,144),(121,127),(282,149),(262,141),(78,94),(90,58),(255,153),(98,104),
240:(24,65),(234,50),(256,18),(166,150),(34,155),(14,105),(44,159),(40,16),(113,86),(85,6),(20,124),(50,88),(297,144),(121,127),(282,149),(262,141),(78,94),(90,58),(255,153),(98,104),
241:(24,65),(234,50),(256,18),(166,150),(34,155),(14,105),(44,159),(39,16),(113,86),(84,6),(20,124),(50,88),(297,144),(121,127),(282,149),(262,141),(78,94),(90,58),(255,153),(98,104),
242:(24,65),(234,50),(256,18),(166,150),(34,155),(14,105),(44,159),(38,16),(113,86),(83,6),(20,124),(50,88),(297,144),(121,127),(282,149),(262,141),(78,94),(90,58),(255,153),(98,104),
243:(24,65),(234,50),(256,18),(166,150),(34,155),(14,105),(44,159),(37,16),(113,86),(82,6),(20,124),(50,88),(297,144),(121,127),(282,149),(262,141),(78,94),(90,58),(255,153),(98,104),
244:(24,65),(234,50),(256,18),(166,150),(34,155),(14,105),(44,159),(36,16),(113,86),(81,6),(20,124),(50,88),(297,144),(121,127),(282,149),(262,141),(78,94),(90,58),(255,153),(98,104),
245:(24,65),(234,50),(256,18),(166,150),(34,155),(14,105),(44,159),(35,16),(113,86),(80,6),(20,124),(50,88),(297,144),(121,127),(282,149),(262,141),(78,94),(90,58),(255,153),(98,104),
246:(24,65),(234,50),(256,18),(166,150),(34,155),(14,105),(44,159),(34,16),(113,86),(79,6),(20,124),(50,88),(297,144),(121,127),(282,149),(262,141),(78,94),(90,58),(255,153),(98,104),
247:(24,65),(234,50),(256,18),(166,150),(34,155),(14,105),(44,159),(33,16),(113,86),(78,6),(20,124),(50,88),(297,144),(121,127),(282,149),(262,141),(78,94),(90,58),(255,153),(98,104),
248:(24,65),(234,50),(256,18),(166,150),(34,155),(14,105),(44,159),(32,16),(113,86),(77,6),(20,124),(50,88),(297,144),(121,127),(282,149),(262,141),(78,94),(90,58),(255,153),(98,104),
249:(24,65),(234,50),(256,18),(166,150),(34,155),(14,105),(44,159),(31,16),(113,86),(76,6),(20,124),(50,88),(297,144),(121,127),(282,149),(262,141),(78,94),(90,58),(255,153),(98,104),
250:(24,65),(234,50),(256,18),(166,150),(34,155),(14,105),(44,159),(30,16),(113,86),(75,6),(20,124),(50,88),(297,144),(121,127),(282,149),(262,141),(78,94),(90,58),(255,153),(98,104),
251:(24,65),(234,50),(256,18),(166,150),(34,155),(14,105),(44,159),(29,16),(113,86),(74,6),(20,124),(50,88),(297,144),(121,127),(282,149),(262,141),(78,94),(90,58),(255,153),(98,104),
252:(24,65),(234,50),(256,18),(166,150),(34,155),(14,105),(44,159),(28,16),(113,86),(73,6),(20,124),(50,88),(297,144),(121,127),(282,149),(262,141),(78,94),(90,58),(255,153),(98,104),
253:(24,65),(234,50),(256,18),(166,150),(34,155),(14,105),(44,159),(27,16),(113,86),(72,6),(20,124),(50,88),(297,144),(121,127),(282,149),(262,141),(78,94),(90,58),(255,153),(98,104),
254:(24,65),(234,50),(256,18),(166,150),(34,155),(14,105),(44,159),(26,16),(113,86),(71,6),(20,124),(50,88),(297,144),(121,127),(282,149),(262,141),(78,94),(90,58),(255,153),(98,104),
255:(24,65),(234,50),(256,18),(166,150),(34,155),(14,105),(44,159),(25,16),(113,86),(70,6),(20,124),(50,88),(297,144),(121,127),(282,149),(262,141),(78,94),(90,58),(255,153),(98,104),
256:(24,65),(234,50),(256,18),(166,150),(34,155),(14,105),(44,159),(24,16),(113,86),(69,6),(20,124),(50,88),(297,144),(121,127),(282,149),(262,141),(78,94),(90,58),(255,153),(98,104),
257:(24,65),(234,50),(256,18),(166,150),(34,155),(14,105),(44,159),(23,16),(113,86),(68,6),(20,124),(50,88),(297,144),(121,127),(282,149),(262,141),(78,94),(90,58),(255,153),(98,104),
258:(24,65),(234,50),(256,18),(166,150),(34,155),(14,105),(44,159),(22,16),(113,86),(67,6),(20,124),(50,88),(297,144),(121,127),(282,149),(262,141),(78,94),(90,58),(255,153),(98,104),
259:(24,65),(234,50),(256,18),(166,150),(34,155),(14,105),(44,159),(21,16),(113,86),(66,6),(20,124),(50,88),(297,144),(121,127),(282,149),(262,141),(78,94),(90,58),(255,153),(98,104),
260:(24,65),(234,50),(256,18),(166,150),(34,155),(14,105),(44,159),(20,16),(113,86),(65,6),(20,124),(50,88),(297,144),(121,127),(282,149),(262,141),(78,94),(90,58),(255,153),(98,104),
261:(24,65),(234,50),(256,18),(166,150),(34,155),(14,105),(44,159),(19,16),(113,86),(64,6),(20,124),(50,88),(297,144),(121,127),(282,149),(262,141),(78,94),(90,58),(255,153),(98,104),
262:(24,65),(234,50),(256,18),(166,150),(34,155),(14,105),(44,159),(18,16),(113,86),(63,6),(20,124),(50,88),(297,144),(121,127),(282,149),(262,141),(78,94),(90,58),(255,153),(98,104),
263:(24,65),(234,50),(256,18),(166,150),(34,155),(14,105),(44,159),(17,16),(113,86),(62,6),(20,124),(50,88),(297,144),(121,127),(282,149),(262,141),(78,94),(90,58),(255,153),(98,104),
264:(24,65),(234,50),(256,18),(166,150),(34,155),(14,105),(44,159),(16,16),(113,86),(61,6),(20,124),(50,88),(297,144),(121,127),(282,149),(262,141),(78,94),(90,58),(255,153),(98,104),
265:(24,65),(234,50),(256,18),(166,150),(34,155),(14,105),(44,159),(15,16),(113,86),(60,6),(20,124),(50,88),(297,144),(121,127),(282,149),(262,141),(78,94),(90,58),(255,153),(98,104),
266:(24,65),(234,50),(256,18),(166,150),(34,155),(14,105),(44,159),(14,16),(113,86),(59,6),(20,124),(50,88),(297,144),(121,127),(282,149),(262,141),(78,94),(90,58),(255,153),(98,104),
267:(24,65),(234,50),(256,18),(166,150),(34,155),(14,105),(44,159),(13,16),(113,86),(58,6),(20,124),(50,88),(297,144),(121,127),(282,149),(262,141),(78,94),(90,58),(255,153),(98,104),
268:(24,65),(234,50),(256,18),(166,150),(34,155),(14,105),(44,159),(12,16),(113,86),(57,6),(20,124),(50,88),(297,144),(121,127),(282,149),(262,141),(78,94),(90,58),(255,153),(98,104),
269:(24,65),(234,50),(256,18),(166,150),(34,155),(14,105),(44,159),(11,16),(113,86),(56,6),(20,124),(50,88),(297,144),(121,127),(282,149),(262,141),(78,94),(90,58),(255,153),(98,104),
270:(24,65),(234,50),(256,18),(166,150),(34,155),(14,105),(44,159),(11,16),(113,86),(55,6),(20,124),(50,88),(297,144),(121,127),(282,149),(262,141),(78,94),(90,58),(255,153),(98,104),
271:(24,65),(234,50),(256,18),(166,150),(34,155),(14,105),(44,159),(11,16),(113,86),(54,6),(20,124),(50,88),(297,144),(121,127),(282,149),(262,141),(78,94),(90,58),(255,153),(98,104),
272:(24,65),(234,50),(256,18),(166,150),(34,155),(14,105),(44,159),(11,16),(113,86),(53,6),(20,124),(50,88),(297,144),(121,127),(282,149),(262,141),(78,94),(90,58),(255,153),(98,104),
273:(24,65),(234,50),(256,18),(166,150),(34,155),(14,105),(44,159),(11,16),(113,86),(52,6),(20,124),(50,88),(297,144),(121,127),(282,149),(262,141),(78,94),(90,58),(255,153),(98,104),
274:(24,65),(234,50),(256,18),(166,150),(34,155),(14,105),(44,159),(11,16),(113,86),(51,6),(20,124),(50,88),(297,144),(121,127),(282,149),(262,141),(78,94),(90,58),(255,153),(98,104),
275:(24,65),(234,50),(256,18),(166,150),(34,155),(14,105),(44,159),(11,16),(113,86),(50,6),(20,124),(50,88),(297,144),(121,127),(282,149),(262,141),(78,94),(90,58),(255,153),(98,104),
276:(24,65),(234,50),(256,18),(166,150),(34,155),(14,105),(44,159),(11,16),(113,86),(49,6),(20,124),(50,88),(297,144),(121,127),(282,149),(262,141),(78,94),(90,58),(255,153),(98,104),
277:(24,65),(234,50),(256,18),(166,150),(34,155),(14,105),(44,159),(11,16),(113,86),(48,6),(20,124),(50,88),(297,144),(121,127),(282,149),(262,141),(78,94),(90,58),(255,153),(98,104),
278:(24,65),(234,50),(256,18),(166,150),(34,155),(14,105),(44,159),(11,16),(113,86),(47,6),(20,124),(50,88),(297,144),(121,127),(282,149),(262,141),(78,94),(90,58),(255,153),(98,104),
279:(24,65),(234,50),(256,18),(166,150),(34,155),(14,105),(44,159),(11,16),(113,86),(46,6),(20,124),(50,88),(297,144),(121,127),(282,149),(262,141),(78,94),(90,58),(255,153),(98,104),
280:(24,65),(234,50),(256,18),(166,150),(34,155),(14,105),(44,159),(11,16),(113,86),(45,6),(20,124),(50,88),(297,144),(121,127),(282,149),(262,141),(78,94),(90,58),(255,153),(98,104),
281:(24,65),(234,50),(256,18),(166,150),(34,155),(14,105),(44,159),(11,16),(113,86),(44,6),(20,124),(50,88),(297,144),(121,127),(282,149),(262,141),(78,94),(90,58),(255,153),(98,104),
282:(24,65),(234,50),(256,18),(166,150),(34,155),(14,105),(44,159),(11,16),(113,86),(43,6),(20,124),(50,88),(297,144),(121,127),(282,149),(262,141),(78,94),(90,58),(255,153),(98,104),
283:(24,65),(234,50),(256,18),(166,150),(34,155),(14,105),(44,159),(11,16),(113,86),(42,6),(20,124),(50,88),(297,144),(121,127),(282,149),(262,141),(78,94),(90,58),(255,153),(98,104),
284:(24,65),(234,50),(256,18),(166,150),(34,155),(14,105),(44,159),(11,16),(113,86),(41,6),(20,124),(50,88),(297,144),(121,127),(282,149),(262,141),(78,94),(90,58),(255,153),(98,104),
285:(24,65),(234,50),(256,18),(166,150),(34,155),(14,105),(44,159),(11,16),(113,86),(40,6),(20,124),(50,88),(297,144),(121,127),(282,149),(262,141),(78,94),(90,58),(255,153),(98,104),
286:(24,65),(234,50),(256,18),(166,150),(34,155),(14,105),(44,159),(11,16),(113,86),(39,6),(20,124),(50,88),(297,144),(121,127),(282,149),(262,141),(78,94),(90,58),(255,153),(98,104),
287:(24,65),(234,50),(256,18),(166,150),(34,155),(14,105),(44,159),(11,16),(113,86),(38,6),(20,124),(50,88),(297,144),(121,127),(282,149),(262,141),(78,94),(90,58),(255,153),(98,104),
288:(24,65),(234,50),(256,18),(166,150),(34,155),(14,105),(44,159),(11,16),(113,86),(37,6),(20,124),(50,88),(297,144),(121,127),(282,149),(262,141),(78,94),(90,58),(255,153),(98,104),
289:(24,65),(234,50),(256,18),(166,150),(34,155),(14,105),(44,159),(11,16),(113,86),(36,6),(20,124),(50,88),(297,144),(121,127),(282,149),(262,141),(78,94),(90,58),(255,153),(98,104),
290:(24,65),(234,50),(256,18),(166,150),(34,155),(14,105),(44,159),(11,16),(113,86),(35,6),(20,124),(50,88),(297,144),(121,127),(282,149),(262,141),(78,94),(90,58),(255,153),(98,104),
291:(24,65),(234,50),(256,18),(166,150),(34,155),(14,105),(44,159),(11,16),(113,86),(34,6),(20,124),(50,88),(297,144),(121,127),(282,149),(262,141),(78,94),(90,58),(255,153),(98,104),
292:(24,65),(234,50),(256,18),(166,150),(34,155),(14,105),(44,159),(11,16),(113,86),(33,6),(20,124),(50,88),(297,144),(121,127),(282,149),(262,141),(78,94),(90,58),(255,153),(98,104),
293:(24,65),(234,50),(256,18),(166,150),(34,155),(14,105),(44,159),(11,16),(113,86),(32,6),(20,124),(50,88),(297,144),(121,127),(282,149),(262,141),(78,94),(90,58),(255,153),(98,104),
294:(24,65),(234,50),(256,18),(166,150),(34,155),(14,105),(44,159),(11,16),(113,86),(31,6),(20,124),(50,88),(297,144),(121,127),(282,149),(262,141),(78,94),(90,58),(255,153),(98,104),
295:(24,65),(234,50),(256,18),(166,150),(34,155),(14,105),(44,159),(11,16),(113,86),(30,6),(20,124),(50,88),(297,144),(121,127),(282,149),(262,141),(78,94),(90,58),(255,153),(98,104),
