instance=temp_instance.txt
agents=20
map_file=warehouse-20-40-10-2-2.map
solver=PushAndSwap
solved=0
soc=4385
lb_soc=3340
makespan=501
lb_makespan=412
comp_time=35
preprocessing_comp_time=12
starts=(319,101),(242,100),(238,85),(7,82),(120,130),(23,154),(213,101),(280,6),(124,73),(330,81),(298,39),(273,101),(144,85),(282,150),(218,5),(202,54),(103,21),(230,85),(1,41),(32,29),
goals=(266,6),(310,127),(103,10),(295,12),(97,83),(23,155),(83,121),(18,156),(116,66),(309,75),(73,96),(46,26),(87,154),(118,106),(42,140),(145,79),(145,54),(279,53),(86,72),(258,74),
solution=
0:(319,101),(242,100),(238,85),(7,82),(120,130),(23,154),(213,101),(280,6),(124,73),(330,81),(298,39),(273,101),(144,85),(282,150),(218,5),(202,54),(103,21),(230,85),(1,41),(32,29),
1:(318,101),(242,100),(237,85),(8,82),(119,130),(23,155),(212,101),(279,6),(123,73),(329,81),(297,39),(272,101),(143,85),(281,150),(217,5),(201,54),(104,21),(230,84),(2,41),(33,29),
2:(317,101),(242,100),(236,85),(9,82),(118,130),(23,155),(211,101),(278,6),(122,73),(328,81),(296,39),(271,101),(142,85),(280,150),(216,5),(200,54),(105,21),(230,83),(3,41),(34,29),
3:(316,101),(242,100),(235,85),(10,82),(117,130),(23,155),(210,101),(277,6),(121,73),(327,81),(296,39),(270,101),(141,85),(279,150),(215,5),(199,54),(106,21),(230,83),(4,41),(35,29),
4:(315,101),(242,100),(234,85),(11,82),(116,130),(23,155),(209,101),(276,6),(121,72),(326,81),(296,39),(269,101),(140,85),(278,150),(214,5),(198,54),(107,21),(230,83),(5,41),(36,29),
5:(314,101),(242,100),(233,85),(12,82),(115,130),(23,155),(208,101),(275,6),(121,71),(325,81),(296,39),(268,101),(139,85),(277,150),(213,5),(197,54),(108,21),(230,83),(6,41),(37,29),
6:(313,101),(242,100),(232,85),(13,82),(114,130),(23,155),(207,101),(274,6),(121,70),(324,81),(296,39),(267,101),(138,85),(276,150),(212,5),(196,54),(108,21),(230,83),(7,41),(38,29),
7:(312,101),(242,100),(231,85),(14,82),(113,130),(23,155),(206,101),(273,6),(121,69),(323,81),(296,39),(266,101),(137,85),(275,150),(211,5),(195,54),(108,21),(230,83),(8,41),(39,29),
8:(311,101),(242,100),(230,85),(15,82),(112,130),(23,155),(205,101),(272,6),(121,68),(322,81),(296,39),(265,101),(136,85),(274,150),(210,5),(194,54),(108,21),(230,83),(9,41),(40,29),
9:(310,101),(242,100),(229,85),(16,82),(111,130),(23,155),(204,101),(271,6),(121,67),(321,81),(296,39),(264,101),(135,85),(273,150),(209,5),(193,54),(108,21),(230,83),(10,41),(41,29),
10:(309,101),(242,100),(228,85),(17,82),(110,130),(23,155),(203,101),(270,6),(121,66),(320,81),(296,39),(263,101),(134,85),(272,150),(208,5),(192,54),(108,21),(230,83),(11,41),(41,29),
11:(308,101),(242,100),(227,85),(17,82),(109,130),(23,155),(202,101),(269,6),(120,66),(319,81),(296,39),(262,101),(133,85),(271,150),(207,5),(191,54),(108,21),(230,83),(12,41),(41,29),
12:(307,101),(242,100),(226,85),(17,82),(108,130),(23,155),(201,101),(268,6),(119,66),(318,81),(296,39),(261,101),(132,85),(270,150),(206,5),(190,54),(108,21),(230,83),(13,41),(41,29),
13:(306,101),(242,100),(225,85),(17,82),(107,130),(23,155),(200,101),(267,6),(118,66),(317,81),(296,39),(260,101),(131,85),(269,150),(205,5),(189,54),(108,21),(230,83),(14,41),(41,29),
14:(305,101),(242,100),(224,85),(17,82),(106,130),(23,155),(199,101),(266,6),(117,66),(316,81),(296,39),(259,101),(130,85),(268,150),(204,5),(188,54),(108,21),(230,83),(15,41),(41,29),
15:(304,101),(242,100),(223,85),(17,82),(105,130),(23,155),(198,101),(265,6),(116,66),(315,81),(296,39),(258,101),(129,85),(267,150),(203,5),(187,54),(108,21),(230,83),(16,41),(41,29),
16:(303,101),(242,100),(222,85),(17,82),(104,130),(23,155),(197,101),(264,6),(116,66),(314,81),(296,39),(257,101),(128,85),(266,150),(202,5),(186,54),(108,21),(230,83),(17,41),(41,29),
17:(302,101),(242,100),(221,85),(17,82),(103,130),(23,155),(196,101),(263,6),(116,66),(313,81),(296,39),(256,101),(127,85),(265,150),(201,5),(185,54),(108,21),(230,83),(17,41),(41,29),
18:(301,101),(242,100),(220,85),(17,82),(102,130),(23,155),(195,101),(262,6),(116,66),(312,81),(296,39),(255,101),(126,85),(264,150),(200,5),(184,54),(108,21),(230,83),(17,41),(41,29),
19:(300,101),(242,100),(219,85),(17,82),(101,130),(23,155),(194,101),(261,6),(116,66),(311,81),(296,39),(254,101),(125,85),(263,150),(199,5),(183,54),(108,21),(230,83),(17,41),(41,29),
20:(299,101),(242,100),(218,85),(17,82),(100,130),(23,155),(193,101),(260,6),(116,66),(310,81),(296,39),(253,101),(124,85),(262,150),(198,5),(182,54),(108,21),(230,83),(17,41),(41,29),
21:(298,101),(242,100),(217,85),(17,82),(99,130),(23,155),(192,101),(259,6),(116,66),(309,81),(296,39),(252,101),(123,85),(261,150),(197,5),(181,54),(108,21),(230,83),(17,41),(41,29),
22:(297,101),(242,100),(216,85),(17,82),(98,130),(23,155),(191,101),(258,6),(116,66),(309,80),(296,39),(251,101),(122,85),(260,150),(196,5),(180,54),(108,21),(230,83),(17,41),(41,29),
23:(296,101),(242,100),(215,85),(17,82),(98,130),(23,155),(190,101),(257,6),(116,66),(309,79),(296,39),(250,101),(121,85),(259,150),(195,5),(179,54),(108,21),(230,83),(17,41),(41,29),
24:(295,101),(242,100),(214,85),(17,82),(98,130),(23,155),(189,101),(256,6),(116,66),(309,78),(296,39),(249,101),(120,85),(258,150),(194,5),(178,54),(108,21),(230,83),(17,41),(41,29),
25:(294,101),(242,100),(213,85),(17,82),(98,130),(23,155),(188,101),(255,6),(116,66),(309,77),(296,39),(248,101),(119,85),(257,150),(193,5),(177,54),(108,21),(230,83),(17,41),(41,29),
26:(293,101),(242,100),(212,85),(17,82),(98,130),(23,155),(187,101),(254,6),(116,66),(309,76),(296,39),(247,101),(118,85),(256,150),(192,5),(176,54),(108,21),(230,83),(17,41),(41,29),
27:(292,101),(242,100),(211,85),(17,82),(98,130),(23,155),(186,101),(253,6),(116,66),(309,75),(296,39),(246,101),(117,85),(255,150),(191,5),(175,54),(108,21),(230,83),(17,41),(41,29),
28:(291,101),(242,100),(210,85),(17,82),(98,130),(23,155),(185,101),(252,6),(116,66),(309,75),(296,39),(245,101),(116,85),(254,150),(190,5),(174,54),(108,21),(230,83),(17,41),(41,29),
29:(290,101),(242,100),(209,85),(17,82),(98,130),(23,155),(184,101),(251,6),(116,66),(309,75),(296,39),(244,101),(115,85),(253,150),(189,5),(173,54),(108,21),(230,83),(17,41),(41,29),
30:(289,101),(242,100),(208,85),(17,82),(98,130),(23,155),(183,101),(250,6),(116,66),(309,75),(296,39),(243,101),(114,85),(252,150),(188,5),(172,54),(108,21),(230,83),(17,41),(41,29),
31:(288,101),(242,100),(207,85),(17,82),(98,130),(23,155),(182,101),(249,6),(116,66),(309,75),(296,39),(242,101),(113,85),(251,150),(187,5),(171,54),(108,21),(230,83),(17,41),(41,29),
32:(287,101),(242,100),(206,85),(17,82),(98,130),(23,155),(181,101),(248,6),(116,66),(309,75),(296,39),(241,101),(112,85),(250,150),(186,5),(170,54),(108,21),(230,83),(17,41),(41,29),
33:(286,101),(242,101),(205,85),(17,82),(98,130),(23,155),(180,101),(247,6),(116,66),(309,75),(296,39),(240,101),(111,85),(249,150),(185,5),(169,54),(108,21),(230,83),(17,41),(41,29),
34:(285,101),(243,101),(204,85),(17,82),(98,130),(23,155),(179,101),(246,6),(116,66),(309,75),(296,39),(239,101),(110,85),(248,150),(184,5),(168,54),(108,21),(230,83),(17,41),(41,29),
35:(284,101),(244,101),(203,85),(17,82),(98,130),(23,155),(178,101),(245,6),(116,66),(309,75),(296,39),(238,101),(109,85),(247,150),(183,5),(167,54),(108,21),(230,83),(17,41),(41,29),
36:(283,101),(245,101),(202,85),(17,82),(98,130),(23,155),(177,101),(244,6),(116,66),(309,75),(296,39),(237,101),(108,85),(246,150),(182,5),(166,54),(108,21),(230,83),(17,41),(41,29),
37:(282,101),(246,101),(201,85),(17,82),(98,130),(23,155),(176,101),(243,6),(116,66),(309,75),(296,39),(236,101),(107,85),(245,150),(181,5),(165,54),(108,21),(230,83),(17,41),(41,29),
38:(281,101),(247,101),(200,85),(17,82),(98,130),(23,155),(175,101),(242,6),(116,66),(309,75),(296,39),(235,101),(106,85),(244,150),(180,5),(164,54),(108,21),(230,83),(17,41),(41,29),
39:(280,101),(248,101),(199,85),(17,82),(98,130),(23,155),(174,101),(241,6),(116,66),(309,75),(296,39),(234,101),(105,85),(243,150),(179,5),(163,54),(108,21),(230,83),(17,41),(41,29),
40:(279,101),(249,101),(198,85),(17,82),(98,130),(23,155),(173,101),(240,6),(116,66),(309,75),(296,39),(233,101),(104,85),(242,150),(178,5),(162,54),(108,21),(230,83),(17,41),(41,29),
41:(278,101),(250,101),(197,85),(17,82),(98,130),(23,155),(172,101),(239,6),(116,66),(309,75),(296,39),(232,101),(103,85),(241,150),(177,5),(161,54),(108,21),(230,83),(17,41),(41,29),
42:(277,101),(251,101),(196,85),(17,82),(98,130),(23,155),(171,101),(238,6),(116,66),(309,75),(296,39),(231,101),(102,85),(240,150),(176,5),(160,54),(108,21),(230,83),(17,41),(41,29),
43:(276,101),(252,101),(195,85),(17,82),(98,130),(23,155),(170,101),(237,6),(116,66),(309,75),(296,39),(230,101),(101,85),(239,150),(175,5),(159,54),(108,21),(230,83),(17,41),(41,29),
44:(275,101),(253,101),(194,85),(17,82),(98,130),(23,155),(169,101),(236,6),(116,66),(309,75),(296,39),(229,101),(100,85),(238,150),(174,5),(158,54),(108,21),(230,83),(17,41),(41,29),
45:(274,101),(254,101),(193,85),(17,82),(98,130),(23,155),(168,101),(235,6),(116,66),(309,75),(296,39),(228,101),(99,85),(237,150),(173,5),(157,54),(108,21),(230,83),(17,41),(41,29),
46:(273,101),(255,101),(192,85),(17,82),(98,130),(23,155),(167,101),(234,6),(116,66),(309,75),(296,39),(227,101),(98,85),(236,150),(172,5),(156,54),(108,21),(230,83),(17,41),(41,29),
47:(272,101),(256,101),(191,85),(17,82),(98,130),(23,155),(166,101),(233,6),(116,66),(309,75),(296,39),(226,101),(97,85),(235,150),(171,5),(155,54),(108,21),(230,83),(17,41),(41,29),
48:(271,101),(257,101),(190,85),(17,82),(98,130),(23,155),(165,101),(232,6),(116,66),(309,75),(296,39),(225,101),(97,86),(234,150),(170,5),(154,54),(108,21),(230,83),(17,41),(41,29),
49:(270,101),(258,101),(189,85),(17,82),(98,130),(23,155),(164,101),(231,6),(116,66),(309,75),(296,39),(224,101),(97,87),(233,150),(169,5),(153,54),(108,21),(230,83),(17,41),(41,29),
50:(269,101),(259,101),(188,85),(17,82),(98,130),(23,155),(163,101),(230,6),(116,66),(309,75),(296,39),(223,101),(97,88),(232,150),(168,5),(152,54),(108,21),(230,83),(17,41),(41,29),
51:(268,101),(260,101),(187,85),(17,82),(98,130),(23,155),(162,101),(229,6),(116,66),(309,75),(296,39),(222,101),(97,89),(231,150),(167,5),(151,54),(108,21),(230,83),(17,41),(41,29),
52:(267,101),(261,101),(186,85),(17,82),(98,130),(23,155),(161,101),(228,6),(116,66),(309,75),(296,39),(221,101),(97,90),(230,150),(166,5),(150,54),(108,21),(230,83),(17,41),(41,29),
53:(266,101),(262,101),(185,85),(17,82),(98,130),(23,155),(160,101),(227,6),(116,66),(309,75),(296,39),(220,101),(97,91),(229,150),(165,5),(149,54),(108,21),(230,83),(17,41),(41,29),
54:(266,100),(263,101),(184,85),(17,82),(98,130),(23,155),(159,101),(226,6),(116,66),(309,75),(296,39),(219,101),(97,92),(228,150),(164,5),(148,54),(108,21),(230,83),(17,41),(41,29),
55:(266,99),(264,101),(183,85),(17,82),(98,130),(23,155),(158,101),(225,6),(116,66),(309,75),(296,39),(218,101),(97,93),(227,150),(163,5),(147,54),(108,21),(230,83),(17,41),(41,29),
56:(266,98),(265,101),(182,85),(17,82),(98,130),(23,155),(157,101),(224,6),(116,66),(309,75),(296,39),(217,101),(97,94),(226,150),(162,5),(146,54),(108,21),(230,83),(17,41),(41,29),
57:(266,97),(266,101),(181,85),(17,82),(98,130),(23,155),(156,101),(223,6),(116,66),(309,75),(296,39),(216,101),(97,95),(225,150),(161,5),(145,54),(108,21),(230,83),(17,41),(41,29),
58:(266,96),(267,101),(180,85),(17,82),(98,130),(23,155),(155,101),(222,6),(116,66),(309,75),(296,39),(215,101),(97,96),(224,150),(160,5),(145,55),(108,21),(230,83),(17,41),(41,29),
59:(266,95),(268,101),(179,85),(17,82),(98,130),(23,155),(154,101),(221,6),(116,66),(309,75),(296,39),(214,101),(97,97),(223,150),(159,5),(145,56),(108,21),(230,83),(17,41),(41,29),
60:(266,94),(269,101),(178,85),(17,82),(98,130),(23,155),(153,101),(220,6),(116,66),(309,75),(296,39),(213,101),(97,98),(222,150),(158,5),(145,57),(108,21),(230,83),(17,41),(41,29),
61:(266,93),(270,101),(177,85),(17,82),(98,130),(23,155),(152,101),(219,6),(116,66),(309,75),(296,39),(212,101),(97,99),(221,150),(157,5),(145,58),(108,21),(230,83),(17,41),(41,29),
62:(266,92),(271,101),(176,85),(17,82),(98,130),(23,155),(151,101),(218,6),(116,66),(309,75),(296,39),(211,101),(97,100),(220,150),(156,5),(145,59),(108,21),(230,83),(17,41),(41,29),
63:(266,91),(272,101),(175,85),(17,82),(98,130),(23,155),(150,101),(217,6),(116,66),(309,75),(296,39),(210,101),(97,100),(219,150),(155,5),(145,60),(108,21),(230,83),(17,41),(41,29),
64:(266,90),(273,101),(174,85),(17,82),(98,130),(23,155),(149,101),(216,6),(116,66),(309,75),(296,39),(209,101),(97,100),(218,150),(154,5),(145,61),(108,21),(230,83),(17,41),(41,29),
65:(266,89),(274,101),(173,85),(17,82),(98,130),(23,155),(148,101),(215,6),(116,66),(309,75),(296,39),(208,101),(97,100),(217,150),(153,5),(145,62),(108,21),(230,83),(17,41),(41,29),
66:(266,88),(275,101),(172,85),(17,82),(98,130),(23,155),(147,101),(214,6),(116,66),(309,75),(296,39),(207,101),(97,100),(216,150),(152,5),(145,63),(108,21),(230,83),(17,41),(41,29),
67:(266,87),(276,101),(171,85),(17,82),(98,130),(23,155),(146,101),(213,6),(116,66),(309,75),(296,39),(206,101),(97,100),(215,150),(151,5),(145,64),(108,21),(230,83),(17,41),(41,29),
68:(266,86),(277,101),(170,85),(17,82),(98,130),(23,155),(145,101),(212,6),(116,66),(309,75),(296,39),(205,101),(97,100),(214,150),(150,5),(145,65),(108,21),(230,83),(17,41),(41,29),
69:(266,85),(278,101),(169,85),(17,82),(98,130),(23,155),(144,101),(211,6),(116,66),(309,75),(296,39),(204,101),(97,100),(213,150),(149,5),(145,66),(108,21),(230,83),(17,41),(41,29),
70:(266,84),(279,101),(168,85),(17,82),(98,130),(23,155),(143,101),(210,6),(116,66),(309,75),(296,39),(203,101),(97,100),(212,150),(148,5),(145,67),(108,21),(230,83),(17,41),(41,29),
71:(266,83),(280,101),(167,85),(17,82),(98,130),(23,155),(142,101),(209,6),(116,66),(309,75),(296,39),(202,101),(97,100),(211,150),(147,5),(145,68),(108,21),(230,83),(17,41),(41,29),
72:(266,83),(281,101),(166,85),(17,82),(98,130),(23,155),(141,101),(208,6),(116,66),(309,75),(296,39),(201,101),(97,100),(210,150),(146,5),(145,69),(108,21),(230,83),(17,41),(41,29),
73:(266,83),(282,101),(165,85),(17,82),(98,130),(23,155),(140,101),(207,6),(116,66),(309,75),(296,39),(200,101),(97,100),(209,150),(145,5),(145,70),(108,21),(230,83),(17,41),(41,29),
74:(266,83),(283,101),(164,85),(17,82),(98,130),(23,155),(139,101),(206,6),(116,66),(309,75),(296,39),(199,101),(97,100),(208,150),(144,5),(145,71),(108,21),(230,83),(17,41),(41,29),
75:(266,83),(284,101),(163,85),(17,82),(98,130),(23,155),(138,101),(205,6),(116,66),(309,75),(296,39),(198,101),(97,100),(207,150),(143,5),(145,72),(108,21),(230,83),(17,41),(41,29),
76:(266,83),(285,101),(162,85),(17,82),(98,130),(23,155),(137,101),(204,6),(116,66),(309,75),(296,39),(197,101),(97,100),(206,150),(142,5),(145,73),(108,21),(230,83),(17,41),(41,29),
77:(266,83),(286,101),(161,85),(17,82),(98,130),(23,155),(136,101),(203,6),(116,66),(309,75),(296,39),(196,101),(97,100),(205,150),(141,5),(145,74),(108,21),(230,83),(17,41),(41,29),
78:(266,83),(287,101),(160,85),(17,82),(98,130),(23,155),(135,101),(202,6),(116,66),(309,75),(296,39),(195,101),(97,100),(204,150),(140,5),(145,75),(108,21),(230,83),(17,41),(41,29),
79:(266,83),(288,101),(159,85),(17,82),(98,130),(23,155),(134,101),(201,6),(116,66),(309,75),(296,39),(194,101),(97,100),(203,150),(139,5),(145,76),(108,21),(230,83),(17,41),(41,29),
80:(266,83),(289,101),(158,85),(17,82),(98,130),(23,155),(133,101),(200,6),(116,66),(309,75),(296,39),(193,101),(97,100),(202,150),(138,5),(145,77),(108,21),(230,83),(17,41),(41,29),
81:(266,83),(290,101),(157,85),(17,82),(98,130),(23,155),(132,101),(199,6),(116,66),(309,75),(296,39),(192,101),(97,100),(201,150),(137,5),(145,78),(108,21),(230,83),(17,41),(41,29),
82:(266,83),(291,101),(156,85),(17,82),(98,130),(23,155),(131,101),(198,6),(116,66),(309,75),(296,39),(191,101),(97,100),(200,150),(136,5),(145,79),(108,21),(230,83),(17,41),(41,29),
83:(266,83),(292,101),(155,85),(17,82),(98,130),(23,155),(130,101),(197,6),(116,66),(309,75),(296,39),(190,101),(97,100),(199,150),(135,5),(145,79),(108,21),(230,83),(17,41),(41,29),
84:(266,83),(293,101),(154,85),(17,82),(98,130),(23,155),(129,101),(196,6),(116,66),(309,75),(296,39),(189,101),(97,100),(198,150),(134,5),(145,79),(108,21),(230,83),(17,41),(41,29),
85:(266,83),(294,101),(153,85),(17,82),(98,130),(23,155),(128,101),(195,6),(116,66),(309,75),(296,39),(188,101),(97,100),(197,150),(133,5),(145,79),(108,21),(230,83),(17,41),(41,29),
86:(266,83),(295,101),(152,85),(17,82),(98,130),(23,155),(127,101),(194,6),(116,66),(309,75),(296,39),(187,101),(97,100),(196,150),(132,5),(145,79),(108,21),(230,83),(17,41),(41,29),
87:(266,83),(296,101),(151,85),(17,82),(98,130),(23,155),(126,101),(193,6),(116,66),(309,75),(296,39),(186,101),(97,100),(195,150),(131,5),(145,79),(108,21),(230,83),(17,41),(41,29),
88:(266,83),(297,101),(150,85),(17,82),(98,130),(23,155),(125,101),(192,6),(116,66),(309,75),(296,39),(185,101),(97,100),(194,150),(130,5),(145,79),(108,21),(230,83),(17,41),(41,29),
89:(266,83),(298,101),(149,85),(17,82),(98,130),(23,155),(124,101),(191,6),(116,66),(309,75),(296,39),(184,101),(97,100),(193,150),(129,5),(145,79),(108,21),(230,83),(17,41),(41,29),
90:(266,83),(299,101),(148,85),(17,82),(98,130),(23,155),(123,101),(190,6),(116,66),(309,75),(296,39),(183,101),(97,100),(192,150),(128,5),(145,79),(108,21),(230,83),(17,41),(41,29),
91:(266,83),(300,101),(147,85),(17,82),(98,130),(23,155),(122,101),(189,6),(116,66),(309,75),(296,39),(182,101),(97,100),(191,150),(127,5),(145,79),(108,21),(230,83),(17,41),(41,29),
92:(266,83),(301,101),(146,85),(17,82),(98,130),(23,155),(121,101),(188,6),(116,66),(309,75),(296,39),(181,101),(97,100),(190,150),(126,5),(145,79),(108,21),(230,83),(17,41),(41,29),
93:(266,83),(302,101),(145,85),(17,82),(98,130),(23,155),(120,101),(187,6),(116,66),(309,75),(296,39),(180,101),(97,100),(189,150),(125,5),(145,79),(108,21),(230,83),(17,41),(41,29),
94:(266,83),(303,101),(145,84),(17,82),(98,130),(23,155),(119,101),(186,6),(116,66),(309,75),(296,39),(179,101),(97,100),(188,150),(124,5),(145,79),(108,21),(230,83),(17,41),(41,29),
95:(266,83),(304,101),(145,83),(17,82),(98,130),(23,155),(118,101),(185,6),(116,66),(309,75),(296,39),(178,101),(97,100),(187,150),(123,5),(145,79),(108,21),(230,83),(17,41),(41,29),
96:(266,83),(305,101),(145,83),(17,82),(98,130),(23,155),(117,101),(184,6),(116,66),(309,75),(296,39),(177,101),(97,100),(186,150),(122,5),(145,79),(108,21),(230,83),(17,41),(41,29),
97:(266,83),(306,101),(145,83),(17,82),(98,130),(23,155),(116,101),(183,6),(116,66),(309,75),(296,39),(176,101),(97,100),(185,150),(121,5),(145,79),(108,21),(230,83),(17,41),(41,29),
98:(266,83),(307,101),(145,83),(17,82),(98,130),(23,155),(115,101),(182,6),(116,66),(309,75),(296,39),(175,101),(97,100),(184,150),(120,5),(145,79),(108,21),(230,83),(17,41),(41,29),
99:(266,83),(308,101),(145,83),(17,82),(98,130),(23,155),(114,101),(181,6),(116,66),(309,75),(296,39),(174,101),(97,100),(183,150),(119,5),(145,79),(108,21),(230,83),(17,41),(41,29),
100:(266,83),(309,101),(145,83),(17,82),(98,130),(23,155),(113,101),(180,6),(116,66),(309,75),(296,39),(173,101),(97,100),(182,150),(118,5),(145,79),(108,21),(230,83),(17,41),(41,29),
101:(266,83),(310,101),(145,83),(17,82),(98,130),(23,155),(112,101),(179,6),(116,66),(309,75),(296,39),(172,101),(97,100),(181,150),(117,5),(145,79),(108,21),(230,83),(17,41),(41,29),
102:(266,83),(310,102),(145,83),(17,82),(98,130),(23,155),(111,101),(178,6),(116,66),(309,75),(296,39),(171,101),(97,100),(180,150),(116,5),(145,79),(108,21),(230,83),(17,41),(41,29),
103:(266,83),(310,103),(145,83),(17,82),(98,130),(23,155),(110,101),(177,6),(116,66),(309,75),(296,39),(170,101),(97,100),(179,150),(115,5),(145,79),(108,21),(230,83),(17,41),(41,29),
104:(266,83),(310,104),(145,83),(17,82),(98,130),(23,155),(109,101),(176,6),(116,66),(309,75),(296,39),(169,101),(97,100),(178,150),(114,5),(145,79),(108,21),(230,83),(17,41),(41,29),
105:(266,83),(310,105),(145,83),(17,82),(98,130),(23,155),(108,101),(175,6),(116,66),(309,75),(296,39),(168,101),(97,100),(177,150),(113,5),(145,79),(108,21),(230,83),(17,41),(41,29),
106:(266,83),(310,106),(145,83),(17,82),(98,130),(23,155),(107,101),(174,6),(116,66),(309,75),(296,39),(167,101),(97,100),(176,150),(112,5),(145,79),(108,21),(230,83),(17,41),(41,29),
107:(266,83),(310,107),(145,83),(17,82),(98,130),(23,155),(106,101),(173,6),(116,66),(309,75),(296,39),(166,101),(97,100),(175,150),(111,5),(145,79),(108,21),(230,83),(17,41),(41,29),
108:(266,83),(310,108),(145,83),(17,82),(98,130),(23,155),(105,101),(172,6),(116,66),(309,75),(296,39),(165,101),(97,100),(174,150),(110,5),(145,79),(108,21),(230,83),(17,41),(41,29),
109:(266,83),(310,109),(145,83),(17,82),(98,130),(23,155),(104,101),(171,6),(116,66),(309,75),(296,39),(164,101),(97,100),(173,150),(109,5),(145,79),(108,21),(230,83),(17,41),(41,29),
110:(266,83),(310,110),(145,83),(17,82),(98,130),(23,155),(103,101),(170,6),(116,66),(309,75),(296,39),(163,101),(97,100),(172,150),(108,5),(145,79),(108,21),(230,83),(17,41),(41,29),
111:(266,83),(310,111),(145,83),(17,82),(98,130),(23,155),(102,101),(169,6),(116,66),(309,75),(296,39),(162,101),(97,100),(171,150),(107,5),(145,79),(108,21),(230,83),(17,41),(41,29),
112:(266,83),(310,112),(145,83),(17,82),(98,130),(23,155),(101,101),(168,6),(116,66),(309,75),(296,39),(161,101),(97,100),(170,150),(106,5),(145,79),(108,21),(230,83),(17,41),(41,29),
113:(266,83),(310,113),(145,83),(17,82),(98,130),(23,155),(100,101),(167,6),(116,66),(309,75),(296,39),(160,101),(97,100),(169,150),(105,5),(145,79),(108,21),(230,83),(17,41),(41,29),
114:(266,83),(310,114),(145,83),(17,82),(98,130),(23,155),(99,101),(166,6),(116,66),(309,75),(296,39),(159,101),(97,100),(168,150),(104,5),(145,79),(108,21),(230,83),(17,41),(41,29),
115:(266,83),(310,115),(145,83),(17,82),(98,130),(23,155),(98,101),(165,6),(116,66),(309,75),(296,39),(158,101),(97,100),(167,150),(103,5),(145,79),(108,21),(230,83),(17,41),(41,29),
116:(266,83),(310,116),(145,83),(17,82),(98,130),(23,155),(97,101),(164,6),(116,66),(309,75),(296,39),(157,101),(97,100),(166,150),(102,5),(145,79),(108,21),(230,83),(17,41),(41,29),
117:(266,83),(310,117),(145,83),(17,82),(98,130),(23,155),(96,101),(163,6),(116,66),(309,75),(296,39),(156,101),(97,100),(165,150),(101,5),(145,79),(108,21),(230,83),(17,41),(41,29),
118:(266,83),(310,118),(145,83),(17,82),(98,130),(23,155),(95,101),(162,6),(116,66),(309,75),(296,39),(155,101),(97,100),(164,150),(100,5),(145,79),(108,21),(230,83),(17,41),(41,29),
119:(266,83),(310,119),(145,83),(17,82),(98,130),(23,155),(94,101),(161,6),(116,66),(309,75),(296,39),(154,101),(97,100),(163,150),(99,5),(145,79),(108,21),(230,83),(17,41),(41,29),
120:(266,83),(310,120),(145,83),(17,82),(98,130),(23,155),(93,101),(160,6),(116,66),(309,75),(296,39),(153,101),(97,100),(162,150),(98,5),(145,79),(108,21),(230,83),(17,41),(41,29),
121:(266,83),(310,121),(145,83),(17,82),(98,130),(23,155),(92,101),(159,6),(116,66),(309,75),(296,39),(152,101),(97,100),(161,150),(97,5),(145,79),(108,21),(230,83),(17,41),(41,29),
122:(266,83),(310,122),(145,83),(17,82),(98,130),(23,155),(91,101),(158,6),(116,66),(309,75),(296,39),(151,101),(97,100),(160,150),(96,5),(145,79),(108,21),(230,83),(17,41),(41,29),
123:(266,83),(310,123),(145,83),(17,82),(98,130),(23,155),(90,101),(157,6),(116,66),(309,75),(296,39),(150,101),(97,100),(159,150),(95,5),(145,79),(108,21),(230,83),(17,41),(41,29),
124:(266,83),(310,124),(145,83),(17,82),(98,130),(23,155),(89,101),(156,6),(116,66),(309,75),(296,39),(149,101),(97,100),(158,150),(94,5),(145,79),(108,21),(230,83),(17,41),(41,29),
125:(266,83),(310,125),(145,83),(17,82),(98,130),(23,155),(88,101),(155,6),(116,66),(309,75),(296,39),(148,101),(97,100),(157,150),(93,5),(145,79),(108,21),(230,83),(17,41),(41,29),
126:(266,83),(310,126),(145,83),(17,82),(98,130),(23,155),(87,101),(154,6),(116,66),(309,75),(296,39),(147,101),(97,100),(156,150),(92,5),(145,79),(108,21),(230,83),(17,41),(41,29),
127:(266,83),(310,127),(145,83),(17,82),(98,130),(23,155),(86,101),(153,6),(116,66),(309,75),(296,39),(146,101),(97,100),(155,150),(91,5),(145,79),(108,21),(230,83),(17,41),(41,29),
128:(266,83),(310,127),(145,83),(17,82),(98,130),(23,155),(85,101),(152,6),(116,66),(309,75),(296,39),(145,101),(97,100),(154,150),(90,5),(145,79),(108,21),(230,83),(17,41),(41,29),
129:(266,83),(310,127),(145,83),(17,82),(98,130),(23,155),(85,102),(151,6),(116,66),(309,75),(296,39),(144,101),(97,100),(153,150),(89,5),(145,79),(108,21),(230,83),(17,41),(41,29),
130:(266,83),(310,127),(145,83),(17,82),(98,130),(23,155),(85,103),(150,6),(116,66),(309,75),(296,39),(143,101),(97,100),(152,150),(88,5),(145,79),(108,21),(230,83),(17,41),(41,29),
131:(266,83),(310,127),(145,83),(17,82),(98,130),(23,155),(85,104),(149,6),(116,66),(309,75),(296,39),(142,101),(97,100),(151,150),(87,5),(145,79),(108,21),(230,83),(17,41),(41,29),
132:(266,83),(310,127),(145,83),(17,82),(98,130),(23,155),(85,105),(148,6),(116,66),(309,75),(296,39),(141,101),(97,100),(150,150),(86,5),(145,79),(108,21),(230,83),(17,41),(41,29),
133:(266,83),(310,127),(145,83),(17,82),(98,130),(23,155),(85,106),(147,6),(116,66),(309,75),(296,39),(140,101),(97,100),(149,150),(85,5),(145,79),(108,21),(230,83),(17,41),(41,29),
134:(266,83),(310,127),(145,83),(17,82),(98,130),(23,155),(85,107),(146,6),(116,66),(309,75),(296,39),(139,101),(97,100),(148,150),(84,5),(145,79),(108,21),(230,83),(17,41),(41,29),
135:(266,83),(310,127),(145,83),(17,82),(98,130),(23,155),(85,108),(145,6),(116,66),(309,75),(296,39),(138,101),(97,100),(147,150),(83,5),(145,79),(108,21),(230,83),(17,41),(41,29),
136:(266,83),(310,127),(145,83),(17,82),(98,130),(23,155),(85,109),(144,6),(116,66),(309,75),(296,39),(137,101),(97,100),(146,150),(82,5),(145,79),(108,21),(230,83),(17,41),(41,29),
137:(266,83),(310,127),(145,83),(17,82),(98,130),(23,155),(85,110),(143,6),(116,66),(309,75),(296,39),(136,101),(97,100),(145,150),(81,5),(145,79),(108,21),(230,83),(17,41),(41,29),
138:(266,83),(310,127),(145,83),(17,82),(98,130),(23,155),(85,111),(142,6),(116,66),(309,75),(296,39),(135,101),(97,100),(144,150),(80,5),(145,79),(108,21),(230,83),(17,41),(41,29),
139:(266,83),(310,127),(145,83),(17,82),(98,130),(23,155),(85,112),(141,6),(116,66),(309,75),(296,39),(134,101),(97,100),(143,150),(79,5),(145,79),(108,21),(230,83),(17,41),(41,29),
140:(266,83),(310,127),(145,83),(17,82),(98,130),(23,155),(85,113),(140,6),(116,66),(309,75),(296,39),(133,101),(97,100),(142,150),(78,5),(145,79),(108,21),(230,83),(17,41),(41,29),
141:(266,83),(310,127),(145,83),(17,82),(98,130),(23,155),(85,114),(139,6),(116,66),(309,75),(296,39),(132,101),(97,100),(141,150),(77,5),(145,79),(108,21),(230,83),(17,41),(41,29),
142:(266,83),(310,127),(145,83),(17,82),(98,130),(23,155),(85,115),(138,6),(116,66),(309,75),(296,39),(131,101),(97,100),(140,150),(76,5),(145,79),(108,21),(230,83),(17,41),(41,29),
143:(266,83),(310,127),(145,83),(17,82),(98,130),(23,155),(85,116),(137,6),(116,66),(309,75),(296,39),(130,101),(97,100),(139,150),(75,5),(145,79),(108,21),(230,83),(17,41),(41,29),
144:(266,83),(310,127),(145,83),(17,82),(98,130),(23,155),(85,117),(136,6),(116,66),(309,75),(296,39),(129,101),(97,100),(138,150),(74,5),(145,79),(108,21),(230,83),(17,41),(41,29),
145:(266,83),(310,127),(145,83),(17,82),(98,130),(23,155),(85,118),(135,6),(116,66),(309,75),(296,39),(128,101),(97,100),(137,150),(73,5),(145,79),(108,21),(230,83),(17,41),(41,29),
146:(266,83),(310,127),(145,83),(17,82),(98,130),(23,155),(85,119),(134,6),(116,66),(309,75),(296,39),(127,101),(97,100),(136,150),(72,5),(145,79),(108,21),(230,83),(17,41),(41,29),
147:(266,83),(310,127),(145,83),(17,82),(98,130),(23,155),(85,120),(133,6),(116,66),(309,75),(296,39),(126,101),(97,100),(135,150),(71,5),(145,79),(108,21),(230,83),(17,41),(41,29),
148:(266,83),(310,127),(145,83),(17,82),(98,130),(23,155),(85,121),(132,6),(116,66),(309,75),(296,39),(125,101),(97,100),(134,150),(70,5),(145,79),(108,21),(230,83),(17,41),(41,29),
149:(266,83),(310,127),(145,83),(17,82),(98,130),(23,155),(84,121),(131,6),(116,66),(309,75),(296,39),(124,101),(97,100),(133,150),(69,5),(145,79),(108,21),(230,83),(17,41),(41,29),
150:(266,83),(310,127),(145,83),(17,82),(98,130),(23,155),(83,121),(130,6),(116,66),(309,75),(296,39),(123,101),(97,100),(132,150),(68,5),(145,79),(108,21),(230,83),(17,41),(41,29),
151:(266,83),(310,127),(145,83),(17,82),(98,130),(23,155),(83,121),(129,6),(116,66),(309,75),(296,39),(122,101),(97,100),(131,150),(67,5),(145,79),(108,21),(230,83),(17,41),(41,29),
152:(266,83),(310,127),(145,83),(17,82),(98,130),(23,155),(83,121),(128,6),(116,66),(309,75),(296,39),(121,101),(97,100),(130,150),(66,5),(145,79),(108,21),(230,83),(17,41),(41,29),
153:(266,83),(310,127),(145,83),(17,82),(98,130),(23,155),(83,121),(127,6),(116,66),(309,75),(296,39),(120,101),(97,100),(129,150),(65,5),(145,79),(108,21),(230,83),(17,41),(41,29),
154:(266,83),(310,127),(145,83),(17,82),(98,130),(23,155),(83,121),(126,6),(116,66),(309,75),(296,39),(119,101),(97,100),(128,150),(64,5),(145,79),(108,21),(230,83),(17,41),(41,29),
155:(266,83),(310,127),(145,83),(17,82),(98,130),(23,155),(83,121),(125,6),(116,66),(309,75),(296,39),(118,101),(97,100),(127,150),(63,5),(145,79),(108,21),(230,83),(17,41),(41,29),
156:(266,83),(310,127),(145,83),(17,82),(98,130),(23,155),(83,121),(124,6),(116,66),(309,75),(296,39),(117,101),(97,100),(126,150),(62,5),(145,79),(108,21),(230,83),(17,41),(41,29),
157:(266,83),(310,127),(145,83),(17,82),(98,130),(23,155),(83,121),(123,6),(116,66),(309,75),(296,39),(116,101),(97,100),(125,150),(61,5),(145,79),(108,21),(230,83),(17,41),(41,29),
158:(266,83),(310,127),(145,83),(17,82),(98,130),(23,155),(83,121),(122,6),(116,66),(309,75),(296,39),(115,101),(97,100),(124,150),(60,5),(145,79),(108,21),(230,83),(17,41),(41,29),
159:(266,83),(310,127),(145,83),(17,82),(98,130),(23,155),(83,121),(121,6),(116,66),(309,75),(296,39),(114,101),(97,100),(123,150),(59,5),(145,79),(108,21),(230,83),(17,41),(41,29),
160:(266,83),(310,127),(145,83),(17,82),(98,130),(23,155),(83,121),(120,6),(116,66),(309,75),(296,39),(113,101),(97,100),(122,150),(58,5),(145,79),(108,21),(230,83),(17,41),(41,29),
161:(266,83),(310,127),(145,83),(17,82),(98,130),(23,155),(83,121),(119,6),(116,66),(309,75),(296,39),(112,101),(97,100),(121,150),(57,5),(145,79),(108,21),(230,83),(17,41),(41,29),
162:(266,83),(310,127),(145,83),(17,82),(98,130),(23,155),(83,121),(118,6),(116,66),(309,75),(296,39),(111,101),(97,100),(121,149),(56,5),(145,79),(108,21),(230,83),(17,41),(41,29),
163:(266,83),(310,127),(145,83),(17,82),(98,130),(23,155),(83,121),(117,6),(116,66),(309,75),(296,39),(110,101),(97,100),(121,148),(55,5),(145,79),(108,21),(230,83),(17,41),(41,29),
164:(266,83),(310,127),(145,83),(17,82),(98,130),(23,155),(83,121),(116,6),(116,66),(309,75),(296,39),(109,101),(97,100),(121,147),(54,5),(145,79),(108,21),(230,83),(17,41),(41,29),
165:(266,83),(310,127),(145,83),(17,82),(98,130),(23,155),(83,121),(115,6),(116,66),(309,75),(296,39),(108,101),(97,100),(121,146),(53,5),(145,79),(108,21),(230,83),(17,41),(41,29),
166:(266,83),(310,127),(145,83),(17,82),(98,130),(23,155),(83,121),(114,6),(116,66),(309,75),(296,39),(107,101),(97,100),(121,145),(52,5),(145,79),(108,21),(230,83),(17,41),(41,29),
167:(266,83),(310,127),(145,83),(17,82),(98,130),(23,155),(83,121),(113,6),(116,66),(309,75),(296,39),(106,101),(97,100),(121,144),(51,5),(145,79),(108,21),(230,83),(17,41),(41,29),
168:(266,83),(310,127),(145,83),(17,82),(98,130),(23,155),(83,121),(112,6),(116,66),(309,75),(296,39),(105,101),(97,100),(121,143),(50,5),(145,79),(108,21),(230,83),(17,41),(41,29),
169:(266,83),(310,127),(145,83),(17,82),(98,130),(23,155),(83,121),(111,6),(116,66),(309,75),(296,39),(104,101),(97,100),(121,142),(49,5),(145,79),(108,21),(230,83),(17,41),(41,29),
170:(266,83),(310,127),(145,83),(17,82),(98,130),(23,155),(83,121),(110,6),(116,66),(309,75),(296,39),(103,101),(97,100),(121,141),(48,5),(145,79),(108,21),(230,83),(17,41),(41,29),
171:(266,83),(310,127),(145,83),(17,82),(98,130),(23,155),(83,121),(109,6),(116,66),(309,75),(296,39),(102,101),(97,100),(121,140),(47,5),(145,79),(108,21),(230,83),(17,41),(41,29),
172:(266,83),(310,127),(145,83),(17,82),(98,130),(23,155),(83,121),(108,6),(116,66),(309,75),(296,39),(101,101),(97,100),(121,139),(46,5),(145,79),(108,21),(230,83),(17,41),(41,29),
173:(266,83),(310,127),(145,83),(17,82),(98,130),(23,155),(83,121),(107,6),(116,66),(309,75),(296,39),(100,101),(97,100),(121,138),(45,5),(145,79),(108,21),(230,83),(17,41),(41,29),
174:(266,83),(310,127),(145,83),(17,82),(98,130),(23,155),(83,121),(106,6),(116,66),(309,75),(296,39),(99,101),(97,100),(121,137),(44,5),(145,79),(108,21),(230,83),(17,41),(41,29),
175:(266,83),(310,127),(145,83),(17,82),(98,130),(23,155),(83,121),(105,6),(116,66),(309,75),(296,39),(98,101),(97,100),(121,136),(43,5),(145,79),(108,21),(230,83),(17,41),(41,29),
176:(266,83),(310,127),(145,83),(17,82),(98,130),(23,155),(83,121),(104,6),(116,66),(309,75),(296,39),(97,101),(97,100),(121,135),(42,5),(145,79),(108,21),(230,83),(17,41),(41,29),
177:(266,83),(310,127),(145,83),(17,82),(98,130),(23,155),(83,121),(103,6),(116,66),(309,75),(296,39),(96,101),(97,101),(121,134),(42,5),(145,79),(108,21),(230,83),(17,41),(41,29),
178:(266,83),(310,127),(145,83),(17,82),(98,130),(23,155),(83,121),(102,6),(116,66),(309,75),(296,39),(95,101),(97,102),(121,133),(42,5),(145,79),(108,21),(230,83),(17,41),(41,29),
179:(266,83),(310,127),(145,83),(17,82),(98,130),(23,155),(83,121),(101,6),(116,66),(309,75),(296,39),(94,101),(97,103),(121,132),(42,5),(145,79),(108,21),(230,83),(17,41),(41,29),
180:(266,83),(310,127),(145,83),(17,82),(98,130),(23,155),(83,121),(100,6),(116,66),(309,75),(296,39),(93,101),(97,104),(121,131),(42,5),(145,79),(108,21),(230,83),(17,41),(41,29),
181:(266,83),(310,127),(145,83),(17,82),(98,130),(23,155),(83,121),(99,6),(116,66),(309,75),(296,39),(92,101),(97,105),(121,130),(42,5),(145,79),(108,21),(230,83),(17,41),(41,29),
182:(266,83),(310,127),(145,83),(17,82),(98,130),(23,155),(83,121),(98,6),(116,66),(309,75),(296,39),(91,101),(97,106),(121,129),(42,5),(145,79),(108,21),(230,83),(17,41),(41,29),
183:(266,83),(310,127),(145,83),(17,82),(98,130),(23,155),(83,121),(97,6),(116,66),(309,75),(296,39),(90,101),(97,107),(121,128),(42,5),(145,79),(108,21),(230,83),(17,41),(41,29),
184:(266,83),(310,127),(145,83),(17,82),(98,130),(23,155),(83,121),(96,6),(116,66),(309,75),(296,39),(89,101),(97,108),(121,127),(42,5),(145,79),(108,21),(230,83),(17,41),(41,29),
185:(266,83),(310,127),(145,83),(17,82),(98,130),(23,155),(83,121),(95,6),(116,66),(309,75),(296,39),(88,101),(97,109),(121,126),(42,5),(145,79),(108,21),(230,83),(17,41),(41,29),
186:(266,83),(310,127),(145,83),(17,82),(98,130),(23,155),(83,121),(94,6),(116,66),(309,75),(296,39),(87,101),(97,110),(121,125),(42,5),(145,79),(108,21),(230,83),(17,41),(41,29),
187:(266,83),(310,127),(145,83),(17,82),(98,130),(23,155),(83,121),(93,6),(116,66),(309,75),(296,39),(86,101),(97,111),(121,124),(42,5),(145,79),(108,21),(230,83),(17,41),(41,29),
188:(266,83),(310,127),(145,83),(17,82),(98,130),(23,155),(83,121),(92,6),(116,66),(309,75),(296,39),(85,101),(97,112),(121,123),(42,5),(145,79),(108,21),(230,83),(17,41),(41,29),
189:(266,83),(310,127),(145,83),(17,82),(98,130),(23,155),(83,121),(91,6),(116,66),(309,75),(296,39),(84,101),(97,113),(121,122),(42,5),(145,79),(108,21),(230,83),(17,41),(41,29),
190:(266,83),(310,127),(145,83),(17,82),(98,130),(23,155),(83,121),(90,6),(116,66),(309,75),(296,39),(83,101),(97,114),(121,121),(42,5),(145,79),(108,21),(230,83),(17,41),(41,29),
191:(266,83),(310,127),(145,83),(17,82),(98,130),(23,155),(83,121),(89,6),(116,66),(309,75),(296,39),(82,101),(97,115),(121,120),(42,5),(145,79),(108,21),(230,83),(17,41),(41,29),
192:(266,83),(310,127),(145,83),(17,82),(98,130),(23,155),(83,121),(88,6),(116,66),(309,75),(296,39),(81,101),(97,116),(121,119),(42,5),(145,79),(108,21),(230,83),(17,41),(41,29),
193:(266,83),(310,127),(145,83),(17,82),(98,130),(23,155),(83,121),(87,6),(116,66),(309,75),(296,39),(80,101),(97,117),(121,118),(42,5),(145,79),(108,21),(230,83),(17,41),(41,29),
194:(266,83),(310,127),(145,83),(17,82),(98,130),(23,155),(83,121),(86,6),(116,66),(309,75),(296,39),(79,101),(97,118),(121,117),(42,5),(145,79),(108,21),(230,83),(17,41),(41,29),
195:(266,83),(310,127),(145,83),(17,82),(98,130),(23,155),(83,121),(85,6),(116,66),(309,75),(296,39),(78,101),(97,119),(121,116),(42,5),(145,79),(108,21),(230,83),(17,41),(41,29),
196:(266,83),(310,127),(145,83),(17,82),(98,130),(23,155),(83,121),(84,6),(116,66),(309,75),(296,39),(77,101),(97,120),(121,115),(42,5),(145,79),(108,21),(230,83),(17,41),(41,29),
197:(266,83),(310,127),(145,83),(17,82),(98,130),(23,155),(83,121),(83,6),(116,66),(309,75),(296,39),(76,101),(97,121),(121,114),(42,5),(145,79),(108,21),(230,83),(17,41),(41,29),
198:(266,83),(310,127),(145,83),(17,82),(98,130),(23,155),(83,121),(82,6),(116,66),(309,75),(296,39),(75,101),(97,122),(121,113),(42,5),(145,79),(108,21),(230,83),(17,41),(41,29),
199:(266,83),(310,127),(145,83),(17,82),(98,130),(23,155),(83,121),(81,6),(116,66),(309,75),(296,39),(74,101),(97,123),(121,112),(42,5),(145,79),(108,21),(230,83),(17,41),(41,29),
200:(266,83),(310,127),(145,83),(17,82),(98,130),(23,155),(83,121),(80,6),(116,66),(309,75),(296,39),(73,101),(97,124),(121,111),(42,5),(145,79),(108,21),(230,83),(17,41),(41,29),
201:(266,83),(310,127),(145,83),(17,82),(98,130),(23,155),(83,121),(79,6),(116,66),(309,75),(296,39),(72,101),(97,125),(121,110),(42,5),(145,79),(108,21),(230,83),(17,41),(41,29),
202:(266,83),(310,127),(145,83),(17,82),(98,130),(23,155),(83,121),(78,6),(116,66),(309,75),(296,39),(71,101),(97,126),(121,109),(42,5),(145,79),(108,21),(230,83),(17,41),(41,29),
203:(266,83),(310,127),(145,83),(17,82),(98,130),(23,155),(83,121),(77,6),(116,66),(309,75),(296,39),(70,101),(97,127),(121,108),(42,5),(145,79),(108,21),(230,83),(17,41),(41,29),
204:(266,83),(310,127),(145,83),(17,82),(98,130),(23,155),(83,121),(76,6),(116,66),(309,75),(296,39),(69,101),(97,128),(121,107),(42,5),(145,79),(108,21),(230,83),(17,41),(41,29),
205:(266,83),(310,127),(145,83),(17,82),(98,130),(23,155),(83,121),(75,6),(116,66),(309,75),(296,39),(68,101),(97,129),(121,106),(42,5),(145,79),(108,21),(230,83),(17,41),(41,29),
206:(266,83),(310,127),(145,83),(17,82),(98,130),(23,155),(83,121),(74,6),(116,66),(309,75),(296,39),(67,101),(97,130),(120,106),(42,5),(145,79),(108,21),(230,83),(17,41),(41,29),
207:(266,83),(310,127),(145,83),(17,82),(98,130),(23,155),(83,121),(73,6),(116,66),(309,75),(296,39),(66,101),(97,131),(119,106),(42,5),(145,79),(108,21),(230,83),(17,41),(41,29),
208:(266,83),(310,127),(145,83),(17,82),(97,130),(23,155),(83,121),(72,6),(116,66),(309,75),(296,39),(65,101),(97,132),(118,106),(42,5),(145,79),(108,21),(230,83),(17,41),(41,29),
209:(266,83),(310,127),(145,83),(17,82),(97,129),(23,155),(83,121),(71,6),(116,66),(309,75),(296,39),(64,101),(97,133),(118,106),(42,5),(145,79),(108,21),(230,83),(17,41),(41,29),
210:(266,83),(310,127),(145,83),(17,82),(97,128),(23,155),(83,121),(70,6),(116,66),(309,75),(296,39),(63,101),(97,134),(118,106),(42,5),(145,79),(108,21),(230,83),(17,41),(41,29),
211:(266,83),(310,127),(145,83),(17,82),(97,127),(23,155),(83,121),(69,6),(116,66),(309,75),(296,39),(62,101),(97,135),(118,106),(42,5),(145,79),(108,21),(230,83),(17,41),(41,29),
212:(266,83),(310,127),(145,83),(17,82),(97,126),(23,155),(83,121),(68,6),(116,66),(309,75),(296,39),(61,101),(97,136),(118,106),(42,5),(145,79),(108,21),(230,83),(17,41),(41,29),
213:(266,83),(310,127),(145,83),(17,82),(97,125),(23,155),(83,121),(67,6),(116,66),(309,75),(296,39),(60,101),(97,137),(118,106),(42,5),(145,79),(108,21),(230,83),(17,41),(41,29),
214:(266,83),(310,127),(145,83),(17,82),(97,124),(23,155),(83,121),(66,6),(116,66),(309,75),(296,39),(59,101),(97,138),(118,106),(42,5),(145,79),(108,21),(230,83),(17,41),(41,29),
215:(266,83),(310,127),(145,83),(17,82),(97,123),(23,155),(83,121),(65,6),(116,66),(309,75),(296,39),(58,101),(97,139),(118,106),(42,5),(145,79),(108,21),(230,83),(17,41),(41,29),
216:(266,83),(310,127),(145,83),(17,82),(97,122),(23,155),(83,121),(64,6),(116,66),(309,75),(296,39),(57,101),(97,140),(118,106),(42,5),(145,79),(108,21),(230,83),(17,41),(41,29),
217:(266,83),(310,127),(145,83),(17,82),(97,121),(23,155),(83,121),(63,6),(116,66),(309,75),(296,39),(56,101),(97,141),(118,106),(42,5),(145,79),(108,21),(230,83),(17,41),(41,29),
218:(266,83),(310,127),(145,83),(17,82),(97,120),(23,155),(83,121),(62,6),(116,66),(309,75),(296,39),(55,101),(97,142),(118,106),(42,5),(145,79),(108,21),(230,83),(17,41),(41,29),
219:(266,83),(310,127),(145,83),(17,82),(97,119),(23,155),(83,121),(61,6),(116,66),(309,75),(296,39),(54,101),(97,143),(118,106),(42,5),(145,79),(108,21),(230,83),(17,41),(41,29),
220:(266,83),(310,127),(145,83),(17,82),(97,118),(23,155),(83,121),(60,6),(116,66),(309,75),(296,39),(53,101),(97,144),(118,106),(42,5),(145,79),(108,21),(230,83),(17,41),(41,29),
221:(266,83),(310,127),(145,83),(17,82),(97,117),(23,155),(83,121),(59,6),(116,66),(309,75),(296,39),(52,101),(97,145),(118,106),(42,5),(145,79),(108,21),(230,83),(17,41),(41,29),
222:(266,83),(310,127),(145,83),(17,82),(97,116),(23,155),(83,121),(58,6),(116,66),(309,75),(296,39),(51,101),(97,146),(118,106),(42,5),(145,79),(108,21),(230,83),(17,41),(41,29),
223:(266,83),(310,127),(145,83),(17,82),(97,115),(23,155),(83,121),(57,6),(116,66),(309,75),(296,39),(50,101),(97,147),(118,106),(42,5),(145,79),(108,21),(230,83),(17,41),(41,29),
224:(266,83),(310,127),(145,83),(17,82),(97,114),(23,155),(83,121),(56,6),(116,66),(309,75),(296,39),(49,101),(97,148),(118,106),(42,5),(145,79),(108,21),(230,83),(17,41),(41,29),
225:(266,83),(310,127),(145,83),(17,82),(97,113),(23,155),(83,121),(55,6),(116,66),(309,75),(296,39),(48,101),(97,149),(118,106),(42,5),(145,79),(108,21),(230,83),(17,41),(41,29),
226:(266,83),(310,127),(145,83),(17,82),(97,112),(23,155),(83,121),(54,6),(116,66),(309,75),(296,39),(47,101),(97,150),(118,106),(42,5),(145,79),(108,21),(230,83),(17,41),(41,29),
227:(266,83),(310,127),(145,83),(17,82),(97,111),(23,155),(83,121),(53,6),(116,66),(309,75),(296,39),(46,101),(97,151),(118,106),(42,5),(145,79),(108,21),(230,83),(17,41),(41,29),
228:(266,83),(310,127),(145,83),(17,82),(97,110),(23,155),(83,121),(52,6),(116,66),(309,75),(296,39),(46,100),(97,152),(118,106),(42,5),(145,79),(108,21),(230,83),(17,41),(41,29),
229:(266,83),(310,127),(145,83),(17,82),(97,109),(23,155),(83,121),(51,6),(116,66),(309,75),(296,39),(46,99),(97,153),(118,106),(42,5),(145,79),(108,21),(230,83),(17,41),(41,29),
230:(266,83),(310,127),(145,83),(17,82),(97,108),(23,155),(83,121),(50,6),(116,66),(309,75),(296,39),(46,98),(96,153),(118,106),(42,5),(145,79),(108,21),(230,83),(17,41),(41,29),
231:(266,83),(310,127),(145,83),(17,82),(97,107),(23,155),(83,121),(49,6),(116,66),(309,75),(296,39),(46,97),(95,153),(118,106),(42,5),(145,79),(108,21),(230,83),(17,41),(41,29),
232:(266,83),(310,127),(145,83),(17,82),(97,106),(23,155),(83,121),(48,6),(116,66),(309,75),(296,39),(46,96),(94,153),(118,106),(42,5),(145,79),(108,21),(230,83),(17,41),(41,29),
233:(266,83),(310,127),(145,83),(17,82),(97,105),(23,155),(83,121),(47,6),(116,66),(309,75),(296,39),(46,95),(93,153),(118,106),(42,5),(145,79),(108,21),(230,83),(17,41),(41,29),
234:(266,83),(310,127),(145,83),(17,82),(97,104),(23,155),(83,121),(46,6),(116,66),(309,75),(296,39),(46,94),(92,153),(118,106),(42,5),(145,79),(108,21),(230,83),(17,41),(41,29),
235:(266,83),(310,127),(145,83),(17,82),(97,103),(23,155),(83,121),(45,6),(116,66),(309,75),(296,39),(46,93),(91,153),(118,106),(42,5),(145,79),(108,21),(230,83),(17,41),(41,29),
236:(266,83),(310,127),(145,83),(17,82),(97,102),(23,155),(83,121),(44,6),(116,66),(309,75),(296,39),(46,92),(90,153),(118,106),(42,5),(145,79),(108,21),(230,83),(17,41),(41,29),
237:(266,83),(310,127),(145,83),(17,82),(97,101),(23,155),(83,121),(43,6),(116,66),(309,75),(296,39),(46,91),(89,153),(118,106),(42,5),(145,79),(108,21),(230,83),(17,41),(41,29),
238:(266,83),(310,127),(145,83),(17,82),(97,100),(23,155),(83,121),(42,6),(116,66),(309,75),(296,39),(46,90),(88,153),(118,106),(42,5),(145,79),(108,21),(230,83),(17,41),(41,29),
239:(266,83),(310,127),(145,83),(17,82),(97,99),(23,155),(83,121),(41,6),(116,66),(309,75),(296,39),(46,89),(87,153),(118,106),(42,6),(145,79),(108,21),(230,83),(17,41),(41,29),
240:(266,83),(310,127),(145,83),(17,82),(97,98),(23,155),(83,121),(40,6),(116,66),(309,75),(296,39),(46,88),(87,154),(118,106),(42,7),(145,79),(108,21),(230,83),(17,41),(41,29),
241:(266,83),(310,127),(145,83),(17,82),(97,97),(23,155),(83,121),(39,6),(116,66),(309,75),(296,39),(46,87),(87,154),(118,106),(42,8),(145,79),(108,21),(230,83),(17,41),(41,29),
242:(266,83),(310,127),(145,83),(17,82),(97,96),(23,155),(83,121),(38,6),(116,66),(309,75),(296,39),(46,86),(87,154),(118,106),(42,9),(145,79),(108,21),(230,83),(17,41),(41,29),
243:(266,83),(310,127),(145,83),(17,82),(97,95),(23,155),(83,121),(37,6),(116,66),(309,75),(296,39),(46,85),(87,154),(118,106),(42,10),(145,79),(108,21),(230,83),(17,41),(41,29),
244:(266,83),(310,127),(145,83),(17,82),(97,94),(23,155),(83,121),(36,6),(116,66),(309,75),(296,39),(46,84),(87,154),(118,106),(42,11),(145,79),(108,21),(230,83),(17,41),(41,29),
245:(266,83),(310,127),(145,83),(17,82),(97,93),(23,155),(83,121),(35,6),(116,66),(309,75),(296,39),(46,83),(87,154),(118,106),(42,12),(145,79),(108,21),(230,83),(17,41),(41,29),
246:(266,83),(310,127),(145,83),(17,82),(97,92),(23,155),(83,121),(34,6),(116,66),(309,75),(296,39),(46,83),(87,154),(118,106),(42,13),(145,79),(108,21),(230,83),(17,41),(41,29),
247:(266,83),(310,127),(145,83),(17,82),(97,91),(23,155),(83,121),(33,6),(116,66),(309,75),(296,39),(46,83),(87,154),(118,106),(42,14),(145,79),(108,21),(230,83),(17,41),(41,29),
248:(266,83),(310,127),(145,83),(17,82),(97,90),(23,155),(83,121),(32,6),(116,66),(309,75),(296,39),(46,83),(87,154),(118,106),(42,15),(145,79),(108,21),(230,83),(17,41),(41,29),
249:(266,83),(310,127),(145,83),(17,82),(97,89),(23,155),(83,121),(31,6),(116,66),(309,75),(296,39),(46,83),(87,154),(118,106),(42,16),(145,79),(108,21),(230,83),(17,41),(41,29),
250:(266,83),(310,127),(145,83),(17,82),(97,88),(23,155),(83,121),(30,6),(116,66),(309,75),(296,39),(46,83),(87,154),(118,106),(42,17),(145,79),(108,21),(230,83),(17,41),(41,29),
251:(266,83),(310,127),(145,83),(17,82),(97,87),(23,155),(83,121),(29,6),(116,66),(309,75),(296,39),(46,83),(87,154),(118,106),(42,18),(145,79),(108,21),(230,83),(17,41),(41,29),
252:(266,83),(310,127),(145,83),(17,82),(97,86),(23,155),(83,121),(28,6),(116,66),(309,75),(296,39),(46,83),(87,154),(118,106),(42,19),(145,79),(108,21),(230,83),(17,41),(41,29),
253:(266,83),(310,127),(145,83),(17,82),(97,85),(23,155),(83,121),(27,6),(116,66),(309,75),(296,39),(46,83),(87,154),(118,106),(42,20),(145,79),(108,21),(230,83),(17,41),(41,29),
254:(266,83),(310,127),(145,83),(17,82),(97,84),(23,155),(83,121),(26,6),(116,66),(309,75),(296,39),(46,83),(87,154),(118,106),(42,21),(145,79),(108,21),(230,83),(17,41),(41,29),
255:(266,83),(310,127),(145,83),(17,82),(97,83),(23,155),(83,121),(25,6),(116,66),(309,75),(296,39),(46,83),(87,154),(118,106),(42,22),(145,79),(108,21),(230,83),(17,41),(41,29),
256:(266,83),(310,127),(145,83),(17,82),(97,83),(23,155),(83,121),(24,6),(116,66),(309,75),(296,39),(46,83),(87,154),(118,106),(42,23),(145,79),(108,21),(230,83),(17,41),(41,29),
257:(266,83),(310,127),(145,83),(17,82),(97,83),(23,155),(83,121),(23,6),(116,66),(309,75),(296,39),(46,83),(87,154),(118,106),(42,24),(145,79),(108,21),(230,83),(17,41),(41,29),
258:(266,83),(310,127),(145,83),(17,82),(97,83),(23,155),(83,121),(22,6),(116,66),(309,75),(296,39),(46,83),(87,154),(118,106),(42,25),(145,79),(108,21),(230,83),(17,41),(41,29),
259:(266,83),(310,127),(145,83),(17,82),(97,83),(23,155),(83,121),(21,6),(116,66),(309,75),(296,39),(46,83),(87,154),(118,106),(42,26),(145,79),(108,21),(230,83),(17,41),(41,29),
260:(266,83),(310,127),(145,83),(17,82),(97,83),(23,155),(83,121),(20,6),(116,66),(309,75),(296,39),(46,83),(87,154),(118,106),(42,27),(145,79),(108,21),(230,83),(17,41),(41,29),
261:(266,83),(310,127),(145,83),(17,82),(97,83),(23,155),(83,121),(19,6),(116,66),(309,75),(296,39),(46,83),(87,154),(118,106),(42,28),(145,79),(108,21),(230,83),(17,41),(41,29),
262:(266,83),(310,127),(145,83),(17,82),(97,83),(23,155),(83,121),(18,6),(116,66),(309,75),(296,39),(46,83),(87,154),(118,106),(42,29),(145,79),(108,21),(230,83),(17,41),(41,29),
263:(266,83),(310,127),(145,83),(17,82),(97,83),(23,155),(83,121),(18,7),(116,66),(309,75),(296,39),(46,83),(87,154),(118,106),(42,30),(145,79),(108,21),(230,83),(17,41),(42,29),
264:(266,83),(310,127),(145,83),(17,82),(97,83),(23,155),(83,121),(18,8),(116,66),(309,75),(296,39),(46,83),(87,154),(118,106),(42,31),(145,79),(108,21),(230,83),(17,41),(43,29),
265:(266,83),(310,127),(145,83),(17,82),(97,83),(23,155),(83,121),(18,9),(116,66),(309,75),(296,39),(46,83),(87,154),(118,106),(42,32),(145,79),(108,21),(230,83),(17,41),(44,29),
266:(266,83),(310,127),(145,83),(17,82),(97,83),(23,155),(83,121),(18,10),(116,66),(309,75),(296,39),(46,83),(87,154),(118,106),(42,33),(145,79),(108,21),(230,83),(17,41),(45,29),
267:(266,83),(310,127),(145,83),(17,82),(97,83),(23,155),(83,121),(18,11),(116,66),(309,75),(296,39),(46,83),(87,154),(118,106),(42,34),(145,79),(108,21),(230,83),(17,41),(45,29),
268:(266,83),(310,127),(145,83),(17,82),(97,83),(23,155),(83,121),(18,12),(116,66),(309,75),(296,39),(46,83),(87,154),(118,106),(42,35),(145,79),(108,21),(230,83),(17,41),(45,29),
269:(266,83),(310,127),(145,83),(17,82),(97,83),(23,155),(83,121),(18,13),(116,66),(309,75),(296,39),(46,83),(87,154),(118,106),(42,36),(145,79),(108,21),(230,83),(17,41),(45,29),
270:(266,83),(310,127),(145,83),(17,82),(97,83),(23,155),(83,121),(18,14),(116,66),(309,75),(296,39),(46,83),(87,154),(118,106),(42,37),(145,79),(108,21),(230,83),(17,41),(45,29),
271:(266,83),(310,127),(145,83),(17,82),(97,83),(23,155),(83,121),(18,15),(116,66),(309,75),(296,39),(46,83),(87,154),(118,106),(42,38),(145,79),(108,21),(230,83),(17,41),(45,29),
272:(266,83),(310,127),(145,83),(17,82),(97,83),(23,155),(83,121),(18,16),(116,66),(309,75),(296,39),(46,83),(87,154),(118,106),(42,39),(145,79),(108,21),(230,83),(17,41),(45,29),
273:(266,83),(310,127),(145,83),(17,82),(97,83),(23,155),(83,121),(18,17),(116,66),(309,75),(296,39),(46,83),(87,154),(118,106),(42,40),(145,79),(108,21),(230,83),(17,41),(45,29),
274:(266,83),(310,127),(145,83),(17,82),(97,83),(23,155),(83,121),(18,18),(116,66),(309,75),(296,39),(46,83),(87,154),(118,106),(42,41),(145,79),(108,21),(230,83),(17,41),(45,29),
275:(266,83),(310,127),(145,83),(17,82),(97,83),(23,155),(83,121),(18,19),(116,66),(309,75),(296,39),(46,83),(87,154),(118,106),(42,42),(145,79),(108,21),(230,83),(17,41),(45,29),
276:(266,83),(310,127),(145,83),(17,82),(97,83),(23,155),(83,121),(18,20),(116,66),(309,75),(296,39),(46,83),(87,154),(118,106),(42,43),(145,79),(108,21),(230,83),(17,41),(45,29),
277:(266,83),(310,127),(145,83),(17,82),(97,83),(23,155),(83,121),(18,21),(116,66),(309,75),(296,39),(46,83),(87,154),(118,106),(42,44),(145,79),(108,21),(230,83),(17,41),(45,29),
278:(266,83),(310,127),(145,83),(17,82),(97,83),(23,155),(83,121),(18,22),(116,66),(309,75),(296,39),(46,83),(87,154),(118,106),(42,45),(145,79),(108,21),(230,83),(17,41),(45,29),
279:(266,83),(310,127),(145,83),(17,82),(97,83),(23,155),(83,121),(18,23),(116,66),(309,75),(296,39),(46,83),(87,154),(118,106),(42,46),(145,79),(108,21),(230,83),(17,41),(45,29),
280:(266,83),(310,127),(145,83),(17,82),(97,83),(23,155),(83,121),(18,24),(116,66),(309,75),(296,39),(46,83),(87,154),(118,106),(42,47),(145,79),(108,21),(230,83),(17,41),(45,29),
281:(266,83),(310,127),(145,83),(17,82),(97,83),(23,155),(83,121),(18,25),(116,66),(309,75),(296,39),(46,83),(87,154),(118,106),(42,48),(145,79),(108,21),(230,83),(17,41),(45,29),
282:(266,83),(310,127),(145,83),(17,82),(97,83),(23,155),(83,121),(18,26),(116,66),(309,75),(296,39),(46,83),(87,154),(118,106),(42,49),(145,79),(108,21),(230,83),(17,41),(45,29),
283:(266,83),(310,127),(145,83),(17,82),(97,83),(23,155),(83,121),(18,27),(116,66),(309,75),(296,39),(46,83),(87,154),(118,106),(42,50),(145,79),(108,21),(230,83),(17,41),(45,29),
284:(266,83),(310,127),(145,83),(17,82),(97,83),(23,155),(83,121),(18,28),(116,66),(309,75),(296,39),(46,83),(87,154),(118,106),(42,51),(145,79),(108,21),(230,83),(17,41),(45,29),
285:(266,83),(310,127),(145,83),(17,82),(97,83),(23,155),(83,121),(18,29),(116,66),(309,75),(296,39),(46,83),(87,154),(118,106),(42,52),(145,79),(108,21),(230,83),(17,41),(45,29),
286:(266,83),(310,127),(145,83),(17,82),(97,83),(23,155),(83,121),(18,30),(116,66),(309,75),(296,39),(46,83),(87,154),(118,106),(42,53),(145,79),(108,21),(230,83),(17,41),(45,29),
287:(266,83),(310,127),(145,83),(17,82),(97,83),(23,155),(83,121),(18,31),(116,66),(309,75),(296,39),(46,83),(87,154),(118,106),(42,54),(145,79),(108,21),(230,83),(17,41),(45,29),
288:(266,83),(310,127),(145,83),(17,82),(97,83),(23,155),(83,121),(18,32),(116,66),(309,75),(296,39),(46,83),(87,154),(118,106),(42,55),(145,79),(108,21),(230,83),(17,41),(45,29),
289:(266,83),(310,127),(145,83),(17,82),(97,83),(23,155),(83,121),(18,33),(116,66),(309,75),(296,39),(46,83),(87,154),(118,106),(42,56),(145,79),(108,21),(230,83),(17,41),(45,29),
290:(266,83),(310,127),(145,83),(17,82),(97,83),(23,155),(83,121),(18,34),(116,66),(309,75),(296,39),(46,83),(87,154),(118,106),(42,57),(145,79),(108,21),(230,83),(17,41),(45,29),
291:(266,83),(310,127),(145,83),(17,82),(97,83),(23,155),(83,121),(18,35),(116,66),(309,75),(296,39),(46,83),(87,154),(118,106),(42,58),(145,79),(108,21),(230,83),(17,41),(45,29),
292:(266,83),(310,127),(145,83),(17,82),(97,83),(23,155),(83,121),(18,36),(116,66),(309,75),(296,39),(46,83),(87,154),(118,106),(42,59),(145,79),(108,21),(230,83),(17,41),(45,29),
293:(266,83),(310,127),(145,83),(17,82),(97,83),(23,155),(83,121),(18,37),(116,66),(309,75),(296,39),(46,83),(87,154),(118,106),(42,60),(145,79),(108,21),(230,83),(17,41),(45,29),
294:(266,83),(310,127),(145,83),(17,82),(97,83),(23,155),(83,121),(18,38),(116,66),(309,75),(296,39),(46,83),(87,154),(118,106),(42,61),(145,79),(108,21),(230,83),(17,41),(45,29),
295:(266,83),(310,127),(145,83),(17,82),(97,83),(23,155),(83,121),(18,39),(116,66),(309,75),(296,39),(46,83),(87,154),(118,106),(42,62),(145,79),(108,21),(230,83),(17,41),(45,29),
296:(266,83),(310,127),(145,83),(17,82),(97,83),(23,155),(83,121),(18,40),(116,66),(309,75),(296,39),(46,83),(87,154),(118,106),(42,63),(145,79),(108,21),(230,83),(17,41),(45,29),
297:(266,83),(310,127),(145,83),(17,82),(97,83),(23,155),(83,121),(18,41),(116,66),(309,75),(296,39),(46,83),(87,154),(118,106),(42,64),(145,79),(108,21),(230,83),(17,41),(45,29),
298:(266,83),(310,127),(145,83),(17,82),(97,83),(23,155),(83,121),(18,42),(116,66),(309,75),(296,39),(46,83),(87,154),(118,106),(42,65),(145,79),(108,21),(230,83),(18,41),(45,29),
299:(266,83),(310,127),(145,83),(17,82),(97,83),(23,155),(83,121),(18,43),(116,66),(309,75),(296,39),(46,83),(87,154),(118,106),(42,66),(145,79),(108,21),(230,83),(19,41),(45,29),
300:(266,83),(310,127),(145,83),(17,82),(97,83),(23,155),(83,121),(18,44),(116,66),(309,75),(296,39),(46,83),(87,154),(118,106),(42,67),(145,79),(108,21),(230,83),(20,41),(45,29),
301:(266,83),(310,127),(145,83),(17,82),(97,83),(23,155),(83,121),(18,45),(116,66),(309,75),(296,39),(46,83),(87,154),(118,106),(42,68),(145,79),(108,21),(230,83),(21,41),(45,29),
302:(266,83),(310,127),(145,83),(17,82),(97,83),(23,155),(83,121),(18,46),(116,66),(309,75),(296,39),(46,83),(87,154),(118,106),(42,69),(145,79),(108,21),(230,83),(22,41),(45,29),
303:(266,83),(310,127),(145,83),(17,82),(97,83),(23,155),(83,121),(18,47),(116,66),(309,75),(296,39),(46,83),(87,154),(118,106),(42,70),(145,79),(108,21),(230,83),(23,41),(45,29),
304:(266,83),(310,127),(145,83),(17,82),(97,83),(23,155),(83,121),(18,48),(116,66),(309,75),(296,39),(46,83),(87,154),(118,106),(42,71),(145,79),(108,21),(230,83),(24,41),(45,29),
305:(266,83),(310,127),(145,83),(17,82),(97,83),(23,155),(83,121),(18,49),(116,66),(309,75),(296,39),(46,83),(87,154),(118,106),(42,72),(145,79),(108,21),(230,83),(25,41),(45,29),
306:(266,83),(310,127),(145,83),(17,82),(97,83),(23,155),(83,121),(18,50),(116,66),(309,75),(296,39),(46,83),(87,154),(118,106),(42,73),(145,79),(108,21),(230,83),(26,41),(45,29),
307:(266,83),(310,127),(145,83),(17,82),(97,83),(23,155),(83,121),(18,51),(116,66),(309,75),(296,39),(46,83),(87,154),(118,106),(42,74),(145,79),(108,21),(230,83),(27,41),(45,29),
308:(266,83),(310,127),(145,83),(17,82),(97,83),(23,155),(83,121),(18,52),(116,66),(309,75),(296,39),(46,83),(87,154),(118,106),(42,75),(145,79),(108,21),(230,83),(28,41),(45,29),
309:(266,83),(310,127),(145,83),(17,82),(97,83),(23,155),(83,121),(18,53),(116,66),(309,75),(296,39),(46,83),(87,154),(118,106),(42,76),(145,79),(108,21),(230,83),(29,41),(45,29),
310:(266,83),(310,127),(145,83),(17,82),(97,83),(23,155),(83,121),(18,54),(116,66),(309,75),(296,39),(46,83),(87,154),(118,106),(42,77),(145,79),(108,21),(230,83),(30,41),(45,29),
311:(266,83),(310,127),(145,83),(17,82),(97,83),(23,155),(83,121),(18,55),(116,66),(309,75),(296,39),(46,83),(87,154),(118,106),(42,78),(145,79),(108,21),(230,83),(31,41),(45,29),
312:(266,83),(310,127),(145,83),(17,82),(97,83),(23,155),(83,121),(18,56),(116,66),(309,75),(296,39),(46,83),(87,154),(118,106),(42,79),(145,79),(108,21),(230,83),(32,41),(45,29),
313:(266,83),(310,127),(145,83),(17,82),(97,83),(23,155),(83,121),(18,57),(116,66),(309,75),(296,39),(46,83),(87,154),(118,106),(42,80),(145,79),(108,21),(230,83),(33,41),(45,29),
314:(266,83),(310,127),(145,83),(17,82),(97,83),(23,155),(83,121),(18,58),(116,66),(309,75),(296,39),(46,83),(87,154),(118,106),(42,81),(145,79),(108,21),(230,83),(34,41),(45,29),
315:(266,83),(310,127),(145,83),(17,82),(97,83),(23,155),(83,121),(18,59),(116,66),(309,75),(296,39),(46,83),(87,154),(118,106),(42,81),(145,79),(108,21),(230,83),(35,41),(45,29),
316:(266,83),(310,127),(145,83),(17,82),(97,83),(23,155),(83,121),(18,60),(116,66),(309,75),(296,39),(46,83),(87,154),(118,106),(42,81),(145,79),(108,21),(230,83),(36,41),(45,29),
317:(266,83),(310,127),(145,83),(17,82),(97,83),(23,155),(83,121),(18,61),(116,66),(309,75),(296,39),(46,83),(87,154),(118,106),(42,81),(145,79),(108,21),(230,83),(37,41),(45,29),
318:(266,83),(310,127),(145,83),(17,82),(97,83),(23,155),(83,121),(18,62),(116,66),(309,75),(296,39),(46,83),(87,154),(118,106),(42,81),(145,79),(108,21),(230,83),(38,41),(45,29),
319:(266,83),(310,127),(145,83),(17,82),(97,83),(23,155),(83,121),(18,63),(116,66),(309,75),(296,39),(46,83),(87,154),(118,106),(42,81),(145,79),(108,21),(230,83),(39,41),(45,29),
320:(266,83),(310,127),(145,83),(17,82),(97,83),(23,155),(83,121),(18,64),(116,66),(309,75),(296,39),(46,83),(87,154),(118,106),(42,81),(145,79),(108,21),(230,83),(40,41),(45,29),
321:(266,83),(310,127),(145,83),(17,82),(97,83),(23,155),(83,121),(18,65),(116,66),(309,75),(296,39),(46,83),(87,154),(118,106),(42,81),(145,79),(108,21),(230,83),(41,41),(45,29),
322:(266,83),(310,127),(145,83),(17,82),(97,83),(23,155),(83,121),(18,66),(116,66),(309,75),(296,39),(46,83),(87,154),(118,106),(42,81),(145,79),(108,21),(230,83),(42,41),(45,29),
323:(266,83),(310,127),(145,83),(17,82),(97,83),(23,155),(83,121),(18,67),(116,66),(309,75),(296,39),(46,83),(87,154),(118,106),(42,81),(145,79),(108,21),(230,83),(43,41),(45,29),
324:(266,83),(310,127),(145,83),(17,82),(97,83),(23,155),(83,121),(18,68),(116,66),(309,75),(296,39),(46,83),(87,154),(118,106),(42,81),(145,79),(108,21),(230,83),(44,41),(45,29),
325:(266,83),(310,127),(145,83),(17,82),(97,83),(23,155),(83,121),(18,69),(116,66),(309,75),(296,39),(46,83),(87,154),(118,106),(42,81),(145,79),(108,21),(230,83),(45,41),(45,29),
326:(266,83),(310,127),(145,83),(17,82),(97,83),(23,155),(83,121),(18,70),(116,66),(309,75),(296,39),(46,83),(87,154),(118,106),(42,81),(145,79),(108,21),(230,83),(45,41),(45,29),
327:(266,83),(310,127),(145,83),(17,82),(97,83),(23,155),(83,121),(18,71),(116,66),(309,75),(296,39),(46,83),(87,154),(118,106),(42,81),(145,79),(108,21),(230,83),(45,41),(45,29),
328:(266,83),(310,127),(145,83),(17,82),(97,83),(23,155),(83,121),(18,72),(116,66),(309,75),(296,39),(46,83),(87,154),(118,106),(42,81),(145,79),(108,21),(230,83),(45,41),(45,29),
329:(266,83),(310,127),(145,83),(17,82),(97,83),(23,155),(83,121),(18,73),(116,66),(309,75),(296,39),(46,83),(87,154),(118,106),(42,81),(145,79),(108,21),(230,83),(45,41),(45,29),
330:(266,83),(310,127),(145,83),(17,82),(97,83),(23,155),(83,121),(18,74),(116,66),(309,75),(296,39),(46,83),(87,154),(118,106),(42,81),(145,79),(108,21),(230,83),(45,41),(45,29),
331:(266,83),(310,127),(145,83),(17,82),(97,83),(23,155),(83,121),(18,75),(116,66),(309,75),(296,39),(46,83),(87,154),(118,106),(42,81),(145,79),(108,21),(230,83),(45,41),(45,29),
332:(266,83),(310,127),(145,83),(17,82),(97,83),(23,155),(83,121),(18,76),(116,66),(309,75),(296,39),(46,83),(87,154),(118,106),(42,81),(145,79),(108,21),(230,83),(45,41),(45,29),
333:(266,83),(310,127),(145,83),(17,82),(97,83),(23,155),(83,121),(18,77),(116,66),(309,75),(296,39),(46,83),(87,154),(118,106),(42,81),(145,79),(108,21),(230,83),(45,41),(45,29),
334:(266,83),(310,127),(145,83),(17,82),(97,83),(23,155),(83,121),(18,78),(116,66),(309,75),(296,39),(46,83),(87,154),(118,106),(42,81),(145,79),(108,21),(230,83),(45,41),(45,29),
335:(266,83),(310,127),(145,83),(17,82),(97,83),(23,155),(83,121),(18,79),(116,66),(309,75),(296,39),(46,83),(87,154),(118,106),(42,81),(145,79),(108,21),(230,83),(45,41),(45,29),
336:(266,83),(310,127),(145,83),(17,82),(97,83),(23,155),(83,121),(18,80),(116,66),(309,75),(296,39),(46,83),(87,154),(118,106),(42,81),(145,79),(108,21),(230,83),(45,41),(45,29),
337:(266,83),(310,127),(145,83),(17,82),(97,83),(23,155),(83,121),(18,81),(116,66),(309,75),(296,39),(46,83),(87,154),(118,106),(42,81),(145,79),(108,21),(230,83),(45,41),(45,29),
338:(266,83),(310,127),(145,83),(17,82),(97,83),(23,155),(83,121),(18,82),(116,66),(309,75),(296,39),(46,83),(87,154),(118,106),(42,81),(145,79),(108,21),(230,83),(45,41),(45,29),
339:(266,83),(310,127),(145,83),(17,82),(97,83),(23,155),(83,121),(18,83),(116,66),(309,75),(296,39),(46,83),(87,154),(118,106),(42,81),(145,79),(108,21),(230,83),(45,41),(45,29),
340:(266,83),(310,127),(145,83),(18,82),(97,83),(23,155),(83,121),(18,84),(116,66),(309,75),(296,39),(46,83),(87,154),(118,106),(42,81),(145,79),(108,21),(230,83),(45,41),(45,29),
341:(266,83),(310,127),(145,83),(19,82),(97,83),(23,155),(83,121),(18,85),(116,66),(309,75),(296,39),(46,83),(87,154),(118,106),(42,81),(145,79),(108,21),(230,83),(45,41),(45,29),
342:(266,83),(310,127),(145,83),(20,82),(97,83),(23,155),(83,121),(18,86),(116,66),(309,75),(296,39),(46,83),(87,154),(118,106),(42,81),(145,79),(108,21),(230,83),(45,41),(45,29),
343:(266,83),(310,127),(145,83),(21,82),(97,83),(23,155),(83,121),(18,87),(116,66),(309,75),(296,39),(46,83),(87,154),(118,106),(42,81),(145,79),(108,21),(230,83),(45,41),(45,29),
344:(266,83),(310,127),(145,83),(22,82),(97,83),(23,155),(83,121),(18,88),(116,66),(309,75),(296,39),(46,83),(87,154),(118,106),(42,81),(145,79),(108,21),(230,83),(45,41),(45,29),
345:(266,83),(310,127),(145,83),(23,82),(97,83),(23,155),(83,121),(18,89),(116,66),(309,75),(296,39),(46,83),(87,154),(118,106),(42,81),(145,79),(108,21),(230,83),(45,41),(45,29),
346:(266,83),(310,127),(145,83),(24,82),(97,83),(23,155),(83,121),(18,90),(116,66),(309,75),(296,39),(46,83),(87,154),(118,106),(42,81),(145,79),(108,21),(230,83),(45,41),(45,29),
347:(266,83),(310,127),(145,83),(25,82),(97,83),(23,155),(83,121),(18,91),(116,66),(309,75),(296,39),(46,83),(87,154),(118,106),(42,81),(145,79),(108,21),(230,83),(45,41),(45,29),
348:(266,83),(310,127),(145,83),(26,82),(97,83),(23,155),(83,121),(18,92),(116,66),(309,75),(296,39),(46,83),(87,154),(118,106),(42,81),(145,79),(108,21),(230,83),(45,41),(45,29),
349:(266,83),(310,127),(145,83),(27,82),(97,83),(23,155),(83,121),(18,93),(116,66),(309,75),(296,39),(46,83),(87,154),(118,106),(42,81),(145,79),(108,21),(230,83),(45,41),(45,29),
350:(266,83),(310,127),(145,83),(28,82),(97,83),(23,155),(83,121),(18,94),(116,66),(309,75),(296,39),(46,83),(87,154),(118,106),(42,81),(145,79),(108,21),(230,83),(45,41),(45,29),
351:(266,83),(310,127),(145,83),(29,82),(97,83),(23,155),(83,121),(18,95),(116,66),(309,75),(296,39),(46,83),(87,154),(118,106),(42,81),(145,79),(108,21),(230,83),(45,41),(45,29),
352:(266,83),(310,127),(145,83),(30,82),(97,83),(23,155),(83,121),(18,96),(116,66),(309,75),(296,39),(46,83),(87,154),(118,106),(42,81),(145,79),(108,21),(230,83),(45,41),(45,29),
353:(266,83),(310,127),(145,83),(31,82),(97,83),(23,155),(83,121),(18,97),(116,66),(309,75),(296,39),(46,83),(87,154),(118,106),(42,81),(145,79),(108,21),(230,83),(45,41),(45,29),
354:(266,83),(310,127),(145,83),(32,82),(97,83),(23,155),(83,121),(18,98),(116,66),(309,75),(296,39),(46,83),(87,154),(118,106),(42,81),(145,79),(108,21),(230,83),(45,41),(45,29),
355:(266,83),(310,127),(145,83),(33,82),(97,83),(23,155),(83,121),(18,99),(116,66),(309,75),(296,39),(46,83),(87,154),(118,106),(42,81),(145,79),(108,21),(230,83),(45,41),(45,29),
356:(266,83),(310,127),(145,83),(34,82),(97,83),(23,155),(83,121),(18,100),(116,66),(309,75),(296,39),(46,83),(87,154),(118,106),(42,81),(145,79),(108,21),(230,83),(45,41),(45,29),
357:(266,83),(310,127),(145,83),(35,82),(97,83),(23,155),(83,121),(18,101),(116,66),(309,75),(296,39),(46,83),(87,154),(118,106),(42,81),(145,79),(108,21),(230,83),(45,41),(45,29),
358:(266,83),(310,127),(145,83),(36,82),(97,83),(23,155),(83,121),(18,102),(116,66),(309,75),(296,39),(46,83),(87,154),(118,106),(42,81),(145,79),(108,21),(230,83),(45,41),(45,29),
359:(266,83),(310,127),(145,83),(37,82),(97,83),(23,155),(83,121),(18,103),(116,66),(309,75),(296,39),(46,83),(87,154),(118,106),(42,81),(145,79),(108,21),(230,83),(45,41),(45,29),
360:(266,83),(310,127),(145,83),(38,82),(97,83),(23,155),(83,121),(18,104),(116,66),(309,75),(296,39),(46,83),(87,154),(118,106),(42,81),(145,79),(108,21),(230,83),(45,41),(45,29),
361:(266,83),(310,127),(145,83),(39,82),(97,83),(23,155),(83,121),(18,105),(116,66),(309,75),(296,39),(46,83),(87,154),(118,106),(42,81),(145,79),(108,21),(230,83),(45,41),(45,29),
362:(266,83),(310,127),(145,83),(40,82),(97,83),(23,155),(83,121),(18,106),(116,66),(309,75),(296,39),(46,83),(87,154),(118,106),(42,81),(145,79),(108,21),(230,83),(45,41),(45,29),
363:(266,83),(310,127),(145,83),(41,82),(97,83),(23,155),(83,121),(18,107),(116,66),(309,75),(296,39),(46,83),(87,154),(118,106),(42,81),(145,79),(108,21),(230,83),(45,41),(45,29),
364:(266,83),(310,127),(145,83),(42,82),(97,83),(23,155),(83,121),(18,108),(116,66),(309,75),(296,39),(46,83),(87,154),(118,106),(42,81),(145,79),(108,21),(230,83),(45,41),(45,29),
365:(266,83),(310,127),(145,83),(43,82),(97,83),(23,155),(83,121),(18,109),(116,66),(309,75),(296,39),(46,83),(87,154),(118,106),(42,82),(145,79),(108,21),(230,83),(45,41),(45,29),
366:(266,83),(310,127),(145,83),(44,82),(97,83),(23,155),(83,121),(18,110),(116,66),(309,75),(296,39),(46,83),(87,154),(118,106),(42,83),(145,79),(108,21),(230,83),(45,41),(45,29),
367:(266,83),(310,127),(145,83),(45,82),(97,83),(23,155),(83,121),(18,111),(116,66),(309,75),(296,39),(46,83),(87,154),(118,106),(42,84),(145,79),(108,21),(230,83),(45,41),(45,29),
368:(266,83),(310,127),(145,83),(46,82),(97,83),(23,155),(83,121),(18,112),(116,66),(309,75),(296,39),(46,83),(87,154),(118,106),(42,85),(145,79),(108,21),(230,83),(45,41),(45,29),
369:(266,83),(310,127),(145,83),(47,82),(97,83),(23,155),(83,121),(18,113),(116,66),(309,75),(296,39),(46,82),(87,154),(118,106),(42,86),(145,79),(108,21),(230,83),(45,41),(45,29),
370:(266,83),(310,127),(145,83),(48,82),(97,83),(23,155),(83,121),(18,114),(116,66),(309,75),(296,39),(46,81),(87,154),(118,106),(42,87),(145,79),(108,21),(230,83),(45,41),(45,29),
371:(266,83),(310,127),(145,83),(49,82),(97,83),(23,155),(83,121),(18,115),(116,66),(309,75),(296,39),(46,80),(87,154),(118,106),(42,88),(145,79),(108,21),(230,83),(45,41),(45,29),
372:(266,83),(310,127),(145,83),(50,82),(97,83),(23,155),(83,121),(18,116),(116,66),(309,75),(296,39),(46,79),(87,154),(118,106),(42,89),(145,79),(108,21),(230,83),(45,41),(45,29),
373:(266,83),(310,127),(145,83),(51,82),(97,83),(23,155),(83,121),(18,117),(116,66),(309,75),(296,39),(46,78),(87,154),(118,106),(42,90),(145,79),(108,21),(230,83),(45,41),(45,29),
374:(266,83),(310,127),(145,83),(52,82),(97,83),(23,155),(83,121),(18,118),(116,66),(309,75),(296,39),(46,77),(87,154),(118,106),(42,91),(145,79),(108,21),(230,83),(45,41),(45,29),
375:(266,83),(310,127),(145,83),(53,82),(97,83),(23,155),(83,121),(18,119),(116,66),(309,75),(296,39),(46,76),(87,154),(118,106),(42,92),(145,79),(108,21),(230,83),(45,41),(45,29),
376:(266,83),(310,127),(145,83),(54,82),(97,83),(23,155),(83,121),(18,120),(116,66),(309,75),(296,39),(46,75),(87,154),(118,106),(42,93),(145,79),(108,21),(230,83),(45,41),(45,29),
377:(266,83),(310,127),(145,83),(55,82),(97,83),(23,155),(83,121),(18,121),(116,66),(309,75),(296,39),(46,74),(87,154),(118,106),(42,94),(145,79),(108,21),(230,83),(45,41),(45,29),
378:(266,83),(310,127),(145,83),(56,82),(97,83),(23,155),(83,121),(18,122),(116,66),(309,75),(296,39),(46,73),(87,154),(118,106),(42,95),(145,79),(108,21),(230,83),(45,41),(45,29),
379:(266,83),(310,127),(145,83),(57,82),(97,83),(23,155),(83,121),(18,123),(116,66),(309,75),(296,39),(46,72),(87,154),(118,106),(42,96),(145,79),(108,21),(230,83),(45,41),(45,29),
380:(266,83),(310,127),(145,83),(58,82),(97,83),(23,155),(83,121),(18,124),(116,66),(309,75),(296,39),(46,71),(87,154),(118,106),(42,97),(145,79),(108,21),(230,83),(45,41),(45,29),
381:(266,83),(310,127),(145,83),(59,82),(97,83),(23,155),(83,121),(18,125),(116,66),(309,75),(296,39),(46,70),(87,154),(118,106),(42,98),(145,79),(108,21),(230,83),(45,41),(45,29),
382:(266,83),(310,127),(145,83),(60,82),(97,83),(23,155),(83,121),(18,126),(116,66),(309,75),(296,39),(46,69),(87,154),(118,106),(42,99),(145,79),(108,21),(230,83),(45,41),(45,29),
383:(266,83),(310,127),(145,83),(61,82),(97,83),(23,155),(83,121),(18,127),(116,66),(309,75),(296,39),(46,68),(87,154),(118,106),(42,100),(145,79),(108,21),(230,83),(45,41),(45,29),
384:(266,83),(310,127),(145,83),(62,82),(97,83),(23,155),(83,121),(18,128),(116,66),(309,75),(296,39),(46,67),(87,154),(118,106),(42,101),(145,79),(108,21),(230,83),(45,41),(45,29),
385:(266,83),(310,127),(145,83),(63,82),(97,83),(23,155),(83,121),(18,129),(116,66),(309,75),(296,39),(46,66),(87,154),(118,106),(42,102),(145,79),(108,21),(230,83),(45,41),(45,29),
386:(266,83),(310,127),(145,83),(64,82),(97,83),(23,155),(83,121),(18,130),(116,66),(309,75),(296,39),(46,65),(87,154),(118,106),(42,103),(145,79),(108,21),(230,83),(45,41),(45,29),
387:(266,83),(310,127),(145,83),(65,82),(97,83),(23,155),(83,121),(18,131),(116,66),(309,75),(296,39),(46,64),(87,154),(118,106),(42,104),(145,79),(108,21),(230,83),(45,41),(45,29),
388:(266,83),(310,127),(145,83),(66,82),(97,83),(23,155),(83,121),(18,132),(116,66),(309,75),(296,39),(46,63),(87,154),(118,106),(42,105),(145,79),(108,21),(230,83),(45,41),(45,29),
389:(266,83),(310,127),(145,83),(67,82),(97,83),(23,155),(83,121),(18,133),(116,66),(309,75),(296,39),(46,62),(87,154),(118,106),(42,106),(145,79),(108,21),(230,83),(45,41),(45,29),
390:(266,83),(310,127),(145,83),(68,82),(97,83),(23,155),(83,121),(18,134),(116,66),(309,75),(296,39),(46,61),(87,154),(118,106),(42,107),(145,79),(108,21),(230,83),(45,41),(45,29),
391:(266,83),(310,127),(145,83),(69,82),(97,83),(23,155),(83,121),(18,135),(116,66),(309,75),(296,39),(46,60),(87,154),(118,106),(42,108),(145,79),(108,21),(230,83),(45,41),(45,29),
392:(266,83),(310,127),(145,83),(70,82),(97,83),(23,155),(83,121),(18,136),(116,66),(309,75),(296,39),(46,59),(87,154),(118,106),(42,109),(145,79),(108,21),(230,83),(45,41),(45,29),
393:(266,83),(310,127),(145,83),(71,82),(97,83),(23,155),(83,121),(18,137),(116,66),(309,75),(296,39),(46,58),(87,154),(118,106),(42,110),(145,79),(108,21),(230,83),(45,41),(45,29),
394:(266,83),(310,127),(145,83),(72,82),(97,83),(23,155),(83,121),(18,138),(116,66),(309,75),(296,39),(46,57),(87,154),(118,106),(42,111),(145,79),(108,21),(230,83),(45,41),(45,29),
395:(266,83),(310,127),(145,83),(73,82),(97,83),(23,155),(83,121),(18,139),(116,66),(309,75),(296,39),(46,56),(87,154),(118,106),(42,112),(145,79),(108,21),(230,83),(45,41),(45,29),
396:(266,83),(310,127),(145,83),(74,82),(97,83),(23,155),(83,121),(18,140),(116,66),(309,75),(296,39),(46,55),(87,154),(118,106),(42,113),(145,79),(108,21),(230,83),(45,41),(45,29),
397:(266,83),(310,127),(145,83),(75,82),(97,83),(23,155),(83,121),(18,141),(116,66),(309,75),(296,39),(46,54),(87,154),(118,106),(42,114),(145,79),(108,21),(230,83),(45,41),(45,29),
398:(266,83),(310,127),(145,83),(76,82),(97,83),(23,155),(83,121),(18,142),(116,66),(309,75),(296,39),(46,53),(87,154),(118,106),(42,115),(145,79),(108,21),(230,83),(45,41),(45,29),
399:(266,83),(310,127),(145,83),(77,82),(97,83),(23,155),(83,121),(18,143),(116,66),(309,75),(296,39),(46,52),(87,154),(118,106),(42,116),(145,79),(108,21),(230,83),(45,41),(45,29),
400:(266,83),(310,127),(145,83),(78,82),(97,83),(23,155),(83,121),(18,144),(116,66),(309,75),(296,39),(46,51),(87,154),(118,106),(42,117),(145,79),(108,21),(230,83),(45,41),(45,29),
401:(266,83),(310,127),(145,83),(79,82),(97,83),(23,155),(83,121),(18,145),(116,66),(309,75),(296,39),(46,50),(87,154),(118,106),(42,118),(145,79),(108,21),(230,83),(45,41),(45,29),
402:(266,83),(310,127),(145,83),(80,82),(97,83),(23,155),(83,121),(18,146),(116,66),(309,75),(296,39),(46,49),(87,154),(118,106),(42,119),(145,79),(108,21),(230,83),(45,41),(45,29),
403:(266,83),(310,127),(145,83),(81,82),(97,83),(23,155),(83,121),(18,147),(116,66),(309,75),(296,39),(46,48),(87,154),(118,106),(42,120),(145,79),(108,21),(230,83),(45,41),(45,29),
404:(266,83),(310,127),(145,83),(82,82),(97,83),(23,155),(83,121),(18,148),(116,66),(309,75),(296,39),(46,47),(87,154),(118,106),(42,121),(145,79),(108,21),(230,83),(45,41),(45,29),
405:(266,83),(310,127),(145,83),(83,82),(97,83),(23,155),(83,121),(18,149),(116,66),(309,75),(296,39),(46,46),(87,154),(118,106),(42,122),(145,79),(108,21),(230,83),(45,41),(45,29),
406:(266,83),(310,127),(145,83),(84,82),(97,83),(23,155),(83,121),(18,150),(116,66),(309,75),(296,39),(46,45),(87,154),(118,106),(42,123),(145,79),(108,21),(230,83),(45,41),(45,29),
407:(266,83),(310,127),(145,83),(85,82),(97,83),(23,155),(83,121),(18,151),(116,66),(309,75),(296,39),(46,44),(87,154),(118,106),(42,124),(145,79),(108,21),(230,83),(45,41),(45,29),
408:(266,83),(310,127),(145,83),(86,82),(97,83),(23,155),(83,121),(18,152),(116,66),(309,75),(296,39),(46,43),(87,154),(118,106),(42,125),(145,79),(108,21),(230,83),(45,41),(45,29),
409:(266,83),(310,127),(145,83),(87,82),(97,83),(23,155),(83,121),(18,153),(116,66),(309,75),(296,39),(46,42),(87,154),(118,106),(42,126),(145,79),(108,21),(230,83),(45,41),(45,29),
410:(266,83),(310,127),(145,83),(88,82),(97,83),(23,155),(83,121),(18,154),(116,66),(309,75),(296,39),(46,41),(87,154),(118,106),(42,127),(145,79),(108,21),(230,83),(45,41),(45,29),
411:(266,83),(310,127),(145,83),(89,82),(97,83),(23,155),(83,121),(18,155),(116,66),(309,75),(296,39),(46,40),(87,154),(118,106),(42,128),(145,79),(108,21),(230,83),(46,41),(45,29),
412:(266,83),(310,127),(145,83),(90,82),(97,83),(23,155),(83,121),(18,156),(116,66),(309,75),(296,39),(46,39),(87,154),(118,106),(42,129),(145,79),(108,21),(230,83),(47,41),(45,29),
413:(266,83),(310,127),(145,83),(91,82),(97,83),(23,155),(83,121),(18,156),(116,66),(309,75),(296,39),(46,38),(87,154),(118,106),(42,130),(145,79),(108,21),(230,83),(48,41),(45,29),
414:(266,83),(310,127),(145,83),(92,82),(97,83),(23,155),(83,121),(18,156),(116,66),(309,75),(296,39),(46,37),(87,154),(118,106),(42,131),(145,79),(108,21),(230,83),(49,41),(45,29),
415:(266,83),(310,127),(145,83),(93,82),(97,83),(23,155),(83,121),(18,156),(116,66),(309,75),(296,39),(46,36),(87,154),(118,106),(42,132),(145,79),(108,21),(230,83),(50,41),(45,29),
416:(266,83),(310,127),(145,83),(94,82),(97,83),(23,155),(83,121),(18,156),(116,66),(309,75),(296,39),(46,35),(87,154),(118,106),(42,133),(145,79),(108,21),(230,83),(51,41),(45,29),
417:(266,83),(310,127),(145,83),(95,82),(97,83),(23,155),(83,121),(18,156),(116,66),(309,75),(296,39),(46,34),(87,154),(118,106),(42,134),(145,79),(108,21),(230,83),(52,41),(45,29),
418:(266,83),(310,127),(145,83),(96,82),(97,83),(23,155),(83,121),(18,156),(116,66),(309,75),(296,39),(46,33),(87,154),(118,106),(42,135),(145,79),(108,21),(230,83),(53,41),(45,29),
419:(266,83),(310,127),(145,83),(97,82),(97,83),(23,155),(83,121),(18,156),(116,66),(309,75),(296,39),(46,32),(87,154),(118,106),(42,136),(145,79),(108,21),(230,83),(54,41),(45,29),
420:(266,83),(310,127),(145,83),(98,82),(97,83),(23,155),(83,121),(18,156),(116,66),(309,75),(296,39),(46,31),(87,154),(118,106),(42,137),(145,79),(108,21),(230,83),(55,41),(45,29),
421:(266,83),(310,127),(145,83),(99,82),(97,83),(23,155),(83,121),(18,156),(116,66),(309,75),(296,39),(46,30),(87,154),(118,106),(42,138),(145,79),(108,21),(230,83),(56,41),(45,29),
422:(266,83),(310,127),(145,83),(100,82),(97,83),(23,155),(83,121),(18,156),(116,66),(309,75),(296,39),(46,29),(87,154),(118,106),(42,139),(145,79),(108,21),(230,83),(57,41),(45,29),
423:(266,83),(310,127),(145,83),(101,82),(97,83),(23,155),(83,121),(18,156),(116,66),(309,75),(296,39),(46,28),(87,154),(118,106),(42,140),(145,79),(108,21),(230,83),(58,41),(46,29),
424:(266,83),(310,127),(145,83),(102,82),(97,83),(23,155),(83,121),(18,156),(116,66),(309,75),(296,39),(46,27),(87,154),(118,106),(42,140),(145,79),(108,21),(230,83),(59,41),(47,29),
425:(266,83),(310,127),(145,83),(103,82),(97,83),(23,155),(83,121),(18,156),(116,66),(309,75),(296,39),(46,26),(87,154),(118,106),(42,140),(145,79),(108,21),(230,83),(60,41),(48,29),
426:(266,83),(310,127),(145,83),(104,82),(97,83),(23,155),(83,121),(18,156),(116,66),(309,75),(296,39),(46,26),(87,154),(118,106),(42,140),(145,79),(108,21),(230,83),(61,41),(49,29),
427:(266,83),(310,127),(145,83),(105,82),(97,83),(23,155),(83,121),(18,156),(116,66),(309,75),(296,39),(46,26),(87,154),(118,106),(42,140),(145,79),(108,21),(230,83),(62,41),(50,29),
428:(266,83),(310,127),(145,83),(106,82),(97,83),(23,155),(83,121),(18,156),(116,66),(309,75),(296,39),(46,26),(87,154),(118,106),(42,140),(145,79),(108,21),(230,83),(63,41),(51,29),
429:(266,83),(310,127),(145,83),(107,82),(97,83),(23,155),(83,121),(18,156),(116,66),(309,75),(296,39),(46,26),(87,154),(118,106),(42,140),(145,79),(108,21),(230,83),(64,41),(52,29),
430:(266,83),(310,127),(145,83),(108,82),(97,83),(23,155),(83,121),(18,156),(116,66),(309,75),(296,39),(46,26),(87,154),(118,106),(42,140),(145,79),(108,21),(230,83),(65,41),(53,29),
431:(266,83),(310,127),(145,83),(109,82),(97,83),(23,155),(83,121),(18,156),(116,66),(309,75),(296,39),(46,26),(87,154),(118,106),(42,140),(145,79),(108,21),(230,83),(66,41),(54,29),
432:(266,83),(310,127),(145,83),(110,82),(97,83),(23,155),(83,121),(18,156),(116,66),(309,75),(296,39),(46,26),(87,154),(118,106),(42,140),(145,79),(108,21),(230,83),(67,41),(55,29),
433:(266,83),(310,127),(145,83),(111,82),(97,83),(23,155),(83,121),(18,156),(116,66),(309,75),(296,39),(46,26),(87,154),(118,106),(42,140),(145,79),(108,21),(230,83),(68,41),(56,29),
434:(266,83),(310,127),(145,83),(112,82),(97,83),(23,155),(83,121),(18,156),(116,66),(309,75),(296,39),(46,26),(87,154),(118,106),(42,140),(145,79),(108,21),(230,83),(69,41),(57,29),
435:(266,83),(310,127),(145,83),(113,82),(97,83),(23,155),(83,121),(18,156),(116,66),(309,75),(296,39),(46,26),(87,154),(118,106),(42,140),(145,79),(108,21),(230,83),(70,41),(58,29),
436:(266,83),(310,127),(145,83),(114,82),(97,83),(23,155),(83,121),(18,156),(116,66),(309,75),(296,39),(46,26),(87,154),(118,106),(42,140),(145,79),(108,21),(230,83),(71,41),(59,29),
437:(266,83),(310,127),(145,83),(115,82),(97,83),(23,155),(83,121),(18,156),(116,66),(309,75),(296,39),(46,26),(87,154),(118,106),(42,140),(145,79),(108,21),(230,83),(72,41),(60,29),
438:(266,83),(310,127),(145,83),(116,82),(97,83),(23,155),(83,121),(18,156),(116,66),(309,75),(296,39),(46,26),(87,154),(118,106),(42,140),(145,79),(108,21),(230,83),(72,41),(61,29),
439:(266,83),(310,127),(145,83),(117,82),(97,83),(23,155),(83,121),(18,156),(116,66),(309,75),(296,39),(46,26),(87,154),(118,106),(42,140),(145,79),(108,21),(230,83),(72,41),(62,29),
440:(266,83),(310,127),(145,83),(118,82),(97,83),(23,155),(83,121),(18,156),(116,66),(309,75),(296,39),(46,26),(87,154),(118,106),(42,140),(145,79),(108,21),(230,83),(72,41),(63,29),
441:(266,83),(310,127),(145,83),(119,82),(97,83),(23,155),(83,121),(18,156),(116,66),(309,75),(296,39),(46,26),(87,154),(118,106),(42,140),(145,79),(108,21),(230,83),(72,41),(64,29),
442:(266,83),(310,127),(145,83),(120,82),(97,83),(23,155),(83,121),(18,156),(116,66),(309,75),(296,39),(46,26),(87,154),(118,106),(42,140),(145,79),(108,21),(230,83),(72,41),(65,29),
443:(266,83),(310,127),(145,83),(121,82),(97,83),(23,155),(83,121),(18,156),(116,66),(309,75),(296,39),(46,26),(87,154),(118,106),(42,140),(145,79),(108,21),(230,83),(72,41),(66,29),
444:(266,83),(310,127),(145,83),(122,82),(97,83),(23,155),(83,121),(18,156),(116,66),(309,75),(296,39),(46,26),(87,154),(118,106),(42,140),(145,79),(108,21),(230,83),(72,41),(67,29),
445:(266,83),(310,127),(145,83),(123,82),(97,83),(23,155),(83,121),(18,156),(116,66),(309,75),(296,39),(46,26),(87,154),(118,106),(42,140),(145,79),(108,21),(230,83),(72,41),(68,29),
446:(266,83),(310,127),(145,83),(124,82),(97,83),(23,155),(83,121),(18,156),(116,66),(309,75),(296,39),(46,26),(87,154),(118,106),(42,140),(145,79),(108,21),(230,83),(72,41),(69,29),
447:(266,83),(310,127),(145,83),(125,82),(97,83),(23,155),(83,121),(18,156),(116,66),(309,75),(296,39),(46,26),(87,154),(118,106),(42,140),(145,79),(108,21),(230,83),(72,41),(70,29),
448:(266,83),(310,127),(145,83),(126,82),(97,83),(23,155),(83,121),(18,156),(116,66),(309,75),(296,39),(46,26),(87,154),(118,106),(42,140),(145,79),(108,21),(230,83),(72,41),(71,29),
449:(266,83),(310,127),(145,83),(127,82),(97,83),(23,155),(83,121),(18,156),(116,66),(309,75),(296,39),(46,26),(87,154),(118,106),(42,140),(145,79),(108,21),(230,83),(72,41),(72,29),
450:(266,83),(310,127),(145,83),(128,82),(97,83),(23,155),(83,121),(18,156),(116,66),(309,75),(296,39),(46,26),(87,154),(118,106),(42,140),(145,79),(108,21),(230,83),(72,41),(73,29),
451:(266,83),(310,127),(145,83),(129,82),(97,83),(23,155),(83,121),(18,156),(116,66),(309,75),(296,39),(46,26),(87,154),(118,106),(42,140),(145,79),(108,21),(230,83),(72,41),(74,29),
452:(266,83),(310,127),(145,83),(130,82),(97,83),(23,155),(83,121),(18,156),(116,66),(309,75),(296,39),(46,26),(87,154),(118,106),(42,140),(145,79),(108,21),(230,83),(72,41),(75,29),
453:(266,83),(310,127),(145,83),(131,82),(97,83),(23,155),(83,121),(18,156),(116,66),(309,75),(296,39),(46,26),(87,154),(118,106),(42,140),(145,79),(108,21),(230,83),(72,41),(76,29),
454:(266,83),(310,127),(145,83),(132,82),(97,83),(23,155),(83,121),(18,156),(116,66),(309,75),(296,39),(46,26),(87,154),(118,106),(42,140),(145,79),(108,21),(230,83),(72,41),(77,29),
455:(266,83),(310,127),(145,83),(133,82),(97,83),(23,155),(83,121),(18,156),(116,66),(309,75),(296,39),(46,26),(87,154),(118,106),(42,140),(145,79),(108,21),(230,83),(72,41),(78,29),
456:(266,83),(310,127),(145,83),(134,82),(97,83),(23,155),(83,121),(18,156),(116,66),(309,75),(296,39),(46,26),(87,154),(118,106),(42,140),(145,79),(108,21),(230,83),(72,41),(79,29),
457:(266,83),(310,127),(145,83),(135,82),(97,83),(23,155),(83,121),(18,156),(116,66),(309,75),(296,39),(46,26),(87,154),(118,106),(42,140),(145,79),(108,21),(230,83),(72,41),(80,29),
458:(266,83),(310,127),(145,83),(136,82),(97,83),(23,155),(83,121),(18,156),(116,66),(309,75),(296,39),(46,26),(87,154),(118,106),(42,140),(145,79),(108,21),(230,83),(72,41),(81,29),
459:(266,83),(310,127),(145,83),(137,82),(97,83),(23,155),(83,121),(18,156),(116,66),(309,75),(296,39),(46,26),(87,154),(118,106),(42,140),(145,79),(108,21),(230,83),(72,41),(82,29),
460:(266,83),(310,127),(145,83),(138,82),(97,83),(23,155),(83,121),(18,156),(116,66),(309,75),(296,39),(46,26),(87,154),(118,106),(42,140),(145,79),(108,21),(230,83),(72,41),(83,29),
461:(266,83),(310,127),(145,83),(139,82),(97,83),(23,155),(83,121),(18,156),(116,66),(309,75),(296,39),(46,26),(87,154),(118,106),(42,140),(145,79),(108,21),(230,83),(72,41),(84,29),
462:(266,83),(310,127),(145,83),(140,82),(97,83),(23,155),(83,121),(18,156),(116,66),(309,75),(296,39),(46,26),(87,154),(118,106),(42,140),(145,79),(108,21),(230,83),(72,41),(85,29),
463:(266,83),(310,127),(145,83),(141,82),(97,83),(23,155),(83,121),(18,156),(116,66),(309,75),(296,39),(46,26),(87,154),(118,106),(42,140),(145,79),(108,21),(230,83),(72,41),(86,29),
464:(266,83),(310,127),(145,83),(142,82),(97,83),(23,155),(83,121),(18,156),(116,66),(309,75),(296,39),(46,26),(87,154),(118,106),(42,140),(145,79),(108,21),(230,83),(72,41),(87,29),
465:(266,83),(310,127),(145,83),(143,82),(97,83),(23,155),(83,121),(18,156),(116,66),(309,75),(296,39),(46,26),(87,154),(118,106),(42,140),(145,79),(108,21),(230,83),(72,41),(88,29),
466:(266,83),(310,127),(145,83),(144,82),(97,83),(23,155),(83,121),(18,156),(116,66),(309,75),(296,39),(46,26),(87,154),(118,106),(42,140),(145,79),(108,21),(230,83),(72,41),(89,29),
467:(266,83),(310,127),(145,83),(145,82),(97,83),(23,155),(83,121),(18,156),(116,66),(309,75),(296,39),(46,26),(87,154),(118,106),(42,140),(145,79),(108,21),(230,83),(72,41),(90,29),
468:(266,83),(310,127),(145,83),(146,82),(97,83),(23,155),(83,121),(18,156),(116,66),(309,75),(296,39),(46,26),(87,154),(118,106),(42,140),(145,79),(108,21),(230,83),(72,41),(91,29),
469:(266,83),(310,127),(145,82),(147,82),(97,83),(23,155),(83,121),(18,156),(116,66),(309,75),(296,39),(46,26),(87,154),(118,106),(42,140),(145,79),(108,21),(230,83),(72,41),(92,29),
470:(266,83),(310,127),(144,82),(148,82),(97,83),(23,155),(83,121),(18,156),(116,66),(309,75),(296,39),(46,26),(87,154),(118,106),(42,140),(145,79),(108,21),(230,83),(72,41),(93,29),
471:(266,83),(310,127),(143,82),(149,82),(97,83),(23,155),(83,121),(18,156),(116,66),(309,75),(296,39),(46,26),(87,154),(118,106),(42,140),(145,79),(108,21),(230,83),(72,41),(94,29),
472:(266,83),(310,127),(142,82),(150,82),(97,83),(23,155),(83,121),(18,156),(116,66),(309,75),(296,39),(46,26),(87,154),(118,106),(42,140),(145,79),(108,21),(230,83),(72,41),(95,29),
473:(266,83),(310,127),(141,82),(151,82),(97,83),(23,155),(83,121),(18,156),(116,66),(309,75),(296,39),(46,26),(87,154),(118,106),(42,140),(145,79),(108,21),(230,83),(72,41),(96,29),
474:(266,83),(310,127),(140,82),(152,82),(97,83),(23,155),(83,121),(18,156),(116,66),(309,75),(296,39),(46,26),(87,154),(118,106),(42,140),(145,79),(108,21),(230,83),(72,41),(97,29),
475:(266,83),(310,127),(139,82),(153,82),(97,83),(23,155),(83,121),(18,156),(116,66),(309,75),(296,39),(46,26),(87,154),(118,106),(42,140),(145,79),(108,21),(230,83),(72,41),(98,29),
476:(266,83),(310,127),(138,82),(154,82),(97,83),(23,155),(83,121),(18,156),(116,66),(309,75),(296,39),(46,26),(87,154),(118,106),(42,140),(145,79),(108,21),(230,83),(72,41),(99,29),
477:(266,83),(310,127),(137,82),(155,82),(97,83),(23,155),(83,121),(18,156),(116,66),(309,75),(296,39),(46,26),(87,154),(118,106),(42,140),(145,79),(108,21),(230,83),(72,41),(100,29),
478:(266,83),(310,127),(136,82),(156,82),(97,83),(23,155),(83,121),(18,156),(116,66),(309,75),(296,39),(46,26),(87,154),(118,106),(42,140),(145,79),(108,21),(230,83),(72,41),(101,29),
479:(266,83),(310,127),(135,82),(157,82),(97,83),(23,155),(83,121),(18,156),(116,66),(309,75),(296,39),(46,26),(87,154),(118,106),(42,140),(145,79),(108,21),(230,83),(72,41),(102,29),
480:(266,83),(310,127),(134,82),(158,82),(97,83),(23,155),(83,121),(18,156),(116,66),(309,75),(296,39),(46,26),(87,154),(118,106),(42,140),(145,79),(108,21),(230,83),(72,41),(103,29),
481:(266,83),(310,127),(133,82),(159,82),(97,83),(23,155),(83,121),(18,156),(116,66),(309,75),(296,39),(46,26),(87,154),(118,106),(42,140),(145,79),(108,21),(230,83),(72,41),(104,29),
482:(266,83),(310,127),(132,82),(160,82),(97,83),(23,155),(83,121),(18,156),(116,66),(309,75),(296,39),(46,26),(87,154),(118,106),(42,140),(145,79),(108,21),(230,83),(72,41),(105,29),
483:(266,83),(310,127),(131,82),(161,82),(97,83),(23,155),(83,121),(18,156),(116,66),(309,75),(296,39),(46,26),(87,154),(118,106),(42,140),(145,79),(108,21),(230,83),(72,41),(106,29),
484:(266,83),(310,127),(130,82),(162,82),(97,83),(23,155),(83,121),(18,156),(116,66),(309,75),(296,39),(46,26),(87,154),(118,106),(42,140),(145,79),(108,21),(230,83),(72,41),(107,29),
485:(266,83),(310,127),(129,82),(163,82),(97,83),(23,155),(83,121),(18,156),(116,66),(309,75),(296,39),(46,26),(87,154),(118,106),(42,140),(145,79),(108,21),(230,83),(72,41),(108,29),
486:(266,83),(310,127),(128,82),(164,82),(97,83),(23,155),(83,121),(18,156),(116,66),(309,75),(296,39),(46,26),(87,154),(118,106),(42,140),(145,79),(108,21),(230,83),(72,41),(109,29),
487:(266,83),(310,127),(127,82),(165,82),(97,83),(23,155),(83,121),(18,156),(116,66),(309,75),(296,39),(46,26),(87,154),(118,106),(42,140),(145,79),(108,21),(230,83),(72,41),(110,29),
488:(266,83),(310,127),(126,82),(166,82),(97,83),(23,155),(83,121),(18,156),(116,66),(309,75),(296,39),(46,26),(87,154),(118,106),(42,140),(145,79),(108,21),(230,83),(72,41),(111,29),
489:(266,83),(310,127),(125,82),(167,82),(97,83),(23,155),(83,121),(18,156),(116,66),(309,75),(296,39),(46,26),(87,154),(118,106),(42,140),(145,79),(108,21),(230,83),(72,41),(112,29),
490:(266,83),(310,127),(124,82),(168,82),(97,83),(23,155),(83,121),(18,156),(116,66),(309,75),(296,39),(46,26),(87,154),(118,106),(42,140),(145,79),(108,21),(230,83),(72,41),(113,29),
491:(266,83),(310,127),(123,82),(169,82),(97,83),(23,155),(83,121),(18,156),(116,66),(309,75),(296,39),(46,26),(87,154),(118,106),(42,140),(145,79),(108,21),(230,83),(72,41),(114,29),
492:(266,83),(310,127),(122,82),(170,82),(97,83),(23,155),(83,121),(18,156),(116,66),(309,75),(296,39),(46,26),(87,154),(118,106),(42,140),(145,79),(108,21),(230,83),(72,41),(115,29),
493:(266,83),(310,127),(121,82),(171,82),(97,83),(23,155),(83,121),(18,156),(116,66),(309,75),(296,39),(46,26),(87,154),(118,106),(42,140),(145,79),(108,21),(230,83),(72,41),(116,29),
494:(266,83),(310,127),(120,82),(172,82),(97,83),(23,155),(83,121),(18,156),(116,66),(309,75),(296,39),(46,26),(87,154),(118,106),(42,140),(145,79),(108,21),(230,83),(72,41),(117,29),
495:(266,83),(310,127),(119,82),(173,82),(97,83),(23,155),(83,121),(18,156),(116,66),(309,75),(296,39),(46,26),(87,154),(118,106),(42,140),(145,79),(108,21),(230,83),(72,41),(118,29),
496:(266,83),(310,127),(118,82),(174,82),(97,83),(23,155),(83,121),(18,156),(116,66),(309,75),(296,39),(46,26),(87,154),(118,106),(42,140),(145,79),(108,21),(230,83),(72,41),(119,29),
497:(266,83),(310,127),(117,82),(175,82),(97,83),(23,155),(83,121),(18,156),(116,66),(309,75),(296,39),(46,26),(87,154),(118,106),(42,140),(145,79),(108,21),(230,83),(72,41),(120,29),
498:(266,83),(310,127),(116,82),(176,82),(97,83),(23,155),(83,121),(18,156),(116,66),(309,75),(296,39),(46,26),(87,154),(118,106),(42,140),(145,79),(108,21),(230,83),(72,41),(121,29),
499:(266,83),(310,127),(115,82),(177,82),(97,83),(23,155),(83,121),(18,156),(116,66),(309,75),(296,39),(46,26),(87,154),(118,106),(42,140),(145,79),(108,21),(230,83),(72,41),(122,29),
500:(266,83),(310,127),(114,82),(178,82),(97,83),(23,155),(83,121),(18,156),(116,66),(309,75),(296,39),(46,26),(87,154),(118,106),(42,140),(145,79),(108,21),(230,83),(72,41),(123,29),
501:(266,83),(310,127),(113,82),(179,82),(97,83),(23,155),(83,121),(18,156),(116,66),(309,75),(296,39),(46,26),(87,154),(118,106),(42,140),(145,79),(108,21),(230,83),(72,41),(124,29),
