instance=temp_instance.txt
agents=20
map_file=warehouse-20-40-10-2-2.map
solver=PushAndSwap
solved=0
soc=5888
lb_soc=3373
makespan=501
lb_makespan=426
comp_time=36
preprocessing_comp_time=13
starts=(61,17),(27,79),(175,138),(184,30),(233,110),(120,38),(57,54),(264,154),(261,153),(20,11),(137,26),(166,34),(98,90),(211,125),(18,146),(255,158),(68,142),(10,17),(174,57),(296,26),
goals=(218,23),(195,46),(147,118),(31,83),(310,136),(16,145),(95,62),(28,73),(336,12),(304,153),(135,118),(181,128),(68,126),(270,13),(291,114),(93,2),(219,54),(86,14),(178,69),(284,45),
solution=
0:(61,17),(27,79),(175,138),(184,30),(233,110),(120,38),(57,54),(264,154),(261,153),(20,11),(137,26),(166,34),(98,90),(211,125),(18,146),(255,158),(68,142),(10,17),(174,57),(296,26),
1:(62,17),(27,79),(174,138),(183,30),(234,110),(119,38),(58,54),(263,154),(262,153),(21,11),(136,26),(167,34),(98,90),(212,125),(19,146),(254,158),(69,142),(11,17),(175,57),(295,26),
2:(63,17),(27,79),(173,138),(182,30),(235,110),(118,38),(59,54),(262,154),(263,153),(22,11),(135,26),(168,34),(98,90),(213,125),(20,146),(253,158),(70,142),(12,17),(176,57),(294,26),
3:(64,17),(27,79),(172,138),(181,30),(236,110),(117,38),(60,54),(261,154),(264,153),(23,11),(134,26),(169,34),(98,90),(214,125),(21,146),(252,158),(71,142),(13,17),(177,57),(293,26),
4:(65,17),(27,79),(171,138),(180,30),(237,110),(116,38),(61,54),(260,154),(265,153),(24,11),(134,27),(170,34),(98,90),(215,125),(22,146),(251,158),(72,142),(14,17),(178,57),(292,26),
5:(66,17),(27,79),(170,138),(179,30),(238,110),(115,38),(62,54),(259,154),(266,153),(25,11),(134,28),(171,34),(98,90),(216,125),(23,146),(250,158),(73,142),(15,17),(179,57),(291,26),
6:(67,17),(27,79),(169,138),(178,30),(239,110),(114,38),(63,54),(258,154),(267,153),(26,11),(134,29),(172,34),(98,90),(217,125),(24,146),(249,158),(74,142),(16,17),(180,57),(290,26),
7:(68,17),(27,79),(168,138),(177,30),(240,110),(113,38),(64,54),(257,154),(268,153),(27,11),(134,29),(173,34),(98,90),(217,125),(25,146),(248,158),(75,142),(17,17),(180,57),(289,26),
8:(69,17),(27,79),(167,138),(176,30),(241,110),(112,38),(65,54),(256,154),(269,153),(28,11),(134,29),(174,34),(98,90),(217,125),(26,146),(247,158),(76,142),(18,17),(180,57),(289,27),
9:(70,17),(27,79),(166,138),(175,30),(242,110),(111,38),(66,54),(255,154),(270,153),(29,11),(134,29),(175,34),(98,90),(217,125),(27,146),(246,158),(77,142),(19,17),(180,57),(289,28),
10:(71,17),(27,79),(165,138),(174,30),(243,110),(110,38),(67,54),(254,154),(271,153),(30,11),(134,29),(176,34),(98,90),(217,125),(27,146),(245,158),(78,142),(20,17),(180,57),(289,29),
11:(72,17),(27,79),(164,138),(173,30),(244,110),(109,38),(68,54),(253,154),(272,153),(31,11),(134,29),(177,34),(98,90),(217,125),(27,146),(244,158),(79,142),(21,17),(180,57),(289,30),
12:(73,17),(27,79),(163,138),(172,30),(245,110),(108,38),(69,54),(252,154),(273,153),(32,11),(134,29),(178,34),(98,90),(217,125),(27,146),(243,158),(80,142),(22,17),(180,57),(289,31),
13:(74,17),(27,79),(162,138),(171,30),(246,110),(107,38),(70,54),(251,154),(274,153),(33,11),(134,29),(179,34),(98,90),(217,125),(27,146),(242,158),(81,142),(23,17),(180,57),(289,32),
14:(75,17),(27,79),(161,138),(170,30),(247,110),(106,38),(71,54),(250,154),(275,153),(34,11),(134,29),(180,34),(98,90),(217,125),(27,146),(241,158),(82,142),(24,17),(180,57),(289,33),
15:(76,17),(27,79),(160,138),(169,30),(248,110),(105,38),(72,54),(249,154),(276,153),(35,11),(134,29),(181,34),(98,90),(217,125),(27,146),(240,158),(83,142),(25,17),(180,57),(289,34),
16:(77,17),(27,79),(159,138),(168,30),(249,110),(104,38),(73,54),(248,154),(277,153),(36,11),(134,29),(181,35),(98,90),(217,125),(27,146),(239,158),(84,142),(26,17),(180,57),(289,35),
17:(78,17),(27,79),(158,138),(167,30),(250,110),(103,38),(74,54),(247,154),(278,153),(37,11),(134,29),(181,36),(98,90),(217,125),(27,146),(238,158),(85,142),(27,17),(180,57),(289,36),
18:(79,17),(27,79),(157,138),(166,30),(251,110),(102,38),(75,54),(246,154),(279,153),(38,11),(134,29),(181,37),(98,90),(217,125),(27,146),(237,158),(86,142),(28,17),(180,57),(289,37),
19:(80,17),(27,79),(157,137),(165,30),(252,110),(101,38),(76,54),(245,154),(280,153),(39,11),(134,29),(181,38),(98,90),(217,125),(27,146),(236,158),(87,142),(29,17),(180,57),(289,38),
20:(81,17),(27,79),(157,136),(164,30),(253,110),(100,38),(77,54),(244,154),(281,153),(40,11),(134,29),(181,39),(98,90),(217,125),(27,146),(235,158),(88,142),(30,17),(180,57),(289,39),
21:(82,17),(27,79),(157,135),(163,30),(254,110),(99,38),(78,54),(243,154),(282,153),(41,11),(134,29),(181,40),(98,90),(217,125),(27,146),(234,158),(89,142),(31,17),(180,57),(289,40),
22:(83,17),(27,79),(157,134),(162,30),(255,110),(98,38),(79,54),(242,154),(283,153),(42,11),(134,29),(181,41),(98,90),(217,125),(27,146),(233,158),(90,142),(32,17),(180,57),(289,41),
23:(84,17),(27,79),(157,133),(161,30),(256,110),(98,38),(80,54),(241,154),(284,153),(43,11),(134,29),(181,42),(98,90),(217,125),(27,146),(232,158),(91,142),(33,17),(180,57),(289,42),
24:(85,17),(27,79),(157,132),(160,30),(257,110),(98,38),(81,54),(240,154),(285,153),(44,11),(134,29),(181,43),(98,90),(217,125),(27,146),(231,158),(92,142),(34,17),(180,57),(289,43),
25:(86,17),(27,79),(157,131),(159,30),(258,110),(98,38),(82,54),(239,154),(286,153),(45,11),(134,29),(181,44),(98,90),(217,125),(27,146),(230,158),(93,142),(35,17),(180,57),(289,44),
26:(87,17),(27,79),(157,130),(158,30),(259,110),(98,38),(83,54),(238,154),(287,153),(46,11),(134,29),(181,45),(98,90),(217,125),(27,146),(229,158),(94,142),(36,17),(180,57),(289,45),
27:(88,17),(27,79),(157,129),(157,30),(260,110),(98,38),(84,54),(237,154),(288,153),(47,11),(134,29),(181,46),(98,90),(217,125),(27,146),(228,158),(95,142),(37,17),(180,57),(288,45),
28:(89,17),(27,79),(157,128),(156,30),(261,110),(98,38),(85,54),(236,154),(289,153),(48,11),(134,29),(181,47),(98,90),(217,125),(27,146),(227,158),(96,142),(38,17),(180,57),(287,45),
29:(90,17),(27,79),(157,127),(155,30),(262,110),(98,38),(86,54),(235,154),(290,153),(49,11),(134,29),(181,48),(98,90),(217,125),(27,146),(226,158),(96,142),(39,17),(180,57),(286,45),
30:(91,17),(27,79),(157,126),(154,30),(263,110),(98,38),(86,55),(234,154),(291,153),(50,11),(134,29),(181,49),(98,90),(217,125),(27,146),(225,158),(96,142),(40,17),(180,57),(285,45),
31:(92,17),(27,79),(157,125),(153,30),(264,110),(98,38),(86,56),(233,154),(292,153),(50,12),(134,29),(181,50),(98,90),(217,125),(27,146),(224,158),(96,142),(41,17),(180,57),(284,45),
32:(93,17),(27,79),(157,124),(152,30),(265,110),(98,38),(86,57),(232,154),(293,153),(50,13),(134,29),(181,51),(98,90),(217,125),(27,146),(223,158),(96,142),(42,17),(180,57),(284,45),
33:(94,17),(27,79),(157,123),(151,30),(265,110),(98,38),(86,58),(231,154),(294,153),(51,13),(134,29),(181,52),(98,90),(217,125),(27,146),(222,158),(96,142),(43,17),(180,57),(284,45),
34:(95,17),(27,79),(157,122),(150,30),(265,110),(98,38),(86,59),(230,154),(295,153),(52,13),(134,29),(181,53),(98,90),(217,125),(27,146),(221,158),(96,142),(44,17),(180,57),(284,45),
35:(96,17),(27,79),(157,121),(149,30),(265,110),(98,38),(86,60),(229,154),(296,153),(53,13),(134,29),(181,54),(98,90),(217,125),(27,146),(220,158),(96,142),(45,17),(180,57),(284,45),
36:(96,17),(27,79),(157,120),(148,30),(265,110),(98,38),(86,61),(228,154),(297,153),(54,13),(134,29),(181,55),(98,90),(217,125),(27,146),(219,158),(96,142),(46,17),(180,57),(284,45),
37:(96,17),(27,79),(157,119),(147,30),(265,110),(98,38),(87,61),(227,154),(298,153),(55,13),(134,29),(181,56),(98,90),(217,125),(27,146),(218,158),(96,142),(47,17),(180,57),(284,45),
38:(96,17),(27,79),(157,118),(146,30),(265,110),(98,38),(88,61),(226,154),(299,153),(56,13),(134,29),(181,57),(98,90),(217,125),(27,146),(217,158),(96,142),(48,17),(180,57),(284,45),
39:(96,17),(27,79),(156,118),(145,30),(265,110),(98,38),(89,61),(225,154),(300,153),(57,13),(134,29),(181,58),(98,90),(217,125),(27,146),(216,158),(96,142),(49,17),(181,57),(284,45),
40:(96,17),(27,79),(155,118),(144,30),(265,110),(98,38),(90,61),(224,154),(301,153),(58,13),(134,29),(181,59),(98,90),(217,125),(27,146),(215,158),(96,142),(50,17),(181,58),(284,45),
41:(96,17),(27,79),(154,118),(143,30),(265,110),(98,38),(91,61),(223,154),(302,153),(59,13),(134,29),(181,60),(98,90),(217,125),(27,146),(214,158),(96,142),(51,17),(181,59),(284,45),
42:(96,17),(27,79),(153,118),(142,30),(265,110),(98,38),(92,61),(222,154),(303,153),(60,13),(134,29),(181,61),(98,90),(217,125),(27,146),(213,158),(96,142),(52,17),(181,60),(284,45),
43:(96,17),(27,79),(152,118),(141,30),(265,110),(98,38),(93,61),(221,154),(303,152),(61,13),(134,29),(181,62),(98,90),(217,125),(27,146),(212,158),(96,142),(53,17),(181,61),(284,45),
44:(96,17),(27,79),(151,118),(140,30),(265,110),(98,38),(94,61),(220,154),(303,152),(62,13),(134,29),(181,63),(98,90),(217,125),(27,146),(211,158),(96,142),(54,17),(181,62),(284,45),
45:(96,17),(27,79),(150,118),(139,30),(265,110),(98,38),(95,61),(219,154),(303,152),(63,13),(134,29),(181,64),(98,90),(217,125),(27,146),(210,158),(96,142),(55,17),(181,63),(284,45),
46:(96,17),(27,79),(149,118),(138,30),(265,110),(98,38),(95,62),(218,154),(303,152),(64,13),(134,29),(181,65),(98,90),(217,125),(27,146),(209,158),(96,142),(56,17),(181,64),(284,45),
47:(96,17),(27,79),(148,118),(137,30),(265,110),(98,38),(95,62),(217,154),(303,152),(65,13),(134,29),(181,66),(98,90),(217,125),(27,146),(208,158),(96,142),(57,17),(181,65),(284,45),
48:(96,17),(27,79),(147,118),(136,30),(265,110),(98,38),(95,62),(216,154),(303,152),(66,13),(134,29),(181,67),(98,90),(217,125),(27,146),(207,158),(96,142),(58,17),(181,66),(284,45),
49:(96,17),(27,79),(147,118),(135,30),(265,110),(98,38),(95,62),(215,154),(303,152),(67,13),(134,29),(181,68),(98,90),(217,125),(27,146),(206,158),(96,142),(59,17),(181,67),(284,45),
50:(96,17),(27,79),(147,118),(134,30),(265,110),(98,38),(95,62),(214,154),(303,152),(68,13),(134,29),(181,69),(98,90),(217,125),(27,146),(205,158),(96,142),(60,17),(181,68),(284,45),
51:(96,17),(27,79),(147,118),(133,30),(265,110),(98,38),(95,62),(213,154),(303,152),(69,13),(134,30),(181,70),(98,90),(217,125),(27,146),(204,158),(96,142),(61,17),(181,69),(284,45),
52:(96,17),(27,79),(147,118),(132,30),(265,110),(98,38),(95,62),(212,154),(303,152),(70,13),(134,31),(181,71),(98,90),(217,125),(27,146),(203,158),(96,142),(62,17),(180,69),(284,45),
53:(96,17),(27,79),(147,118),(131,30),(265,110),(98,38),(95,62),(211,154),(303,152),(71,13),(134,32),(181,72),(98,90),(217,125),(27,146),(202,158),(96,142),(63,17),(179,69),(284,45),
54:(96,17),(27,79),(147,118),(130,30),(265,110),(98,38),(95,62),(210,154),(303,152),(72,13),(134,33),(181,73),(98,90),(217,125),(27,146),(201,158),(96,142),(64,17),(178,69),(284,45),
55:(96,17),(27,79),(147,118),(129,30),(265,110),(98,38),(95,62),(209,154),(303,152),(73,13),(134,34),(181,74),(98,90),(217,125),(27,146),(200,158),(96,142),(65,17),(178,69),(284,45),
56:(96,17),(27,79),(147,118),(128,30),(265,110),(98,38),(95,62),(208,154),(303,152),(74,13),(134,35),(181,75),(98,90),(217,125),(27,146),(199,158),(96,142),(66,17),(178,69),(284,45),
57:(96,17),(27,79),(147,118),(127,30),(265,110),(98,38),(95,62),(207,154),(303,152),(75,13),(134,36),(181,76),(98,90),(217,125),(27,146),(198,158),(96,142),(67,17),(178,69),(284,45),
58:(96,17),(27,79),(147,118),(126,30),(265,110),(98,38),(95,62),(206,154),(303,152),(76,13),(134,37),(181,77),(98,90),(217,125),(27,146),(197,158),(96,142),(68,17),(178,69),(284,45),
59:(96,17),(27,79),(147,118),(125,30),(265,110),(98,38),(95,62),(205,154),(303,152),(77,13),(134,38),(181,77),(98,90),(217,125),(27,146),(196,158),(96,142),(69,17),(178,69),(284,45),
60:(96,17),(27,79),(147,118),(124,30),(265,110),(98,38),(95,62),(204,154),(303,152),(78,13),(134,39),(181,77),(98,90),(217,125),(27,146),(195,158),(96,142),(70,17),(178,69),(284,45),
61:(96,17),(27,79),(147,118),(123,30),(265,110),(98,38),(95,62),(203,154),(303,152),(79,13),(134,40),(181,77),(98,90),(217,125),(27,146),(194,158),(96,142),(71,17),(178,69),(284,45),
62:(96,17),(27,79),(147,118),(122,30),(265,110),(98,38),(95,62),(202,154),(303,152),(80,13),(134,41),(181,77),(98,90),(217,125),(27,146),(193,158),(96,142),(72,17),(178,69),(284,45),
63:(96,17),(27,79),(147,118),(121,30),(265,110),(98,38),(95,62),(201,154),(303,152),(81,13),(134,42),(181,77),(98,90),(217,125),(27,146),(192,158),(96,142),(73,17),(178,69),(284,45),
64:(96,17),(27,79),(147,118),(120,30),(265,110),(98,38),(95,62),(200,154),(303,152),(82,13),(134,43),(181,77),(98,90),(217,125),(27,146),(191,158),(96,142),(74,17),(178,69),(284,45),
65:(96,17),(27,79),(147,118),(119,30),(265,110),(98,38),(95,62),(199,154),(303,152),(83,13),(134,44),(181,77),(98,90),(217,125),(27,146),(190,158),(96,142),(75,17),(178,69),(284,45),
66:(96,17),(27,79),(147,118),(118,30),(265,110),(98,38),(95,62),(198,154),(303,152),(84,13),(134,45),(181,77),(98,90),(217,125),(27,146),(189,158),(96,142),(76,17),(178,69),(284,45),
67:(96,17),(27,79),(147,118),(117,30),(265,110),(98,38),(95,62),(197,154),(303,152),(85,13),(134,46),(181,77),(98,90),(217,125),(27,146),(188,158),(96,142),(77,17),(178,69),(284,45),
68:(96,17),(27,79),(147,118),(116,30),(265,110),(98,38),(95,62),(196,154),(303,152),(86,13),(134,47),(181,77),(98,90),(217,125),(27,146),(187,158),(96,142),(78,17),(178,69),(284,45),
69:(96,17),(27,79),(147,118),(115,30),(265,110),(98,38),(95,62),(195,154),(303,152),(87,13),(134,48),(181,77),(98,90),(217,125),(27,146),(186,158),(96,142),(79,17),(178,69),(284,45),
70:(96,17),(27,79),(147,118),(114,30),(265,110),(98,38),(95,62),(194,154),(303,152),(88,13),(134,49),(181,77),(98,90),(217,125),(27,146),(185,158),(96,142),(80,17),(178,69),(284,45),
71:(96,17),(27,79),(147,118),(113,30),(265,110),(98,38),(95,62),(193,154),(303,152),(89,13),(134,50),(181,77),(98,90),(217,125),(27,146),(184,158),(96,142),(81,17),(178,69),(284,45),
72:(96,17),(27,79),(147,118),(112,30),(265,110),(98,38),(95,62),(192,154),(303,152),(90,13),(134,51),(181,77),(98,90),(217,125),(27,146),(183,158),(96,142),(82,17),(178,69),(284,45),
73:(96,17),(27,79),(147,118),(111,30),(265,110),(98,38),(95,62),(191,154),(303,152),(91,13),(134,52),(181,77),(98,90),(217,125),(27,146),(182,158),(96,142),(83,17),(178,69),(284,45),
74:(96,17),(27,79),(147,118),(110,30),(265,110),(98,38),(95,62),(190,154),(303,152),(92,13),(134,53),(181,77),(98,90),(217,125),(27,146),(181,158),(96,142),(84,17),(178,69),(284,45),
75:(96,17),(27,79),(147,118),(109,30),(265,110),(98,38),(95,62),(189,154),(303,152),(93,13),(134,54),(181,77),(98,90),(217,125),(27,146),(180,158),(96,142),(85,17),(178,69),(284,45),
76:(96,17),(27,79),(147,118),(108,30),(265,110),(98,38),(95,62),(188,154),(303,152),(94,13),(134,55),(181,77),(98,90),(217,125),(27,146),(179,158),(96,142),(86,17),(178,69),(284,45),
77:(96,17),(27,79),(147,118),(107,30),(265,110),(98,38),(95,62),(187,154),(303,152),(95,13),(134,56),(181,77),(98,90),(217,125),(27,146),(178,158),(96,142),(86,16),(178,69),(284,45),
78:(96,17),(27,79),(147,118),(106,30),(265,110),(98,38),(95,62),(186,154),(303,152),(96,13),(134,57),(181,77),(98,90),(217,125),(27,146),(177,158),(96,142),(86,15),(178,69),(284,45),
79:(96,17),(27,79),(147,118),(105,30),(265,110),(98,38),(95,62),(185,154),(303,152),(97,13),(134,58),(181,77),(98,90),(217,125),(27,146),(176,158),(96,142),(86,14),(178,69),(284,45),
80:(96,17),(27,79),(147,118),(104,30),(265,110),(98,38),(95,62),(184,154),(303,152),(98,13),(134,59),(181,77),(98,90),(217,125),(27,146),(175,158),(96,142),(86,14),(178,69),(284,45),
81:(96,17),(27,79),(147,118),(103,30),(265,110),(98,38),(95,62),(183,154),(303,152),(99,13),(134,60),(181,77),(98,90),(217,125),(27,146),(174,158),(96,142),(86,14),(178,69),(284,45),
82:(96,17),(27,79),(147,118),(102,30),(265,110),(98,38),(95,62),(182,154),(303,152),(100,13),(134,61),(181,77),(98,90),(217,125),(27,146),(173,158),(96,142),(86,14),(178,69),(284,45),
83:(96,17),(27,79),(147,118),(101,30),(265,110),(98,38),(95,62),(181,154),(303,152),(101,13),(134,62),(181,77),(98,90),(217,125),(27,146),(172,158),(96,142),(86,14),(178,69),(284,45),
84:(96,17),(27,79),(147,118),(100,30),(265,110),(98,38),(95,62),(180,154),(303,152),(102,13),(134,63),(181,77),(98,90),(217,125),(27,146),(171,158),(96,142),(86,14),(178,69),(284,45),
85:(96,17),(27,79),(147,118),(99,30),(265,110),(98,38),(95,62),(179,154),(303,152),(103,13),(134,64),(181,77),(98,90),(217,125),(27,146),(170,158),(96,142),(86,14),(178,69),(284,45),
86:(96,17),(27,79),(147,118),(98,30),(265,110),(98,38),(95,62),(178,154),(303,152),(104,13),(134,65),(181,77),(98,90),(217,125),(27,146),(169,158),(96,142),(86,14),(178,69),(284,45),
87:(96,17),(27,79),(147,118),(98,30),(265,110),(98,38),(95,62),(177,154),(303,152),(105,13),(134,66),(181,77),(98,90),(217,125),(27,146),(168,158),(96,142),(86,14),(178,69),(284,45),
88:(96,17),(27,79),(147,118),(98,30),(265,110),(98,38),(95,62),(176,154),(303,152),(106,13),(134,67),(181,77),(98,90),(217,125),(27,146),(167,158),(96,142),(86,14),(178,69),(284,45),
89:(96,17),(27,79),(147,118),(98,30),(265,110),(98,38),(95,62),(175,154),(303,152),(107,13),(134,68),(181,77),(98,90),(217,125),(27,146),(166,158),(96,142),(86,14),(178,69),(284,45),
90:(96,17),(27,79),(147,118),(98,30),(265,110),(98,38),(95,62),(174,154),(303,152),(108,13),(134,69),(181,77),(98,90),(217,125),(27,146),(165,158),(96,142),(86,14),(178,69),(284,45),
91:(96,17),(27,79),(147,118),(98,30),(265,110),(98,38),(95,62),(173,154),(303,152),(109,13),(134,70),(181,77),(98,90),(217,125),(27,146),(164,158),(96,142),(86,14),(178,69),(284,45),
92:(96,17),(27,79),(147,118),(98,30),(265,110),(98,38),(95,62),(172,154),(303,152),(110,13),(134,71),(181,77),(98,90),(217,125),(27,146),(163,158),(96,142),(86,14),(178,69),(284,45),
93:(96,17),(27,79),(147,118),(98,30),(265,110),(98,38),(95,62),(171,154),(303,152),(111,13),(134,72),(181,77),(98,90),(217,125),(27,146),(162,158),(96,142),(86,14),(178,69),(284,45),
94:(96,17),(27,79),(147,118),(98,30),(265,110),(98,38),(95,62),(170,154),(303,152),(112,13),(134,73),(181,77),(98,90),(217,125),(27,146),(161,158),(96,142),(86,14),(178,69),(284,45),
95:(96,17),(27,79),(147,118),(98,30),(265,110),(98,38),(95,62),(169,154),(303,152),(113,13),(134,74),(181,77),(98,90),(217,125),(27,146),(160,158),(96,142),(86,14),(178,69),(284,45),
96:(96,17),(27,79),(147,118),(98,30),(265,110),(98,38),(95,62),(168,154),(303,152),(114,13),(134,75),(181,77),(98,90),(217,125),(27,146),(159,158),(96,142),(86,14),(178,69),(284,45),
97:(96,17),(27,79),(147,118),(98,30),(265,110),(98,38),(95,62),(167,154),(303,152),(115,13),(134,76),(181,77),(98,90),(217,125),(27,146),(158,158),(96,142),(86,14),(178,69),(284,45),
98:(96,17),(27,79),(147,118),(98,30),(265,110),(98,38),(95,62),(166,154),(303,152),(116,13),(134,77),(181,77),(98,90),(217,125),(27,146),(157,158),(96,142),(86,14),(178,69),(284,45),
99:(96,17),(27,79),(147,118),(98,30),(265,110),(98,38),(95,62),(165,154),(303,152),(117,13),(134,77),(181,77),(98,90),(217,125),(27,146),(156,158),(96,142),(86,14),(178,69),(284,45),
100:(96,17),(27,79),(147,118),(98,30),(265,110),(98,38),(95,62),(164,154),(303,152),(118,13),(134,77),(181,77),(98,90),(217,125),(27,146),(155,158),(96,142),(86,14),(178,69),(284,45),
101:(96,17),(27,79),(147,118),(98,30),(265,110),(98,38),(95,62),(163,154),(303,152),(119,13),(134,77),(181,77),(98,90),(217,125),(27,146),(154,158),(96,142),(86,14),(178,69),(284,45),
102:(96,17),(27,79),(147,118),(98,30),(265,110),(98,38),(95,62),(162,154),(303,152),(120,13),(134,77),(181,77),(98,90),(217,125),(27,146),(153,158),(96,142),(86,14),(178,69),(284,45),
103:(96,17),(27,79),(147,118),(98,30),(265,110),(98,38),(95,62),(161,154),(303,152),(121,13),(134,77),(181,77),(98,90),(217,125),(27,146),(152,158),(96,142),(86,14),(178,69),(284,45),
104:(96,17),(27,79),(147,118),(98,30),(265,110),(98,38),(95,62),(160,154),(303,152),(122,13),(134,77),(181,77),(98,90),(217,125),(27,146),(151,158),(96,142),(86,14),(178,69),(284,45),
105:(96,17),(27,79),(147,118),(98,30),(265,110),(98,38),(95,62),(159,154),(303,152),(123,13),(134,77),(181,77),(98,90),(217,125),(27,146),(150,158),(96,142),(86,14),(178,69),(284,45),
106:(96,17),(27,79),(147,118),(98,30),(265,110),(98,38),(95,62),(158,154),(303,152),(124,13),(134,77),(181,77),(98,90),(217,125),(27,146),(149,158),(96,142),(86,14),(178,69),(284,45),
107:(96,17),(27,79),(147,118),(98,30),(265,110),(98,38),(95,62),(157,154),(303,152),(125,13),(134,77),(181,77),(98,90),(217,125),(27,146),(148,158),(96,142),(86,14),(178,69),(284,45),
108:(96,17),(27,79),(147,118),(98,30),(265,110),(98,38),(95,62),(156,154),(303,152),(126,13),(134,77),(181,77),(98,90),(217,125),(27,146),(147,158),(96,142),(86,14),(178,69),(284,45),
109:(96,17),(27,79),(147,118),(98,30),(265,110),(98,38),(95,62),(155,154),(303,152),(127,13),(134,77),(181,77),(98,90),(217,125),(27,146),(146,158),(96,142),(86,14),(178,69),(284,45),
110:(96,17),(27,79),(147,118),(98,30),(265,110),(98,38),(95,62),(154,154),(303,152),(128,13),(134,77),(181,77),(98,90),(217,125),(27,146),(145,158),(96,142),(86,14),(178,69),(284,45),
111:(96,17),(27,79),(147,118),(98,30),(265,110),(98,38),(95,62),(153,154),(303,152),(129,13),(134,77),(181,77),(98,90),(217,125),(27,146),(144,158),(96,142),(86,14),(178,69),(284,45),
112:(96,17),(27,79),(147,118),(98,30),(265,110),(98,38),(95,62),(152,154),(303,152),(130,13),(134,77),(181,77),(98,90),(217,125),(27,146),(143,158),(96,142),(86,14),(178,69),(284,45),
113:(96,17),(27,79),(147,118),(98,30),(265,110),(98,38),(95,62),(151,154),(303,152),(131,13),(134,77),(181,77),(98,90),(217,125),(27,146),(142,158),(96,142),(86,14),(178,69),(284,45),
114:(96,17),(27,79),(147,118),(98,30),(265,110),(98,38),(95,62),(150,154),(303,152),(132,13),(134,77),(181,77),(98,90),(217,125),(27,146),(141,158),(96,142),(86,14),(178,69),(284,45),
115:(96,17),(27,79),(147,118),(98,30),(265,110),(98,38),(95,62),(149,154),(303,152),(133,13),(134,77),(181,77),(98,90),(217,125),(27,146),(140,158),(96,142),(86,14),(178,69),(284,45),
116:(96,17),(27,79),(147,118),(98,30),(265,110),(98,38),(95,62),(148,154),(303,152),(134,13),(134,77),(181,77),(98,90),(217,125),(27,146),(139,158),(96,142),(86,14),(178,69),(284,45),
117:(96,17),(27,79),(147,118),(98,30),(265,110),(98,38),(95,62),(147,154),(303,152),(135,13),(134,77),(181,77),(98,90),(217,125),(27,146),(138,158),(96,142),(86,14),(178,69),(284,45),
118:(96,17),(27,79),(147,118),(98,30),(265,110),(98,38),(95,62),(146,154),(303,152),(136,13),(134,77),(181,77),(98,90),(217,125),(27,146),(137,158),(96,142),(86,14),(178,69),(284,45),
119:(96,17),(27,79),(147,118),(98,30),(265,110),(98,38),(95,62),(145,154),(303,152),(137,13),(134,77),(181,77),(98,90),(217,125),(27,146),(136,158),(96,142),(86,14),(178,69),(284,45),
120:(96,17),(27,79),(147,118),(98,30),(265,110),(98,38),(95,62),(144,154),(303,152),(138,13),(134,77),(181,77),(98,90),(217,125),(27,146),(135,158),(96,142),(86,14),(178,69),(284,45),
121:(96,17),(27,79),(147,118),(98,30),(265,110),(98,38),(95,62),(143,154),(303,152),(139,13),(134,77),(181,77),(98,90),(217,125),(27,146),(134,158),(96,142),(86,14),(178,69),(284,45),
122:(96,17),(27,79),(147,118),(98,30),(265,110),(98,38),(95,62),(142,154),(303,152),(140,13),(134,77),(181,77),(98,90),(217,125),(27,146),(133,158),(96,142),(86,14),(178,69),(284,45),
123:(96,17),(27,79),(147,118),(98,30),(265,110),(98,38),(95,62),(141,154),(303,152),(141,13),(134,77),(181,77),(98,90),(217,125),(27,146),(132,158),(96,142),(86,14),(178,69),(284,45),
124:(96,17),(27,79),(147,118),(98,30),(265,110),(98,38),(95,62),(140,154),(303,152),(142,13),(134,77),(181,77),(98,90),(217,125),(27,146),(131,158),(96,142),(86,14),(178,69),(284,45),
125:(96,17),(27,79),(147,118),(98,30),(265,110),(98,38),(95,62),(139,154),(303,152),(143,13),(134,77),(181,77),(98,90),(217,125),(27,146),(130,158),(96,142),(86,14),(178,69),(284,45),
126:(96,17),(27,79),(147,118),(98,30),(265,110),(98,38),(95,62),(138,154),(303,152),(144,13),(134,77),(181,77),(98,90),(217,125),(27,146),(129,158),(96,142),(86,14),(178,69),(284,45),
127:(96,17),(27,79),(147,118),(98,30),(265,110),(98,38),(95,62),(137,154),(303,152),(145,13),(134,77),(181,77),(98,90),(217,125),(27,146),(128,158),(96,142),(86,14),(178,69),(284,45),
128:(96,17),(27,79),(147,118),(98,30),(265,110),(98,38),(95,62),(136,154),(303,152),(146,13),(134,77),(181,77),(98,90),(217,125),(27,146),(127,158),(96,142),(86,14),(178,69),(284,45),
129:(96,17),(27,79),(147,118),(98,30),(265,110),(98,38),(95,62),(135,154),(303,152),(147,13),(134,77),(181,77),(98,90),(217,125),(27,146),(126,158),(96,142),(86,14),(178,69),(284,45),
130:(96,17),(27,79),(147,118),(98,30),(265,110),(98,38),(95,62),(134,154),(303,152),(148,13),(134,77),(181,77),(98,90),(217,125),(27,146),(125,158),(96,142),(86,14),(178,69),(284,45),
131:(96,17),(27,79),(147,118),(98,30),(265,110),(98,38),(95,62),(133,154),(303,152),(149,13),(134,77),(181,77),(98,90),(217,125),(27,146),(124,158),(96,142),(86,14),(178,69),(284,45),
132:(96,17),(27,79),(147,118),(98,30),(265,110),(98,38),(95,62),(132,154),(303,152),(150,13),(134,77),(181,77),(98,90),(217,125),(27,146),(123,158),(96,142),(86,14),(178,69),(284,45),
133:(96,17),(27,79),(147,118),(98,30),(265,110),(98,38),(95,62),(131,154),(303,152),(151,13),(134,77),(181,77),(98,90),(217,125),(27,146),(122,158),(96,142),(86,14),(178,69),(284,45),
134:(96,17),(27,79),(147,118),(98,30),(265,110),(98,38),(95,62),(130,154),(303,152),(152,13),(134,77),(181,77),(98,90),(217,125),(27,146),(121,158),(96,142),(86,14),(178,69),(284,45),
135:(96,17),(27,79),(147,118),(98,30),(265,110),(98,38),(95,62),(129,154),(303,152),(153,13),(134,77),(181,77),(98,90),(217,125),(27,146),(120,158),(96,142),(86,14),(178,69),(284,45),
136:(96,17),(27,79),(147,118),(98,30),(265,110),(98,38),(95,62),(128,154),(303,152),(154,13),(134,77),(181,77),(98,90),(217,125),(27,146),(119,158),(96,142),(86,14),(178,69),(284,45),
137:(96,17),(27,79),(147,118),(98,30),(265,110),(98,38),(95,62),(127,154),(303,152),(155,13),(134,77),(181,77),(98,90),(217,125),(27,146),(118,158),(96,142),(86,14),(178,69),(284,45),
138:(96,17),(27,79),(147,118),(98,30),(265,110),(98,38),(95,62),(126,154),(303,152),(156,13),(134,77),(181,77),(98,90),(217,125),(27,146),(117,158),(96,142),(86,14),(178,69),(284,45),
139:(96,17),(27,79),(147,118),(98,30),(265,110),(98,38),(95,62),(125,154),(303,152),(157,13),(134,77),(181,77),(98,90),(217,125),(27,146),(116,158),(96,142),(86,14),(178,69),(284,45),
140:(96,17),(27,79),(147,118),(98,30),(265,110),(98,38),(95,62),(124,154),(303,152),(158,13),(134,77),(181,77),(98,90),(217,125),(27,146),(115,158),(96,142),(86,14),(178,69),(284,45),
141:(96,17),(27,79),(147,118),(98,30),(265,110),(98,38),(95,62),(123,154),(303,152),(159,13),(134,77),(181,77),(98,90),(217,125),(27,146),(114,158),(96,142),(86,14),(178,69),(284,45),
142:(96,17),(27,79),(147,118),(98,30),(265,110),(98,38),(95,62),(122,154),(303,152),(160,13),(134,77),(181,77),(98,90),(217,125),(27,146),(113,158),(96,142),(86,14),(178,69),(284,45),
143:(96,17),(27,79),(147,118),(98,30),(265,110),(98,38),(95,62),(121,154),(303,152),(161,13),(134,77),(181,77),(98,90),(217,125),(27,146),(112,158),(96,142),(86,14),(178,69),(284,45),
144:(96,17),(27,79),(147,118),(98,30),(265,110),(98,38),(95,62),(120,154),(303,152),(162,13),(134,77),(181,77),(98,90),(217,125),(27,146),(111,158),(96,142),(86,14),(178,69),(284,45),
145:(96,17),(27,79),(147,118),(98,30),(265,110),(98,38),(95,62),(119,154),(303,152),(163,13),(134,77),(181,77),(98,90),(217,125),(27,146),(110,158),(96,142),(86,14),(178,69),(284,45),
146:(96,17),(27,79),(147,118),(98,30),(265,110),(98,38),(95,62),(118,154),(303,152),(164,13),(134,77),(181,77),(98,90),(217,125),(27,146),(109,158),(96,142),(86,14),(178,69),(284,45),
147:(96,17),(27,79),(147,118),(98,30),(265,110),(98,38),(95,62),(117,154),(303,152),(165,13),(134,77),(181,77),(98,90),(217,125),(27,146),(108,158),(96,142),(86,14),(178,69),(284,45),
148:(96,17),(27,79),(147,118),(98,30),(265,110),(98,38),(95,62),(116,154),(303,152),(166,13),(134,77),(181,77),(98,90),(217,125),(27,146),(107,158),(96,142),(86,14),(178,69),(284,45),
149:(96,17),(27,79),(147,118),(98,30),(265,110),(98,38),(95,62),(115,154),(303,152),(167,13),(134,77),(181,77),(98,90),(217,125),(27,146),(106,158),(96,142),(86,14),(178,69),(284,45),
150:(96,17),(27,79),(147,118),(98,30),(265,110),(98,38),(95,62),(114,154),(303,152),(168,13),(134,77),(181,77),(98,90),(217,125),(27,146),(105,158),(96,142),(86,14),(178,69),(284,45),
151:(96,17),(27,79),(147,118),(98,30),(265,110),(98,38),(95,62),(113,154),(303,152),(169,13),(134,77),(181,77),(98,90),(217,125),(27,146),(104,158),(96,142),(86,14),(178,69),(284,45),
152:(96,17),(27,79),(147,118),(98,30),(265,110),(98,38),(95,62),(112,154),(303,152),(170,13),(134,77),(181,77),(98,90),(217,125),(27,146),(103,158),(96,142),(86,14),(178,69),(284,45),
153:(96,17),(27,79),(147,118),(98,30),(265,110),(98,38),(95,62),(111,154),(303,152),(171,13),(134,77),(181,77),(98,90),(217,125),(27,146),(102,158),(96,142),(86,14),(178,69),(284,45),
154:(96,17),(27,79),(147,118),(98,30),(265,110),(98,38),(95,62),(110,154),(303,152),(172,13),(134,77),(181,77),(98,90),(217,125),(27,146),(101,158),(96,142),(86,14),(178,69),(284,45),
155:(96,17),(27,79),(147,118),(98,30),(265,110),(98,38),(95,62),(109,154),(303,152),(173,13),(134,77),(181,77),(98,90),(217,125),(27,146),(100,158),(96,142),(86,14),(178,69),(284,45),
156:(96,17),(27,79),(147,118),(98,30),(265,110),(98,38),(95,62),(108,154),(303,152),(174,13),(134,77),(181,77),(98,90),(217,125),(27,146),(99,158),(96,142),(86,14),(178,69),(284,45),
157:(96,17),(27,79),(147,118),(98,30),(265,110),(98,38),(95,62),(107,154),(303,152),(175,13),(134,77),(181,77),(98,90),(217,125),(27,146),(98,158),(96,142),(86,14),(178,69),(284,45),
158:(96,17),(27,79),(147,118),(98,30),(265,110),(98,38),(95,62),(106,154),(303,152),(176,13),(134,77),(181,77),(98,90),(217,125),(27,146),(97,158),(96,142),(86,14),(178,69),(284,45),
159:(96,17),(27,79),(147,118),(98,30),(265,110),(98,38),(95,62),(105,154),(303,152),(177,13),(134,77),(181,77),(98,90),(217,125),(27,146),(97,157),(96,142),(86,14),(178,69),(284,45),
160:(96,17),(27,79),(147,118),(98,30),(265,110),(98,38),(95,62),(104,154),(303,152),(178,13),(134,77),(181,77),(98,90),(217,125),(27,146),(97,156),(96,142),(86,14),(178,69),(284,45),
161:(96,17),(27,79),(147,118),(98,30),(265,110),(98,38),(95,62),(103,154),(303,152),(179,13),(134,77),(181,77),(98,90),(217,125),(27,146),(97,155),(96,142),(86,14),(178,69),(284,45),
162:(96,17),(27,79),(147,118),(98,30),(265,110),(98,38),(95,62),(102,154),(303,152),(180,13),(134,77),(181,77),(98,90),(217,125),(27,146),(97,154),(96,142),(86,14),(178,69),(284,45),
163:(96,17),(27,79),(147,118),(98,30),(265,110),(98,38),(95,62),(101,154),(303,152),(181,13),(134,77),(181,77),(98,90),(217,125),(27,146),(97,153),(96,142),(86,14),(178,69),(284,45),
164:(96,17),(27,79),(147,118),(98,30),(265,110),(98,38),(95,62),(100,154),(303,152),(182,13),(134,77),(181,77),(98,90),(217,125),(27,146),(97,152),(96,142),(86,14),(178,69),(284,45),
165:(96,17),(27,79),(147,118),(98,30),(265,110),(98,38),(95,62),(99,154),(303,152),(183,13),(134,77),(181,77),(98,90),(217,125),(27,146),(97,151),(96,142),(86,14),(178,69),(284,45),
166:(96,17),(27,79),(147,118),(98,30),(265,110),(98,38),(95,62),(98,154),(303,152),(184,13),(134,77),(181,77),(98,90),(217,125),(27,146),(97,150),(96,142),(86,14),(178,69),(284,45),
167:(96,17),(27,79),(147,118),(98,30),(265,110),(98,38),(95,62),(97,154),(303,152),(185,13),(134,77),(181,77),(98,90),(217,125),(27,146),(97,149),(96,142),(86,14),(178,69),(284,45),
168:(96,17),(27,79),(147,118),(98,30),(265,110),(98,38),(95,62),(96,154),(303,152),(186,13),(134,77),(181,77),(98,90),(217,125),(27,146),(97,148),(96,142),(86,14),(178,69),(284,45),
169:(96,17),(27,79),(147,118),(98,30),(265,110),(98,38),(95,62),(95,154),(303,152),(187,13),(134,77),(181,77),(98,90),(217,125),(27,146),(97,147),(96,142),(86,14),(178,69),(284,45),
170:(96,17),(27,79),(147,118),(98,30),(265,110),(98,38),(95,62),(94,154),(303,152),(188,13),(134,77),(181,77),(98,90),(217,125),(27,146),(97,146),(96,142),(86,14),(178,69),(284,45),
171:(96,17),(27,79),(147,118),(98,30),(265,110),(98,38),(95,62),(93,154),(303,152),(189,13),(134,77),(181,77),(98,90),(217,125),(27,146),(97,145),(96,142),(86,14),(178,69),(284,45),
172:(96,17),(27,79),(147,118),(98,30),(265,110),(98,38),(95,62),(92,154),(303,152),(190,13),(134,77),(181,77),(98,90),(217,125),(27,146),(97,144),(96,142),(86,14),(178,69),(284,45),
173:(96,17),(27,79),(147,118),(98,30),(265,110),(98,38),(95,62),(91,154),(303,152),(191,13),(134,77),(181,77),(98,90),(217,125),(27,146),(97,143),(96,142),(86,14),(178,69),(284,45),
174:(96,17),(27,79),(147,118),(98,30),(265,110),(98,38),(95,62),(90,154),(303,152),(192,13),(134,77),(181,77),(98,90),(217,125),(27,146),(97,142),(96,142),(86,14),(178,69),(284,45),
175:(96,17),(27,79),(147,118),(98,30),(265,110),(98,38),(95,62),(89,154),(303,152),(193,13),(134,77),(181,77),(98,90),(217,125),(27,146),(97,141),(97,142),(86,14),(178,69),(284,45),
176:(96,17),(27,79),(147,118),(98,30),(265,110),(98,38),(95,62),(88,154),(303,152),(194,13),(134,77),(181,77),(98,90),(217,125),(27,146),(97,140),(98,142),(86,14),(178,69),(284,45),
177:(96,17),(27,79),(147,118),(98,30),(265,110),(98,38),(95,62),(87,154),(303,152),(195,13),(134,77),(181,77),(98,90),(217,125),(27,146),(97,139),(99,142),(86,14),(178,69),(284,45),
178:(96,17),(27,79),(147,118),(98,30),(265,110),(98,38),(95,62),(86,154),(303,152),(196,13),(134,77),(181,77),(98,90),(217,125),(27,146),(97,138),(100,142),(86,14),(178,69),(284,45),
179:(96,17),(27,79),(147,118),(98,30),(265,110),(98,38),(95,62),(85,154),(303,152),(197,13),(134,77),(181,77),(98,90),(217,125),(27,146),(97,137),(101,142),(86,14),(178,69),(284,45),
180:(96,17),(27,79),(147,118),(98,30),(265,110),(98,38),(95,62),(84,154),(303,152),(198,13),(134,77),(181,77),(98,90),(217,125),(27,146),(97,136),(102,142),(86,14),(178,69),(284,45),
181:(96,17),(27,79),(147,118),(98,30),(265,110),(98,38),(95,62),(83,154),(303,152),(199,13),(134,77),(181,77),(98,90),(217,125),(27,146),(97,135),(103,142),(86,14),(178,69),(284,45),
182:(96,17),(27,79),(147,118),(98,30),(265,110),(98,38),(95,62),(82,154),(303,152),(200,13),(134,77),(181,77),(98,90),(217,125),(27,146),(97,134),(104,142),(86,14),(178,69),(284,45),
183:(96,17),(27,79),(147,118),(98,30),(265,110),(98,38),(95,62),(81,154),(303,152),(201,13),(134,77),(181,77),(98,90),(217,125),(27,146),(97,133),(105,142),(86,14),(178,69),(284,45),
184:(96,17),(27,79),(147,118),(98,30),(265,110),(98,38),(95,62),(80,154),(303,152),(202,13),(134,77),(181,77),(98,90),(217,125),(27,146),(97,132),(106,142),(86,14),(178,69),(284,45),
185:(96,17),(27,79),(147,118),(98,30),(265,110),(98,38),(95,62),(79,154),(303,152),(203,13),(134,77),(181,77),(98,90),(217,125),(27,146),(97,131),(107,142),(86,14),(178,69),(284,45),
186:(96,17),(27,79),(147,118),(98,30),(265,110),(98,38),(95,62),(78,154),(303,152),(204,13),(134,77),(181,77),(98,90),(217,125),(27,146),(97,130),(108,142),(86,14),(178,69),(284,45),
187:(96,17),(27,79),(147,118),(98,30),(265,110),(98,38),(95,62),(77,154),(303,152),(205,13),(134,77),(181,77),(98,90),(217,125),(27,146),(97,129),(109,142),(86,14),(178,69),(284,45),
188:(96,17),(27,79),(147,118),(98,30),(265,110),(98,38),(95,62),(76,154),(303,152),(206,13),(134,77),(181,77),(98,90),(217,125),(27,146),(97,128),(110,142),(86,14),(178,69),(284,45),
189:(96,17),(27,79),(147,118),(98,30),(265,110),(98,38),(95,62),(75,154),(303,152),(207,13),(134,77),(181,77),(98,90),(217,125),(27,146),(97,127),(111,142),(86,14),(178,69),(284,45),
190:(96,17),(27,79),(147,118),(98,30),(265,110),(98,38),(95,62),(74,154),(303,152),(208,13),(134,77),(181,77),(98,90),(217,125),(27,146),(97,126),(112,142),(86,14),(178,69),(284,45),
191:(96,17),(27,79),(147,118),(98,30),(265,110),(98,38),(95,62),(73,154),(303,152),(209,13),(134,77),(181,77),(98,90),(217,125),(27,146),(97,125),(113,142),(86,14),(178,69),(284,45),
192:(96,17),(27,79),(147,118),(98,30),(265,110),(98,38),(95,62),(72,154),(303,152),(210,13),(134,77),(181,77),(98,90),(217,125),(27,146),(97,124),(114,142),(86,14),(178,69),(284,45),
193:(96,17),(27,79),(147,118),(98,30),(265,110),(98,38),(95,62),(71,154),(303,152),(211,13),(134,77),(181,77),(98,90),(217,125),(27,146),(97,123),(115,142),(86,14),(178,69),(284,45),
194:(96,17),(27,79),(147,118),(98,30),(265,110),(98,38),(95,62),(70,154),(303,152),(212,13),(134,77),(181,77),(98,90),(217,125),(27,146),(97,122),(116,142),(86,14),(178,69),(284,45),
195:(96,17),(27,79),(147,118),(98,30),(265,110),(98,38),(95,62),(69,154),(303,152),(213,13),(134,77),(181,77),(98,90),(217,125),(27,146),(97,121),(117,142),(86,14),(178,69),(284,45),
196:(96,17),(27,79),(147,118),(98,30),(265,110),(98,38),(95,62),(68,154),(303,152),(214,13),(134,77),(181,77),(98,90),(217,125),(27,146),(97,120),(118,142),(86,14),(178,69),(284,45),
197:(96,17),(27,79),(147,118),(98,30),(265,110),(98,38),(95,62),(67,154),(303,152),(215,13),(134,77),(181,77),(98,90),(217,125),(27,146),(97,119),(119,142),(86,14),(178,69),(284,45),
198:(96,17),(27,79),(147,118),(98,30),(265,110),(98,38),(95,62),(66,154),(303,152),(216,13),(134,77),(181,77),(98,90),(217,125),(27,146),(97,118),(120,142),(86,14),(178,69),(284,45),
199:(96,17),(27,79),(147,118),(98,30),(265,110),(98,38),(95,62),(65,154),(303,152),(217,13),(134,77),(181,77),(98,90),(217,125),(27,146),(97,117),(121,142),(86,14),(178,69),(284,45),
200:(96,17),(27,79),(147,118),(98,30),(265,110),(98,38),(95,62),(64,154),(303,152),(218,13),(134,77),(181,77),(98,90),(217,125),(27,146),(97,116),(122,142),(86,14),(178,69),(284,45),
201:(96,17),(27,79),(147,118),(98,30),(265,110),(98,38),(95,62),(63,154),(303,152),(219,13),(134,77),(181,77),(98,90),(217,125),(27,146),(97,115),(123,142),(86,14),(178,69),(284,45),
202:(96,17),(27,79),(147,118),(98,30),(265,110),(98,38),(95,62),(62,154),(303,152),(220,13),(134,77),(181,77),(98,90),(217,125),(27,146),(97,114),(124,142),(86,14),(178,69),(284,45),
203:(96,17),(27,79),(147,118),(98,30),(265,110),(98,38),(95,62),(61,154),(303,152),(221,13),(134,77),(181,77),(98,90),(217,125),(27,146),(97,113),(125,142),(86,14),(178,69),(284,45),
204:(96,17),(27,79),(147,118),(98,30),(265,110),(98,38),(95,62),(60,154),(303,152),(222,13),(134,77),(181,77),(98,90),(217,125),(27,146),(97,112),(126,142),(86,14),(178,69),(284,45),
205:(96,17),(27,79),(147,118),(98,30),(265,110),(98,38),(95,62),(59,154),(303,152),(223,13),(134,77),(181,77),(98,90),(217,125),(27,146),(97,111),(127,142),(86,14),(178,69),(284,45),
206:(96,17),(27,79),(147,118),(98,30),(265,110),(98,38),(95,62),(58,154),(303,152),(224,13),(134,77),(181,77),(98,90),(217,125),(27,146),(97,110),(128,142),(86,14),(178,69),(284,45),
207:(96,17),(27,79),(147,118),(98,30),(265,110),(98,38),(95,62),(57,154),(303,152),(225,13),(134,77),(181,77),(98,90),(217,125),(27,146),(97,109),(129,142),(86,14),(178,69),(284,45),
208:(96,17),(27,79),(147,118),(98,30),(265,110),(98,38),(95,62),(56,154),(303,152),(226,13),(134,77),(181,77),(98,90),(217,125),(27,146),(97,108),(130,142),(86,14),(178,69),(284,45),
209:(96,17),(27,79),(147,118),(98,30),(265,110),(98,38),(95,62),(55,154),(303,152),(227,13),(134,77),(181,77),(98,90),(217,125),(27,146),(97,107),(131,142),(86,14),(178,69),(284,45),
210:(96,17),(27,79),(147,118),(98,30),(265,110),(98,38),(95,62),(54,154),(303,152),(228,13),(134,77),(181,77),(98,90),(217,125),(27,146),(97,106),(132,142),(86,14),(178,69),(284,45),
211:(96,17),(27,79),(147,118),(98,30),(265,110),(98,38),(95,62),(53,154),(303,152),(229,13),(134,77),(181,77),(98,90),(217,125),(27,146),(97,105),(133,142),(86,14),(178,69),(284,45),
212:(96,17),(27,79),(147,118),(98,30),(265,110),(98,38),(95,62),(52,154),(303,152),(230,13),(134,77),(181,77),(98,90),(217,125),(27,146),(97,104),(134,142),(86,14),(178,69),(284,45),
213:(96,17),(27,79),(147,118),(98,30),(265,110),(98,38),(95,62),(51,154),(303,152),(231,13),(134,77),(181,77),(98,90),(217,125),(27,146),(97,103),(135,142),(86,14),(178,69),(284,45),
214:(96,17),(27,79),(147,118),(98,30),(265,110),(98,38),(95,62),(50,154),(303,152),(232,13),(134,77),(181,77),(98,90),(217,125),(27,146),(97,102),(136,142),(86,14),(178,69),(284,45),
215:(96,17),(27,79),(147,118),(98,30),(265,110),(98,38),(95,62),(49,154),(303,152),(233,13),(134,77),(181,77),(98,90),(217,125),(27,146),(97,101),(137,142),(86,14),(178,69),(284,45),
216:(96,17),(27,79),(147,118),(98,30),(265,110),(98,38),(95,62),(48,154),(303,152),(234,13),(134,77),(181,77),(98,90),(217,125),(27,146),(97,100),(138,142),(86,14),(178,69),(284,45),
217:(96,17),(27,79),(147,118),(98,30),(265,110),(98,38),(95,62),(47,154),(303,152),(235,13),(134,77),(181,77),(98,90),(217,125),(27,146),(97,99),(139,142),(86,14),(178,69),(284,45),
218:(96,17),(27,79),(147,118),(98,30),(265,110),(98,38),(95,62),(46,154),(303,152),(236,13),(134,77),(181,77),(98,90),(217,125),(27,146),(97,98),(140,142),(86,14),(178,69),(284,45),
219:(96,17),(27,79),(147,118),(98,30),(265,110),(98,38),(95,62),(45,154),(303,152),(237,13),(134,77),(181,77),(98,90),(217,125),(27,146),(97,97),(141,142),(86,14),(178,69),(284,45),
220:(96,17),(27,79),(147,118),(98,30),(265,110),(98,38),(95,62),(44,154),(303,152),(238,13),(134,77),(181,77),(98,90),(217,125),(27,146),(97,96),(142,142),(86,14),(178,69),(284,45),
221:(96,17),(27,79),(147,118),(98,30),(265,110),(98,38),(95,62),(43,154),(303,152),(239,13),(134,77),(181,77),(98,90),(217,125),(27,146),(97,95),(143,142),(86,14),(178,69),(284,45),
222:(96,17),(27,79),(147,118),(98,30),(265,110),(98,38),(95,62),(42,154),(303,152),(240,13),(134,77),(181,77),(98,90),(217,125),(27,146),(97,94),(144,142),(86,14),(178,69),(284,45),
223:(96,17),(27,79),(147,118),(98,30),(265,110),(98,38),(95,62),(41,154),(303,152),(241,13),(134,77),(181,77),(98,90),(217,125),(27,146),(97,93),(145,142),(86,14),(178,69),(284,45),
224:(96,17),(27,79),(147,118),(98,30),(265,110),(98,38),(95,62),(40,154),(303,152),(242,13),(134,77),(181,77),(98,90),(217,125),(27,146),(97,92),(146,142),(86,14),(178,69),(284,45),
225:(96,17),(27,79),(147,118),(98,30),(265,110),(98,38),(95,62),(39,154),(303,152),(243,13),(134,77),(181,77),(98,90),(217,125),(27,146),(97,91),(147,142),(86,14),(178,69),(284,45),
226:(96,17),(27,79),(147,118),(98,30),(265,110),(98,38),(95,62),(38,154),(303,152),(244,13),(134,77),(181,77),(98,90),(217,125),(27,146),(97,90),(148,142),(86,14),(178,69),(284,45),
227:(96,17),(27,79),(147,118),(98,30),(265,110),(98,38),(95,62),(37,154),(303,152),(245,13),(134,77),(181,77),(98,90),(217,125),(27,146),(97,89),(149,142),(86,14),(178,69),(284,45),
228:(96,17),(27,79),(147,118),(98,30),(265,110),(98,38),(95,62),(36,154),(303,152),(246,13),(134,77),(181,77),(97,90),(217,125),(27,146),(97,88),(150,142),(86,14),(178,69),(284,45),
229:(96,17),(27,79),(147,118),(98,30),(265,110),(98,38),(95,62),(35,154),(303,152),(247,13),(134,77),(181,77),(96,90),(217,125),(27,146),(97,87),(151,142),(86,14),(178,69),(284,45),
230:(96,17),(27,79),(147,118),(98,30),(265,110),(98,38),(95,62),(34,154),(303,152),(248,13),(134,77),(181,77),(95,90),(217,125),(27,146),(97,86),(152,142),(86,14),(178,69),(284,45),
231:(96,17),(27,79),(147,118),(98,30),(265,110),(98,38),(95,62),(33,154),(303,152),(249,13),(134,77),(181,77),(94,90),(217,125),(27,146),(97,85),(153,142),(86,14),(178,69),(284,45),
232:(96,17),(27,79),(147,118),(98,30),(265,110),(98,38),(95,62),(32,154),(303,152),(250,13),(134,77),(181,77),(93,90),(217,125),(27,146),(97,84),(154,142),(86,14),(178,69),(284,45),
233:(96,17),(27,79),(147,118),(98,30),(265,110),(98,38),(95,62),(31,154),(303,152),(251,13),(134,77),(181,77),(92,90),(217,125),(27,146),(97,83),(155,142),(86,14),(178,69),(284,45),
234:(96,17),(27,79),(147,118),(98,30),(265,110),(98,38),(95,62),(30,154),(303,152),(252,13),(134,77),(181,77),(91,90),(217,125),(27,146),(97,82),(156,142),(86,14),(178,69),(284,45),
235:(96,17),(27,79),(147,118),(98,30),(265,110),(98,38),(95,62),(29,154),(303,152),(253,13),(134,77),(181,77),(90,90),(217,125),(27,146),(97,81),(157,142),(86,14),(178,69),(284,45),
236:(96,17),(27,79),(147,118),(98,30),(265,110),(98,38),(95,62),(28,154),(303,152),(254,13),(134,77),(181,77),(89,90),(217,125),(27,146),(97,80),(158,142),(86,14),(178,69),(284,45),
237:(96,17),(27,79),(147,118),(98,30),(265,110),(98,38),(95,62),(28,153),(303,152),(255,13),(134,77),(181,77),(88,90),(217,125),(27,146),(97,79),(159,142),(86,14),(178,69),(284,45),
238:(96,17),(27,79),(147,118),(98,30),(265,110),(98,38),(95,62),(28,152),(303,152),(256,13),(134,77),(181,77),(87,90),(217,125),(27,146),(97,78),(160,142),(86,14),(178,69),(284,45),
239:(96,17),(27,79),(147,118),(98,30),(265,110),(98,38),(95,62),(28,151),(303,152),(257,13),(134,77),(181,77),(86,90),(217,125),(27,146),(97,77),(161,142),(86,14),(178,69),(284,45),
240:(96,17),(27,79),(147,118),(98,30),(265,110),(98,38),(95,62),(28,150),(303,152),(258,13),(134,77),(181,77),(85,90),(217,125),(27,146),(97,76),(162,142),(86,14),(178,69),(284,45),
241:(96,17),(27,79),(147,118),(98,30),(265,110),(98,38),(95,62),(28,149),(303,152),(259,13),(134,77),(181,77),(84,90),(217,125),(27,146),(97,75),(163,142),(86,14),(178,69),(284,45),
242:(96,17),(27,79),(147,118),(98,30),(265,110),(98,38),(95,62),(28,148),(303,152),(260,13),(134,77),(181,77),(83,90),(217,125),(27,146),(97,74),(164,142),(86,14),(178,69),(284,45),
243:(96,17),(27,79),(147,118),(98,30),(265,110),(98,38),(95,62),(28,147),(303,152),(261,13),(134,77),(181,77),(82,90),(217,125),(27,146),(97,73),(165,142),(86,14),(178,69),(284,45),
244:(96,17),(27,79),(147,118),(98,30),(265,110),(98,38),(95,62),(28,146),(303,152),(262,13),(134,77),(181,77),(81,90),(217,125),(27,146),(97,72),(166,142),(86,14),(178,69),(284,45),
245:(96,17),(27,79),(147,118),(98,30),(265,110),(98,38),(95,62),(28,145),(303,152),(263,13),(134,77),(181,77),(80,90),(217,125),(28,146),(97,71),(167,142),(86,14),(178,69),(284,45),
246:(96,17),(27,79),(147,118),(98,30),(265,110),(98,38),(95,62),(28,144),(303,152),(264,13),(134,77),(181,77),(79,90),(217,125),(29,146),(97,70),(168,142),(86,14),(178,69),(284,45),
247:(96,17),(27,79),(147,118),(98,30),(265,110),(98,38),(95,62),(28,143),(303,152),(265,13),(134,77),(181,77),(78,90),(217,125),(30,146),(97,69),(169,142),(86,14),(178,69),(284,45),
248:(96,17),(27,79),(147,118),(98,30),(265,110),(98,38),(95,62),(28,142),(303,152),(266,13),(134,77),(181,77),(77,90),(217,125),(31,146),(97,68),(170,142),(86,14),(178,69),(284,45),
249:(96,17),(27,79),(147,118),(98,30),(265,110),(98,38),(95,62),(28,141),(303,152),(267,13),(134,77),(181,77),(76,90),(217,125),(32,146),(97,67),(171,142),(86,14),(178,69),(284,45),
250:(96,17),(27,79),(147,118),(98,30),(265,110),(98,38),(95,62),(28,140),(303,152),(268,13),(134,77),(181,77),(75,90),(217,125),(33,146),(97,66),(172,142),(86,14),(178,69),(284,45),
251:(96,17),(27,79),(147,118),(98,30),(265,110),(98,38),(95,62),(28,139),(303,152),(269,13),(134,77),(181,77),(74,90),(217,125),(34,146),(97,65),(173,142),(86,14),(178,69),(284,45),
252:(96,17),(27,79),(147,118),(98,30),(265,110),(98,38),(95,62),(28,138),(303,152),(270,13),(134,77),(181,77),(73,90),(217,125),(35,146),(97,64),(174,142),(86,14),(178,69),(284,45),
253:(96,17),(27,79),(147,118),(98,30),(265,110),(98,38),(95,62),(28,137),(303,152),(271,13),(134,77),(181,77),(73,91),(217,125),(36,146),(97,63),(175,142),(86,14),(178,69),(284,45),
254:(96,17),(27,79),(147,118),(98,30),(265,110),(98,38),(95,62),(28,136),(303,152),(272,13),(134,77),(181,77),(73,92),(217,125),(37,146),(97,62),(176,142),(86,14),(178,69),(284,45),
255:(96,17),(27,79),(147,118),(98,30),(265,110),(98,38),(95,62),(28,135),(303,152),(273,13),(134,77),(181,77),(73,93),(217,125),(38,146),(97,61),(177,142),(86,14),(178,69),(284,45),
256:(96,17),(27,79),(147,118),(98,30),(265,110),(98,38),(95,62),(28,134),(303,152),(274,13),(134,77),(181,77),(73,94),(217,125),(39,146),(97,60),(178,142),(86,14),(178,69),(284,45),
257:(96,17),(27,79),(147,118),(98,30),(265,110),(98,38),(95,62),(28,133),(303,152),(275,13),(134,77),(181,77),(73,95),(217,125),(40,146),(97,59),(179,142),(86,14),(178,69),(284,45),
258:(96,17),(27,79),(147,118),(98,30),(265,110),(98,38),(95,62),(28,132),(303,152),(276,13),(134,77),(181,77),(73,96),(217,125),(41,146),(97,58),(180,142),(86,14),(178,69),(284,45),
259:(96,17),(27,79),(147,118),(98,30),(265,110),(98,38),(95,62),(28,131),(303,152),(277,13),(134,77),(181,77),(73,97),(217,125),(42,146),(97,57),(181,142),(86,14),(178,69),(284,45),
260:(96,17),(27,79),(147,118),(98,30),(265,110),(98,38),(95,62),(28,130),(303,152),(278,13),(134,77),(181,77),(73,98),(217,125),(43,146),(97,56),(182,142),(86,14),(178,69),(284,45),
261:(96,17),(27,79),(147,118),(98,30),(265,110),(98,38),(95,62),(28,129),(303,152),(279,13),(134,77),(181,77),(73,99),(217,125),(44,146),(97,55),(183,142),(86,14),(178,69),(284,45),
262:(96,17),(27,79),(147,118),(98,30),(265,110),(98,38),(95,62),(28,128),(303,152),(280,13),(134,77),(181,77),(73,100),(217,125),(45,146),(97,54),(184,142),(86,14),(178,69),(284,45),
263:(96,17),(27,79),(147,118),(98,30),(265,110),(98,38),(95,62),(28,127),(303,152),(281,13),(134,77),(181,77),(73,101),(217,125),(46,146),(97,53),(185,142),(86,14),(178,69),(284,45),
264:(96,17),(27,79),(147,118),(98,30),(265,110),(98,38),(95,62),(28,126),(303,152),(282,13),(134,77),(181,77),(73,102),(217,125),(47,146),(97,52),(186,142),(86,14),(178,69),(284,45),
265:(96,17),(27,79),(147,118),(98,30),(265,110),(98,38),(95,62),(28,125),(303,152),(283,13),(134,77),(181,77),(73,103),(217,125),(48,146),(97,51),(187,142),(86,14),(178,69),(284,45),
266:(96,17),(27,79),(147,118),(98,30),(265,110),(98,38),(95,62),(28,124),(303,152),(284,13),(134,77),(181,77),(73,104),(217,125),(49,146),(97,50),(188,142),(86,14),(178,69),(284,45),
267:(96,17),(27,79),(147,118),(98,30),(265,110),(98,38),(95,62),(28,123),(303,152),(285,13),(134,77),(181,77),(73,105),(217,125),(50,146),(97,49),(189,142),(86,14),(178,69),(284,45),
268:(96,17),(27,79),(147,118),(98,30),(265,110),(98,38),(95,62),(28,122),(303,152),(286,13),(134,77),(181,77),(73,106),(217,125),(51,146),(97,48),(190,142),(86,14),(178,69),(284,45),
269:(96,17),(27,79),(147,118),(98,30),(265,110),(98,38),(95,62),(28,121),(303,152),(287,13),(134,77),(181,77),(73,107),(217,125),(52,146),(97,47),(191,142),(86,14),(178,69),(284,45),
270:(96,17),(27,79),(147,118),(98,30),(265,110),(98,38),(95,62),(28,120),(303,152),(288,13),(134,77),(181,77),(73,108),(217,125),(53,146),(97,46),(192,142),(86,14),(178,69),(284,45),
271:(96,17),(27,79),(147,118),(98,30),(265,110),(98,38),(95,62),(28,119),(303,152),(289,13),(134,77),(181,77),(73,109),(217,125),(54,146),(97,45),(193,142),(86,14),(178,69),(284,45),
272:(96,17),(27,79),(147,118),(98,30),(265,110),(98,38),(95,62),(28,118),(303,152),(290,13),(134,77),(181,77),(73,110),(217,125),(55,146),(97,44),(194,142),(86,14),(178,69),(284,45),
273:(96,17),(27,79),(147,118),(98,30),(265,110),(98,38),(95,62),(28,117),(303,152),(291,13),(134,77),(181,77),(73,111),(217,125),(56,146),(97,43),(195,142),(86,14),(178,69),(284,45),
274:(96,17),(27,79),(147,118),(98,30),(265,110),(98,38),(95,62),(28,116),(303,152),(292,13),(134,77),(181,77),(73,112),(217,125),(57,146),(97,42),(196,142),(86,14),(178,69),(284,45),
275:(96,17),(27,79),(147,118),(98,30),(265,110),(98,38),(95,62),(28,115),(303,152),(293,13),(134,77),(181,77),(73,113),(217,125),(58,146),(97,41),(197,142),(86,14),(178,69),(284,45),
276:(96,17),(27,79),(147,118),(98,30),(265,110),(98,38),(95,62),(28,114),(303,152),(294,13),(134,77),(181,77),(73,114),(217,125),(59,146),(97,40),(198,142),(86,14),(178,69),(284,45),
277:(96,17),(27,79),(147,118),(98,30),(265,110),(98,38),(95,62),(28,113),(303,152),(295,13),(134,77),(181,77),(73,115),(217,125),(60,146),(97,39),(199,142),(86,14),(178,69),(284,45),
278:(96,17),(27,79),(147,118),(98,30),(265,110),(98,38),(95,62),(28,112),(303,152),(296,13),(134,77),(181,77),(73,116),(217,125),(61,146),(97,38),(200,142),(86,14),(178,69),(284,45),
279:(96,17),(27,79),(147,118),(98,30),(265,110),(98,38),(95,62),(28,111),(303,152),(297,13),(134,77),(181,77),(73,117),(217,125),(62,146),(97,37),(201,142),(86,14),(178,69),(284,45),
280:(96,17),(27,79),(147,118),(98,30),(265,110),(97,38),(95,62),(28,110),(303,152),(298,13),(134,77),(181,77),(73,118),(217,125),(63,146),(97,36),(202,142),(86,14),(178,69),(284,45),
281:(96,17),(27,79),(147,118),(98,30),(265,110),(96,38),(95,62),(28,109),(303,152),(299,13),(134,77),(181,77),(73,119),(217,125),(64,146),(97,35),(203,142),(86,14),(178,69),(284,45),
282:(96,17),(27,79),(147,118),(98,30),(265,110),(95,38),(95,62),(28,108),(303,152),(300,13),(134,77),(181,77),(73,120),(217,125),(65,146),(97,34),(204,142),(86,14),(178,69),(284,45),
283:(96,17),(27,79),(147,118),(98,30),(265,110),(94,38),(95,62),(28,107),(303,152),(301,13),(134,77),(181,77),(73,121),(217,125),(66,146),(97,33),(205,142),(86,14),(178,69),(284,45),
284:(96,17),(27,79),(147,118),(98,30),(265,110),(93,38),(95,62),(28,106),(303,152),(302,13),(134,77),(181,77),(73,122),(217,125),(67,146),(97,32),(206,142),(86,14),(178,69),(284,45),
285:(96,17),(27,79),(147,118),(98,30),(265,110),(92,38),(95,62),(28,105),(303,152),(303,13),(134,77),(181,77),(73,123),(217,125),(68,146),(97,31),(207,142),(86,14),(178,69),(284,45),
286:(96,17),(27,79),(147,118),(98,30),(265,110),(91,38),(95,62),(28,104),(303,152),(304,13),(134,77),(181,77),(73,124),(217,125),(69,146),(97,30),(208,142),(86,14),(178,69),(284,45),
287:(96,17),(27,79),(147,118),(98,30),(265,110),(90,38),(95,62),(28,103),(303,152),(304,14),(134,77),(181,77),(73,125),(217,125),(70,146),(97,29),(209,142),(86,14),(178,69),(284,45),
288:(96,17),(27,79),(147,118),(97,30),(265,110),(89,38),(95,62),(28,102),(303,152),(304,15),(134,77),(181,77),(72,125),(217,125),(71,146),(97,28),(210,142),(86,14),(178,69),(284,45),
289:(96,17),(27,79),(147,118),(96,30),(265,110),(88,38),(95,62),(28,101),(303,152),(304,16),(134,77),(181,77),(71,125),(217,125),(72,146),(97,27),(211,142),(86,14),(178,69),(284,45),
290:(96,17),(27,79),(147,118),(95,30),(265,110),(87,38),(95,62),(28,100),(303,152),(304,17),(134,77),(181,77),(70,125),(217,125),(73,146),(97,26),(212,142),(86,14),(178,69),(284,45),
291:(96,17),(27,79),(147,118),(94,30),(265,110),(86,38),(95,62),(28,99),(303,152),(304,18),(134,77),(181,77),(69,125),(217,125),(74,146),(97,25),(213,142),(86,14),(178,69),(284,45),
292:(96,17),(27,79),(147,118),(93,30),(265,110),(85,38),(95,62),(28,98),(303,152),(304,19),(134,77),(181,77),(68,125),(217,125),(75,146),(97,24),(214,142),(86,14),(178,69),(284,45),
293:(96,17),(27,79),(147,118),(92,30),(265,110),(84,38),(95,62),(28,97),(303,152),(304,20),(134,77),(181,77),(68,126),(217,125),(76,146),(97,23),(215,142),(86,14),(178,69),(284,45),
294:(96,17),(27,79),(147,118),(91,30),(265,110),(83,38),(95,62),(28,96),(303,152),(304,21),(134,77),(181,77),(68,126),(217,125),(77,146),(97,22),(216,142),(86,14),(178,69),(284,45),
295:(96,17),(27,79),(147,118),(90,30),(265,110),(82,38),(95,62),(28,95),(303,152),(304,22),(134,77),(181,77),(68,126),(217,125),(78,146),(97,21),(217,142),(86,14),(178,69),(284,45),
296:(96,17),(27,79),(147,118),(89,30),(265,110),(81,38),(95,62),(28,94),(303,152),(304,23),(134,77),(181,77),(68,126),(217,125),(79,146),(97,20),(218,142),(86,14),(178,69),(284,45),
297:(96,17),(27,79),(147,118),(88,30),(265,110),(80,38),(95,62),(28,93),(303,152),(304,24),(134,77),(181,77),(68,126),(217,125),(80,146),(97,19),(218,141),(86,14),(178,69),(284,45),
298:(96,17),(27,79),(147,118),(87,30),(265,110),(79,38),(95,62),(28,92),(303,152),(304,25),(134,77),(181,77),(68,126),(217,125),(81,146),(97,18),(218,140),(86,14),(178,69),(284,45),
299:(96,17),(27,79),(147,118),(86,30),(265,110),(78,38),(95,62),(28,91),(303,152),(304,26),(134,77),(181,77),(68,126),(217,125),(82,146),(97,17),(218,139),(86,14),(178,69),(284,45),
300:(96,17),(27,79),(147,118),(85,30),(265,110),(77,38),(95,62),(28,90),(303,152),(304,27),(134,77),(181,77),(68,126),(217,125),(83,146),(97,16),(218,138),(86,14),(178,69),(284,45),
301:(97,17),(27,79),(147,118),(84,30),(265,110),(76,38),(95,62),(28,89),(303,152),(304,28),(134,77),(181,77),(68,126),(217,125),(84,146),(97,15),(218,137),(86,14),(178,69),(284,45),
302:(98,17),(27,79),(147,118),(83,30),(265,110),(75,38),(95,62),(28,88),(303,152),(304,29),(134,77),(181,77),(68,126),(217,125),(85,146),(97,14),(218,136),(86,14),(178,69),(284,45),
303:(99,17),(27,79),(147,118),(82,30),(265,110),(74,38),(95,62),(28,87),(303,152),(304,30),(134,77),(181,77),(68,126),(217,125),(86,146),(97,13),(218,135),(86,14),(178,69),(284,45),
304:(100,17),(27,79),(147,118),(81,30),(265,110),(73,38),(95,62),(28,86),(303,152),(304,31),(134,77),(181,77),(68,126),(217,125),(87,146),(97,12),(218,134),(86,14),(178,69),(284,45),
305:(101,17),(27,79),(147,118),(80,30),(265,110),(72,38),(95,62),(28,85),(303,152),(304,32),(134,77),(181,77),(68,126),(217,125),(88,146),(97,11),(218,133),(86,14),(178,69),(284,45),
306:(102,17),(27,79),(147,118),(79,30),(265,110),(71,38),(95,62),(28,84),(303,152),(304,33),(134,77),(181,77),(68,126),(217,125),(89,146),(97,10),(218,132),(86,14),(178,69),(284,45),
307:(103,17),(27,79),(147,118),(78,30),(265,110),(70,38),(95,62),(28,83),(303,152),(304,34),(134,77),(181,77),(68,126),(217,125),(90,146),(97,9),(218,131),(86,14),(178,69),(284,45),
308:(104,17),(27,79),(147,118),(77,30),(265,110),(69,38),(95,62),(28,82),(303,152),(304,35),(134,77),(181,77),(68,126),(217,125),(91,146),(97,8),(218,130),(86,14),(178,69),(284,45),
309:(105,17),(27,79),(147,118),(76,30),(265,110),(68,38),(95,62),(28,81),(303,152),(304,36),(134,77),(181,77),(68,126),(217,125),(92,146),(97,7),(218,129),(86,14),(178,69),(284,45),
310:(106,17),(27,79),(147,118),(75,30),(265,110),(67,38),(95,62),(28,80),(303,152),(304,37),(134,77),(181,77),(68,126),(217,125),(93,146),(97,6),(218,128),(86,14),(178,69),(284,45),
311:(107,17),(27,79),(147,118),(74,30),(265,110),(66,38),(95,62),(28,79),(303,152),(304,38),(134,77),(181,77),(68,126),(217,125),(94,146),(97,5),(218,127),(86,14),(178,69),(284,45),
312:(108,17),(27,79),(147,118),(73,30),(265,110),(65,38),(95,62),(28,78),(303,152),(304,39),(134,77),(181,77),(68,126),(217,125),(95,146),(97,4),(218,126),(86,14),(178,69),(284,45),
313:(109,17),(28,79),(147,118),(72,30),(265,110),(64,38),(95,62),(28,77),(303,152),(304,40),(134,77),(181,77),(68,126),(217,125),(96,146),(97,3),(218,125),(86,14),(178,69),(284,45),
314:(110,17),(29,79),(147,118),(71,30),(265,110),(63,38),(95,62),(28,76),(303,152),(304,41),(134,77),(181,77),(68,126),(217,125),(97,146),(97,2),(218,124),(86,14),(178,69),(284,45),
315:(111,17),(30,79),(147,118),(70,30),(265,110),(62,38),(95,62),(28,75),(303,152),(304,42),(134,77),(181,77),(68,126),(218,125),(98,146),(96,2),(218,123),(86,14),(178,69),(284,45),
316:(112,17),(30,79),(147,118),(69,30),(265,110),(61,38),(95,62),(28,74),(303,152),(304,43),(134,77),(181,77),(68,126),(219,125),(99,146),(95,2),(218,122),(86,14),(178,69),(284,45),
317:(113,17),(30,79),(147,118),(68,30),(265,110),(60,38),(95,62),(28,73),(303,152),(304,44),(134,77),(181,77),(68,126),(220,125),(100,146),(94,2),(218,121),(86,14),(178,69),(284,45),
318:(114,17),(30,79),(147,118),(67,30),(265,110),(59,38),(95,62),(28,73),(303,152),(304,45),(134,77),(181,77),(68,126),(221,125),(101,146),(93,2),(218,120),(86,14),(178,69),(284,45),
319:(115,17),(30,79),(147,118),(66,30),(265,110),(58,38),(95,62),(28,73),(303,152),(304,46),(134,77),(181,77),(68,126),(222,125),(102,146),(93,2),(218,119),(86,14),(178,69),(284,45),
320:(116,17),(30,79),(147,118),(65,30),(265,110),(57,38),(95,62),(28,73),(303,152),(304,47),(134,77),(181,77),(68,126),(223,125),(103,146),(93,2),(218,118),(86,14),(178,69),(284,45),
321:(117,17),(30,79),(147,118),(64,30),(265,110),(56,38),(95,62),(28,73),(303,152),(304,48),(134,77),(181,77),(68,126),(224,125),(104,146),(93,2),(218,117),(86,14),(178,69),(284,45),
322:(118,17),(30,79),(147,118),(63,30),(265,110),(55,38),(95,62),(28,73),(303,152),(304,49),(134,77),(181,77),(68,126),(225,125),(105,146),(93,2),(218,116),(86,14),(178,69),(284,45),
323:(119,17),(30,79),(147,118),(62,30),(265,110),(54,38),(95,62),(28,73),(303,152),(304,50),(134,77),(181,77),(68,126),(226,125),(106,146),(93,2),(218,115),(86,14),(178,69),(284,45),
324:(120,17),(30,79),(147,118),(61,30),(265,110),(53,38),(95,62),(28,73),(303,152),(304,51),(134,77),(181,77),(68,126),(227,125),(107,146),(93,2),(218,114),(86,14),(178,69),(284,45),
325:(121,17),(30,79),(147,118),(60,30),(265,110),(52,38),(95,62),(28,73),(303,152),(304,52),(134,77),(181,77),(68,126),(228,125),(108,146),(93,2),(218,113),(86,14),(178,69),(284,45),
326:(122,17),(30,79),(147,118),(59,30),(265,110),(51,38),(95,62),(28,73),(303,152),(304,53),(134,77),(181,77),(68,126),(229,125),(109,146),(93,2),(218,112),(86,14),(178,69),(284,45),
327:(123,17),(30,79),(147,118),(58,30),(265,110),(50,38),(95,62),(28,73),(303,152),(304,54),(134,77),(181,77),(68,126),(230,125),(110,146),(93,2),(218,111),(86,14),(178,69),(284,45),
328:(124,17),(30,79),(147,118),(57,30),(265,110),(49,38),(95,62),(28,73),(303,152),(304,55),(134,77),(181,77),(68,126),(231,125),(111,146),(93,2),(218,110),(86,14),(178,69),(284,45),
329:(125,17),(30,79),(147,118),(56,30),(265,110),(48,38),(95,62),(28,73),(303,152),(304,56),(134,77),(181,77),(68,126),(232,125),(112,146),(93,2),(218,109),(86,14),(178,69),(284,45),
330:(126,17),(30,79),(147,118),(55,30),(265,110),(47,38),(95,62),(28,73),(303,152),(304,57),(134,77),(181,77),(68,126),(233,125),(113,146),(93,2),(218,108),(86,14),(178,69),(284,45),
331:(127,17),(30,79),(147,118),(54,30),(265,110),(46,38),(95,62),(28,73),(303,152),(304,58),(134,77),(181,77),(68,126),(234,125),(114,146),(93,2),(218,107),(86,14),(178,69),(284,45),
332:(128,17),(30,79),(147,118),(53,30),(265,110),(45,38),(95,62),(28,73),(303,152),(304,59),(134,77),(181,77),(68,126),(235,125),(115,146),(93,2),(218,106),(86,14),(178,69),(284,45),
333:(129,17),(30,79),(147,118),(52,30),(265,110),(44,38),(95,62),(28,73),(303,152),(304,60),(134,77),(181,77),(68,126),(236,125),(116,146),(93,2),(218,105),(86,14),(178,69),(284,45),
334:(130,17),(30,79),(147,118),(51,30),(265,110),(43,38),(95,62),(28,73),(303,152),(304,61),(134,77),(181,77),(68,126),(237,125),(117,146),(93,2),(218,104),(86,14),(178,69),(284,45),
335:(131,17),(30,79),(147,118),(50,30),(265,110),(42,38),(95,62),(28,73),(303,152),(304,62),(134,77),(181,77),(68,126),(238,125),(118,146),(93,2),(218,103),(86,14),(178,69),(284,45),
336:(132,17),(30,79),(147,118),(49,30),(265,110),(41,38),(95,62),(28,73),(303,152),(304,63),(134,77),(181,77),(68,126),(239,125),(119,146),(93,2),(218,102),(86,14),(178,69),(284,45),
337:(133,17),(30,79),(147,118),(48,30),(265,110),(40,38),(95,62),(28,73),(303,152),(304,64),(134,77),(181,77),(68,126),(240,125),(120,146),(93,2),(218,101),(86,14),(178,69),(284,45),
338:(134,17),(30,79),(147,118),(47,30),(265,110),(39,38),(95,62),(28,73),(303,152),(304,65),(134,77),(181,77),(68,126),(241,125),(121,146),(93,2),(218,100),(86,14),(178,69),(284,45),
339:(135,17),(30,79),(147,118),(46,30),(265,110),(38,38),(95,62),(28,73),(303,152),(304,66),(134,77),(181,77),(68,126),(242,125),(122,146),(93,2),(218,99),(86,14),(178,69),(284,45),
340:(136,17),(30,79),(147,118),(45,30),(265,110),(37,38),(95,62),(28,73),(303,152),(304,67),(134,77),(181,77),(68,126),(243,125),(123,146),(93,2),(218,98),(86,14),(178,69),(284,45),
341:(137,17),(30,79),(147,118),(44,30),(265,110),(36,38),(95,62),(28,73),(303,152),(304,68),(134,77),(181,77),(68,126),(244,125),(124,146),(93,2),(218,97),(86,14),(178,69),(284,45),
342:(138,17),(30,79),(147,118),(43,30),(265,110),(35,38),(95,62),(28,73),(303,152),(304,69),(134,77),(181,77),(68,126),(245,125),(125,146),(93,2),(218,96),(86,14),(178,69),(284,45),
343:(139,17),(30,79),(147,118),(42,30),(265,110),(34,38),(95,62),(28,73),(303,152),(304,70),(134,77),(181,77),(68,126),(246,125),(126,146),(93,2),(218,95),(86,14),(178,69),(284,45),
344:(140,17),(30,79),(147,118),(41,30),(265,110),(33,38),(95,62),(28,73),(303,152),(304,71),(134,77),(181,77),(68,126),(247,125),(127,146),(93,2),(218,94),(86,14),(178,69),(284,45),
345:(141,17),(30,79),(147,118),(40,30),(265,110),(32,38),(95,62),(28,73),(303,152),(304,72),(134,77),(181,77),(68,126),(248,125),(128,146),(93,2),(218,93),(86,14),(178,69),(284,45),
346:(142,17),(30,79),(147,118),(39,30),(265,110),(31,38),(95,62),(28,73),(303,152),(304,73),(134,77),(181,77),(68,126),(249,125),(129,146),(93,2),(218,92),(86,14),(178,69),(284,45),
347:(143,17),(30,79),(147,118),(38,30),(265,110),(30,38),(95,62),(28,73),(303,152),(304,74),(134,77),(181,77),(68,126),(250,125),(130,146),(93,2),(218,91),(86,14),(178,69),(284,45),
348:(144,17),(30,79),(147,118),(37,30),(265,110),(29,38),(95,62),(28,73),(303,152),(304,75),(134,77),(181,77),(68,126),(251,125),(131,146),(93,2),(218,90),(86,14),(178,69),(284,45),
349:(145,17),(30,79),(147,118),(36,30),(265,110),(28,38),(95,62),(28,73),(303,152),(304,76),(134,77),(181,77),(68,126),(252,125),(132,146),(93,2),(218,89),(86,14),(178,69),(284,45),
350:(146,17),(30,79),(147,118),(35,30),(265,110),(27,38),(95,62),(28,73),(303,152),(304,77),(134,77),(181,77),(68,126),(253,125),(133,146),(93,2),(218,88),(86,14),(178,69),(284,45),
351:(147,17),(30,79),(147,118),(34,30),(265,110),(26,38),(95,62),(28,73),(303,152),(304,78),(134,77),(181,77),(68,126),(254,125),(134,146),(93,2),(218,87),(86,14),(178,69),(284,45),
352:(148,17),(30,79),(147,118),(33,30),(265,110),(25,38),(95,62),(28,73),(303,152),(304,79),(134,77),(181,77),(68,126),(255,125),(135,146),(93,2),(218,86),(86,14),(178,69),(284,45),
353:(149,17),(30,79),(147,118),(32,30),(265,110),(24,38),(95,62),(28,73),(303,152),(304,80),(134,77),(181,77),(68,126),(256,125),(136,146),(93,2),(218,85),(86,14),(178,69),(284,45),
354:(150,17),(30,79),(147,118),(31,30),(265,110),(23,38),(95,62),(28,73),(303,152),(304,81),(134,77),(181,77),(68,126),(257,125),(137,146),(93,2),(218,84),(86,14),(178,69),(284,45),
355:(151,17),(30,79),(147,118),(31,31),(265,110),(22,38),(95,62),(28,73),(303,152),(304,82),(134,77),(181,77),(68,126),(258,125),(138,146),(93,2),(218,83),(86,14),(178,69),(284,45),
356:(152,17),(30,79),(147,118),(31,32),(265,110),(21,38),(95,62),(28,73),(303,152),(304,83),(134,77),(181,77),(68,126),(259,125),(139,146),(93,2),(218,82),(86,14),(178,69),(284,45),
357:(153,17),(30,79),(147,118),(31,33),(265,110),(20,38),(95,62),(28,73),(303,152),(304,84),(134,77),(181,77),(68,126),(260,125),(140,146),(93,2),(218,81),(86,14),(178,69),(284,45),
358:(154,17),(30,79),(147,118),(31,34),(265,110),(19,38),(95,62),(28,73),(303,152),(304,85),(134,77),(181,77),(68,126),(261,125),(141,146),(93,2),(218,80),(86,14),(178,69),(284,45),
359:(155,17),(30,79),(147,118),(31,35),(265,110),(18,38),(95,62),(28,73),(303,152),(304,86),(134,77),(181,77),(68,126),(262,125),(142,146),(93,2),(218,79),(86,14),(178,69),(284,45),
360:(156,17),(30,79),(147,118),(31,36),(265,110),(17,38),(95,62),(28,73),(303,152),(304,87),(134,77),(181,77),(68,126),(263,125),(143,146),(93,2),(218,78),(86,14),(178,69),(284,45),
361:(157,17),(30,79),(147,118),(31,37),(265,110),(16,38),(95,62),(28,73),(303,152),(304,88),(134,77),(181,77),(68,126),(264,125),(144,146),(93,2),(218,77),(86,14),(178,69),(284,45),
362:(158,17),(30,79),(147,118),(31,38),(265,110),(16,39),(95,62),(28,73),(303,152),(304,89),(134,77),(181,77),(68,126),(265,125),(145,146),(93,2),(218,76),(86,14),(178,69),(284,45),
363:(159,17),(30,79),(147,118),(31,39),(265,110),(16,40),(95,62),(28,73),(303,152),(304,90),(134,77),(181,77),(68,126),(266,125),(146,146),(93,2),(218,75),(86,14),(178,69),(284,45),
364:(160,17),(30,79),(147,118),(31,40),(265,110),(16,41),(95,62),(28,73),(303,152),(304,91),(134,77),(181,77),(68,126),(266,124),(147,146),(93,2),(218,74),(86,14),(178,69),(284,45),
365:(161,17),(30,79),(147,118),(31,41),(265,110),(16,42),(95,62),(28,73),(303,152),(304,92),(134,77),(181,77),(68,126),(266,123),(148,146),(93,2),(218,73),(86,14),(178,69),(284,45),
366:(162,17),(30,79),(147,118),(31,42),(265,110),(16,43),(95,62),(28,73),(303,152),(304,93),(134,77),(181,77),(68,126),(266,122),(149,146),(93,2),(218,72),(86,14),(178,69),(284,45),
367:(163,17),(30,79),(147,118),(31,43),(265,110),(16,44),(95,62),(28,73),(303,152),(304,94),(134,77),(181,77),(68,126),(266,121),(150,146),(93,2),(218,71),(86,14),(178,69),(284,45),
368:(164,17),(30,79),(147,118),(31,44),(265,110),(16,45),(95,62),(28,73),(303,152),(304,95),(134,77),(181,77),(68,126),(266,120),(151,146),(93,2),(218,70),(86,14),(178,69),(284,45),
369:(165,17),(30,79),(147,118),(31,45),(265,110),(16,46),(95,62),(28,73),(303,152),(304,96),(134,77),(181,77),(68,126),(266,119),(152,146),(93,2),(218,69),(86,14),(178,69),(284,45),
370:(166,17),(30,79),(147,118),(31,46),(265,110),(16,47),(95,62),(28,73),(303,152),(304,97),(134,77),(181,77),(68,126),(266,118),(153,146),(93,2),(218,68),(86,14),(178,69),(284,45),
371:(167,17),(30,79),(147,118),(31,47),(265,110),(16,48),(95,62),(28,73),(303,152),(304,98),(134,77),(181,77),(68,126),(266,117),(154,146),(93,2),(218,67),(86,14),(178,69),(284,45),
372:(168,17),(30,79),(147,118),(31,48),(265,110),(16,49),(95,62),(28,73),(303,152),(304,99),(134,77),(181,77),(68,126),(266,116),(155,146),(93,2),(218,66),(86,14),(178,69),(284,45),
373:(169,17),(30,79),(147,118),(31,49),(265,110),(16,50),(95,62),(28,73),(303,152),(304,100),(134,77),(181,77),(68,126),(266,115),(156,146),(93,2),(218,65),(86,14),(178,69),(284,45),
374:(170,17),(30,79),(147,118),(31,50),(265,110),(16,51),(95,62),(28,73),(303,152),(304,101),(134,77),(181,77),(68,126),(266,114),(157,146),(93,2),(218,64),(86,14),(178,69),(284,45),
375:(171,17),(30,79),(147,118),(31,51),(265,110),(16,52),(95,62),(28,73),(303,152),(304,102),(134,77),(181,77),(68,126),(266,113),(158,146),(93,2),(218,63),(86,14),(178,69),(284,45),
376:(172,17),(30,79),(147,118),(31,52),(265,110),(16,53),(95,62),(28,73),(303,152),(304,103),(134,77),(181,77),(68,126),(266,112),(159,146),(93,2),(218,62),(86,14),(178,69),(284,45),
377:(173,17),(30,79),(147,118),(31,53),(265,110),(16,54),(95,62),(28,73),(303,152),(304,104),(134,77),(181,77),(68,126),(266,111),(160,146),(93,2),(218,61),(86,14),(178,69),(284,45),
378:(174,17),(30,79),(147,118),(31,54),(265,110),(16,55),(95,62),(28,73),(303,152),(304,105),(134,77),(181,77),(68,126),(266,110),(161,146),(93,2),(218,60),(86,14),(178,69),(284,45),
379:(175,17),(30,79),(147,118),(31,55),(265,110),(16,56),(95,62),(28,73),(303,152),(304,106),(134,77),(181,77),(68,126),(266,109),(162,146),(93,2),(218,59),(86,14),(178,69),(284,45),
380:(176,17),(30,79),(147,118),(31,56),(266,110),(16,57),(95,62),(28,73),(303,152),(304,107),(134,77),(181,77),(68,126),(266,108),(163,146),(93,2),(218,58),(86,14),(178,69),(284,45),
381:(177,17),(30,79),(147,118),(31,57),(267,110),(16,58),(95,62),(28,73),(303,152),(304,108),(134,77),(181,77),(68,126),(266,107),(164,146),(93,2),(218,57),(86,14),(178,69),(284,45),
382:(178,17),(30,79),(147,118),(31,58),(268,110),(16,59),(95,62),(28,73),(303,152),(304,109),(134,77),(181,77),(68,126),(266,106),(165,146),(93,2),(218,56),(86,14),(178,69),(284,45),
383:(179,17),(30,79),(147,118),(31,59),(269,110),(16,60),(95,62),(28,73),(303,152),(304,110),(134,77),(181,77),(68,126),(266,105),(166,146),(93,2),(218,55),(86,14),(178,69),(284,45),
384:(180,17),(30,79),(147,118),(31,60),(270,110),(16,61),(95,62),(28,73),(303,152),(304,111),(134,77),(181,77),(68,126),(266,104),(167,146),(93,2),(218,54),(86,14),(178,69),(284,45),
385:(181,17),(30,79),(147,118),(31,61),(271,110),(16,62),(95,62),(28,73),(303,152),(304,112),(134,77),(181,77),(68,126),(266,103),(168,146),(93,2),(219,54),(86,14),(178,69),(284,45),
386:(182,17),(30,79),(147,118),(31,62),(272,110),(16,63),(95,62),(28,73),(303,152),(304,113),(134,77),(181,77),(68,126),(266,102),(169,146),(93,2),(219,54),(86,14),(178,69),(284,45),
387:(183,17),(30,79),(147,118),(31,63),(273,110),(16,64),(95,62),(28,73),(303,152),(304,114),(134,77),(181,77),(68,126),(266,101),(170,146),(93,2),(219,54),(86,14),(178,69),(284,45),
388:(184,17),(30,79),(147,118),(31,64),(274,110),(16,65),(95,62),(28,73),(303,152),(304,115),(134,77),(181,77),(68,126),(266,100),(171,146),(93,2),(219,54),(86,14),(178,69),(284,45),
389:(185,17),(30,79),(147,118),(31,65),(275,110),(16,66),(95,62),(28,73),(303,152),(304,116),(134,77),(181,77),(68,126),(266,99),(172,146),(93,2),(219,54),(86,14),(178,69),(284,45),
390:(186,17),(30,79),(147,118),(31,66),(276,110),(16,67),(95,62),(28,73),(303,152),(304,117),(134,77),(181,77),(68,126),(266,98),(173,146),(93,2),(219,54),(86,14),(178,69),(284,45),
391:(187,17),(30,79),(147,118),(31,67),(277,110),(16,68),(95,62),(28,73),(303,152),(304,118),(134,77),(181,77),(68,126),(266,97),(174,146),(93,2),(219,54),(86,14),(178,69),(284,45),
392:(188,17),(30,79),(147,118),(31,68),(278,110),(16,69),(95,62),(28,73),(303,152),(304,119),(134,77),(181,77),(68,126),(266,96),(175,146),(93,2),(219,54),(86,14),(178,69),(284,45),
393:(189,17),(30,79),(147,118),(31,69),(279,110),(16,70),(95,62),(28,73),(303,152),(304,120),(134,77),(181,77),(68,126),(266,95),(176,146),(93,2),(219,54),(86,14),(178,69),(284,45),
394:(190,17),(30,79),(147,118),(31,70),(280,110),(16,71),(95,62),(28,73),(303,152),(304,121),(134,77),(181,77),(68,126),(266,94),(177,146),(93,2),(219,54),(86,14),(178,69),(284,45),
395:(191,17),(30,79),(147,118),(31,71),(281,110),(16,72),(95,62),(28,73),(303,152),(304,122),(134,77),(181,77),(68,126),(266,93),(178,146),(93,2),(219,54),(86,14),(178,69),(284,45),
396:(192,17),(30,79),(147,118),(31,72),(282,110),(16,73),(95,62),(28,73),(303,152),(304,123),(134,77),(181,77),(68,126),(266,92),(179,146),(93,2),(219,54),(86,14),(178,69),(284,45),
397:(193,17),(30,79),(147,118),(31,73),(283,110),(16,74),(95,62),(28,73),(303,152),(304,124),(134,77),(181,77),(68,126),(266,91),(180,146),(93,2),(219,54),(86,14),(178,69),(284,45),
398:(194,17),(30,79),(147,118),(31,74),(284,110),(16,75),(95,62),(28,73),(303,152),(304,125),(134,77),(181,77),(68,126),(266,90),(181,146),(93,2),(219,54),(86,14),(178,69),(284,45),
399:(195,17),(30,79),(147,118),(31,75),(285,110),(16,76),(95,62),(28,73),(303,152),(304,126),(134,77),(181,77),(68,126),(266,89),(182,146),(93,2),(219,54),(86,14),(178,69),(284,45),
400:(196,17),(30,79),(147,118),(31,76),(286,110),(16,77),(95,62),(28,73),(303,152),(304,127),(134,77),(181,77),(68,126),(266,88),(183,146),(93,2),(219,54),(86,14),(178,69),(284,45),
401:(197,17),(30,79),(147,118),(31,77),(287,110),(16,78),(95,62),(28,73),(303,152),(304,128),(134,77),(181,77),(68,126),(266,87),(184,146),(93,2),(219,54),(86,14),(178,69),(284,45),
402:(198,17),(30,79),(147,118),(31,78),(288,110),(16,79),(95,62),(28,73),(303,152),(304,129),(134,77),(181,77),(68,126),(266,86),(185,146),(93,2),(219,54),(86,14),(178,69),(284,45),
403:(199,17),(30,79),(147,118),(31,79),(289,110),(16,80),(95,62),(28,73),(303,152),(304,130),(134,77),(181,77),(68,126),(266,85),(186,146),(93,2),(219,54),(86,14),(178,69),(284,45),
404:(200,17),(30,79),(147,118),(31,80),(290,110),(16,81),(95,62),(28,73),(303,152),(304,131),(134,77),(181,77),(68,126),(266,84),(187,146),(93,2),(219,54),(86,14),(178,69),(284,45),
405:(201,17),(31,79),(147,118),(31,81),(291,110),(16,82),(95,62),(28,73),(303,152),(304,132),(134,77),(181,77),(68,126),(266,83),(188,146),(93,2),(219,54),(86,14),(178,69),(284,45),
406:(202,17),(32,79),(147,118),(31,82),(292,110),(16,83),(95,62),(28,73),(303,152),(304,133),(134,77),(181,77),(68,126),(266,82),(189,146),(93,2),(219,54),(86,14),(178,69),(284,45),
407:(203,17),(33,79),(147,118),(31,83),(293,110),(16,84),(95,62),(28,73),(303,152),(304,134),(134,77),(181,77),(68,126),(266,81),(190,146),(93,2),(219,54),(86,14),(178,69),(284,45),
408:(204,17),(34,79),(147,118),(31,83),(294,110),(16,85),(95,62),(28,73),(303,152),(304,135),(134,77),(181,77),(68,126),(266,80),(191,146),(93,2),(219,54),(86,14),(178,69),(284,45),
409:(205,17),(35,79),(147,118),(31,83),(295,110),(16,86),(95,62),(28,73),(303,152),(304,136),(134,77),(181,77),(68,126),(266,79),(192,146),(93,2),(219,54),(86,14),(178,69),(284,45),
410:(206,17),(36,79),(147,118),(31,83),(296,110),(16,87),(95,62),(28,73),(303,152),(304,137),(134,77),(181,77),(68,126),(266,78),(193,146),(93,2),(219,54),(86,14),(178,69),(284,45),
411:(207,17),(37,79),(147,118),(31,83),(297,110),(16,88),(95,62),(28,73),(303,152),(304,138),(134,77),(181,77),(68,126),(266,77),(194,146),(93,2),(219,54),(86,14),(178,69),(284,45),
412:(208,17),(38,79),(147,118),(31,83),(298,110),(16,89),(95,62),(28,73),(303,152),(304,139),(134,77),(181,77),(68,126),(266,76),(195,146),(93,2),(219,54),(86,14),(178,69),(284,45),
413:(209,17),(39,79),(147,118),(31,83),(299,110),(16,90),(95,62),(28,73),(303,152),(304,140),(134,77),(181,77),(68,126),(266,75),(196,146),(93,2),(219,54),(86,14),(178,69),(284,45),
414:(210,17),(40,79),(147,118),(31,83),(300,110),(16,91),(95,62),(28,73),(303,152),(304,141),(134,77),(181,77),(68,126),(266,74),(197,146),(93,2),(219,54),(86,14),(178,69),(284,45),
415:(211,17),(41,79),(147,118),(31,83),(301,110),(16,92),(95,62),(28,73),(303,152),(304,142),(134,77),(181,77),(68,126),(266,73),(198,146),(93,2),(219,54),(86,14),(178,69),(284,45),
416:(212,17),(42,79),(147,118),(31,83),(302,110),(16,93),(95,62),(28,73),(303,152),(304,143),(134,77),(181,77),(68,126),(266,72),(199,146),(93,2),(219,54),(86,14),(178,69),(284,45),
417:(213,17),(43,79),(147,118),(31,83),(303,110),(16,94),(95,62),(28,73),(303,152),(304,144),(134,77),(181,77),(68,126),(266,71),(200,146),(93,2),(219,54),(86,14),(178,69),(284,45),
418:(214,17),(44,79),(147,118),(31,83),(304,110),(16,95),(95,62),(28,73),(303,152),(304,145),(134,77),(181,77),(68,126),(266,70),(201,146),(93,2),(219,54),(86,14),(178,69),(284,45),
419:(215,17),(45,79),(147,118),(31,83),(305,110),(16,96),(95,62),(28,73),(303,152),(304,146),(134,77),(181,77),(68,126),(266,69),(202,146),(93,2),(219,54),(86,14),(178,69),(284,45),
420:(216,17),(46,79),(147,118),(31,83),(306,110),(16,97),(95,62),(28,73),(303,152),(304,147),(134,77),(181,77),(68,126),(266,68),(203,146),(93,2),(219,54),(86,14),(178,69),(284,45),
421:(217,17),(47,79),(147,118),(31,83),(307,110),(16,98),(95,62),(28,73),(303,152),(304,148),(134,77),(181,77),(68,126),(266,67),(204,146),(93,2),(219,54),(86,14),(178,69),(284,45),
422:(218,17),(48,79),(147,118),(31,83),(308,110),(16,99),(95,62),(28,73),(303,152),(304,149),(134,77),(181,77),(68,126),(266,66),(205,146),(93,2),(219,54),(86,14),(178,69),(284,45),
423:(218,18),(49,79),(147,118),(31,83),(309,110),(16,100),(95,62),(28,73),(303,152),(304,150),(134,77),(181,77),(68,126),(266,65),(206,146),(93,2),(219,54),(86,14),(178,69),(284,45),
424:(218,19),(50,79),(147,118),(31,83),(310,110),(16,101),(95,62),(28,73),(303,152),(304,151),(134,77),(181,77),(68,126),(266,64),(207,146),(93,2),(219,54),(86,14),(178,69),(284,45),
425:(218,20),(50,78),(147,118),(31,83),(310,111),(16,102),(95,62),(28,73),(303,152),(304,152),(134,77),(181,77),(68,126),(266,63),(208,146),(93,2),(219,54),(86,14),(178,69),(284,45),
426:(218,21),(51,78),(147,118),(31,83),(310,112),(16,103),(95,62),(28,73),(303,152),(304,153),(134,77),(181,77),(68,126),(266,62),(209,146),(93,2),(219,54),(86,14),(178,69),(284,45),
427:(218,22),(52,78),(147,118),(31,83),(310,113),(16,104),(95,62),(28,73),(304,152),(304,153),(134,77),(181,77),(68,126),(266,61),(210,146),(93,2),(219,54),(86,14),(178,69),(284,45),
428:(218,23),(53,78),(147,118),(31,83),(310,114),(16,105),(95,62),(28,73),(305,152),(304,153),(134,77),(181,77),(68,126),(266,60),(211,146),(93,2),(219,54),(86,14),(178,69),(284,45),
429:(218,23),(54,78),(147,118),(31,83),(310,115),(16,106),(95,62),(28,73),(306,152),(304,153),(134,77),(181,77),(68,126),(266,59),(212,146),(93,2),(219,54),(86,14),(178,69),(284,45),
430:(218,23),(55,78),(147,118),(31,83),(310,116),(16,107),(95,62),(28,73),(307,152),(304,153),(134,77),(181,77),(68,126),(266,58),(213,146),(93,2),(219,54),(86,14),(178,69),(284,45),
431:(218,23),(56,78),(147,118),(31,83),(310,117),(16,108),(95,62),(28,73),(308,152),(304,153),(134,77),(181,77),(68,126),(266,57),(214,146),(93,2),(219,54),(86,14),(178,69),(284,45),
432:(218,23),(57,78),(147,118),(31,83),(310,118),(16,109),(95,62),(28,73),(309,152),(304,153),(134,77),(181,77),(68,126),(266,56),(215,146),(93,2),(219,54),(86,14),(178,69),(284,45),
433:(218,23),(58,78),(147,118),(31,83),(310,119),(16,110),(95,62),(28,73),(310,152),(304,153),(134,77),(181,77),(68,126),(266,55),(216,146),(93,2),(219,54),(86,14),(178,69),(284,45),
434:(218,23),(59,78),(147,118),(31,83),(310,120),(16,111),(95,62),(28,73),(311,152),(304,153),(134,77),(181,77),(68,126),(266,54),(217,146),(93,2),(219,54),(86,14),(178,69),(284,45),
435:(218,23),(60,78),(147,118),(31,83),(310,121),(16,112),(95,62),(28,73),(312,152),(304,153),(134,77),(181,77),(68,126),(266,53),(218,146),(93,2),(219,54),(86,14),(178,69),(284,45),
436:(218,23),(61,78),(147,118),(31,83),(310,122),(16,113),(95,62),(28,73),(313,152),(304,153),(134,77),(181,77),(68,126),(266,52),(219,146),(93,2),(219,54),(86,14),(178,69),(284,45),
437:(218,23),(62,78),(147,118),(31,83),(310,123),(16,114),(95,62),(28,73),(314,152),(304,153),(134,77),(181,77),(68,126),(266,51),(220,146),(93,2),(219,54),(86,14),(178,69),(284,45),
438:(218,23),(63,78),(147,118),(31,83),(310,124),(16,115),(95,62),(28,73),(315,152),(304,153),(134,77),(181,77),(68,126),(266,50),(221,146),(93,2),(219,54),(86,14),(178,69),(284,45),
439:(218,23),(64,78),(147,118),(31,83),(310,125),(16,116),(95,62),(28,73),(316,152),(304,153),(134,77),(181,77),(68,126),(266,49),(222,146),(93,2),(219,54),(86,14),(178,69),(284,45),
440:(218,23),(65,78),(147,118),(31,83),(310,126),(16,117),(95,62),(28,73),(317,152),(304,153),(134,77),(181,77),(68,126),(266,48),(223,146),(93,2),(219,54),(86,14),(178,69),(284,45),
441:(218,23),(66,78),(147,118),(31,83),(310,127),(16,118),(95,62),(28,73),(318,152),(304,153),(134,77),(181,77),(68,126),(266,47),(224,146),(93,2),(219,54),(86,14),(178,69),(284,45),
442:(218,23),(67,78),(147,118),(31,83),(310,128),(16,119),(95,62),(28,73),(319,152),(304,153),(134,77),(181,77),(68,126),(266,46),(225,146),(93,2),(219,54),(86,14),(178,69),(284,45),
443:(218,23),(68,78),(147,118),(31,83),(310,129),(16,120),(95,62),(28,73),(320,152),(304,153),(134,77),(181,77),(68,126),(266,45),(226,146),(93,2),(219,54),(86,14),(178,69),(284,45),
444:(218,23),(69,78),(147,118),(31,83),(310,130),(16,121),(95,62),(28,73),(321,152),(304,153),(134,77),(181,77),(68,126),(266,44),(227,146),(93,2),(219,54),(86,14),(178,69),(284,45),
445:(218,23),(70,78),(147,118),(31,83),(310,131),(16,122),(95,62),(28,73),(322,152),(304,153),(134,77),(181,77),(68,126),(266,43),(228,146),(93,2),(219,54),(86,14),(178,69),(284,45),
446:(218,23),(71,78),(147,118),(31,83),(310,132),(16,123),(95,62),(28,73),(323,152),(304,153),(134,77),(181,77),(68,126),(266,42),(229,146),(93,2),(219,54),(86,14),(178,69),(284,45),
447:(218,23),(72,78),(147,118),(31,83),(310,133),(16,124),(95,62),(28,73),(324,152),(304,153),(134,77),(181,77),(68,126),(266,41),(230,146),(93,2),(219,54),(86,14),(178,69),(284,45),
448:(218,23),(73,78),(147,118),(31,83),(310,134),(16,125),(95,62),(28,73),(325,152),(304,153),(134,77),(181,77),(68,126),(266,40),(231,146),(93,2),(219,54),(86,14),(178,69),(284,45),
449:(218,23),(74,78),(147,118),(31,83),(310,135),(16,126),(95,62),(28,73),(326,152),(304,153),(134,77),(181,77),(68,126),(266,39),(232,146),(93,2),(219,54),(86,14),(178,69),(284,45),
450:(218,23),(75,78),(147,118),(31,83),(310,136),(16,127),(95,62),(28,73),(327,152),(304,153),(134,77),(181,77),(68,126),(266,38),(233,146),(93,2),(219,54),(86,14),(178,69),(284,45),
451:(218,23),(76,78),(147,118),(31,83),(310,136),(16,128),(95,62),(28,73),(328,152),(304,153),(134,77),(181,77),(68,126),(266,37),(234,146),(93,2),(219,54),(86,14),(178,69),(284,45),
452:(218,23),(77,78),(147,118),(31,83),(310,136),(16,129),(95,62),(28,73),(329,152),(304,153),(134,77),(181,77),(68,126),(266,36),(235,146),(93,2),(219,54),(86,14),(178,69),(284,45),
453:(218,23),(78,78),(147,118),(31,83),(310,136),(16,130),(95,62),(28,73),(330,152),(304,153),(134,77),(181,77),(68,126),(266,35),(236,146),(93,2),(219,54),(86,14),(178,69),(284,45),
454:(218,23),(79,78),(147,118),(31,83),(310,136),(16,131),(95,62),(28,73),(331,152),(304,153),(134,77),(181,77),(68,126),(266,34),(237,146),(93,2),(219,54),(86,14),(178,69),(284,45),
455:(218,23),(80,78),(147,118),(31,83),(310,136),(16,132),(95,62),(28,73),(332,152),(304,153),(134,77),(181,77),(68,126),(266,33),(238,146),(93,2),(219,54),(86,14),(178,69),(284,45),
456:(218,23),(81,78),(147,118),(31,83),(310,136),(16,133),(95,62),(28,73),(333,152),(304,153),(134,77),(181,77),(68,126),(266,32),(239,146),(93,2),(219,54),(86,14),(178,69),(284,45),
457:(218,23),(82,78),(147,118),(31,83),(310,136),(16,134),(95,62),(28,73),(334,152),(304,153),(134,77),(181,77),(68,126),(266,31),(240,146),(93,2),(219,54),(86,14),(178,69),(284,45),
458:(218,23),(83,78),(147,118),(31,83),(310,136),(16,135),(95,62),(28,73),(335,152),(304,153),(134,77),(181,77),(68,126),(266,30),(241,146),(93,2),(219,54),(86,14),(178,69),(284,45),
459:(218,23),(84,78),(147,118),(31,83),(310,136),(16,136),(95,62),(28,73),(336,152),(304,153),(134,77),(181,77),(68,126),(266,29),(242,146),(93,2),(219,54),(86,14),(178,69),(284,45),
460:(218,23),(85,78),(147,118),(31,83),(310,136),(16,137),(95,62),(28,73),(336,151),(304,153),(134,77),(181,77),(68,126),(266,28),(243,146),(93,2),(219,54),(86,14),(178,69),(284,45),
461:(218,23),(86,78),(147,118),(31,83),(310,136),(16,138),(95,62),(28,73),(336,150),(304,153),(134,77),(181,77),(68,126),(266,27),(244,146),(93,2),(219,54),(86,14),(178,69),(284,45),
462:(218,23),(87,78),(147,118),(31,83),(310,136),(16,139),(95,62),(28,73),(336,149),(304,153),(134,77),(181,77),(68,126),(266,26),(245,146),(93,2),(219,54),(86,14),(178,69),(284,45),
463:(218,23),(88,78),(147,118),(31,83),(310,136),(16,140),(95,62),(28,73),(336,148),(304,153),(134,77),(181,77),(68,126),(266,25),(246,146),(93,2),(219,54),(86,14),(178,69),(284,45),
464:(218,23),(89,78),(147,118),(31,83),(310,136),(16,141),(95,62),(28,73),(336,147),(304,153),(134,77),(181,77),(68,126),(266,24),(247,146),(93,2),(219,54),(86,14),(178,69),(284,45),
465:(218,23),(90,78),(147,118),(31,83),(310,136),(16,142),(95,62),(28,73),(336,146),(304,153),(134,77),(181,77),(68,126),(266,23),(248,146),(93,2),(219,54),(86,14),(178,69),(284,45),
466:(218,23),(91,78),(147,118),(31,83),(310,136),(16,143),(95,62),(28,73),(336,145),(304,153),(134,77),(181,77),(68,126),(266,22),(249,146),(93,2),(219,54),(86,14),(178,69),(284,45),
467:(218,23),(92,78),(147,118),(31,83),(310,136),(16,144),(95,62),(28,73),(336,144),(304,153),(134,77),(181,77),(68,126),(266,21),(250,146),(93,2),(219,54),(86,14),(178,69),(284,45),
468:(218,23),(93,78),(147,118),(31,83),(310,136),(16,145),(95,62),(28,73),(336,143),(304,153),(134,77),(181,77),(68,126),(266,20),(251,146),(93,2),(219,54),(86,14),(178,69),(284,45),
469:(218,23),(94,78),(147,118),(31,83),(310,136),(16,145),(95,62),(28,73),(336,142),(304,153),(134,77),(181,77),(68,126),(266,19),(252,146),(93,2),(219,54),(86,14),(178,69),(284,45),
470:(218,23),(95,78),(147,118),(31,83),(310,136),(16,145),(95,62),(28,73),(336,141),(304,153),(134,77),(181,77),(68,126),(266,18),(253,146),(93,2),(219,54),(86,14),(178,69),(284,45),
471:(218,23),(96,78),(147,118),(31,83),(310,136),(16,145),(95,62),(28,73),(336,140),(304,153),(134,77),(181,77),(68,126),(266,17),(254,146),(93,2),(219,54),(86,14),(178,69),(284,45),
472:(218,23),(97,78),(147,118),(31,83),(310,136),(16,145),(95,62),(28,73),(336,139),(304,153),(134,77),(181,77),(68,126),(266,16),(255,146),(93,2),(219,54),(86,14),(178,69),(284,45),
473:(218,23),(98,78),(147,118),(31,83),(310,136),(16,145),(95,62),(28,73),(336,138),(304,153),(134,77),(181,77),(68,126),(266,15),(256,146),(93,2),(219,54),(86,14),(178,69),(284,45),
474:(218,23),(99,78),(147,118),(31,83),(310,136),(16,145),(95,62),(28,73),(336,137),(304,153),(134,77),(181,77),(68,126),(266,14),(257,146),(93,2),(219,54),(86,14),(178,69),(284,45),
475:(218,23),(100,78),(147,118),(31,83),(310,136),(16,145),(95,62),(28,73),(336,136),(304,153),(134,77),(181,77),(68,126),(267,14),(258,146),(93,2),(219,54),(86,14),(178,69),(284,45),
476:(218,23),(101,78),(147,118),(31,83),(310,136),(16,145),(95,62),(28,73),(336,135),(304,153),(134,77),(181,77),(68,126),(268,14),(259,146),(93,2),(219,54),(86,14),(178,69),(284,45),
477:(218,23),(102,78),(147,118),(31,83),(310,136),(16,145),(95,62),(28,73),(336,134),(304,153),(134,77),(181,77),(68,126),(269,14),(260,146),(93,2),(219,54),(86,14),(178,69),(284,45),
478:(218,23),(103,78),(147,118),(31,83),(310,136),(16,145),(95,62),(28,73),(336,133),(304,153),(134,77),(181,77),(68,126),(270,14),(261,146),(93,2),(219,54),(86,14),(178,69),(284,45),
479:(218,23),(104,78),(147,118),(31,83),(310,136),(16,145),(95,62),(28,73),(336,132),(304,153),(134,77),(181,77),(68,126),(270,13),(262,146),(93,2),(219,54),(86,14),(178,69),(284,45),
480:(218,23),(105,78),(147,118),(31,83),(310,136),(16,145),(95,62),(28,73),(336,131),(304,153),(134,77),(181,77),(68,126),(270,13),(263,146),(93,2),(219,54),(86,14),(178,69),(284,45),
481:(218,23),(106,78),(147,118),(31,83),(310,136),(16,145),(95,62),(28,73),(336,130),(304,153),(134,77),(181,77),(68,126),(270,13),(264,146),(93,2),(219,54),(86,14),(178,69),(284,45),
482:(218,23),(107,78),(147,118),(31,83),(310,136),(16,145),(95,62),(28,73),(336,129),(304,153),(134,77),(181,77),(68,126),(270,13),(265,146),(93,2),(219,54),(86,14),(178,69),(284,45),
483:(218,23),(108,78),(147,118),(31,83),(310,136),(16,145),(95,62),(28,73),(336,128),(304,153),(134,77),(181,77),(68,126),(270,13),(266,146),(93,2),(219,54),(86,14),(178,69),(284,45),
484:(218,23),(109,78),(147,118),(31,83),(310,136),(16,145),(95,62),(28,73),(336,127),(304,153),(134,77),(181,77),(68,126),(270,13),(267,146),(93,2),(219,54),(86,14),(178,69),(284,45),
485:(218,23),(110,78),(147,118),(31,83),(310,136),(16,145),(95,62),(28,73),(336,126),(304,153),(134,77),(181,77),(68,126),(270,13),(268,146),(93,2),(219,54),(86,14),(178,69),(284,45),
486:(218,23),(111,78),(147,118),(31,83),(310,136),(16,145),(95,62),(28,73),(336,125),(304,153),(134,77),(181,77),(68,126),(270,13),(269,146),(93,2),(219,54),(86,14),(178,69),(284,45),
487:(218,23),(112,78),(147,118),(31,83),(310,136),(16,145),(95,62),(28,73),(336,124),(304,153),(134,77),(181,77),(68,126),(270,13),(270,146),(93,2),(219,54),(86,14),(178,69),(284,45),
488:(218,23),(113,78),(147,118),(31,83),(310,136),(16,145),(95,62),(28,73),(336,123),(304,153),(134,77),(181,77),(68,126),(270,13),(271,146),(93,2),(219,54),(86,14),(178,69),(284,45),
489:(218,23),(114,78),(147,118),(31,83),(310,136),(16,145),(95,62),(28,73),(336,122),(304,153),(134,77),(181,77),(68,126),(270,13),(272,146),(93,2),(219,54),(86,14),(178,69),(284,45),
490:(218,23),(115,78),(147,118),(31,83),(310,136),(16,145),(95,62),(28,73),(336,121),(304,153),(134,77),(181,77),(68,126),(270,13),(273,146),(93,2),(219,54),(86,14),(178,69),(284,45),
491:(218,23),(116,78),(147,118),(31,83),(310,136),(16,145),(95,62),(28,73),(336,120),(304,153),(134,77),(181,77),(68,126),(270,13),(274,146),(93,2),(219,54),(86,14),(178,69),(284,45),
492:(218,23),(117,78),(147,118),(31,83),(310,136),(16,145),(95,62),(28,73),(336,119),(304,153),(134,77),(181,77),(68,126),(270,13),(275,146),(93,2),(219,54),(86,14),(178,69),(284,45),
493:(218,23),(118,78),(147,118),(31,83),(310,136),(16,145),(95,62),(28,73),(336,118),(304,153),(134,77),(181,77),(68,126),(270,13),(276,146),(93,2),(219,54),(86,14),(178,69),(284,45),
494:(218,23),(119,78),(147,118),(31,83),(310,136),(16,145),(95,62),(28,73),(336,117),(304,153),(134,77),(181,77),(68,126),(270,13),(277,146),(93,2),(219,54),(86,14),(178,69),(284,45),
495:(218,23),(120,78),(147,118),(31,83),(310,136),(16,145),(95,62),(28,73),(336,116),(304,153),(134,77),(181,77),(68,126),(270,13),(278,146),(93,2),(219,54),(86,14),(178,69),(284,45),
496:(218,23),(121,78),(147,118),(31,83),(310,136),(16,145),(95,62),(28,73),(336,115),(304,153),(134,77),(181,77),(68,126),(270,13),(279,146),(93,2),(219,54),(86,14),(178,69),(284,45),
497:(218,23),(122,78),(147,118),(31,83),(310,136),(16,145),(95,62),(28,73),(336,114),(304,153),(134,77),(181,77),(68,126),(270,13),(280,146),(93,2),(219,54),(86,14),(178,69),(284,45),
498:(218,23),(123,78),(147,118),(31,83),(310,136),(16,145),(95,62),(28,73),(336,113),(304,153),(134,77),(181,77),(68,126),(270,13),(281,146),(93,2),(219,54),(86,14),(178,69),(284,45),
499:(218,23),(124,78),(147,118),(31,83),(310,136),(16,145),(95,62),(28,73),(336,112),(304,153),(134,77),(181,77),(68,126),(270,13),(282,146),(93,2),(219,54),(86,14),(178,69),(284,45),
500:(218,23),(125,78),(147,118),(31,83),(310,136),(16,145),(95,62),(28,73),(336,111),(304,153),(134,77),(181,77),(68,126),(270,13),(283,146),(93,2),(219,54),(86,14),(178,69),(284,45),
501:(218,23),(126,78),(147,118),(31,83),(310,136),(16,145),(95,62),(28,73),(336,110),(304,153),(134,77),(181,77),(68,126),(270,13),(284,146),(93,2),(219,54),(86,14),(178,69),(284,45),
