instance=temp_instance.txt
agents=30
map_file=den520d.map
solver=PIBTOLD
solved=1
soc=5330
lb_soc=4900
makespan=341
lb_makespan=341
comp_time=17
preprocessing_comp_time=16
starts=(13,154),(155,209),(187,81),(12,151),(87,97),(17,202),(126,51),(234,57),(61,167),(223,92),(209,76),(58,78),(182,155),(106,99),(67,36),(78,189),(58,53),(63,94),(209,177),(75,136),(250,23),(190,178),(61,177),(114,34),(235,68),(218,218),(55,72),(37,158),(136,1),(77,48),
goals=(188,170),(180,159),(14,195),(49,156),(134,42),(33,189),(182,80),(239,61),(186,68),(178,143),(133,230),(160,153),(126,175),(87,162),(156,99),(121,221),(159,30),(170,64),(16,193),(150,154),(171,127),(78,145),(203,192),(18,156),(162,19),(241,99),(79,86),(117,114),(102,210),(247,61),
solution=
0:(13,154),(155,209),(187,81),(12,151),(87,97),(17,202),(126,51),(234,57),(61,167),(223,92),(209,76),(58,78),(182,155),(106,99),(67,36),(78,189),(58,53),(63,94),(209,177),(75,136),(250,23),(190,178),(61,177),(114,34),(235,68),(218,218),(55,72),(37,158),(136,1),(77,48),
1:(14,154),(155,210),(186,81),(13,151),(86,97),(18,202),(125,51),(234,58),(61,166),(223,91),(208,76),(58,79),(181,155),(106,100),(68,36),(79,189),(59,53),(64,94),(208,177),(75,137),(250,24),(189,178),(61,176),(114,35),(235,67),(217,218),(56,72),(38,158),(136,2),(77,47),
2:(14,155),(154,210),(186,82),(13,152),(85,97),(18,201),(125,50),(234,59),(61,165),(222,91),(208,77),(58,80),(180,155),(106,101),(68,37),(80,189),(60,53),(65,94),(208,176),(75,138),(249,24),(189,177),(62,176),(114,36),(234,67),(217,217),(56,73),(38,157),(136,3),(78,47),
3:(15,155),(154,211),(186,83),(13,153),(84,97),(18,200),(124,50),(234,60),(61,164),(221,91),(207,77),(58,81),(179,155),(106,102),(68,38),(81,189),(61,53),(65,93),(207,176),(75,139),(249,25),(188,177),(62,175),(115,36),(234,66),(216,217),(56,74),(39,157),(137,3),(79,47),
4:(15,156),(154,212),(186,84),(13,154),(83,97),(18,199),(124,49),(234,61),(62,164),(220,91),(207,78),(59,81),(178,155),(106,103),(69,38),(81,190),(62,53),(66,93),(206,176),(75,140),(248,25),(188,176),(63,175),(116,36),(234,65),(215,217),(56,75),(39,156),(137,4),(80,47),
5:(16,156),(154,213),(186,85),(13,155),(82,97),(18,198),(124,48),(235,61),(63,164),(219,91),(206,78),(59,82),(177,155),(107,103),(70,38),(82,190),(62,52),(67,93),(205,176),(75,141),(247,25),(187,176),(64,175),(117,36),(234,64),(215,216),(56,76),(40,156),(137,5),(81,47),
6:(17,156),(154,214),(185,85),(13,156),(82,96),(18,197),(125,48),(236,61),(64,164),(219,90),(205,78),(60,82),(176,155),(107,104),(70,39),(82,191),(63,52),(68,93),(204,176),(76,141),(246,25),(186,176),(65,175),(117,37),(233,64),(215,215),(56,77),(40,155),(138,5),(82,47),
7:(18,156),(153,214),(184,85),(14,156),(81,96),(18,196),(125,47),(237,61),(64,163),(219,89),(204,78),(60,83),(175,155),(107,105),(70,40),(82,192),(63,51),(69,93),(203,176),(77,141),(245,25),(186,175),(66,175),(118,37),(232,64),(214,215),(57,77),(41,155),(138,6),(83,47),
8:(19,156),(152,214),(184,86),(15,156),(81,95),(18,195),(126,47),(238,61),(65,163),(218,89),(204,79),(61,83),(174,155),(107,106),(70,41),(82,193),(64,51),(70,93),(203,175),(78,141),(245,26),(185,175),(67,175),(119,37),(231,64),(213,215),(58,77),(42,155),(138,7),(84,47),
9:(19,157),(151,214),(184,87),(16,156),(80,95),(18,194),(127,47),(239,61),(65,162),(217,89),(204,80),(62,83),(174,156),(107,107),(70,42),(83,193),(65,51),(71,93),(203,174),(79,141),(244,26),(184,175),(67,174),(119,38),(230,64),(212,215),(58,78),(42,154),(138,8),(85,47),
10:(20,157),(150,214),(184,88),(17,156),(80,94),(18,193),(128,47),(239,61),(65,161),(217,88),(203,80),(62,84),(173,156),(107,108),(71,42),(84,193),(66,51),(72,93),(203,173),(79,142),(244,27),(184,174),(68,174),(119,39),(229,64),(212,214),(59,78),(42,153),(138,9),(86,47),
11:(21,157),(149,214),(184,89),(18,156),(79,94),(18,192),(129,47),(239,61),(65,160),(217,87),(203,81),(62,85),(172,156),(108,108),(71,43),(85,193),(67,51),(73,93),(202,173),(80,142),(243,27),(184,173),(69,174),(119,40),(228,64),(211,214),(59,79),(43,153),(138,10),(87,47),
12:(21,158),(148,214),(184,90),(19,156),(78,94),(18,191),(130,47),(239,61),(65,159),(216,87),(203,82),(63,85),(171,156),(109,108),(71,44),(85,194),(68,51),(74,93),(201,173),(80,143),(242,27),(183,173),(70,174),(120,40),(227,64),(210,214),(60,79),(44,153),(138,11),(88,47),
13:(22,158),(147,214),(183,90),(20,156),(78,93),(18,190),(131,47),(239,61),(66,159),(215,87),(202,82),(63,86),(170,156),(110,108),(71,45),(85,195),(68,50),(75,93),(200,173),(81,143),(241,27),(183,172),(71,174),(121,40),(227,63),(210,213),(61,79),(45,153),(138,12),(89,47),
14:(23,158),(146,214),(182,90),(21,156),(77,93),(18,189),(132,47),(239,61),(66,158),(215,86),(202,83),(63,87),(170,157),(111,108),(71,46),(85,196),(69,50),(76,93),(199,173),(82,143),(240,27),(182,172),(71,173),(122,40),(227,62),(210,212),(61,80),(46,153),(138,13),(90,47),
15:(24,158),(145,214),(182,91),(22,156),(77,92),(18,188),(133,47),(239,61),(66,157),(214,86),(201,83),(63,88),(169,157),(112,108),(71,47),(86,196),(70,50),(77,93),(198,173),(82,144),(239,27),(182,171),(72,173),(122,41),(226,62),(209,212),(62,80),(47,153),(138,14),(91,47),
16:(25,158),(144,214),(181,91),(23,156),(76,92),(18,187),(134,47),(239,61),(67,157),(213,86),(201,84),(64,88),(168,157),(113,108),(71,48),(87,196),(71,50),(78,93),(197,173),(83,144),(239,28),(182,170),(73,173),(122,42),(226,61),(209,211),(62,81),(48,153),(138,15),(92,47),
17:(26,158),(143,214),(181,92),(24,156),(76,91),(18,186),(135,47),(239,61),(67,156),(212,86),(200,84),(65,88),(167,157),(114,108),(71,48),(87,197),(71,49),(79,93),(196,173),(84,144),(238,28),(181,170),(74,173),(123,42),(225,61),(209,210),(62,82),(49,153),(138,16),(93,47),
18:(27,158),(142,214),(180,92),(25,156),(75,91),(18,185),(136,47),(239,61),(67,155),(211,86),(200,85),(65,89),(166,157),(115,108),(71,49),(88,197),(72,49),(80,93),(195,173),(85,144),(237,28),(180,170),(75,173),(124,42),(224,61),(208,210),(62,83),(50,153),(139,16),(94,47),
19:(28,158),(141,214),(179,92),(26,156),(74,91),(18,184),(137,47),(239,61),(68,155),(210,86),(200,86),(65,90),(166,158),(116,108),(71,50),(88,198),(72,48),(81,93),(194,173),(86,144),(237,29),(180,169),(76,173),(124,43),(224,60),(207,210),(62,84),(51,153),(139,17),(95,47),
20:(28,159),(140,214),(178,92),(27,156),(73,91),(18,183),(138,47),(239,61),(69,155),(209,86),(199,86),(66,90),(166,159),(117,108),(71,51),(88,199),(73,48),(82,93),(193,173),(87,144),(236,29),(179,169),(77,173),(124,44),(224,59),(207,209),(63,84),(52,153),(139,18),(96,47),
21:(29,159),(139,214),(177,92),(28,156),(72,91),(19,183),(139,47),(239,61),(69,154),(208,86),(198,86),(67,90),(165,159),(118,108),(71,52),(89,199),(73,47),(83,93),(192,173),(88,144),(235,29),(179,168),(78,173),(125,44),(224,58),(206,209),(64,84),(53,153),(140,18),(97,47),
22:(30,159),(138,214),(177,93),(29,156),(72,90),(20,183),(140,47),(239,61),(70,154),(207,86),(197,86),(67,91),(164,159),(119,108),(71,53),(89,200),(74,47),(84,93),(191,173),(88,145),(235,30),(179,167),(79,173),(125,45),(224,57),(205,209),(64,85),(54,153),(140,19),(98,47),
23:(31,159),(137,214),(176,93),(30,156),(72,89),(21,183),(141,47),(239,61),(71,154),(206,86),(196,86),(68,91),(164,160),(120,108),(71,54),(89,201),(75,47),(85,93),(190,173),(88,146),(234,30),(179,166),(80,173),(125,46),(223,57),(204,209),(64,86),(55,153),(141,19),(99,47),
24:(32,159),(136,214),(176,94),(31,156),(72,88),(22,183),(142,47),(239,61),(71,153),(205,86),(195,86),(68,92),(163,160),(121,108),(71,55),(90,201),(76,47),(86,93),(189,173),(89,146),(234,31),(179,165),(81,173),(126,46),(222,57),(203,209),(65,86),(56,153),(142,19),(100,47),
25:(32,160),(135,214),(175,94),(32,156),(71,88),(23,183),(143,47),(239,61),(72,153),(204,86),(194,86),(68,93),(162,160),(122,108),(71,56),(91,201),(77,47),(87,93),(188,173),(90,146),(234,32),(179,164),(82,173),(127,46),(221,57),(202,209),(66,86),(57,153),(142,20),(101,47),
26:(32,161),(134,214),(174,94),(33,156),(71,87),(24,183),(143,48),(239,61),(73,153),(203,86),(193,86),(69,93),(161,160),(123,108),(71,57),(91,202),(78,47),(88,93),(187,173),(91,146),(234,33),(179,163),(83,173),(128,46),(220,57),(202,208),(67,86),(58,153),(142,21),(102,47),
27:(33,161),(133,214),(174,95),(34,156),(71,86),(25,183),(144,48),(239,61),(74,153),(202,86),(192,86),(69,94),(160,160),(124,108),(71,58),(91,203),(79,47),(89,93),(186,173),(91,147),(234,34),(178,163),(84,173),(128,47),(220,56),(201,208),(68,86),(59,153),(143,21),(103,47),
28:(34,161),(132,214),(174,96),(35,156),(71,85),(26,183),(145,48),(239,61),(75,153),(201,86),(191,86),(69,95),(160,161),(125,108),(71,59),(91,204),(80,47),(90,93),(185,173),(92,147),(234,35),(178,162),(85,173),(129,47),(220,55),(201,207),(69,86),(60,153),(144,21),(104,47),
29:(34,162),(131,214),(174,97),(36,156),(71,84),(27,183),(146,48),(239,61),(76,153),(200,86),(190,86),(69,96),(160,162),(126,108),(71,60),(92,204),(81,47),(91,93),(184,173),(92,148),(234,36),(177,162),(86,173),(130,47),(220,54),(200,207),(70,86),(61,153),(145,21),(105,47),
30:(34,163),(130,214),(173,97),(37,156),(71,83),(27,184),(147,48),(239,61),(77,153),(199,86),(189,86),(70,96),(160,163),(127,108),(71,61),(93,204),(82,47),(92,93),(183,173),(92,149),(234,37),(176,162),(87,173),(131,47),(220,53),(199,207),(71,86),(62,153),(145,22),(106,47),
31:(35,163),(129,214),(173,98),(38,156),(71,82),(28,184),(148,48),(239,61),(78,153),(198,86),(188,86),(71,96),(159,163),(128,108),(71,62),(94,204),(83,47),(93,93),(182,173),(93,149),(233,37),(176,161),(88,173),(132,47),(219,53),(199,206),(72,86),(63,153),(145,23),(107,47),
32:(36,163),(129,213),(173,99),(39,156),(71,81),(28,185),(149,48),(239,61),(79,153),(197,86),(187,86),(72,96),(159,164),(129,108),(71,63),(94,205),(84,47),(94,93),(181,173),(93,150),(233,38),(176,160),(89,173),(133,47),(218,53),(199,205),(73,86),(64,153),(145,24),(108,47),
33:(37,163),(128,213),(172,99),(40,156),(71,80),(28,186),(150,48),(239,61),(80,153),(196,86),(186,86),(73,96),(159,165),(130,108),(71,64),(95,205),(85,47),(95,93),(180,173),(93,151),(233,39),(175,160),(90,173),(134,47),(217,53),(199,204),(74,86),(65,153),(146,24),(109,47),
34:(37,164),(127,213),(172,100),(41,156),(71,79),(29,186),(151,48),(239,61),(81,153),(195,86),(185,86),(74,96),(159,166),(131,108),(71,65),(96,205),(86,47),(96,93),(179,173),(93,152),(233,40),(175,159),(91,173),(135,47),(216,53),(199,203),(75,86),(66,153),(147,24),(110,47),
35:(38,164),(126,213),(172,101),(42,156),(71,78),(30,186),(151,49),(239,61),(82,153),(194,86),(184,86),(75,96),(159,167),(132,108),(71,66),(97,205),(87,47),(97,93),(178,173),(93,153),(233,41),(175,158),(92,173),(136,47),(215,53),(199,202),(76,86),(67,153),(147,25),(111,47),
36:(38,165),(125,213),(171,101),(43,156),(71,77),(31,186),(152,49),(239,61),(83,153),(193,86),(183,86),(75,97),(158,167),(133,108),(71,67),(98,205),(88,47),(98,93),(177,173),(93,154),(233,42),(174,158),(93,173),(137,47),(214,53),(199,201),(77,86),(68,153),(147,26),(112,47),
37:(38,166),(124,213),(171,102),(44,156),(71,76),(31,187),(153,49),(239,61),(84,153),(192,86),(183,87),(75,98),(157,167),(134,108),(71,68),(99,205),(89,47),(99,93),(176,173),(94,154),(233,43),(174,157),(94,173),(138,47),(213,53),(199,200),(78,86),(69,153),(147,27),(113,47),
38:(39,166),(123,213),(171,103),(45,156),(71,75),(31,188),(153,50),(239,61),(85,153),(191,86),(182,87),(76,98),(157,168),(135,108),(71,69),(99,206),(90,47),(100,93),(175,173),(95,154),(233,44),(173,157),(95,173),(139,47),(212,53),(199,199),(79,86),(70,153),(148,27),(114,47),
39:(40,166),(122,213),(171,104),(46,156),(71,74),(31,189),(154,50),(239,61),(86,153),(190,86),(182,88),(76,99),(156,168),(136,108),(71,70),(99,207),(91,47),(101,93),(174,173),(96,154),(233,45),(172,157),(96,173),(140,47),(211,53),(199,198),(79,86),(71,153),(148,28),(115,47),
40:(41,166),(121,213),(170,104),(47,156),(71,73),(32,189),(155,50),(239,61),(87,153),(190,87),(182,89),(76,100),(155,168),(137,108),(71,71),(99,208),(92,47),(102,93),(173,173),(97,154),(233,46),(171,157),(97,173),(141,47),(210,53),(199,197),(79,86),(72,153),(149,28),(116,47),
41:(42,166),(120,213),(170,105),(48,156),(71,73),(33,189),(156,50),(239,61),(88,153),(189,87),(182,90),(77,100),(154,168),(138,108),(71,72),(100,208),(93,47),(103,93),(172,173),(98,154),(233,47),(171,156),(98,173),(142,47),(209,53),(199,196),(79,86),(73,153),(149,29),(117,47),
42:(43,166),(119,213),(169,105),(49,156),(70,73),(33,189),(156,51),(239,61),(89,153),(189,88),(181,90),(77,101),(153,168),(139,108),(71,73),(100,209),(94,47),(104,93),(171,173),(99,154),(233,48),(171,155),(99,173),(143,47),(208,53),(199,195),(79,86),(74,153),(149,30),(118,47),
43:(44,166),(118,213),(168,105),(49,156),(70,72),(33,189),(157,51),(239,61),(90,153),(189,89),(181,91),(77,102),(153,169),(139,109),(71,74),(101,209),(95,47),(105,93),(170,173),(100,154),(233,49),(171,154),(100,173),(143,48),(207,53),(199,194),(79,86),(75,153),(150,30),(119,47),
44:(44,167),(117,213),(168,106),(49,156),(71,72),(33,189),(158,51),(239,61),(91,153),(188,89),(181,92),(77,103),(153,170),(140,109),(71,75),(101,210),(96,47),(106,93),(169,173),(101,154),(233,50),(170,154),(101,173),(144,48),(206,53),(199,193),(79,86),(76,153),(151,30),(120,47),
45:(44,168),(116,213),(167,106),(49,156),(71,71),(33,189),(159,51),(239,61),(92,153),(188,90),(180,92),(78,103),(153,171),(140,110),(72,75),(101,211),(97,47),(107,93),(168,173),(102,154),(233,51),(170,153),(102,173),(145,48),(205,53),(199,192),(79,86),(77,153),(152,30),(121,47),
46:(44,169),(115,213),(167,107),(49,156),(71,70),(33,189),(159,52),(239,61),(93,153),(187,90),(179,92),(79,103),(152,171),(140,111),(73,75),(101,212),(98,47),(108,93),(167,173),(103,154),(233,52),(169,153),(103,173),(146,48),(204,53),(199,191),(79,86),(78,153),(153,30),(122,47),
47:(45,169),(114,213),(167,108),(49,156),(71,69),(33,189),(159,53),(239,61),(94,153),(187,91),(178,92),(79,104),(151,171),(140,112),(73,76),(102,212),(99,47),(109,93),(166,173),(104,154),(233,53),(168,153),(103,174),(147,48),(203,53),(199,190),(79,86),(79,153),(154,30),(123,47),
48:(46,169),(113,213),(167,109),(49,156),(71,68),(33,189),(159,54),(239,61),(95,153),(187,92),(177,92),(80,104),(151,172),(141,112),(74,76),(102,213),(100,47),(110,93),(165,173),(105,154),(233,54),(167,153),(104,174),(148,48),(202,53),(199,189),(79,86),(80,153),(155,30),(124,47),
49:(47,169),(112,213),(166,109),(49,156),(71,67),(33,189),(159,55),(239,61),(96,153),(186,92),(177,93),(81,104),(150,172),(141,113),(75,76),(103,213),(101,47),(111,93),(164,173),(106,154),(233,55),(166,153),(105,174),(149,48),(201,53),(199,188),(79,86),(81,153),(156,30),(125,47),
50:(48,169),(111,213),(165,109),(49,156),(71,66),(33,189),(159,56),(239,61),(97,153),(186,93),(177,94),(82,104),(149,172),(142,113),(75,77),(104,213),(102,47),(112,93),(163,173),(107,154),(232,55),(165,153),(106,174),(150,48),(200,53),(199,187),(79,86),(82,153),(157,30),(126,47),
51:(49,169),(110,213),(164,109),(49,156),(72,66),(33,189),(160,56),(239,61),(98,153),(185,93),(177,95),(82,105),(148,172),(143,113),(75,78),(105,213),(103,47),(113,93),(162,173),(108,154),(232,56),(164,153),(106,175),(150,49),(199,53),(199,186),(79,86),(83,153),(158,30),(127,47),
52:(50,169),(109,213),(163,109),(49,156),(73,66),(33,189),(161,56),(239,61),(99,153),(185,94),(177,96),(82,106),(147,172),(144,113),(76,78),(106,213),(104,47),(114,93),(161,173),(109,154),(232,57),(163,153),(107,175),(150,50),(198,53),(198,186),(79,86),(84,153),(158,31),(128,47),
53:(51,169),(108,213),(162,109),(49,156),(73,65),(33,189),(161,57),(239,61),(100,153),(185,95),(177,97),(83,106),(146,172),(145,113),(76,79),(106,214),(105,47),(115,93),(160,173),(110,154),(232,58),(162,153),(108,175),(151,50),(197,53),(198,185),(79,86),(85,153),(158,32),(129,47),
54:(52,169),(107,213),(161,109),(49,156),(73,64),(33,189),(162,57),(239,61),(101,153),(184,95),(176,97),(83,107),(145,172),(146,113),(77,79),(106,215),(106,47),(116,93),(159,173),(111,154),(232,59),(161,153),(109,175),(152,50),(196,53),(198,184),(79,86),(86,153),(159,32),(130,47),
55:(53,169),(106,213),(160,109),(49,156),(73,63),(33,189),(163,57),(239,61),(102,153),(184,96),(176,98),(84,107),(144,172),(147,113),(77,80),(107,215),(107,47),(117,93),(158,173),(112,154),(232,60),(160,153),(110,175),(153,50),(195,53),(198,183),(79,86),(87,153),(159,33),(131,47),
56:(54,169),(105,213),(160,110),(49,156),(73,62),(33,189),(163,58),(239,61),(103,153),(183,96),(175,98),(85,107),(143,172),(148,113),(78,80),(108,215),(108,47),(118,93),(157,173),(113,154),(231,60),(159,153),(111,175),(154,50),(194,53),(197,183),(79,86),(88,153),(159,34),(132,47),
57:(55,169),(104,213),(160,111),(49,156),(74,62),(33,189),(164,58),(239,61),(104,153),(183,97),(174,98),(85,108),(142,172),(148,114),(78,81),(109,215),(109,47),(119,93),(156,173),(114,154),(231,61),(158,153),(112,175),(155,50),(193,53),(196,183),(79,86),(89,153),(160,34),(133,47),
58:(56,169),(103,213),(159,111),(49,156),(74,61),(33,189),(165,58),(239,61),(105,153),(182,97),(173,98),(86,108),(141,172),(148,115),(78,82),(110,215),(110,47),(120,93),(155,173),(115,154),(231,62),(157,153),(113,175),(155,51),(192,53),(196,182),(79,86),(90,153),(161,34),(134,47),
59:(57,169),(103,212),(159,112),(49,156),(74,60),(33,189),(165,59),(239,61),(106,153),(182,98),(172,98),(87,108),(141,173),(149,115),(79,82),(111,215),(111,47),(121,93),(154,173),(116,154),(230,62),(156,153),(114,175),(156,51),(191,53),(196,181),(79,86),(91,153),(161,35),(135,47),
60:(58,169),(103,211),(159,113),(49,156),(75,60),(33,189),(166,59),(239,61),(107,153),(181,98),(172,99),(88,108),(141,174),(149,116),(79,83),(111,216),(112,47),(122,93),(153,173),(117,154),(230,63),(155,153),(115,175),(156,52),(190,53),(196,180),(79,86),(92,153),(162,35),(136,47),
61:(59,169),(102,211),(159,114),(49,156),(75,59),(33,189),(166,60),(239,61),(108,153),(180,98),(172,100),(89,108),(140,174),(150,116),(79,84),(111,217),(113,47),(123,93),(152,173),(118,154),(229,63),(154,153),(116,175),(157,52),(189,53),(195,180),(79,86),(93,153),(162,36),(137,47),
62:(60,169),(102,210),(159,115),(49,156),(76,59),(33,189),(167,60),(239,61),(109,153),(179,98),(171,100),(90,108),(139,174),(151,116),(79,85),(111,218),(114,47),(124,93),(151,173),(119,154),(228,63),(153,153),(117,175),(158,52),(188,53),(194,180),(79,86),(94,153),(163,36),(138,47),
63:(61,169),(101,210),(159,116),(49,156),(77,59),(33,189),(167,61),(239,61),(110,153),(179,99),(171,101),(91,108),(139,175),(151,117),(80,85),(111,219),(115,47),(125,93),(150,173),(120,154),(228,64),(152,153),(118,175),(159,52),(188,52),(194,179),(79,86),(95,153),(164,36),(139,47),
64:(62,169),(100,210),(159,117),(49,156),(77,58),(33,189),(168,61),(239,61),(111,153),(178,99),(170,101),(92,108),(138,175),(151,118),(80,86),(111,220),(116,47),(126,93),(149,173),(121,154),(228,65),(151,153),(119,175),(159,53),(188,51),(193,179),(79,86),(96,153),(165,36),(140,47),
65:(63,169),(99,210),(159,118),(49,156),(78,58),(33,189),(168,62),(239,61),(112,153),(178,100),(170,102),(93,108),(137,175),(152,118),(80,87),(111,221),(117,47),(127,93),(148,173),(122,154),(227,65),(150,153),(120,175),(160,53),(187,51),(193,178),(79,86),(97,153),(165,37),(141,47),
66:(64,169),(98,210),(159,119),(49,156),(79,58),(33,189),(168,63),(239,61),(113,153),(178,101),(170,103),(94,108),(136,175),(152,119),(81,87),(112,221),(118,47),(128,93),(147,173),(123,154),(227,66),(149,153),(121,175),(160,54),(186,51),(192,178),(79,86),(98,153),(166,37),(142,47),
67:(65,169),(98,209),(159,120),(49,156),(79,57),(33,189),(169,63),(239,61),(114,153),(178,102),(169,103),(95,108),(135,175),(153,119),(82,87),(113,221),(119,47),(129,93),(146,173),(124,154),(227,67),(148,153),(122,175),(160,55),(186,50),(191,178),(79,86),(99,153),(167,37),(143,47),
68:(66,169),(97,209),(159,121),(49,156),(79,56),(33,189),(170,63),(239,61),(115,153),(178,103),(168,103),(96,108),(134,175),(154,119),(83,87),(114,221),(120,47),(130,93),(145,173),(125,154),(226,67),(147,153),(123,175),(160,56),(185,50),(190,178),(79,86),(100,153),(168,37),(143,48),
69:(67,169),(97,208),(159,122),(49,156),(80,56),(33,189),(170,64),(239,61),(116,153),(178,104),(167,103),(97,108),(133,175),(155,119),(84,87),(115,221),(121,47),(131,93),(144,173),(126,154),(226,68),(146,153),(124,175),(160,57),(185,49),(189,178),(79,86),(101,153),(168,38),(144,48),
70:(68,169),(97,207),(159,123),(49,156),(80,55),(33,189),(171,64),(239,61),(116,152),(178,105),(166,103),(98,108),(132,175),(156,119),(85,87),(116,221),(122,47),(132,93),(143,173),(127,154),(225,68),(145,153),(125,175),(160,58),(184,49),(189,177),(79,86),(102,153),(169,38),(145,48),
71:(69,169),(97,206),(159,124),(49,156),(81,55),(33,189),(171,65),(239,61),(117,152),(178,106),(165,103),(99,108),(131,175),(157,119),(86,87),(117,221),(123,47),(133,93),(142,173),(128,154),(225,69),(144,153),(126,175),(161,58),(183,49),(188,177),(79,86),(103,153),(170,38),(146,48),
72:(70,169),(97,205),(159,125),(49,156),(82,55),(33,189),(171,66),(239,61),(118,152),(178,107),(164,103),(100,108),(130,175),(158,119),(86,88),(118,221),(124,47),(134,93),(141,173),(129,154),(225,70),(143,153),(127,175),(162,58),(183,48),(187,177),(79,86),(104,153),(171,38),(147,48),
73:(71,169),(97,204),(159,126),(49,156),(83,55),(33,189),(172,66),(239,61),(119,152),(178,108),(164,104),(101,108),(129,175),(159,119),(86,89),(119,221),(125,47),(135,93),(140,173),(130,154),(225,71),(142,153),(128,175),(163,58),(182,48),(187,176),(79,86),(105,153),(171,39),(148,48),
74:(72,169),(97,203),(159,127),(49,156),(84,55),(33,189),(173,66),(239,61),(120,152),(178,109),(163,104),(102,108),(130,175),(159,120),(87,89),(120,221),(126,47),(136,93),(139,173),(131,154),(225,72),(141,153),(129,175),(164,58),(181,48),(187,175),(79,86),(106,153),(171,40),(149,48),
75:(73,169),(97,202),(159,128),(49,156),(84,54),(33,189),(173,67),(239,61),(121,152),(178,110),(162,104),(103,108),(131,175),(159,121),(87,90),(121,221),(127,47),(137,93),(138,173),(132,154),(224,72),(140,153),(130,175),(165,58),(180,48),(186,175),(79,86),(107,153),(171,41),(150,48),
76:(74,169),(97,201),(159,129),(49,156),(85,54),(33,189),(173,68),(239,61),(122,152),(178,111),(161,104),(104,108),(131,174),(159,122),(87,91),(121,221),(128,47),(138,93),(137,173),(133,154),(224,73),(139,153),(131,175),(165,59),(180,47),(186,174),(79,86),(108,153),(172,41),(151,48),
77:(75,169),(97,200),(159,130),(49,156),(85,53),(33,189),(173,69),(239,61),(123,152),(178,112),(160,104),(105,108),(130,174),(159,123),(88,91),(121,221),(129,47),(139,93),(136,173),(134,154),(223,73),(138,153),(132,175),(165,60),(180,46),(186,173),(79,86),(109,153),(173,41),(152,48),
78:(76,169),(97,199),(159,131),(49,156),(85,52),(33,189),(174,69),(239,61),(124,152),(178,113),(160,105),(106,108),(129,174),(159,124),(89,91),(121,221),(130,47),(140,93),(135,173),(135,154),(223,74),(137,153),(132,176),(165,61),(180,45),(185,173),(79,86),(110,153),(174,41),(152,49),
79:(77,169),(97,198),(159,132),(49,156),(85,51),(33,189),(174,70),(239,61),(125,152),(178,114),(159,105),(107,108),(128,174),(159,125),(89,92),(121,221),(131,47),(141,93),(134,173),(136,154),(222,74),(136,153),(133,176),(165,62),(179,45),(184,173),(79,86),(111,153),(175,41),(152,50),
80:(78,169),(97,197),(159,133),(49,156),(85,50),(33,189),(175,70),(239,61),(126,152),(178,115),(159,106),(108,108),(128,175),(159,126),(89,93),(121,221),(132,47),(142,93),(133,173),(137,154),(222,75),(135,153),(134,176),(165,63),(179,44),(183,173),(79,86),(112,153),(175,42),(153,50),
81:(79,169),(97,196),(159,134),(49,156),(85,49),(33,189),(175,71),(239,61),(127,152),(178,116),(159,107),(109,108),(127,175),(159,127),(90,93),(121,221),(133,47),(143,93),(132,173),(138,154),(222,76),(134,153),(134,177),(165,64),(179,43),(182,173),(79,86),(113,153),(176,42),(154,50),
82:(80,169),(97,195),(159,135),(49,156),(86,49),(33,189),(175,72),(239,61),(128,152),(178,117),(159,108),(110,108),(126,175),(159,128),(91,93),(121,221),(134,47),(144,93),(131,173),(139,154),(222,77),(133,153),(135,177),(165,65),(178,43),(182,172),(79,86),(114,153),(176,43),(155,50),
83:(81,169),(97,194),(159,136),(49,156),(87,49),(33,189),(175,73),(239,61),(129,152),(178,118),(159,109),(111,108),(126,175),(159,129),(91,94),(121,221),(135,47),(145,93),(130,173),(140,154),(222,78),(132,153),(136,177),(165,66),(178,42),(182,171),(79,86),(115,153),(177,43),(155,51),
84:(82,169),(97,193),(159,137),(49,156),(87,48),(33,189),(175,74),(239,61),(129,151),(178,119),(159,110),(112,108),(126,175),(159,130),(92,94),(121,221),(136,47),(146,93),(129,173),(141,154),(221,78),(131,153),(137,177),(165,67),(178,41),(181,171),(79,86),(116,153),(178,43),(156,51),
85:(83,169),(97,192),(159,138),(49,156),(87,47),(33,189),(175,75),(239,61),(130,151),(178,120),(159,111),(113,108),(126,175),(159,131),(93,94),(121,221),(137,47),(146,92),(128,173),(142,154),(220,78),(130,153),(138,177),(165,68),(178,40),(181,170),(79,86),(117,153),(178,44),(156,52),
86:(84,169),(97,191),(159,139),(49,156),(88,47),(33,189),(176,75),(239,61),(130,150),(178,121),(159,112),(114,108),(126,175),(159,132),(94,94),(121,221),(138,47),(147,92),(127,173),(143,154),(220,79),(129,153),(139,177),(165,69),(177,40),(180,170),(79,86),(117,152),(179,44),(157,52),
87:(85,169),(97,190),(159,140),(49,156),(88,46),(33,189),(176,76),(239,61),(131,150),(178,122),(159,113),(115,108),(126,175),(159,133),(94,95),(121,221),(139,47),(148,92),(126,173),(144,154),(220,80),(128,153),(140,177),(165,70),(177,39),(179,170),(79,86),(118,152),(179,45),(158,52),
88:(86,169),(97,189),(159,141),(49,156),(88,45),(33,189),(176,77),(239,61),(131,149),(178,123),(159,114),(116,108),(126,175),(159,134),(94,96),(121,221),(140,47),(149,92),(125,173),(145,154),(220,81),(127,153),(141,177),(165,71),(176,39),(179,169),(79,86),(119,152),(179,46),(159,52),
89:(87,169),(97,188),(158,141),(49,156),(88,44),(33,189),(176,78),(239,61),(132,149),(178,124),(159,115),(117,108),(126,175),(159,135),(95,96),(121,221),(141,47),(150,92),(124,173),(146,154),(220,82),(126,153),(142,177),(165,72),(176,38),(179,168),(79,86),(120,152),(180,46),(160,52),
90:(88,169),(97,187),(157,141),(49,156),(89,44),(33,189),(176,79),(239,61),(133,149),(178,125),(159,116),(118,108),(126,175),(159,136),(95,97),(121,221),(142,47),(151,92),(123,173),(147,154),(220,83),(125,153),(143,177),(165,73),(176,37),(179,167),(79,86),(121,152),(180,47),(160,53),
91:(89,169),(97,186),(156,141),(49,156),(89,43),(33,189),(176,80),(239,61),(134,149),(178,126),(159,117),(119,108),(126,175),(159,137),(96,97),(121,221),(143,47),(152,92),(122,173),(148,154),(220,84),(124,153),(144,177),(165,74),(176,36),(179,166),(79,86),(122,152),(180,48),(161,53),
92:(90,169),(97,185),(155,141),(49,156),(90,43),(33,189),(177,80),(239,61),(135,149),(178,127),(159,118),(120,108),(126,175),(159,138),(97,97),(121,221),(144,47),(153,92),(121,173),(149,154),(220,85),(123,153),(145,177),(165,75),(175,36),(179,165),(79,86),(123,152),(180,49),(161,54),
93:(91,169),(97,184),(155,142),(49,156),(90,42),(33,189),(178,80),(239,61),(136,149),(178,128),(159,119),(121,108),(126,175),(159,139),(98,97),(121,221),(144,48),(153,91),(120,173),(150,154),(220,86),(122,153),(146,177),(165,76),(174,36),(179,164),(79,86),(124,152),(180,50),(162,54),
94:(92,169),(97,183),(155,143),(49,156),(91,42),(33,189),(179,80),(239,61),(137,149),(178,129),(159,120),(122,108),(126,175),(159,140),(99,97),(121,221),(145,48),(154,91),(119,173),(150,154),(219,86),(121,153),(147,177),(165,77),(174,35),(179,163),(79,86),(125,152),(179,50),(162,55),
95:(93,169),(97,182),(154,143),(49,156),(92,42),(33,189),(180,80),(239,61),(138,149),(178,130),(159,121),(123,108),(126,175),(158,140),(100,97),(121,221),(146,48),(155,91),(118,173),(150,154),(218,86),(120,153),(148,177),(165,78),(173,35),(179,162),(79,86),(126,152),(179,51),(163,55),
96:(94,169),(97,181),(153,143),(49,156),(93,42),(33,189),(181,80),(239,61),(139,149),(178,131),(159,122),(124,108),(126,175),(158,141),(101,97),(121,221),(147,48),(155,90),(117,173),(150,154),(217,86),(119,153),(149,177),(165,79),(172,35),(179,161),(79,86),(127,152),(178,51),(164,55),
97:(95,169),(97,180),(153,144),(49,156),(94,42),(33,189),(182,80),(239,61),(139,148),(178,132),(159,123),(125,108),(126,175),(158,142),(101,98),(121,221),(148,48),(156,90),(116,173),(150,154),(216,86),(118,153),(150,177),(165,80),(172,34),(179,160),(79,86),(128,152),(178,52),(164,56),
98:(96,169),(97,179),(153,145),(49,156),(95,42),(33,189),(182,80),(239,61),(140,148),(178,133),(159,124),(126,108),(126,175),(158,143),(102,98),(121,221),(149,48),(157,90),(115,173),(150,154),(215,86),(117,153),(151,177),(164,80),(172,33),(179,159),(79,86),(129,152),(177,52),(164,57),
99:(97,169),(97,178),(152,145),(49,156),(96,42),(33,189),(182,80),(239,61),(141,148),(178,134),(159,125),(127,108),(126,175),(157,143),(103,98),(121,221),(150,48),(157,89),(114,173),(150,154),(214,86),(116,153),(152,177),(163,80),(171,33),(179,158),(79,86),(130,152),(177,53),(165,57),
100:(98,169),(97,177),(151,145),(49,156),(97,42),(33,189),(182,80),(239,61),(142,148),(178,135),(159,126),(128,108),(126,175),(156,143),(104,98),(121,221),(150,49),(158,89),(113,173),(150,154),(213,86),(115,153),(153,177),(162,80),(171,32),(179,157),(79,86),(130,151),(176,53),(166,57),
101:(99,169),(97,176),(151,146),(49,156),(98,42),(33,189),(182,80),(239,61),(143,148),(178,136),(159,127),(129,108),(126,175),(155,143),(105,98),(121,221),(151,49),(158,88),(112,173),(150,154),(212,86),(114,153),(154,177),(162,81),(171,31),(179,156),(79,86),(131,151),(176,54),(167,57),
102:(100,169),(97,175),(150,146),(49,156),(99,42),(33,189),(182,80),(239,61),(144,148),(178,137),(159,128),(130,108),(126,175),(155,144),(106,98),(121,221),(151,50),(159,88),(111,173),(150,154),(211,86),(113,153),(155,177),(161,81),(171,30),(179,155),(79,86),(131,150),(175,54),(167,58),
103:(101,169),(98,175),(149,146),(49,156),(100,42),(33,189),(182,80),(239,61),(145,148),(178,138),(159,129),(131,108),(126,175),(154,144),(106,99),(121,221),(152,50),(159,87),(110,173),(150,154),(210,86),(112,153),(156,177),(161,82),(170,30),(179,154),(79,86),(131,149),(174,54),(167,59),
104:(102,169),(98,174),(148,146),(49,156),(101,42),(33,189),(182,80),(239,61),(146,148),(178,139),(159,130),(132,108),(126,175),(153,144),(107,99),(121,221),(153,50),(160,87),(109,173),(150,154),(209,86),(111,153),(157,177),(161,83),(170,29),(179,153),(79,86),(132,149),(174,55),(168,59),
105:(103,169),(99,174),(147,146),(49,156),(102,42),(33,189),(182,80),(239,61),(147,148),(178,140),(159,131),(133,108),(126,175),(152,144),(108,99),(121,221),(154,50),(161,87),(108,173),(150,154),(208,86),(110,153),(158,177),(161,84),(169,29),(179,152),(79,86),(133,149),(174,56),(169,59),
106:(104,169),(99,173),(147,147),(49,156),(103,42),(33,189),(182,80),(239,61),(148,148),(178,141),(159,132),(134,108),(126,175),(152,145),(109,99),(121,221),(155,50),(161,86),(107,173),(150,154),(207,86),(109,153),(159,177),(161,85),(169,28),(179,151),(79,86),(134,149),(174,57),(169,60),
107:(105,169),(99,172),(147,148),(49,156),(104,42),(33,189),(182,80),(239,61),(149,148),(178,142),(159,133),(135,108),(126,175),(151,145),(110,99),(121,221),(156,50),(162,86),(106,173),(150,154),(206,86),(108,153),(160,177),(160,85),(168,28),(179,150),(79,86),(135,149),(173,57),(170,60),
108:(106,169),(100,172),(147,149),(49,156),(105,42),(33,189),(182,80),(239,61),(149,147),(178,143),(159,134),(136,108),(126,175),(150,145),(111,99),(121,221),(156,51),(163,86),(105,173),(150,154),(205,86),(108,152),(161,177),(159,85),(168,27),(179,149),(79,86),(136,149),(172,57),(170,61),
109:(107,169),(100,171),(147,150),(49,156),(106,42),(33,189),(182,80),(239,61),(149,146),(178,143),(159,135),(137,108),(126,175),(149,145),(112,99),(121,221),(157,51),(164,86),(104,173),(150,154),(204,86),(108,151),(162,177),(159,86),(167,27),(179,148),(79,86),(137,149),(171,57),(171,61),
110:(108,169),(101,171),(146,150),(49,156),(107,42),(33,189),(182,80),(239,61),(150,146),(178,143),(159,136),(138,108),(126,175),(148,145),(113,99),(121,221),(158,51),(165,86),(103,173),(150,154),(203,86),(107,151),(162,178),(159,87),(166,27),(179,147),(79,86),(138,149),(171,58),(172,61),
111:(109,169),(101,170),(146,151),(49,156),(108,42),(33,189),(182,80),(239,61),(150,145),(178,143),(159,137),(139,108),(126,175),(147,145),(114,99),(121,221),(159,51),(165,85),(102,173),(150,154),(202,86),(107,150),(163,178),(159,88),(165,27),(179,146),(79,86),(139,149),(170,58),(173,61),
112:(110,169),(102,170),(145,151),(49,156),(109,42),(33,189),(182,80),(239,61),(151,145),(178,143),(159,138),(139,109),(126,175),(147,146),(115,99),(121,221),(160,51),(166,85),(101,173),(150,154),(201,86),(106,150),(164,178),(159,89),(164,27),(179,145),(79,86),(140,149),(169,58),(174,61),
113:(111,169),(102,169),(145,152),(49,156),(110,42),(33,189),(182,80),(239,61),(152,145),(178,143),(159,139),(140,109),(126,175),(147,147),(116,99),(121,221),(161,51),(167,85),(100,173),(150,154),(200,86),(105,150),(165,178),(159,90),(164,26),(179,144),(79,86),(140,148),(168,58),(175,61),
114:(112,169),(103,169),(145,153),(49,156),(111,42),(33,189),(182,80),(239,61),(153,145),(178,143),(159,140),(141,109),(126,175),(147,148),(117,99),(121,221),(162,51),(168,85),(99,173),(150,154),(199,86),(104,150),(166,178),(159,91),(164,25),(179,143),(79,86),(141,148),(168,59),(176,61),
115:(113,169),(103,168),(145,154),(49,156),(112,42),(33,189),(182,80),(239,61),(153,144),(178,143),(158,140),(141,110),(126,175),(147,149),(118,99),(121,221),(163,51),(168,84),(98,173),(150,154),(198,86),(104,149),(167,178),(159,92),(164,24),(179,142),(79,86),(142,148),(168,60),(177,61),
116:(114,169),(103,167),(145,155),(49,156),(113,42),(33,189),(182,80),(239,61),(154,144),(178,143),(157,140),(142,110),(126,175),(147,150),(119,99),(121,221),(163,52),(168,83),(97,173),(150,154),(197,86),(103,149),(168,178),(159,93),(164,23),(179,141),(79,86),(143,148),(167,60),(178,61),
117:(115,169),(103,166),(144,155),(49,156),(114,42),(33,189),(182,80),(239,61),(155,144),(178,143),(157,141),(142,111),(126,175),(146,150),(120,99),(121,221),(164,52),(168,82),(96,173),(150,154),(196,86),(103,148),(169,178),(159,94),(164,22),(179,140),(79,86),(144,148),(166,60),(179,61),
118:(116,169),(103,165),(144,156),(49,156),(115,42),(33,189),(182,80),(239,61),(155,143),(178,143),(156,141),(143,111),(126,175),(146,151),(121,99),(121,221),(164,53),(169,82),(95,173),(150,154),(195,86),(103,147),(170,178),(159,95),(163,22),(179,139),(79,86),(145,148),(166,61),(180,61),
119:(117,169),(103,164),(143,156),(49,156),(116,42),(33,189),(182,80),(239,61),(156,143),(178,143),(155,141),(144,111),(126,175),(145,151),(122,99),(121,221),(165,53),(170,82),(94,173),(150,154),(194,86),(103,146),(171,178),(159,96),(163,21),(179,138),(79,86),(146,148),(165,61),(181,61),
120:(118,169),(104,164),(142,156),(49,156),(117,42),(33,189),(182,80),(239,61),(156,142),(178,143),(154,141),(145,111),(126,175),(144,151),(123,99),(121,221),(165,54),(170,81),(93,173),(150,154),(193,86),(103,145),(172,178),(159,97),(162,21),(179,137),(79,86),(147,148),(165,62),(182,61),
121:(119,169),(105,164),(141,156),(49,156),(118,42),(33,189),(182,80),(239,61),(157,142),(178,143),(154,142),(145,112),(126,175),(143,151),(124,99),(121,221),(165,55),(170,80),(92,173),(150,154),(192,86),(102,145),(173,178),(159,98),(162,20),(179,136),(79,86),(147,147),(165,63),(183,61),
122:(120,169),(106,164),(141,157),(49,156),(119,42),(33,189),(182,80),(239,61),(158,142),(178,143),(153,142),(146,112),(126,175),(143,152),(125,99),(121,221),(166,55),(170,79),(91,173),(150,154),(191,86),(101,145),(174,178),(159,99),(162,19),(179,135),(79,86),(148,147),(165,64),(184,61),
123:(121,169),(106,163),(141,158),(49,156),(120,42),(33,189),(182,80),(239,61),(158,141),(178,143),(153,143),(147,112),(126,175),(143,153),(126,99),(121,221),(166,56),(170,78),(90,173),(150,154),(190,86),(100,145),(175,178),(159,100),(162,19),(179,134),(79,86),(149,147),(165,65),(185,61),
124:(122,169),(106,162),(141,159),(49,156),(121,42),(33,189),(182,80),(239,61),(159,141),(178,143),(153,144),(147,113),(126,175),(142,153),(127,99),(121,221),(167,56),(170,77),(89,173),(150,154),(190,87),(99,145),(176,178),(159,101),(162,19),(179,133),(79,86),(150,147),(165,66),(186,61),
125:(123,169),(106,161),(140,159),(49,156),(122,42),(33,189),(182,80),(239,61),(160,141),(178,143),(152,144),(148,113),(126,175),(141,153),(128,99),(121,221),(168,56),(170,76),(88,173),(150,154),(190,88),(98,145),(177,178),(159,102),(162,19),(179,132),(79,86),(150,146),(165,67),(187,61),
126:(124,169),(106,160),(140,160),(49,156),(123,42),(33,189),(182,80),(239,61),(160,140),(178,143),(151,144),(148,114),(126,175),(141,154),(129,99),(121,221),(169,56),(170,75),(87,173),(150,154),(189,88),(97,145),(178,178),(159,103),(162,19),(179,131),(79,86),(151,146),(165,68),(188,61),
127:(125,169),(107,160),(139,160),(49,156),(124,42),(33,189),(182,80),(239,61),(161,140),(178,143),(151,145),(149,114),(126,175),(141,155),(130,99),(121,221),(170,56),(170,74),(86,173),(150,154),(188,88),(96,145),(179,178),(159,104),(162,19),(179,130),(79,86),(152,146),(165,69),(189,61),
128:(126,169),(107,159),(139,161),(49,156),(125,42),(33,189),(182,80),(239,61),(161,139),(178,143),(151,146),(149,115),(126,175),(140,155),(131,99),(121,221),(171,56),(170,73),(85,173),(150,154),(188,89),(95,145),(180,178),(159,105),(162,19),(179,129),(79,86),(152,145),(165,70),(190,61),
129:(127,169),(108,159),(139,162),(49,156),(126,42),(33,189),(182,80),(239,61),(162,139),(178,143),(151,147),(149,116),(126,175),(140,156),(132,99),(121,221),(172,56),(170,72),(84,173),(150,154),(188,90),(94,145),(181,178),(159,106),(162,19),(179,128),(79,86),(153,145),(165,71),(191,61),
130:(128,169),(109,159),(138,162),(49,156),(127,42),(33,189),(182,80),(239,61),(162,138),(178,143),(151,148),(150,116),(126,175),(140,157),(133,99),(121,221),(173,56),(170,71),(83,173),(150,154),(188,91),(93,145),(182,178),(159,107),(162,19),(179,127),(79,86),(153,144),(165,72),(192,61),
131:(129,169),(110,159),(138,163),(49,156),(128,42),(33,189),(182,80),(239,61),(162,137),(178,143),(151,149),(150,117),(126,175),(139,157),(134,99),(121,221),(174,56),(170,70),(82,173),(150,154),(187,91),(92,145),(183,178),(159,108),(162,19),(179,126),(79,86),(153,143),(165,73),(193,61),
132:(130,169),(111,159),(138,164),(49,156),(129,42),(33,189),(182,80),(239,61),(162,136),(178,143),(150,149),(151,117),(126,175),(139,158),(135,99),(121,221),(175,56),(170,69),(81,173),(150,154),(187,92),(91,145),(184,178),(159,109),(162,19),(179,125),(79,86),(153,142),(165,74),(194,61),
133:(131,169),(112,159),(138,165),(49,156),(130,42),(33,189),(182,80),(239,61),(163,136),(178,143),(149,149),(151,118),(126,175),(138,158),(136,99),(121,221),(175,55),(170,68),(80,173),(150,154),(186,92),(90,145),(185,178),(159,110),(162,19),(179,124),(79,86),(154,142),(165,75),(195,61),
134:(132,169),(113,159),(137,165),(49,156),(131,42),(33,189),(182,80),(239,61),(163,135),(178,143),(149,150),(152,118),(126,175),(138,159),(137,99),(121,221),(176,55),(170,67),(79,173),(150,154),(186,93),(89,145),(186,178),(159,111),(162,19),(179,123),(79,86),(154,141),(165,76),(196,61),
135:(133,169),(114,159),(137,166),(49,156),(132,42),(33,189),(182,80),(239,61),(163,134),(178,143),(149,151),(152,119),(126,175),(138,160),(138,99),(121,221),(177,55),(170,66),(78,173),(150,154),(186,94),(88,145),(187,178),(159,112),(162,19),(179,122),(79,86),(155,141),(165,77),(197,61),
136:(134,169),(115,159),(136,166),(49,156),(133,42),(33,189),(182,80),(239,61),(163,133),(178,143),(148,151),(153,119),(126,175),(138,161),(139,99),(121,221),(177,54),(170,65),(77,173),(150,154),(185,94),(87,145),(188,178),(159,113),(162,19),(179,121),(79,86),(156,141),(165,78),(198,61),
137:(135,169),(116,159),(135,166),(49,156),(134,42),(33,189),(182,80),(239,61),(163,132),(178,143),(147,151),(154,119),(126,175),(137,161),(140,99),(121,221),(178,54),(170,64),(76,173),(150,154),(184,94),(86,145),(189,178),(159,114),(162,19),(179,120),(79,86),(157,141),(165,79),(199,61),
138:(136,169),(117,159),(135,167),(49,156),(134,42),(33,189),(182,80),(239,61),(164,132),(178,143),(146,151),(154,120),(126,175),(137,162),(141,99),(121,221),(179,54),(170,64),(75,173),(150,154),(184,95),(85,145),(190,178),(159,115),(162,19),(179,119),(79,86),(157,140),(165,80),(200,61),
139:(137,169),(118,159),(135,168),(49,156),(134,42),(33,189),(182,80),(239,61),(164,131),(178,143),(146,152),(155,120),(126,175),(136,162),(142,99),(121,221),(180,54),(170,64),(74,173),(150,154),(184,96),(84,145),(191,178),(159,116),(162,19),(179,118),(79,86),(158,140),(165,81),(201,61),
140:(138,169),(119,159),(134,168),(49,156),(134,42),(33,189),(182,80),(239,61),(165,131),(178,143),(145,152),(155,121),(126,175),(135,162),(143,99),(121,221),(180,53),(170,64),(73,173),(150,154),(184,97),(83,145),(191,179),(159,117),(162,19),(179,117),(79,86),(159,140),(165,82),(202,61),
141:(139,169),(120,159),(134,169),(49,156),(134,42),(33,189),(182,80),(239,61),(165,130),(178,143),(144,152),(155,122),(126,175),(134,162),(144,99),(121,221),(180,52),(170,64),(72,173),(150,154),(183,97),(82,145),(192,179),(159,118),(162,19),(179,116),(79,86),(159,139),(165,83),(203,61),
142:(140,169),(121,159),(133,169),(49,156),(134,42),(33,189),(182,80),(239,61),(165,129),(178,143),(144,153),(156,122),(126,175),(133,162),(145,99),(121,221),(180,51),(170,64),(71,173),(150,154),(182,97),(81,145),(192,180),(159,119),(162,19),(179,115),(79,86),(159,138),(164,83),(204,61),
143:(141,169),(122,159),(132,169),(49,156),(134,42),(33,189),(182,80),(239,61),(166,129),(178,143),(143,153),(156,123),(126,175),(132,162),(146,99),(121,221),(180,50),(170,64),(70,173),(150,154),(181,97),(80,145),(193,180),(159,120),(162,19),(179,114),(79,86),(159,137),(163,83),(205,61),
144:(142,169),(123,159),(131,169),(49,156),(134,42),(33,189),(182,80),(239,61),(166,128),(178,143),(142,153),(157,123),(126,175),(131,162),(147,99),(121,221),(180,49),(170,64),(69,173),(150,154),(181,98),(79,145),(194,180),(159,121),(162,19),(179,113),(79,86),(159,136),(163,84),(206,61),
145:(143,169),(124,159),(130,169),(49,156),(134,42),(33,189),(182,80),(239,61),(167,128),(178,143),(141,153),(158,123),(126,175),(130,162),(148,99),(121,221),(180,48),(170,64),(68,173),(150,154),(180,98),(78,145),(194,181),(159,122),(162,19),(179,112),(79,86),(159,135),(162,84),(207,61),
146:(144,169),(125,159),(130,170),(49,156),(134,42),(33,189),(182,80),(239,61),(167,127),(178,143),(141,154),(158,124),(126,175),(129,162),(149,99),(121,221),(180,47),(170,64),(67,173),(150,154),(180,99),(78,145),(195,181),(159,123),(162,19),(179,111),(79,86),(159,134),(161,84),(208,61),
147:(145,169),(126,159),(130,171),(49,156),(134,42),(33,189),(182,80),(239,61),(168,127),(178,143),(140,154),(158,125),(126,175),(128,162),(150,99),(121,221),(180,46),(170,64),(66,173),(150,154),(179,99),(78,145),(196,181),(159,124),(162,19),(179,110),(79,86),(159,133),(160,84),(209,61),
148:(146,169),(127,159),(130,172),(49,156),(134,42),(33,189),(182,80),(239,61),(169,127),(178,143),(140,155),(158,126),(126,175),(127,162),(151,99),(121,221),(180,45),(170,64),(65,173),(150,154),(178,99),(78,145),(196,182),(159,125),(162,19),(179,109),(79,86),(159,132),(160,85),(210,61),
149:(147,169),(128,159),(129,172),(49,156),(134,42),(33,189),(182,80),(239,61),(169,126),(178,143),(140,156),(158,127),(126,175),(126,162),(152,99),(121,221),(179,45),(170,64),(64,173),(150,154),(177,99),(78,145),(197,182),(159,126),(162,19),(179,108),(79,86),(159,131),(159,85),(211,61),
150:(148,169),(129,159),(128,172),(49,156),(134,42),(33,189),(182,80),(239,61),(169,125),(178,143),(140,157),(158,128),(126,175),(125,162),(153,99),(121,221),(178,45),(170,64),(63,173),(150,154),(177,100),(78,145),(198,182),(159,127),(162,19),(179,107),(79,86),(159,130),(159,86),(212,61),
151:(149,169),(130,159),(128,173),(49,156),(134,42),(33,189),(182,80),(239,61),(170,125),(178,143),(140,158),(158,129),(126,175),(124,162),(154,99),(121,221),(178,44),(170,64),(62,173),(150,154),(177,101),(78,145),(198,183),(159,128),(162,19),(179,106),(79,86),(159,129),(159,87),(213,61),
152:(150,169),(131,159),(127,173),(49,156),(134,42),(33,189),(182,80),(239,61),(170,124),(178,143),(140,159),(158,130),(126,175),(123,162),(155,99),(121,221),(177,44),(170,64),(61,173),(150,154),(176,101),(78,145),(198,184),(159,129),(162,19),(179,105),(79,86),(158,129),(159,88),(214,61),
153:(151,169),(132,159),(126,173),(49,156),(134,42),(33,189),(182,80),(239,61),(170,123),(178,143),(139,159),(158,131),(126,175),(122,162),(156,99),(121,221),(176,44),(170,64),(60,173),(150,154),(175,101),(78,145),(198,185),(159,130),(162,19),(180,105),(79,86),(158,128),(159,89),(215,61),
154:(152,169),(133,159),(125,173),(49,156),(134,42),(33,189),(182,80),(239,61),(170,122),(178,143),(139,160),(158,132),(126,175),(121,162),(156,99),(121,221),(176,43),(170,64),(59,173),(150,154),(175,102),(78,145),(199,185),(159,131),(162,19),(180,104),(79,86),(158,127),(159,90),(216,61),
155:(153,169),(134,159),(124,173),(49,156),(134,42),(33,189),(182,80),(239,61),(170,121),(178,143),(139,161),(158,132),(126,175),(120,162),(156,99),(121,221),(175,43),(170,64),(58,173),(150,154),(175,103),(78,145),(199,186),(159,132),(162,19),(181,104),(79,86),(158,126),(159,91),(217,61),
156:(154,169),(135,159),(123,173),(49,156),(134,42),(33,189),(182,80),(239,61),(171,121),(178,143),(138,161),(159,132),(126,175),(119,162),(156,99),(121,221),(174,43),(170,64),(57,173),(150,154),(174,103),(78,145),(200,186),(159,133),(162,19),(181,103),(79,86),(158,125),(159,92),(218,61),
157:(155,169),(136,159),(122,173),(49,156),(134,42),(33,189),(182,80),(239,61),(171,120),(178,143),(137,161),(160,132),(126,175),(118,162),(156,99),(121,221),(174,42),(170,64),(56,173),(150,154),(174,104),(78,145),(201,186),(159,134),(162,19),(182,103),(79,86),(158,124),(159,93),(219,61),
158:(156,169),(137,159),(121,173),(49,156),(134,42),(33,189),(182,80),(239,61),(172,120),(178,143),(137,162),(160,133),(126,175),(117,162),(156,99),(121,221),(174,41),(170,64),(55,173),(150,154),(174,105),(78,145),(201,187),(159,135),(162,19),(182,102),(79,86),(157,124),(159,94),(220,61),
159:(157,169),(138,159),(120,173),(49,156),(134,42),(33,189),(182,80),(239,61),(173,120),(178,143),(136,162),(160,134),(126,175),(116,162),(156,99),(121,221),(173,41),(170,64),(55,174),(150,154),(173,105),(78,145),(202,187),(159,136),(162,19),(183,102),(79,86),(157,123),(159,95),(221,61),
160:(158,169),(139,159),(119,173),(49,156),(134,42),(33,189),(182,80),(239,61),(174,120),(178,143),(136,163),(160,135),(126,175),(115,162),(156,99),(121,221),(172,41),(170,64),(55,175),(150,154),(172,105),(78,145),(203,187),(159,137),(162,19),(184,102),(79,86),(157,122),(159,96),(222,61),
161:(158,170),(140,159),(118,173),(49,156),(134,42),(33,189),(182,80),(239,61),(174,119),(178,143),(136,164),(160,136),(126,175),(114,162),(156,99),(121,221),(171,41),(170,64),(55,176),(150,154),(171,105),(78,145),(203,188),(159,138),(162,19),(185,102),(79,86),(157,121),(159,97),(223,61),
162:(159,170),(141,159),(117,173),(49,156),(134,42),(33,189),(182,80),(239,61),(174,118),(178,143),(135,164),(160,137),(126,175),(113,162),(156,99),(121,221),(171,40),(170,64),(54,176),(150,154),(171,106),(78,145),(203,189),(158,138),(162,19),(185,101),(79,86),(156,121),(159,98),(224,61),
163:(160,170),(142,159),(116,173),(49,156),(134,42),(33,189),(182,80),(239,61),(175,118),(178,143),(135,165),(160,138),(126,175),(112,162),(156,99),(121,221),(170,40),(170,64),(53,176),(150,154),(171,107),(78,145),(203,190),(157,138),(162,19),(185,100),(79,86),(155,121),(159,99),(225,61),
164:(161,170),(143,159),(115,173),(49,156),(134,42),(33,189),(182,80),(239,61),(176,118),(178,143),(134,165),(160,139),(126,175),(111,162),(156,99),(121,221),(170,39),(170,64),(53,177),(150,154),(171,108),(78,145),(203,191),(157,139),(162,19),(185,99),(79,86),(155,120),(159,100),(226,61),
165:(162,170),(144,159),(114,173),(49,156),(134,42),(33,189),(182,80),(239,61),(176,117),(178,143),(134,166),(160,140),(126,175),(110,162),(156,99),(121,221),(169,39),(170,64),(53,178),(150,154),(171,109),(78,145),(203,192),(157,140),(162,19),(185,98),(79,86),(154,120),(159,101),(227,61),
166:(163,170),(145,159),(113,173),(49,156),(134,42),(33,189),(182,80),(239,61),(177,117),(178,143),(133,166),(160,141),(126,175),(109,162),(156,99),(121,221),(169,38),(170,64),(52,178),(150,154),(171,110),(78,145),(203,192),(157,141),(162,19),(185,97),(79,86),(154,119),(159,102),(228,61),
167:(164,170),(146,159),(112,173),(49,156),(134,42),(33,189),(182,80),(239,61),(177,116),(178,143),(132,166),(160,142),(126,175),(108,162),(156,99),(121,221),(168,38),(170,64),(51,178),(150,154),(171,111),(78,145),(203,192),(157,142),(162,19),(185,96),(79,86),(153,119),(159,103),(229,61),
168:(165,170),(147,159),(111,173),(49,156),(134,42),(33,189),(182,80),(239,61),(178,116),(178,143),(131,166),(160,143),(126,175),(107,162),(156,99),(121,221),(168,37),(170,64),(50,178),(150,154),(171,112),(78,145),(203,192),(156,142),(162,19),(185,95),(79,86),(153,118),(159,104),(230,61),
169:(166,170),(148,159),(110,173),(49,156),(134,42),(33,189),(182,80),(239,61),(179,116),(178,143),(131,167),(160,144),(126,175),(106,162),(156,99),(121,221),(167,37),(170,64),(49,178),(150,154),(171,113),(78,145),(203,192),(155,142),(162,19),(185,94),(79,86),(153,117),(159,105),(231,61),
170:(167,170),(149,159),(109,173),(49,156),(134,42),(33,189),(182,80),(239,61),(179,115),(178,143),(130,167),(160,145),(126,175),(105,162),(156,99),(121,221),(167,36),(170,64),(48,178),(150,154),(171,114),(78,145),(203,192),(155,143),(162,19),(186,94),(79,86),(152,117),(159,106),(232,61),
171:(168,170),(150,159),(108,173),(49,156),(134,42),(33,189),(182,80),(239,61),(179,114),(178,143),(130,168),(160,146),(126,175),(104,162),(156,99),(121,221),(166,36),(170,64),(47,178),(150,154),(171,115),(78,145),(203,192),(155,144),(162,19),(186,93),(79,86),(152,116),(159,107),(233,61),
172:(169,170),(151,159),(107,173),(49,156),(134,42),(33,189),(182,80),(239,61),(179,113),(178,143),(129,168),(160,147),(126,175),(103,162),(156,99),(121,221),(166,35),(170,64),(46,178),(150,154),(171,116),(78,145),(203,192),(155,145),(162,19),(187,93),(79,86),(151,116),(159,108),(234,61),
173:(170,170),(152,159),(106,173),(49,156),(134,42),(33,189),(182,80),(239,61),(179,112),(178,143),(128,168),(160,148),(126,175),(102,162),(156,99),(121,221),(165,35),(170,64),(45,178),(150,154),(171,117),(78,145),(203,192),(154,145),(162,19),(187,92),(79,86),(150,116),(159,109),(235,61),
174:(171,170),(153,159),(105,173),(49,156),(134,42),(33,189),(182,80),(239,61),(179,111),(178,143),(128,169),(160,149),(126,175),(101,162),(156,99),(121,221),(164,35),(170,64),(44,178),(150,154),(171,118),(78,145),(203,192),(154,146),(162,19),(187,91),(79,86),(150,115),(159,110),(236,61),
175:(172,170),(154,159),(104,173),(49,156),(134,42),(33,189),(182,80),(239,61),(179,110),(178,143),(128,170),(160,150),(126,175),(100,162),(156,99),(121,221),(163,35),(170,64),(43,178),(150,154),(171,119),(78,145),(203,192),(153,146),(162,19),(187,90),(79,86),(149,115),(159,111),(237,61),
176:(173,170),(155,159),(103,173),(49,156),(134,42),(33,189),(182,80),(239,61),(179,109),(178,143),(128,171),(160,151),(126,175),(99,162),(156,99),(121,221),(162,35),(170,64),(42,178),(150,154),(171,120),(78,145),(203,192),(152,146),(162,19),(187,89),(79,86),(148,115),(159,112),(238,61),
177:(174,170),(156,159),(102,173),(49,156),(134,42),(33,189),(182,80),(239,62),(179,108),(178,143),(128,172),(160,152),(126,175),(98,162),(156,99),(121,221),(161,35),(170,64),(42,179),(150,154),(171,121),(78,145),(203,192),(151,146),(162,19),(188,89),(79,86),(148,114),(159,113),(239,61),
178:(175,170),(157,159),(101,173),(49,156),(134,42),(33,189),(182,80),(239,61),(179,107),(178,143),(128,173),(160,153),(126,175),(97,162),(156,99),(121,221),(160,35),(170,64),(41,179),(150,154),(171,122),(78,145),(203,192),(151,147),(162,19),(189,89),(79,86),(148,113),(159,114),(240,61),
179:(176,170),(158,159),(100,173),(49,156),(134,42),(33,189),(182,80),(239,61),(179,106),(178,143),(127,173),(160,153),(126,175),(96,162),(156,99),(121,221),(160,34),(170,64),(41,180),(150,154),(171,123),(78,145),(203,192),(150,147),(162,19),(189,88),(79,86),(148,112),(159,115),(241,61),
180:(177,170),(159,159),(99,173),(49,156),(134,42),(33,189),(182,80),(239,61),(179,105),(178,143),(126,173),(160,153),(126,175),(95,162),(156,99),(121,221),(160,33),(170,64),(41,181),(150,154),(171,124),(78,145),(203,192),(150,148),(162,19),(190,88),(79,86),(147,112),(159,116),(242,61),
181:(178,170),(160,159),(98,173),(49,156),(134,42),(33,189),(182,80),(239,61),(180,105),(178,143),(125,173),(160,153),(126,175),(94,162),(156,99),(121,221),(160,32),(170,64),(41,182),(150,154),(171,125),(78,145),(203,192),(149,148),(162,19),(191,88),(79,86),(147,111),(159,117),(243,61),
182:(179,170),(161,159),(97,173),(49,156),(134,42),(33,189),(182,80),(239,61),(180,104),(178,143),(124,173),(160,153),(126,175),(93,162),(156,99),(121,221),(160,31),(170,64),(41,183),(150,154),(171,126),(78,145),(203,192),(148,148),(162,19),(191,87),(79,86),(147,110),(159,118),(244,61),
183:(180,170),(162,159),(96,173),(49,156),(134,42),(33,189),(182,80),(239,61),(181,104),(178,143),(123,173),(160,153),(126,175),(92,162),(156,99),(121,221),(159,31),(170,64),(40,183),(150,154),(171,127),(78,145),(203,192),(148,149),(162,19),(191,86),(79,86),(146,110),(159,119),(245,61),
184:(181,170),(163,159),(95,173),(49,156),(134,42),(33,189),(182,80),(239,61),(181,103),(178,143),(122,173),(160,153),(126,175),(91,162),(156,99),(121,221),(159,30),(170,64),(39,183),(150,154),(171,127),(78,145),(203,192),(148,150),(162,19),(192,86),(79,86),(145,110),(159,120),(246,61),
185:(182,170),(164,159),(94,173),(49,156),(134,42),(33,189),(182,80),(239,61),(181,102),(178,143),(121,173),(160,153),(126,175),(90,162),(156,99),(121,221),(159,30),(170,64),(38,183),(150,154),(171,127),(78,145),(203,192),(148,151),(162,19),(193,86),(79,86),(145,109),(159,121),(247,61),
186:(183,170),(165,159),(93,173),(49,156),(134,42),(33,189),(182,80),(239,61),(181,101),(178,143),(120,173),(160,153),(126,175),(89,162),(156,99),(121,221),(159,30),(170,64),(37,183),(150,154),(171,127),(78,145),(203,192),(147,151),(162,19),(194,86),(79,86),(144,109),(159,122),(247,61),
187:(184,170),(166,159),(92,173),(49,156),(134,42),(33,189),(182,80),(239,61),(181,100),(178,143),(119,173),(160,153),(126,175),(88,162),(156,99),(121,221),(159,30),(170,64),(36,183),(150,154),(171,127),(78,145),(203,192),(147,152),(162,19),(195,86),(79,86),(143,109),(159,123),(247,61),
188:(185,170),(167,159),(91,173),(49,156),(134,42),(33,189),(182,80),(239,61),(181,99),(178,143),(118,173),(160,153),(126,175),(87,162),(156,99),(121,221),(159,30),(170,64),(35,183),(150,154),(171,127),(78,145),(203,192),(147,153),(162,19),(196,86),(79,86),(142,109),(159,124),(247,61),
189:(186,170),(168,159),(90,173),(49,156),(134,42),(33,189),(182,80),(239,61),(181,98),(178,143),(117,173),(160,153),(126,175),(87,162),(156,99),(121,221),(159,30),(170,64),(34,183),(150,154),(171,127),(78,145),(203,192),(146,153),(162,19),(197,86),(79,86),(141,109),(159,125),(247,61),
190:(187,170),(169,159),(89,173),(49,156),(134,42),(33,189),(182,80),(239,61),(182,98),(178,143),(116,173),(160,153),(126,175),(87,162),(156,99),(121,221),(159,30),(170,64),(33,183),(150,154),(171,127),(78,145),(203,192),(146,154),(162,19),(198,86),(79,86),(140,109),(159,126),(247,61),
191:(188,170),(170,159),(88,173),(49,156),(134,42),(33,189),(182,80),(239,61),(182,97),(178,143),(115,173),(160,153),(126,175),(87,162),(156,99),(121,221),(159,30),(170,64),(32,183),(150,154),(171,127),(78,145),(203,192),(145,154),(162,19),(199,86),(79,86),(139,109),(159,127),(247,61),
192:(188,170),(171,159),(87,173),(49,156),(134,42),(33,189),(182,80),(239,61),(182,96),(178,143),(114,173),(160,153),(126,175),(87,162),(156,99),(121,221),(159,30),(170,64),(31,183),(150,154),(171,127),(78,145),(203,192),(144,154),(162,19),(200,86),(79,86),(139,108),(159,128),(247,61),
193:(188,170),(172,159),(86,173),(49,156),(134,42),(33,189),(182,80),(239,61),(183,96),(178,143),(113,173),(160,153),(126,175),(87,162),(156,99),(121,221),(159,30),(170,64),(30,183),(150,154),(171,127),(78,145),(203,192),(143,154),(162,19),(201,86),(79,86),(138,108),(159,129),(247,61),
194:(188,170),(173,159),(85,173),(49,156),(134,42),(33,189),(182,80),(239,61),(184,96),(178,143),(112,173),(160,153),(126,175),(87,162),(156,99),(121,221),(159,30),(170,64),(29,183),(150,154),(171,127),(78,145),(203,192),(142,154),(162,19),(201,87),(79,86),(137,108),(159,130),(247,61),
195:(188,170),(174,159),(84,173),(49,156),(134,42),(33,189),(182,80),(239,61),(184,95),(178,143),(111,173),(160,153),(126,175),(87,162),(156,99),(121,221),(159,30),(170,64),(28,183),(150,154),(171,127),(78,145),(203,192),(142,155),(162,19),(202,87),(79,86),(136,108),(159,131),(247,61),
196:(188,170),(175,159),(83,173),(49,156),(134,42),(33,189),(182,80),(239,61),(184,94),(178,143),(110,173),(160,153),(126,175),(87,162),(156,99),(121,221),(159,30),(170,64),(27,183),(150,154),(171,127),(78,145),(203,192),(141,155),(162,19),(203,87),(79,86),(136,109),(159,132),(247,61),
197:(188,170),(176,159),(82,173),(49,156),(134,42),(33,189),(182,80),(239,61),(185,94),(178,143),(109,173),(160,153),(126,175),(87,162),(156,99),(121,221),(159,30),(170,64),(26,183),(150,154),(171,127),(78,145),(203,192),(140,155),(162,19),(204,87),(79,86),(135,109),(159,133),(247,61),
198:(188,170),(177,159),(81,173),(49,156),(134,42),(33,189),(182,80),(239,61),(185,93),(178,143),(108,173),(160,153),(126,175),(87,162),(156,99),(121,221),(159,30),(170,64),(25,183),(150,154),(171,127),(78,145),(203,192),(140,156),(162,19),(204,88),(79,86),(134,109),(159,134),(247,61),
199:(188,170),(178,159),(80,173),(49,156),(134,42),(33,189),(182,80),(239,61),(185,92),(178,143),(107,173),(160,153),(126,175),(87,162),(156,99),(121,221),(159,30),(170,64),(24,183),(150,154),(171,127),(78,145),(203,192),(139,156),(162,19),(204,89),(79,86),(134,110),(159,135),(247,61),
200:(188,170),(179,159),(79,173),(49,156),(134,42),(33,189),(182,80),(239,61),(186,92),(178,143),(106,173),(160,153),(126,175),(87,162),(156,99),(121,221),(159,30),(170,64),(23,183),(150,154),(171,127),(78,145),(203,192),(138,156),(162,19),(204,90),(79,86),(133,110),(159,136),(247,61),
201:(188,170),(180,159),(78,173),(49,156),(134,42),(33,189),(182,80),(239,61),(186,91),(178,143),(105,173),(160,153),(126,175),(87,162),(156,99),(121,221),(159,30),(170,64),(22,183),(150,154),(171,127),(78,145),(203,192),(137,156),(162,19),(204,91),(79,86),(132,110),(159,137),(247,61),
202:(188,170),(180,159),(77,173),(49,156),(134,42),(33,189),(182,80),(239,61),(186,90),(178,143),(104,173),(160,153),(126,175),(87,162),(156,99),(121,221),(159,30),(170,64),(21,183),(150,154),(171,127),(78,145),(203,192),(136,156),(162,19),(205,91),(79,86),(132,111),(158,137),(247,61),
203:(188,170),(180,159),(76,173),(49,156),(134,42),(33,189),(182,80),(239,61),(186,89),(178,143),(103,173),(160,153),(126,175),(87,162),(156,99),(121,221),(159,30),(170,64),(20,183),(150,154),(171,127),(78,145),(203,192),(135,156),(162,19),(206,91),(79,86),(131,111),(158,138),(247,61),
204:(188,170),(180,159),(75,173),(49,156),(134,42),(33,189),(182,80),(239,61),(186,88),(178,143),(102,173),(160,153),(126,175),(87,162),(156,99),(121,221),(159,30),(170,64),(19,183),(150,154),(171,127),(78,145),(203,192),(134,156),(162,19),(207,91),(79,86),(130,111),(157,138),(247,61),
205:(188,170),(180,159),(74,173),(49,156),(134,42),(33,189),(182,80),(239,61),(186,87),(178,143),(101,173),(160,153),(126,175),(87,162),(156,99),(121,221),(159,30),(170,64),(18,183),(150,154),(171,127),(78,145),(203,192),(133,156),(162,19),(208,91),(79,86),(129,111),(157,139),(247,61),
206:(188,170),(180,159),(73,173),(49,156),(134,42),(33,189),(182,80),(239,61),(186,86),(178,143),(100,173),(160,153),(126,175),(87,162),(156,99),(121,221),(159,30),(170,64),(17,183),(150,154),(171,127),(78,145),(203,192),(132,156),(162,19),(209,91),(79,86),(129,112),(157,140),(247,61),
207:(188,170),(180,159),(72,173),(49,156),(134,42),(33,189),(182,80),(239,61),(186,85),(178,143),(99,173),(160,153),(126,175),(87,162),(156,99),(121,221),(159,30),(170,64),(17,184),(150,154),(171,127),(78,145),(203,192),(131,156),(162,19),(210,91),(79,86),(128,112),(156,140),(247,61),
208:(188,170),(180,159),(71,173),(49,156),(134,42),(33,189),(182,80),(239,61),(186,84),(178,143),(99,174),(160,153),(126,175),(87,162),(156,99),(121,221),(159,30),(170,64),(17,185),(150,154),(171,127),(78,145),(203,192),(130,156),(162,19),(211,91),(79,86),(127,112),(155,140),(247,61),
209:(188,170),(180,159),(70,173),(49,156),(134,42),(33,189),(182,80),(239,61),(186,83),(178,143),(99,175),(160,153),(126,175),(87,162),(156,99),(121,221),(159,30),(170,64),(17,186),(150,154),(171,127),(78,145),(203,192),(129,156),(162,19),(212,91),(79,86),(126,112),(154,140),(247,61),
210:(188,170),(180,159),(69,173),(49,156),(134,42),(33,189),(182,80),(239,61),(186,82),(178,143),(98,175),(160,153),(126,175),(87,162),(156,99),(121,221),(159,30),(170,64),(16,186),(150,154),(171,127),(78,145),(203,192),(128,156),(162,19),(213,91),(79,86),(125,112),(153,140),(247,61),
211:(188,170),(180,159),(68,173),(49,156),(134,42),(33,189),(182,80),(239,61),(186,81),(178,143),(97,175),(160,153),(126,175),(87,162),(156,99),(121,221),(159,30),(170,64),(16,187),(150,154),(171,127),(78,145),(203,192),(127,156),(162,19),(213,92),(79,86),(124,112),(152,140),(247,61),
212:(188,170),(180,159),(67,173),(49,156),(134,42),(33,189),(182,80),(239,61),(186,80),(178,143),(97,176),(160,153),(126,175),(87,162),(156,99),(121,221),(159,30),(170,64),(16,188),(150,154),(171,127),(78,145),(203,192),(126,156),(162,19),(214,92),(79,86),(124,113),(152,141),(247,61),
213:(188,170),(180,159),(66,173),(49,156),(134,42),(33,189),(182,80),(239,61),(186,79),(178,143),(97,177),(160,153),(126,175),(87,162),(156,99),(121,221),(159,30),(170,64),(16,189),(150,154),(171,127),(78,145),(203,192),(125,156),(162,19),(215,92),(79,86),(123,113),(151,141),(247,61),
214:(188,170),(180,159),(65,173),(49,156),(134,42),(33,189),(182,80),(239,61),(186,78),(178,143),(97,178),(160,153),(126,175),(87,162),(156,99),(121,221),(159,30),(170,64),(16,190),(150,154),(171,127),(78,145),(203,192),(124,156),(162,19),(215,93),(79,86),(123,114),(151,142),(247,61),
215:(188,170),(180,159),(64,173),(49,156),(134,42),(33,189),(182,80),(239,61),(186,77),(178,143),(97,179),(160,153),(126,175),(87,162),(156,99),(121,221),(159,30),(170,64),(16,191),(150,154),(171,127),(78,145),(203,192),(123,156),(162,19),(215,94),(79,86),(122,114),(151,143),(247,61),
216:(188,170),(180,159),(63,173),(49,156),(134,42),(33,189),(182,80),(239,61),(186,76),(178,143),(97,180),(160,153),(126,175),(87,162),(156,99),(121,221),(159,30),(170,64),(16,192),(150,154),(171,127),(78,145),(203,192),(122,156),(162,19),(215,95),(79,86),(121,114),(151,144),(247,61),
217:(188,170),(180,159),(62,173),(49,156),(134,42),(33,189),(182,80),(239,61),(186,75),(178,143),(97,181),(160,153),(126,175),(87,162),(156,99),(121,221),(159,30),(170,64),(16,193),(150,154),(171,127),(78,145),(203,192),(121,156),(162,19),(216,95),(79,86),(120,114),(150,144),(247,61),
218:(188,170),(180,159),(61,173),(49,156),(134,42),(33,189),(182,80),(239,61),(186,74),(178,143),(97,182),(160,153),(126,175),(87,162),(156,99),(121,221),(159,30),(170,64),(16,193),(150,154),(171,127),(78,145),(203,192),(120,156),(162,19),(217,95),(79,86),(119,114),(150,145),(247,61),
219:(188,170),(180,159),(60,173),(49,156),(134,42),(33,189),(182,80),(239,61),(186,73),(178,143),(97,183),(160,153),(126,175),(87,162),(156,99),(121,221),(159,30),(170,64),(16,193),(150,154),(171,127),(78,145),(203,192),(119,156),(162,19),(218,95),(79,86),(118,114),(150,146),(247,61),
220:(188,170),(180,159),(59,173),(49,156),(134,42),(33,189),(182,80),(239,61),(186,72),(178,143),(97,184),(160,153),(126,175),(87,162),(156,99),(121,221),(159,30),(170,64),(16,193),(150,154),(171,127),(78,145),(203,192),(118,156),(162,19),(218,96),(79,86),(117,114),(150,147),(247,61),
221:(188,170),(180,159),(58,173),(49,156),(134,42),(33,189),(182,80),(239,61),(186,71),(178,143),(97,185),(160,153),(126,175),(87,162),(156,99),(121,221),(159,30),(170,64),(16,193),(150,154),(171,127),(78,145),(203,192),(117,156),(162,19),(219,96),(79,86),(117,114),(150,148),(247,61),
222:(188,170),(180,159),(57,173),(49,156),(134,42),(33,189),(182,80),(239,61),(186,70),(178,143),(97,186),(160,153),(126,175),(87,162),(156,99),(121,221),(159,30),(170,64),(16,193),(150,154),(171,127),(78,145),(203,192),(116,156),(162,19),(219,97),(79,86),(117,114),(150,149),(247,61),
223:(188,170),(180,159),(56,173),(49,156),(134,42),(33,189),(182,80),(239,61),(186,69),(178,143),(97,187),(160,153),(126,175),(87,162),(156,99),(121,221),(159,30),(170,64),(16,193),(150,154),(171,127),(78,145),(203,192),(115,156),(162,19),(220,97),(79,86),(117,114),(149,149),(247,61),
224:(188,170),(180,159),(55,173),(49,156),(134,42),(33,189),(182,80),(239,61),(186,68),(178,143),(97,188),(160,153),(126,175),(87,162),(156,99),(121,221),(159,30),(170,64),(16,193),(150,154),(171,127),(78,145),(203,192),(114,156),(162,19),(220,98),(79,86),(117,114),(149,150),(247,61),
225:(188,170),(180,159),(54,173),(49,156),(134,42),(33,189),(182,80),(239,61),(186,68),(178,143),(97,189),(160,153),(126,175),(87,162),(156,99),(121,221),(159,30),(170,64),(16,193),(150,154),(171,127),(78,145),(203,192),(113,156),(162,19),(221,98),(79,86),(117,114),(148,150),(247,61),
226:(188,170),(180,159),(54,174),(49,156),(134,42),(33,189),(182,80),(239,61),(186,68),(178,143),(97,190),(160,153),(126,175),(87,162),(156,99),(121,221),(159,30),(170,64),(16,193),(150,154),(171,127),(78,145),(203,192),(112,156),(162,19),(222,98),(79,86),(117,114),(148,151),(247,61),
227:(188,170),(180,159),(53,174),(49,156),(134,42),(33,189),(182,80),(239,61),(186,68),(178,143),(97,191),(160,153),(126,175),(87,162),(156,99),(121,221),(159,30),(170,64),(16,193),(150,154),(171,127),(78,145),(203,192),(111,156),(162,19),(222,99),(79,86),(117,114),(147,151),(247,61),
228:(188,170),(180,159),(52,174),(49,156),(134,42),(33,189),(182,80),(239,61),(186,68),(178,143),(97,192),(160,153),(126,175),(87,162),(156,99),(121,221),(159,30),(170,64),(16,193),(150,154),(171,127),(78,145),(203,192),(110,156),(162,19),(223,99),(79,86),(117,114),(146,151),(247,61),
229:(188,170),(180,159),(52,175),(49,156),(134,42),(33,189),(182,80),(239,61),(186,68),(178,143),(97,193),(160,153),(126,175),(87,162),(156,99),(121,221),(159,30),(170,64),(16,193),(150,154),(171,127),(78,145),(203,192),(109,156),(162,19),(224,99),(79,86),(117,114),(145,151),(247,61),
230:(188,170),(180,159),(51,175),(49,156),(134,42),(33,189),(182,80),(239,61),(186,68),(178,143),(97,194),(160,153),(126,175),(87,162),(156,99),(121,221),(159,30),(170,64),(16,193),(150,154),(171,127),(78,145),(203,192),(108,156),(162,19),(225,99),(79,86),(117,114),(144,151),(247,61),
231:(188,170),(180,159),(50,175),(49,156),(134,42),(33,189),(182,80),(239,61),(186,68),(178,143),(97,195),(160,153),(126,175),(87,162),(156,99),(121,221),(159,30),(170,64),(16,193),(150,154),(171,127),(78,145),(203,192),(107,156),(162,19),(226,99),(79,86),(117,114),(144,152),(247,61),
232:(188,170),(180,159),(49,175),(49,156),(134,42),(33,189),(182,80),(239,61),(186,68),(178,143),(97,196),(160,153),(126,175),(87,162),(156,99),(121,221),(159,30),(170,64),(16,193),(150,154),(171,127),(78,145),(203,192),(106,156),(162,19),(227,99),(79,86),(117,114),(143,152),(247,61),
233:(188,170),(180,159),(48,175),(49,156),(134,42),(33,189),(182,80),(239,61),(186,68),(178,143),(97,197),(160,153),(126,175),(87,162),(156,99),(121,221),(159,30),(170,64),(16,193),(150,154),(171,127),(78,145),(203,192),(105,156),(162,19),(228,99),(79,86),(117,114),(143,153),(247,61),
234:(188,170),(180,159),(48,176),(49,156),(134,42),(33,189),(182,80),(239,61),(186,68),(178,143),(97,198),(160,153),(126,175),(87,162),(156,99),(121,221),(159,30),(170,64),(16,193),(150,154),(171,127),(78,145),(203,192),(104,156),(162,19),(229,99),(79,86),(117,114),(142,153),(247,61),
235:(188,170),(180,159),(48,177),(49,156),(134,42),(33,189),(182,80),(239,61),(186,68),(178,143),(97,199),(160,153),(126,175),(87,162),(156,99),(121,221),(159,30),(170,64),(16,193),(150,154),(171,127),(78,145),(203,192),(103,156),(162,19),(230,99),(79,86),(117,114),(142,154),(247,61),
236:(188,170),(180,159),(48,178),(49,156),(134,42),(33,189),(182,80),(239,61),(186,68),(178,143),(97,200),(160,153),(126,175),(87,162),(156,99),(121,221),(159,30),(170,64),(16,193),(150,154),(171,127),(78,145),(203,192),(102,156),(162,19),(231,99),(79,86),(117,114),(142,155),(247,61),
237:(188,170),(180,159),(47,178),(49,156),(134,42),(33,189),(182,80),(239,61),(186,68),(178,143),(98,200),(160,153),(126,175),(87,162),(156,99),(121,221),(159,30),(170,64),(16,193),(150,154),(171,127),(78,145),(203,192),(101,156),(162,19),(232,99),(79,86),(117,114),(141,155),(247,61),
238:(188,170),(180,159),(46,178),(49,156),(134,42),(33,189),(182,80),(239,61),(186,68),(178,143),(99,200),(160,153),(126,175),(87,162),(156,99),(121,221),(159,30),(170,64),(16,193),(150,154),(171,127),(78,145),(203,192),(100,156),(162,19),(233,99),(79,86),(117,114),(141,156),(247,61),
239:(188,170),(180,159),(45,178),(49,156),(134,42),(33,189),(182,80),(239,61),(186,68),(178,143),(99,201),(160,153),(126,175),(87,162),(156,99),(121,221),(159,30),(170,64),(16,193),(150,154),(171,127),(78,145),(203,192),(99,156),(162,19),(234,99),(79,86),(117,114),(141,157),(247,61),
240:(188,170),(180,159),(44,178),(49,156),(134,42),(33,189),(182,80),(239,61),(186,68),(178,143),(99,202),(160,153),(126,175),(87,162),(156,99),(121,221),(159,30),(170,64),(16,193),(150,154),(171,127),(78,145),(203,192),(98,156),(162,19),(235,99),(79,86),(117,114),(140,157),(247,61),
241:(188,170),(180,159),(43,178),(49,156),(134,42),(33,189),(182,80),(239,61),(186,68),(178,143),(99,203),(160,153),(126,175),(87,162),(156,99),(121,221),(159,30),(170,64),(16,193),(150,154),(171,127),(78,145),(203,192),(97,156),(162,19),(236,99),(79,86),(117,114),(140,158),(247,61),
242:(188,170),(180,159),(42,178),(49,156),(134,42),(33,189),(182,80),(239,61),(186,68),(178,143),(99,204),(160,153),(126,175),(87,162),(156,99),(121,221),(159,30),(170,64),(16,193),(150,154),(171,127),(78,145),(203,192),(96,156),(162,19),(237,99),(79,86),(117,114),(139,158),(247,61),
243:(188,170),(180,159),(42,179),(49,156),(134,42),(33,189),(182,80),(239,61),(186,68),(178,143),(99,205),(160,153),(126,175),(87,162),(156,99),(121,221),(159,30),(170,64),(16,193),(150,154),(171,127),(78,145),(203,192),(95,156),(162,19),(238,99),(79,86),(117,114),(138,158),(247,61),
244:(188,170),(180,159),(41,179),(49,156),(134,42),(33,189),(182,80),(239,61),(186,68),(178,143),(99,206),(160,153),(126,175),(87,162),(156,99),(121,221),(159,30),(170,64),(16,193),(150,154),(171,127),(78,145),(203,192),(94,156),(162,19),(239,99),(79,86),(117,114),(138,159),(247,61),
245:(188,170),(180,159),(40,179),(49,156),(134,42),(33,189),(182,80),(239,61),(186,68),(178,143),(99,207),(160,153),(126,175),(87,162),(156,99),(121,221),(159,30),(170,64),(16,193),(150,154),(171,127),(78,145),(203,192),(93,156),(162,19),(240,99),(79,86),(117,114),(137,159),(247,61),
246:(188,170),(180,159),(40,180),(49,156),(134,42),(33,189),(182,80),(239,61),(186,68),(178,143),(99,208),(160,153),(126,175),(87,162),(156,99),(121,221),(159,30),(170,64),(16,193),(150,154),(171,127),(78,145),(203,192),(92,156),(162,19),(241,99),(79,86),(117,114),(136,159),(247,61),
247:(188,170),(180,159),(39,180),(49,156),(134,42),(33,189),(182,80),(239,61),(186,68),(178,143),(100,208),(160,153),(126,175),(87,162),(156,99),(121,221),(159,30),(170,64),(16,193),(150,154),(171,127),(78,145),(203,192),(91,156),(162,19),(241,99),(79,86),(117,114),(136,160),(247,61),
248:(188,170),(180,159),(38,180),(49,156),(134,42),(33,189),(182,80),(239,61),(186,68),(178,143),(100,209),(160,153),(126,175),(87,162),(156,99),(121,221),(159,30),(170,64),(16,193),(150,154),(171,127),(78,145),(203,192),(90,156),(162,19),(241,99),(79,86),(117,114),(136,161),(247,61),
249:(188,170),(180,159),(38,181),(49,156),(134,42),(33,189),(182,80),(239,61),(186,68),(178,143),(100,210),(160,153),(126,175),(87,162),(156,99),(121,221),(159,30),(170,64),(16,193),(150,154),(171,127),(78,145),(203,192),(89,156),(162,19),(241,99),(79,86),(117,114),(136,162),(247,61),
250:(188,170),(180,159),(37,181),(49,156),(134,42),(33,189),(182,80),(239,61),(186,68),(178,143),(101,210),(160,153),(126,175),(87,162),(156,99),(121,221),(159,30),(170,64),(16,193),(150,154),(171,127),(78,145),(203,192),(88,156),(162,19),(241,99),(79,86),(117,114),(136,163),(247,61),
251:(188,170),(180,159),(37,182),(49,156),(134,42),(33,189),(182,80),(239,61),(186,68),(178,143),(101,211),(160,153),(126,175),(87,162),(156,99),(121,221),(159,30),(170,64),(16,193),(150,154),(171,127),(78,145),(203,192),(87,156),(162,19),(241,99),(79,86),(117,114),(136,164),(247,61),
252:(188,170),(180,159),(37,183),(49,156),(134,42),(33,189),(182,80),(239,61),(186,68),(178,143),(101,212),(160,153),(126,175),(87,162),(156,99),(121,221),(159,30),(170,64),(16,193),(150,154),(171,127),(78,145),(203,192),(86,156),(162,19),(241,99),(79,86),(117,114),(136,165),(247,61),
253:(188,170),(180,159),(36,183),(49,156),(134,42),(33,189),(182,80),(239,61),(186,68),(178,143),(102,212),(160,153),(126,175),(87,162),(156,99),(121,221),(159,30),(170,64),(16,193),(150,154),(171,127),(78,145),(203,192),(85,156),(162,19),(241,99),(79,86),(117,114),(136,166),(247,61),
254:(188,170),(180,159),(35,183),(49,156),(134,42),(33,189),(182,80),(239,61),(186,68),(178,143),(103,212),(160,153),(126,175),(87,162),(156,99),(121,221),(159,30),(170,64),(16,193),(150,154),(171,127),(78,145),(203,192),(84,156),(162,19),(241,99),(79,86),(117,114),(135,166),(247,61),
255:(188,170),(180,159),(34,183),(49,156),(134,42),(33,189),(182,80),(239,61),(186,68),(178,143),(103,213),(160,153),(126,175),(87,162),(156,99),(121,221),(159,30),(170,64),(16,193),(150,154),(171,127),(78,145),(203,192),(83,156),(162,19),(241,99),(79,86),(117,114),(134,166),(247,61),
256:(188,170),(180,159),(33,183),(49,156),(134,42),(33,189),(182,80),(239,61),(186,68),(178,143),(103,214),(160,153),(126,175),(87,162),(156,99),(121,221),(159,30),(170,64),(16,193),(150,154),(171,127),(78,145),(203,192),(82,156),(162,19),(241,99),(79,86),(117,114),(133,166),(247,61),
257:(188,170),(180,159),(32,183),(49,156),(134,42),(33,189),(182,80),(239,61),(186,68),(178,143),(103,215),(160,153),(126,175),(87,162),(156,99),(121,221),(159,30),(170,64),(16,193),(150,154),(171,127),(78,145),(203,192),(81,156),(162,19),(241,99),(79,86),(117,114),(132,166),(247,61),
258:(188,170),(180,159),(31,183),(49,156),(134,42),(33,189),(182,80),(239,61),(186,68),(178,143),(103,216),(160,153),(126,175),(87,162),(156,99),(121,221),(159,30),(170,64),(16,193),(150,154),(171,127),(78,145),(203,192),(80,156),(162,19),(241,99),(79,86),(117,114),(131,166),(247,61),
259:(188,170),(180,159),(30,183),(49,156),(134,42),(33,189),(182,80),(239,61),(186,68),(178,143),(103,217),(160,153),(126,175),(87,162),(156,99),(121,221),(159,30),(170,64),(16,193),(150,154),(171,127),(78,145),(203,192),(79,156),(162,19),(241,99),(79,86),(117,114),(130,166),(247,61),
260:(188,170),(180,159),(29,183),(49,156),(134,42),(33,189),(182,80),(239,61),(186,68),(178,143),(103,218),(160,153),(126,175),(87,162),(156,99),(121,221),(159,30),(170,64),(16,193),(150,154),(171,127),(78,145),(203,192),(78,156),(162,19),(241,99),(79,86),(117,114),(129,166),(247,61),
261:(188,170),(180,159),(28,183),(49,156),(134,42),(33,189),(182,80),(239,61),(186,68),(178,143),(103,219),(160,153),(126,175),(87,162),(156,99),(121,221),(159,30),(170,64),(16,193),(150,154),(171,127),(78,145),(203,192),(77,156),(162,19),(241,99),(79,86),(117,114),(129,167),(247,61),
262:(188,170),(180,159),(27,183),(49,156),(134,42),(33,189),(182,80),(239,61),(186,68),(178,143),(103,220),(160,153),(126,175),(87,162),(156,99),(121,221),(159,30),(170,64),(16,193),(150,154),(171,127),(78,145),(203,192),(76,156),(162,19),(241,99),(79,86),(117,114),(128,167),(247,61),
263:(188,170),(180,159),(26,183),(49,156),(134,42),(33,189),(182,80),(239,61),(186,68),(178,143),(103,221),(160,153),(126,175),(87,162),(156,99),(121,221),(159,30),(170,64),(16,193),(150,154),(171,127),(78,145),(203,192),(75,156),(162,19),(241,99),(79,86),(117,114),(128,168),(247,61),
264:(188,170),(180,159),(25,183),(49,156),(134,42),(33,189),(182,80),(239,61),(186,68),(178,143),(103,222),(160,153),(126,175),(87,162),(156,99),(121,221),(159,30),(170,64),(16,193),(150,154),(171,127),(78,145),(203,192),(74,156),(162,19),(241,99),(79,86),(117,114),(128,169),(247,61),
265:(188,170),(180,159),(24,183),(49,156),(134,42),(33,189),(182,80),(239,61),(186,68),(178,143),(104,222),(160,153),(126,175),(87,162),(156,99),(121,221),(159,30),(170,64),(16,193),(150,154),(171,127),(78,145),(203,192),(73,156),(162,19),(241,99),(79,86),(117,114),(127,169),(247,61),
266:(188,170),(180,159),(23,183),(49,156),(134,42),(33,189),(182,80),(239,61),(186,68),(178,143),(104,223),(160,153),(126,175),(87,162),(156,99),(121,221),(159,30),(170,64),(16,193),(150,154),(171,127),(78,145),(203,192),(72,156),(162,19),(241,99),(79,86),(117,114),(126,169),(247,61),
267:(188,170),(180,159),(22,183),(49,156),(134,42),(33,189),(182,80),(239,61),(186,68),(178,143),(104,224),(160,153),(126,175),(87,162),(156,99),(121,221),(159,30),(170,64),(16,193),(150,154),(171,127),(78,145),(203,192),(71,156),(162,19),(241,99),(79,86),(117,114),(125,169),(247,61),
268:(188,170),(180,159),(21,183),(49,156),(134,42),(33,189),(182,80),(239,61),(186,68),(178,143),(105,224),(160,153),(126,175),(87,162),(156,99),(121,221),(159,30),(170,64),(16,193),(150,154),(171,127),(78,145),(203,192),(70,156),(162,19),(241,99),(79,86),(117,114),(124,169),(247,61),
269:(188,170),(180,159),(20,183),(49,156),(134,42),(33,189),(182,80),(239,61),(186,68),(178,143),(105,225),(160,153),(126,175),(87,162),(156,99),(121,221),(159,30),(170,64),(16,193),(150,154),(171,127),(78,145),(203,192),(69,156),(162,19),(241,99),(79,86),(117,114),(124,170),(247,61),
270:(188,170),(180,159),(20,184),(49,156),(134,42),(33,189),(182,80),(239,61),(186,68),(178,143),(105,226),(160,153),(126,175),(87,162),(156,99),(121,221),(159,30),(170,64),(16,193),(150,154),(171,127),(78,145),(203,192),(68,156),(162,19),(241,99),(79,86),(117,114),(124,171),(247,61),
271:(188,170),(180,159),(20,185),(49,156),(134,42),(33,189),(182,80),(239,61),(186,68),(178,143),(105,227),(160,153),(126,175),(87,162),(156,99),(121,221),(159,30),(170,64),(16,193),(150,154),(171,127),(78,145),(203,192),(67,156),(162,19),(241,99),(79,86),(117,114),(124,172),(247,61),
272:(188,170),(180,159),(19,185),(49,156),(134,42),(33,189),(182,80),(239,61),(186,68),(178,143),(105,228),(160,153),(126,175),(87,162),(156,99),(121,221),(159,30),(170,64),(16,193),(150,154),(171,127),(78,145),(203,192),(66,156),(162,19),(241,99),(79,86),(117,114),(124,173),(247,61),
273:(188,170),(180,159),(18,185),(49,156),(134,42),(33,189),(182,80),(239,61),(186,68),(178,143),(106,228),(160,153),(126,175),(87,162),(156,99),(121,221),(159,30),(170,64),(16,193),(150,154),(171,127),(78,145),(203,192),(65,156),(162,19),(241,99),(79,86),(117,114),(123,173),(247,61),
274:(188,170),(180,159),(18,186),(49,156),(134,42),(33,189),(182,80),(239,61),(186,68),(178,143),(107,228),(160,153),(126,175),(87,162),(156,99),(121,221),(159,30),(170,64),(16,193),(150,154),(171,127),(78,145),(203,192),(64,156),(162,19),(241,99),(79,86),(117,114),(122,173),(247,61),
275:(188,170),(180,159),(17,186),(49,156),(134,42),(33,189),(182,80),(239,61),(186,68),(178,143),(108,228),(160,153),(126,175),(87,162),(156,99),(121,221),(159,30),(170,64),(16,193),(150,154),(171,127),(78,145),(203,192),(63,156),(162,19),(241,99),(79,86),(117,114),(121,173),(247,61),
276:(188,170),(180,159),(16,186),(49,156),(134,42),(33,189),(182,80),(239,61),(186,68),(178,143),(109,228),(160,153),(126,175),(87,162),(156,99),(121,221),(159,30),(170,64),(16,193),(150,154),(171,127),(78,145),(203,192),(62,156),(162,19),(241,99),(79,86),(117,114),(120,173),(247,61),
277:(188,170),(180,159),(15,186),(49,156),(134,42),(33,189),(182,80),(239,61),(186,68),(178,143),(110,228),(160,153),(126,175),(87,162),(156,99),(121,221),(159,30),(170,64),(16,193),(150,154),(171,127),(78,145),(203,192),(61,156),(162,19),(241,99),(79,86),(117,114),(119,173),(247,61),
278:(188,170),(180,159),(14,186),(49,156),(134,42),(33,189),(182,80),(239,61),(186,68),(178,143),(111,228),(160,153),(126,175),(87,162),(156,99),(121,221),(159,30),(170,64),(16,193),(150,154),(171,127),(78,145),(203,192),(60,156),(162,19),(241,99),(79,86),(117,114),(118,173),(247,61),
279:(188,170),(180,159),(14,187),(49,156),(134,42),(33,189),(182,80),(239,61),(186,68),(178,143),(112,228),(160,153),(126,175),(87,162),(156,99),(121,221),(159,30),(170,64),(16,193),(150,154),(171,127),(78,145),(203,192),(59,156),(162,19),(241,99),(79,86),(117,114),(117,173),(247,61),
280:(188,170),(180,159),(14,188),(49,156),(134,42),(33,189),(182,80),(239,61),(186,68),(178,143),(113,228),(160,153),(126,175),(87,162),(156,99),(121,221),(159,30),(170,64),(16,193),(150,154),(171,127),(78,145),(203,192),(58,156),(162,19),(241,99),(79,86),(117,114),(116,173),(247,61),
281:(188,170),(180,159),(14,189),(49,156),(134,42),(33,189),(182,80),(239,61),(186,68),(178,143),(114,228),(160,153),(126,175),(87,162),(156,99),(121,221),(159,30),(170,64),(16,193),(150,154),(171,127),(78,145),(203,192),(57,156),(162,19),(241,99),(79,86),(117,114),(115,173),(247,61),
282:(188,170),(180,159),(14,190),(49,156),(134,42),(33,189),(182,80),(239,61),(186,68),(178,143),(115,228),(160,153),(126,175),(87,162),(156,99),(121,221),(159,30),(170,64),(16,193),(150,154),(171,127),(78,145),(203,192),(56,156),(162,19),(241,99),(79,86),(117,114),(114,173),(247,61),
283:(188,170),(180,159),(14,191),(49,156),(134,42),(33,189),(182,80),(239,61),(186,68),(178,143),(116,228),(160,153),(126,175),(87,162),(156,99),(121,221),(159,30),(170,64),(16,193),(150,154),(171,127),(78,145),(203,192),(55,156),(162,19),(241,99),(79,86),(117,114),(113,173),(247,61),
284:(188,170),(180,159),(14,192),(49,156),(134,42),(33,189),(182,80),(239,61),(186,68),(178,143),(117,228),(160,153),(126,175),(87,162),(156,99),(121,221),(159,30),(170,64),(16,193),(150,154),(171,127),(78,145),(203,192),(54,156),(162,19),(241,99),(79,86),(117,114),(112,173),(247,61),
285:(188,170),(180,159),(14,193),(49,156),(134,42),(33,189),(182,80),(239,61),(186,68),(178,143),(118,228),(160,153),(126,175),(87,162),(156,99),(121,221),(159,30),(170,64),(16,193),(150,154),(171,127),(78,145),(203,192),(53,156),(162,19),(241,99),(79,86),(117,114),(111,173),(247,61),
286:(188,170),(180,159),(14,194),(49,156),(134,42),(33,189),(182,80),(239,61),(186,68),(178,143),(119,228),(160,153),(126,175),(87,162),(156,99),(121,221),(159,30),(170,64),(16,193),(150,154),(171,127),(78,145),(203,192),(52,156),(162,19),(241,99),(79,86),(117,114),(110,173),(247,61),
287:(188,170),(180,159),(14,195),(49,156),(134,42),(33,189),(182,80),(239,61),(186,68),(178,143),(120,228),(160,153),(126,175),(87,162),(156,99),(121,221),(159,30),(170,64),(16,193),(150,154),(171,127),(78,145),(203,192),(51,156),(162,19),(241,99),(79,86),(117,114),(109,173),(247,61),
288:(188,170),(180,159),(14,195),(49,156),(134,42),(33,189),(182,80),(239,61),(186,68),(178,143),(121,228),(160,153),(126,175),(87,162),(156,99),(121,221),(159,30),(170,64),(16,193),(150,154),(171,127),(78,145),(203,192),(50,156),(162,19),(241,99),(79,86),(117,114),(108,173),(247,61),
289:(188,170),(180,159),(14,195),(48,156),(134,42),(33,189),(182,80),(239,61),(186,68),(178,143),(122,228),(160,153),(126,175),(87,162),(156,99),(121,221),(159,30),(170,64),(16,193),(150,154),(171,127),(78,145),(203,192),(49,156),(162,19),(241,99),(79,86),(117,114),(107,173),(247,61),
290:(188,170),(180,159),(14,195),(48,157),(134,42),(33,189),(182,80),(239,61),(186,68),(178,143),(123,228),(160,153),(126,175),(87,162),(156,99),(121,221),(159,30),(170,64),(16,193),(150,154),(171,127),(78,145),(203,192),(48,156),(162,19),(241,99),(79,86),(117,114),(106,173),(247,61),
291:(188,170),(180,159),(14,195),(49,157),(134,42),(33,189),(182,80),(239,61),(186,68),(178,143),(123,229),(160,153),(126,175),(87,162),(156,99),(121,221),(159,30),(170,64),(16,193),(150,154),(171,127),(78,145),(203,192),(47,156),(162,19),(241,99),(79,86),(117,114),(105,173),(247,61),
292:(188,170),(180,159),(14,195),(49,156),(134,42),(33,189),(182,80),(239,61),(186,68),(178,143),(124,229),(160,153),(126,175),(87,162),(156,99),(121,221),(159,30),(170,64),(16,193),(150,154),(171,127),(78,145),(203,192),(46,156),(162,19),(241,99),(79,86),(117,114),(104,173),(247,61),
293:(188,170),(180,159),(14,195),(49,156),(134,42),(33,189),(182,80),(239,61),(186,68),(178,143),(125,229),(160,153),(126,175),(87,162),(156,99),(121,221),(159,30),(170,64),(16,193),(150,154),(171,127),(78,145),(203,192),(45,156),(162,19),(241,99),(79,86),(117,114),(103,173),(247,61),
294:(188,170),(180,159),(14,195),(49,156),(134,42),(33,189),(182,80),(239,61),(186,68),(178,143),(126,229),(160,153),(126,175),(87,162),(156,99),(121,221),(159,30),(170,64),(16,193),(150,154),(171,127),(78,145),(203,192),(44,156),(162,19),(241,99),(79,86),(117,114),(102,173),(247,61),
295:(188,170),(180,159),(14,195),(49,156),(134,42),(33,189),(182,80),(239,61),(186,68),(178,143),(127,229),(160,153),(126,175),(87,162),(156,99),(121,221),(159,30),(170,64),(16,193),(150,154),(171,127),(78,145),(203,192),(43,156),(162,19),(241,99),(79,86),(117,114),(101,173),(247,61),
296:(188,170),(180,159),(14,195),(49,156),(134,42),(33,189),(182,80),(239,61),(186,68),(178,143),(128,229),(160,153),(126,175),(87,162),(156,99),(121,221),(159,30),(170,64),(16,193),(150,154),(171,127),(78,145),(203,192),(42,156),(162,19),(241,99),(79,86),(117,114),(100,173),(247,61),
297:(188,170),(180,159),(14,195),(49,156),(134,42),(33,189),(182,80),(239,61),(186,68),(178,143),(128,230),(160,153),(126,175),(87,162),(156,99),(121,221),(159,30),(170,64),(16,193),(150,154),(171,127),(78,145),(203,192),(41,156),(162,19),(241,99),(79,86),(117,114),(99,173),(247,61),
298:(188,170),(180,159),(14,195),(49,156),(134,42),(33,189),(182,80),(239,61),(186,68),(178,143),(129,230),(160,153),(126,175),(87,162),(156,99),(121,221),(159,30),(170,64),(16,193),(150,154),(171,127),(78,145),(203,192),(40,156),(162,19),(241,99),(79,86),(117,114),(98,173),(247,61),
299:(188,170),(180,159),(14,195),(49,156),(134,42),(33,189),(182,80),(239,61),(186,68),(178,143),(130,230),(160,153),(126,175),(87,162),(156,99),(121,221),(159,30),(170,64),(16,193),(150,154),(171,127),(78,145),(203,192),(39,156),(162,19),(241,99),(79,86),(117,114),(98,174),(247,61),
300:(188,170),(180,159),(14,195),(49,156),(134,42),(33,189),(182,80),(239,61),(186,68),(178,143),(131,230),(160,153),(126,175),(87,162),(156,99),(121,221),(159,30),(170,64),(16,193),(150,154),(171,127),(78,145),(203,192),(38,156),(162,19),(241,99),(79,86),(117,114),(98,175),(247,61),
301:(188,170),(180,159),(14,195),(49,156),(134,42),(33,189),(182,80),(239,61),(186,68),(178,143),(132,230),(160,153),(126,175),(87,162),(156,99),(121,221),(159,30),(170,64),(16,193),(150,154),(171,127),(78,145),(203,192),(37,156),(162,19),(241,99),(79,86),(117,114),(97,175),(247,61),
302:(188,170),(180,159),(14,195),(49,156),(134,42),(33,189),(182,80),(239,61),(186,68),(178,143),(133,230),(160,153),(126,175),(87,162),(156,99),(121,221),(159,30),(170,64),(16,193),(150,154),(171,127),(78,145),(203,192),(36,156),(162,19),(241,99),(79,86),(117,114),(97,176),(247,61),
303:(188,170),(180,159),(14,195),(49,156),(134,42),(33,189),(182,80),(239,61),(186,68),(178,143),(133,230),(160,153),(126,175),(87,162),(156,99),(121,221),(159,30),(170,64),(16,193),(150,154),(171,127),(78,145),(203,192),(35,156),(162,19),(241,99),(79,86),(117,114),(97,177),(247,61),
304:(188,170),(180,159),(14,195),(49,156),(134,42),(33,189),(182,80),(239,61),(186,68),(178,143),(133,230),(160,153),(126,175),(87,162),(156,99),(121,221),(159,30),(170,64),(16,193),(150,154),(171,127),(78,145),(203,192),(34,156),(162,19),(241,99),(79,86),(117,114),(97,178),(247,61),
305:(188,170),(180,159),(14,195),(49,156),(134,42),(33,189),(182,80),(239,61),(186,68),(178,143),(133,230),(160,153),(126,175),(87,162),(156,99),(121,221),(159,30),(170,64),(16,193),(150,154),(171,127),(78,145),(203,192),(33,156),(162,19),(241,99),(79,86),(117,114),(97,179),(247,61),
306:(188,170),(180,159),(14,195),(49,156),(134,42),(33,189),(182,80),(239,61),(186,68),(178,143),(133,230),(160,153),(126,175),(87,162),(156,99),(121,221),(159,30),(170,64),(16,193),(150,154),(171,127),(78,145),(203,192),(32,156),(162,19),(241,99),(79,86),(117,114),(97,180),(247,61),
307:(188,170),(180,159),(14,195),(49,156),(134,42),(33,189),(182,80),(239,61),(186,68),(178,143),(133,230),(160,153),(126,175),(87,162),(156,99),(121,221),(159,30),(170,64),(16,193),(150,154),(171,127),(78,145),(203,192),(31,156),(162,19),(241,99),(79,86),(117,114),(97,181),(247,61),
308:(188,170),(180,159),(14,195),(49,156),(134,42),(33,189),(182,80),(239,61),(186,68),(178,143),(133,230),(160,153),(126,175),(87,162),(156,99),(121,221),(159,30),(170,64),(16,193),(150,154),(171,127),(78,145),(203,192),(30,156),(162,19),(241,99),(79,86),(117,114),(97,182),(247,61),
309:(188,170),(180,159),(14,195),(49,156),(134,42),(33,189),(182,80),(239,61),(186,68),(178,143),(133,230),(160,153),(126,175),(87,162),(156,99),(121,221),(159,30),(170,64),(16,193),(150,154),(171,127),(78,145),(203,192),(29,156),(162,19),(241,99),(79,86),(117,114),(97,183),(247,61),
310:(188,170),(180,159),(14,195),(49,156),(134,42),(33,189),(182,80),(239,61),(186,68),(178,143),(133,230),(160,153),(126,175),(87,162),(156,99),(121,221),(159,30),(170,64),(16,193),(150,154),(171,127),(78,145),(203,192),(28,156),(162,19),(241,99),(79,86),(117,114),(97,184),(247,61),
311:(188,170),(180,159),(14,195),(49,156),(134,42),(33,189),(182,80),(239,61),(186,68),(178,143),(133,230),(160,153),(126,175),(87,162),(156,99),(121,221),(159,30),(170,64),(16,193),(150,154),(171,127),(78,145),(203,192),(27,156),(162,19),(241,99),(79,86),(117,114),(97,185),(247,61),
312:(188,170),(180,159),(14,195),(49,156),(134,42),(33,189),(182,80),(239,61),(186,68),(178,143),(133,230),(160,153),(126,175),(87,162),(156,99),(121,221),(159,30),(170,64),(16,193),(150,154),(171,127),(78,145),(203,192),(26,156),(162,19),(241,99),(79,86),(117,114),(97,186),(247,61),
313:(188,170),(180,159),(14,195),(49,156),(134,42),(33,189),(182,80),(239,61),(186,68),(178,143),(133,230),(160,153),(126,175),(87,162),(156,99),(121,221),(159,30),(170,64),(16,193),(150,154),(171,127),(78,145),(203,192),(25,156),(162,19),(241,99),(79,86),(117,114),(97,187),(247,61),
314:(188,170),(180,159),(14,195),(49,156),(134,42),(33,189),(182,80),(239,61),(186,68),(178,143),(133,230),(160,153),(126,175),(87,162),(156,99),(121,221),(159,30),(170,64),(16,193),(150,154),(171,127),(78,145),(203,192),(24,156),(162,19),(241,99),(79,86),(117,114),(97,188),(247,61),
315:(188,170),(180,159),(14,195),(49,156),(134,42),(33,189),(182,80),(239,61),(186,68),(178,143),(133,230),(160,153),(126,175),(87,162),(156,99),(121,221),(159,30),(170,64),(16,193),(150,154),(171,127),(78,145),(203,192),(23,156),(162,19),(241,99),(79,86),(117,114),(97,189),(247,61),
316:(188,170),(180,159),(14,195),(49,156),(134,42),(33,189),(182,80),(239,61),(186,68),(178,143),(133,230),(160,153),(126,175),(87,162),(156,99),(121,221),(159,30),(170,64),(16,193),(150,154),(171,127),(78,145),(203,192),(22,156),(162,19),(241,99),(79,86),(117,114),(97,190),(247,61),
317:(188,170),(180,159),(14,195),(49,156),(134,42),(33,189),(182,80),(239,61),(186,68),(178,143),(133,230),(160,153),(126,175),(87,162),(156,99),(121,221),(159,30),(170,64),(16,193),(150,154),(171,127),(78,145),(203,192),(21,156),(162,19),(241,99),(79,86),(117,114),(97,191),(247,61),
318:(188,170),(180,159),(14,195),(49,156),(134,42),(33,189),(182,80),(239,61),(186,68),(178,143),(133,230),(160,153),(126,175),(87,162),(156,99),(121,221),(159,30),(170,64),(16,193),(150,154),(171,127),(78,145),(203,192),(20,156),(162,19),(241,99),(79,86),(117,114),(97,192),(247,61),
319:(188,170),(180,159),(14,195),(49,156),(134,42),(33,189),(182,80),(239,61),(186,68),(178,143),(133,230),(160,153),(126,175),(87,162),(156,99),(121,221),(159,30),(170,64),(16,193),(150,154),(171,127),(78,145),(203,192),(19,156),(162,19),(241,99),(79,86),(117,114),(97,193),(247,61),
320:(188,170),(180,159),(14,195),(49,156),(134,42),(33,189),(182,80),(239,61),(186,68),(178,143),(133,230),(160,153),(126,175),(87,162),(156,99),(121,221),(159,30),(170,64),(16,193),(150,154),(171,127),(78,145),(203,192),(18,156),(162,19),(241,99),(79,86),(117,114),(97,194),(247,61),
321:(188,170),(180,159),(14,195),(49,156),(134,42),(33,189),(182,80),(239,61),(186,68),(178,143),(133,230),(160,153),(126,175),(87,162),(156,99),(121,221),(159,30),(170,64),(16,193),(150,154),(171,127),(78,145),(203,192),(18,156),(162,19),(241,99),(79,86),(117,114),(97,195),(247,61),
322:(188,170),(180,159),(14,195),(49,156),(134,42),(33,189),(182,80),(239,61),(186,68),(178,143),(133,230),(160,153),(126,175),(87,162),(156,99),(121,221),(159,30),(170,64),(16,193),(150,154),(171,127),(78,145),(203,192),(18,156),(162,19),(241,99),(79,86),(117,114),(97,196),(247,61),
323:(188,170),(180,159),(14,195),(49,156),(134,42),(33,189),(182,80),(239,61),(186,68),(178,143),(133,230),(160,153),(126,175),(87,162),(156,99),(121,221),(159,30),(170,64),(16,193),(150,154),(171,127),(78,145),(203,192),(18,156),(162,19),(241,99),(79,86),(117,114),(97,197),(247,61),
324:(188,170),(180,159),(14,195),(49,156),(134,42),(33,189),(182,80),(239,61),(186,68),(178,143),(133,230),(160,153),(126,175),(87,162),(156,99),(121,221),(159,30),(170,64),(16,193),(150,154),(171,127),(78,145),(203,192),(18,156),(162,19),(241,99),(79,86),(117,114),(97,198),(247,61),
325:(188,170),(180,159),(14,195),(49,156),(134,42),(33,189),(182,80),(239,61),(186,68),(178,143),(133,230),(160,153),(126,175),(87,162),(156,99),(121,221),(159,30),(170,64),(16,193),(150,154),(171,127),(78,145),(203,192),(18,156),(162,19),(241,99),(79,86),(117,114),(97,199),(247,61),
326:(188,170),(180,159),(14,195),(49,156),(134,42),(33,189),(182,80),(239,61),(186,68),(178,143),(133,230),(160,153),(126,175),(87,162),(156,99),(121,221),(159,30),(170,64),(16,193),(150,154),(171,127),(78,145),(203,192),(18,156),(162,19),(241,99),(79,86),(117,114),(98,199),(247,61),
327:(188,170),(180,159),(14,195),(49,156),(134,42),(33,189),(182,80),(239,61),(186,68),(178,143),(133,230),(160,153),(126,175),(87,162),(156,99),(121,221),(159,30),(170,64),(16,193),(150,154),(171,127),(78,145),(203,192),(18,156),(162,19),(241,99),(79,86),(117,114),(98,200),(247,61),
328:(188,170),(180,159),(14,195),(49,156),(134,42),(33,189),(182,80),(239,61),(186,68),(178,143),(133,230),(160,153),(126,175),(87,162),(156,99),(121,221),(159,30),(170,64),(16,193),(150,154),(171,127),(78,145),(203,192),(18,156),(162,19),(241,99),(79,86),(117,114),(98,201),(247,61),
329:(188,170),(180,159),(14,195),(49,156),(134,42),(33,189),(182,80),(239,61),(186,68),(178,143),(133,230),(160,153),(126,175),(87,162),(156,99),(121,221),(159,30),(170,64),(16,193),(150,154),(171,127),(78,145),(203,192),(18,156),(162,19),(241,99),(79,86),(117,114),(99,201),(247,61),
330:(188,170),(180,159),(14,195),(49,156),(134,42),(33,189),(182,80),(239,61),(186,68),(178,143),(133,230),(160,153),(126,175),(87,162),(156,99),(121,221),(159,30),(170,64),(16,193),(150,154),(171,127),(78,145),(203,192),(18,156),(162,19),(241,99),(79,86),(117,114),(99,202),(247,61),
331:(188,170),(180,159),(14,195),(49,156),(134,42),(33,189),(182,80),(239,61),(186,68),(178,143),(133,230),(160,153),(126,175),(87,162),(156,99),(121,221),(159,30),(170,64),(16,193),(150,154),(171,127),(78,145),(203,192),(18,156),(162,19),(241,99),(79,86),(117,114),(99,203),(247,61),
332:(188,170),(180,159),(14,195),(49,156),(134,42),(33,189),(182,80),(239,61),(186,68),(178,143),(133,230),(160,153),(126,175),(87,162),(156,99),(121,221),(159,30),(170,64),(16,193),(150,154),(171,127),(78,145),(203,192),(18,156),(162,19),(241,99),(79,86),(117,114),(99,204),(247,61),
333:(188,170),(180,159),(14,195),(49,156),(134,42),(33,189),(182,80),(239,61),(186,68),(178,143),(133,230),(160,153),(126,175),(87,162),(156,99),(121,221),(159,30),(170,64),(16,193),(150,154),(171,127),(78,145),(203,192),(18,156),(162,19),(241,99),(79,86),(117,114),(99,205),(247,61),
334:(188,170),(180,159),(14,195),(49,156),(134,42),(33,189),(182,80),(239,61),(186,68),(178,143),(133,230),(160,153),(126,175),(87,162),(156,99),(121,221),(159,30),(170,64),(16,193),(150,154),(171,127),(78,145),(203,192),(18,156),(162,19),(241,99),(79,86),(117,114),(99,206),(247,61),
335:(188,170),(180,159),(14,195),(49,156),(134,42),(33,189),(182,80),(239,61),(186,68),(178,143),(133,230),(160,153),(126,175),(87,162),(156,99),(121,221),(159,30),(170,64),(16,193),(150,154),(171,127),(78,145),(203,192),(18,156),(162,19),(241,99),(79,86),(117,114),(99,207),(247,61),
336:(188,170),(180,159),(14,195),(49,156),(134,42),(33,189),(182,80),(239,61),(186,68),(178,143),(133,230),(160,153),(126,175),(87,162),(156,99),(121,221),(159,30),(170,64),(16,193),(150,154),(171,127),(78,145),(203,192),(18,156),(162,19),(241,99),(79,86),(117,114),(99,208),(247,61),
337:(188,170),(180,159),(14,195),(49,156),(134,42),(33,189),(182,80),(239,61),(186,68),(178,143),(133,230),(160,153),(126,175),(87,162),(156,99),(121,221),(159,30),(170,64),(16,193),(150,154),(171,127),(78,145),(203,192),(18,156),(162,19),(241,99),(79,86),(117,114),(100,208),(247,61),
338:(188,170),(180,159),(14,195),(49,156),(134,42),(33,189),(182,80),(239,61),(186,68),(178,143),(133,230),(160,153),(126,175),(87,162),(156,99),(121,221),(159,30),(170,64),(16,193),(150,154),(171,127),(78,145),(203,192),(18,156),(162,19),(241,99),(79,86),(117,114),(100,209),(247,61),
339:(188,170),(180,159),(14,195),(49,156),(134,42),(33,189),(182,80),(239,61),(186,68),(178,143),(133,230),(160,153),(126,175),(87,162),(156,99),(121,221),(159,30),(170,64),(16,193),(150,154),(171,127),(78,145),(203,192),(18,156),(162,19),(241,99),(79,86),(117,114),(100,210),(247,61),
340:(188,170),(180,159),(14,195),(49,156),(134,42),(33,189),(182,80),(239,61),(186,68),(178,143),(133,230),(160,153),(126,175),(87,162),(156,99),(121,221),(159,30),(170,64),(16,193),(150,154),(171,127),(78,145),(203,192),(18,156),(162,19),(241,99),(79,86),(117,114),(101,210),(247,61),
341:(188,170),(180,159),(14,195),(49,156),(134,42),(33,189),(182,80),(239,61),(186,68),(178,143),(133,230),(160,153),(126,175),(87,162),(156,99),(121,221),(159,30),(170,64),(16,193),(150,154),(171,127),(78,145),(203,192),(18,156),(162,19),(241,99),(79,86),(117,114),(102,210),(247,61),
