instance=temp_instance.txt
agents=20
map_file=warehouse-20-40-10-2-2.map
solver=PIBTOLD
solved=1
soc=3388
lb_soc=3373
makespan=426
lb_makespan=426
comp_time=10
preprocessing_comp_time=9
starts=(61,17),(27,79),(175,138),(184,30),(233,110),(120,38),(57,54),(264,154),(261,153),(20,11),(137,26),(166,34),(98,90),(211,125),(18,146),(255,158),(68,142),(10,17),(174,57),(296,26),
goals=(218,23),(195,46),(147,118),(31,83),(310,136),(16,145),(95,62),(28,73),(336,12),(304,153),(135,118),(181,128),(68,126),(270,13),(291,114),(93,2),(219,54),(86,14),(178,69),(284,45),
solution=
0:(61,17),(27,79),(175,138),(184,30),(233,110),(120,38),(57,54),(264,154),(261,153),(20,11),(137,26),(166,34),(98,90),(211,125),(18,146),(255,158),(68,142),(10,17),(174,57),(296,26),
1:(61,18),(27,78),(174,138),(183,30),(234,110),(119,38),(58,54),(264,153),(262,153),(21,11),(136,26),(167,34),(98,91),(212,125),(18,145),(254,158),(68,141),(11,17),(174,58),(296,27),
2:(61,19),(28,78),(173,138),(182,30),(235,110),(118,38),(59,54),(263,153),(262,153),(21,12),(135,26),(168,34),(98,92),(213,125),(19,145),(253,158),(69,141),(11,16),(175,58),(296,28),
3:(62,19),(28,77),(172,138),(181,30),(236,110),(117,38),(60,54),(262,153),(261,153),(22,12),(134,26),(169,34),(98,93),(214,125),(20,145),(253,157),(70,141),(11,15),(176,58),(295,28),
4:(62,20),(29,77),(172,137),(181,31),(237,110),(116,38),(61,54),(261,153),(260,153),(23,12),(134,27),(169,35),(97,93),(215,125),(21,145),(253,156),(71,141),(11,14),(177,58),(294,28),
5:(62,21),(30,77),(171,137),(181,32),(238,110),(115,38),(62,54),(260,153),(259,153),(23,13),(134,28),(170,35),(96,93),(216,125),(22,145),(253,155),(72,141),(12,14),(178,58),(294,29),
6:(62,22),(31,77),(170,137),(181,33),(239,110),(114,38),(62,55),(259,153),(258,153),(23,14),(134,29),(170,36),(95,93),(217,125),(22,144),(253,154),(73,141),(13,14),(179,58),(294,30),
7:(63,22),(31,76),(169,137),(180,33),(240,110),(113,38),(62,56),(258,153),(257,153),(24,14),(134,30),(170,37),(95,94),(218,125),(22,143),(252,154),(74,141),(14,14),(180,58),(294,31),
8:(64,22),(31,75),(169,136),(180,34),(241,110),(112,38),(62,57),(257,153),(256,153),(25,14),(134,31),(171,37),(94,94),(219,125),(23,143),(252,153),(74,140),(15,14),(181,58),(293,31),
9:(65,22),(32,75),(169,135),(179,34),(241,111),(111,38),(62,58),(256,153),(256,154),(25,15),(134,32),(171,38),(93,94),(220,125),(24,143),(251,153),(74,139),(16,14),(181,59),(293,32),
10:(66,22),(33,75),(169,134),(178,34),(242,111),(110,38),(62,59),(255,153),(257,154),(26,15),(134,33),(172,38),(92,94),(221,125),(24,142),(250,153),(74,138),(17,14),(181,60),(292,32),
11:(67,22),(33,74),(169,133),(177,34),(242,112),(109,38),(62,60),(254,153),(257,153),(27,15),(134,34),(173,38),(91,94),(222,125),(24,141),(249,153),(75,138),(18,14),(181,61),(291,32),
12:(68,22),(34,74),(168,133),(176,34),(242,113),(108,38),(62,61),(254,152),(258,153),(27,16),(134,35),(174,38),(90,94),(223,125),(24,140),(248,153),(75,137),(19,14),(181,62),(290,32),
13:(69,22),(35,74),(167,133),(175,34),(242,114),(107,38),(62,62),(253,152),(259,153),(28,16),(134,36),(175,38),(89,94),(224,125),(24,139),(247,153),(76,137),(20,14),(181,63),(289,32),
14:(70,22),(35,73),(166,133),(174,34),(242,115),(106,38),(63,62),(253,151),(260,153),(28,17),(134,37),(176,38),(88,94),(225,125),(25,139),(246,153),(77,137),(21,14),(181,64),(289,33),
15:(71,22),(35,72),(165,133),(173,34),(242,116),(105,38),(64,62),(253,150),(261,153),(28,18),(134,38),(177,38),(87,94),(226,125),(25,138),(245,153),(78,137),(22,14),(181,65),(289,34),
16:(72,22),(35,71),(164,133),(172,34),(242,117),(104,38),(65,62),(253,149),(262,153),(28,19),(134,39),(178,38),(86,94),(227,125),(25,137),(244,153),(79,137),(23,14),(181,66),(289,35),
17:(73,22),(35,70),(163,133),(171,34),(242,118),(103,38),(66,62),(252,149),(263,153),(28,20),(134,40),(179,38),(85,94),(228,125),(26,137),(243,153),(80,137),(24,14),(181,67),(289,36),
18:(74,22),(35,69),(162,133),(170,34),(242,119),(102,38),(67,62),(251,149),(264,153),(29,20),(134,41),(180,38),(85,95),(229,125),(27,137),(242,153),(81,137),(25,14),(181,68),(289,37),
19:(75,22),(36,69),(161,133),(169,34),(242,120),(101,38),(68,62),(250,149),(265,153),(30,20),(134,42),(181,38),(85,96),(229,124),(27,136),(242,152),(82,137),(26,14),(181,69),(289,38),
20:(76,22),(37,69),(160,133),(168,34),(242,121),(100,38),(69,62),(249,149),(266,153),(30,21),(134,43),(181,39),(85,97),(230,124),(27,135),(241,152),(83,137),(27,14),(180,69),(289,39),
21:(77,22),(37,68),(159,133),(167,34),(242,122),(99,38),(70,62),(248,149),(266,152),(30,22),(134,44),(181,40),(84,97),(230,123),(27,134),(241,151),(84,137),(28,14),(179,69),(289,40),
22:(78,22),(37,67),(158,133),(166,34),(242,123),(98,38),(71,62),(247,149),(266,151),(30,23),(134,45),(181,41),(83,97),(230,122),(28,134),(241,150),(85,137),(29,14),(178,69),(289,41),
23:(79,22),(38,67),(158,132),(165,34),(242,124),(98,39),(72,62),(246,149),(266,150),(31,23),(134,46),(181,42),(82,97),(231,122),(28,133),(240,150),(86,137),(30,14),(178,69),(289,42),
24:(80,22),(39,67),(158,131),(164,34),(242,125),(97,39),(73,62),(245,149),(267,150),(31,24),(134,47),(181,43),(81,97),(232,122),(29,133),(240,149),(86,136),(31,14),(178,69),(289,43),
25:(81,22),(39,66),(157,131),(163,34),(242,126),(97,40),(74,62),(244,149),(267,149),(31,25),(134,48),(181,44),(81,98),(232,121),(29,132),(239,149),(86,135),(32,14),(178,69),(289,44),
26:(82,22),(39,65),(157,130),(162,34),(242,127),(97,41),(75,62),(243,149),(268,149),(31,26),(134,49),(181,45),(80,98),(233,121),(30,132),(238,149),(86,134),(33,14),(178,69),(289,45),
27:(83,22),(39,64),(157,129),(161,34),(242,128),(97,42),(76,62),(242,149),(269,149),(31,27),(134,50),(181,46),(79,98),(234,121),(31,132),(237,149),(86,133),(34,14),(178,69),(288,45),
28:(84,22),(40,64),(157,128),(160,34),(242,129),(97,43),(77,62),(241,149),(270,149),(31,28),(134,51),(181,47),(78,98),(235,121),(31,131),(236,149),(86,132),(35,14),(178,69),(287,45),
29:(85,22),(40,63),(157,127),(159,34),(242,130),(97,44),(78,62),(241,148),(271,149),(32,28),(134,52),(181,48),(77,98),(236,121),(32,131),(235,149),(86,131),(36,14),(178,69),(286,45),
30:(86,22),(41,63),(157,126),(158,34),(242,131),(97,45),(79,62),(241,147),(272,149),(33,28),(134,53),(181,49),(76,98),(237,121),(32,130),(234,149),(86,130),(37,14),(178,69),(285,45),
31:(87,22),(42,63),(157,125),(157,34),(242,132),(97,46),(80,62),(241,146),(273,149),(33,29),(134,54),(181,50),(75,98),(238,121),(32,129),(233,149),(87,130),(38,14),(178,69),(284,45),
32:(88,22),(42,62),(157,124),(156,34),(242,133),(96,46),(81,62),(240,146),(274,149),(33,30),(134,55),(181,51),(74,98),(239,121),(33,129),(232,149),(87,129),(39,14),(178,69),(284,45),
33:(89,22),(43,62),(157,123),(155,34),(242,134),(95,46),(82,62),(239,146),(275,149),(34,30),(134,56),(181,52),(74,99),(240,121),(34,129),(231,149),(88,129),(40,14),(178,69),(284,45),
34:(90,22),(43,61),(157,122),(154,34),(243,134),(94,46),(83,62),(238,146),(276,149),(35,30),(134,57),(181,53),(74,100),(241,121),(35,129),(230,149),(89,129),(41,14),(178,69),(284,45),
35:(91,22),(43,60),(157,121),(153,34),(244,134),(93,46),(84,62),(238,145),(277,149),(36,30),(134,58),(181,54),(74,101),(241,120),(35,128),(229,149),(90,129),(42,14),(178,69),(284,45),
36:(92,22),(43,59),(157,120),(152,34),(245,134),(92,46),(85,62),(237,145),(277,148),(37,30),(134,59),(181,55),(73,101),(242,120),(36,128),(229,148),(91,129),(43,14),(178,69),(284,45),
37:(93,22),(44,59),(157,119),(151,34),(246,134),(91,46),(86,62),(236,145),(278,148),(37,31),(134,60),(181,56),(73,102),(242,119),(36,127),(229,147),(92,129),(44,14),(178,69),(284,45),
38:(94,22),(45,59),(157,118),(150,34),(247,134),(90,46),(87,62),(235,145),(278,147),(37,32),(134,61),(181,57),(73,103),(242,118),(36,126),(229,146),(93,129),(45,14),(178,69),(284,45),
39:(95,22),(45,58),(156,118),(149,34),(248,134),(89,46),(88,62),(234,145),(278,146),(37,33),(134,62),(181,58),(73,104),(242,117),(36,125),(229,145),(94,129),(46,14),(178,69),(284,45),
40:(96,22),(46,58),(155,118),(148,34),(249,134),(88,46),(89,62),(233,145),(278,145),(38,33),(134,63),(181,59),(73,105),(243,117),(37,125),(228,145),(95,129),(47,14),(178,69),(284,45),
41:(97,22),(46,57),(154,118),(147,34),(250,134),(87,46),(90,62),(232,145),(279,145),(39,33),(134,64),(181,60),(73,106),(244,117),(38,125),(227,145),(96,129),(48,14),(178,69),(284,45),
42:(98,22),(46,56),(153,118),(146,34),(251,134),(86,46),(91,62),(231,145),(280,145),(40,33),(134,65),(181,61),(73,107),(245,117),(38,124),(226,145),(97,129),(49,14),(178,69),(284,45),
43:(99,22),(47,56),(152,118),(145,34),(252,134),(85,46),(92,62),(230,145),(281,145),(40,34),(134,66),(181,62),(73,108),(246,117),(38,123),(225,145),(98,129),(50,14),(178,69),(284,45),
44:(100,22),(47,55),(151,118),(145,35),(253,134),(84,46),(93,62),(230,144),(282,145),(40,35),(134,67),(181,63),(73,109),(247,117),(38,122),(224,145),(99,129),(51,14),(178,69),(284,45),
45:(101,22),(47,54),(150,118),(145,36),(254,134),(83,46),(94,62),(229,144),(283,145),(40,36),(134,68),(181,64),(73,110),(248,117),(38,121),(223,145),(100,129),(52,14),(178,69),(284,45),
46:(102,22),(47,53),(149,118),(145,37),(255,134),(82,46),(95,62),(229,143),(284,145),(40,37),(134,69),(181,65),(73,111),(249,117),(38,120),(222,145),(101,129),(53,14),(178,69),(284,45),
47:(103,22),(48,53),(148,118),(144,37),(256,134),(81,46),(95,62),(229,142),(285,145),(41,37),(134,70),(181,66),(73,112),(250,117),(39,120),(221,145),(102,129),(54,14),(178,69),(284,45),
48:(104,22),(49,53),(147,118),(144,38),(257,134),(80,46),(95,62),(228,142),(286,145),(41,38),(134,71),(181,67),(73,113),(251,117),(40,120),(220,145),(103,129),(55,14),(178,69),(284,45),
49:(105,22),(49,52),(147,118),(143,38),(258,134),(79,46),(95,62),(228,141),(287,145),(41,39),(134,72),(181,68),(73,114),(252,117),(40,119),(219,145),(104,129),(56,14),(178,69),(284,45),
50:(106,22),(50,52),(147,118),(142,38),(259,134),(78,46),(95,62),(227,141),(288,145),(41,40),(134,73),(181,69),(73,115),(253,117),(40,118),(218,145),(105,129),(57,14),(178,69),(284,45),
51:(107,22),(50,51),(147,118),(141,38),(260,134),(77,46),(95,62),(226,141),(289,145),(42,40),(134,74),(181,70),(73,116),(254,117),(41,118),(218,144),(106,129),(58,14),(178,69),(284,45),
52:(108,22),(50,50),(147,118),(140,38),(261,134),(76,46),(95,62),(225,141),(290,145),(42,41),(134,75),(181,71),(73,117),(255,117),(42,118),(217,144),(107,129),(59,14),(178,69),(284,45),
53:(109,22),(51,50),(147,118),(139,38),(262,134),(75,46),(95,62),(224,141),(291,145),(43,41),(134,76),(181,72),(73,118),(256,117),(42,117),(217,143),(108,129),(60,14),(178,69),(284,45),
54:(110,22),(51,49),(147,118),(138,38),(263,134),(74,46),(95,62),(223,141),(291,144),(44,41),(134,77),(181,73),(73,119),(257,117),(43,117),(217,142),(109,129),(61,14),(178,69),(284,45),
55:(111,22),(52,49),(147,118),(137,38),(264,134),(74,47),(95,62),(222,141),(291,143),(45,41),(134,78),(181,74),(73,120),(258,117),(44,117),(216,142),(110,129),(62,14),(178,69),(284,45),
56:(112,22),(53,49),(147,118),(136,38),(265,134),(74,48),(95,62),(221,141),(292,143),(46,41),(134,79),(181,75),(73,121),(259,117),(45,117),(215,142),(111,129),(63,14),(178,69),(284,45),
57:(113,22),(54,49),(147,118),(135,38),(266,134),(74,49),(95,62),(220,141),(292,142),(46,42),(134,80),(181,76),(73,122),(260,117),(46,117),(214,142),(112,129),(64,14),(178,69),(284,45),
58:(114,22),(55,49),(147,118),(134,38),(267,134),(74,50),(95,62),(219,141),(293,142),(46,43),(134,81),(181,77),(73,123),(261,117),(46,116),(214,141),(113,129),(65,14),(178,69),(284,45),
59:(115,22),(56,49),(147,118),(133,38),(268,134),(73,50),(95,62),(218,141),(293,141),(46,44),(134,82),(181,78),(73,124),(262,117),(46,115),(213,141),(114,129),(66,14),(178,69),(284,45),
60:(116,22),(57,49),(147,118),(133,39),(269,134),(72,50),(95,62),(217,141),(293,140),(46,45),(134,83),(181,79),(73,125),(263,117),(47,115),(212,141),(115,129),(67,14),(178,69),(284,45),
61:(117,22),(58,49),(147,118),(133,40),(270,134),(71,50),(95,62),(217,140),(294,140),(47,45),(134,84),(181,80),(72,125),(264,117),(47,114),(211,141),(116,129),(68,14),(178,69),(284,45),
62:(118,22),(59,49),(147,118),(133,41),(271,134),(70,50),(95,62),(217,139),(295,140),(48,45),(134,85),(181,81),(71,125),(265,117),(48,114),(210,141),(117,129),(69,14),(178,69),(284,45),
63:(119,22),(60,49),(147,118),(133,42),(272,134),(69,50),(95,62),(217,138),(295,139),(49,45),(134,86),(181,82),(71,126),(265,116),(49,114),(209,141),(118,129),(70,14),(178,69),(284,45),
64:(120,22),(61,49),(147,118),(132,42),(273,134),(68,50),(95,62),(216,138),(295,138),(50,45),(134,87),(181,83),(70,126),(266,116),(50,114),(208,141),(119,129),(71,14),(178,69),(284,45),
65:(121,22),(62,49),(147,118),(131,42),(274,134),(67,50),(95,62),(215,138),(296,138),(50,46),(134,88),(181,84),(69,126),(266,115),(51,114),(207,141),(120,129),(72,14),(178,69),(284,45),
66:(122,22),(62,48),(147,118),(130,42),(275,134),(66,50),(95,62),(214,138),(296,137),(50,47),(134,89),(181,85),(68,126),(266,114),(52,114),(206,141),(121,129),(73,14),(178,69),(284,45),
67:(123,22),(62,47),(147,118),(129,42),(276,134),(65,50),(95,62),(214,137),(297,137),(50,48),(134,90),(181,86),(68,126),(266,113),(53,114),(206,140),(122,129),(74,14),(178,69),(284,45),
68:(124,22),(62,46),(147,118),(128,42),(277,134),(64,50),(95,62),(213,137),(297,136),(50,49),(134,91),(181,87),(68,126),(266,112),(54,114),(205,140),(123,129),(75,14),(178,69),(284,45),
69:(125,22),(63,46),(147,118),(127,42),(278,134),(63,50),(95,62),(212,137),(297,135),(50,50),(134,92),(181,88),(68,126),(266,111),(55,114),(205,139),(124,129),(76,14),(178,69),(284,45),
70:(126,22),(64,46),(147,118),(126,42),(279,134),(62,50),(95,62),(211,137),(297,134),(50,51),(134,93),(181,89),(68,126),(266,110),(56,114),(205,138),(125,129),(77,14),(178,69),(284,45),
71:(127,22),(65,46),(147,118),(125,42),(280,134),(62,51),(95,62),(210,137),(297,133),(50,52),(134,94),(181,90),(68,126),(266,109),(57,114),(204,138),(126,129),(78,14),(178,69),(284,45),
72:(128,22),(66,46),(147,118),(124,42),(281,134),(62,52),(95,62),(209,137),(298,133),(50,53),(134,95),(181,91),(68,126),(266,108),(58,114),(203,138),(127,129),(79,14),(178,69),(284,45),
73:(129,22),(67,46),(147,118),(123,42),(282,134),(62,53),(95,62),(208,137),(298,132),(50,54),(134,96),(181,92),(68,126),(266,107),(59,114),(202,138),(128,129),(80,14),(178,69),(284,45),
74:(130,22),(68,46),(147,118),(122,42),(283,134),(62,54),(95,62),(207,137),(298,131),(50,55),(134,97),(181,93),(68,126),(266,106),(60,114),(202,137),(129,129),(81,14),(178,69),(284,45),
75:(131,22),(69,46),(147,118),(122,43),(284,134),(61,54),(95,62),(206,137),(299,131),(50,56),(134,98),(181,94),(68,126),(266,105),(61,114),(201,137),(130,129),(82,14),(178,69),(284,45),
76:(132,22),(70,46),(147,118),(122,44),(285,134),(60,54),(95,62),(205,137),(299,130),(50,57),(134,99),(181,95),(68,126),(266,104),(62,114),(200,137),(131,129),(83,14),(178,69),(284,45),
77:(133,22),(71,46),(147,118),(122,45),(286,134),(59,54),(95,62),(205,136),(299,129),(50,58),(134,100),(181,96),(68,126),(266,103),(63,114),(199,137),(132,129),(84,14),(178,69),(284,45),
78:(134,22),(72,46),(147,118),(122,46),(287,134),(58,54),(95,62),(205,135),(299,128),(50,59),(134,101),(181,97),(68,126),(266,102),(64,114),(198,137),(133,129),(85,14),(178,69),(284,45),
79:(135,22),(73,46),(147,118),(121,46),(288,134),(57,54),(95,62),(205,134),(299,127),(50,60),(134,102),(181,98),(68,126),(266,101),(65,114),(197,137),(133,128),(86,14),(178,69),(284,45),
80:(136,22),(74,46),(147,118),(121,47),(289,134),(56,54),(95,62),(204,134),(299,126),(50,61),(134,103),(181,99),(68,126),(266,100),(66,114),(196,137),(134,128),(86,14),(178,69),(284,45),
81:(137,22),(75,46),(147,118),(121,48),(290,134),(55,54),(95,62),(204,133),(299,125),(50,62),(134,104),(181,100),(68,126),(266,99),(67,114),(195,137),(134,127),(86,14),(178,69),(284,45),
82:(138,22),(76,46),(147,118),(121,49),(291,134),(54,54),(95,62),(203,133),(299,124),(51,62),(134,105),(181,101),(68,126),(266,98),(68,114),(194,137),(134,126),(86,14),(178,69),(284,45),
83:(139,22),(77,46),(147,118),(120,49),(292,134),(53,54),(95,62),(202,133),(299,123),(52,62),(134,106),(181,102),(68,126),(266,97),(69,114),(194,136),(134,125),(86,14),(178,69),(284,45),
84:(140,22),(78,46),(147,118),(120,50),(293,134),(52,54),(95,62),(201,133),(300,123),(53,62),(134,107),(181,103),(68,126),(266,96),(70,114),(193,136),(134,124),(86,14),(178,69),(284,45),
85:(141,22),(79,46),(147,118),(119,50),(293,135),(51,54),(95,62),(200,133),(300,122),(54,62),(134,108),(181,104),(68,126),(266,95),(71,114),(193,135),(134,123),(86,14),(178,69),(284,45),
86:(142,22),(80,46),(147,118),(118,50),(293,136),(50,54),(95,62),(199,133),(301,122),(55,62),(134,109),(181,105),(68,126),(266,94),(72,114),(193,134),(134,122),(86,14),(178,69),(284,45),
87:(143,22),(81,46),(147,118),(117,50),(294,136),(49,54),(95,62),(198,133),(302,122),(56,62),(134,110),(181,106),(68,126),(266,93),(73,114),(193,133),(135,122),(86,14),(178,69),(284,45),
88:(144,22),(82,46),(147,118),(116,50),(295,136),(49,55),(95,62),(197,133),(302,121),(57,62),(134,111),(181,107),(68,126),(266,92),(74,114),(192,133),(135,121),(86,14),(178,69),(284,45),
89:(145,22),(83,46),(147,118),(115,50),(296,136),(49,56),(95,62),(196,133),(303,121),(58,62),(134,112),(181,108),(68,126),(266,91),(75,114),(191,133),(136,121),(86,14),(178,69),(284,45),
90:(146,22),(84,46),(147,118),(114,50),(297,136),(48,56),(95,62),(195,133),(303,120),(59,62),(134,113),(181,109),(68,126),(266,90),(76,114),(190,133),(137,121),(86,14),(178,69),(284,45),
91:(147,22),(85,46),(147,118),(113,50),(298,136),(47,56),(95,62),(194,133),(303,119),(60,62),(134,114),(181,110),(68,126),(266,89),(77,114),(189,133),(138,121),(86,14),(178,69),(284,45),
92:(148,22),(86,46),(147,118),(112,50),(299,136),(46,56),(95,62),(193,133),(303,118),(61,62),(134,115),(181,111),(68,126),(266,88),(78,114),(188,133),(139,121),(86,14),(178,69),(284,45),
93:(149,22),(87,46),(147,118),(111,50),(300,136),(45,56),(95,62),(193,132),(304,118),(62,62),(134,116),(181,112),(68,126),(266,87),(79,114),(187,133),(140,121),(86,14),(178,69),(284,45),
94:(150,22),(88,46),(147,118),(110,50),(301,136),(45,57),(95,62),(193,131),(304,117),(63,62),(134,117),(181,113),(68,126),(266,86),(80,114),(186,133),(141,121),(86,14),(178,69),(284,45),
95:(151,22),(89,46),(147,118),(110,51),(302,136),(44,57),(95,62),(193,130),(305,117),(64,62),(135,117),(181,114),(68,126),(266,85),(81,114),(185,133),(142,121),(86,14),(178,69),(284,45),
96:(152,22),(90,46),(147,118),(109,51),(303,136),(43,57),(95,62),(193,129),(306,117),(65,62),(135,118),(181,115),(68,126),(266,84),(82,114),(184,133),(143,121),(86,14),(178,69),(284,45),
97:(153,22),(91,46),(147,118),(109,52),(304,136),(42,57),(95,62),(193,128),(306,116),(66,62),(135,118),(181,116),(68,126),(266,83),(83,114),(183,133),(144,121),(86,14),(178,69),(284,45),
98:(154,22),(92,46),(147,118),(109,53),(305,136),(42,58),(95,62),(193,127),(307,116),(67,62),(135,118),(181,117),(68,126),(266,82),(84,114),(182,133),(145,121),(86,14),(178,69),(284,45),
99:(155,22),(93,46),(147,118),(108,53),(306,136),(42,59),(95,62),(193,126),(307,115),(68,62),(135,118),(181,118),(68,126),(266,81),(85,114),(182,132),(146,121),(86,14),(178,69),(284,45),
100:(156,22),(94,46),(147,118),(107,53),(307,136),(42,60),(95,62),(193,125),(308,115),(69,62),(135,118),(181,119),(68,126),(266,80),(86,114),(181,132),(146,120),(86,14),(178,69),(284,45),
101:(157,22),(95,46),(147,118),(106,53),(308,136),(42,61),(95,62),(193,124),(309,115),(70,62),(135,118),(181,120),(68,126),(266,79),(87,114),(181,131),(146,119),(86,14),(178,69),(284,45),
102:(158,22),(96,46),(147,118),(105,53),(309,136),(41,61),(95,62),(193,123),(309,114),(71,62),(135,118),(181,121),(68,126),(266,78),(88,114),(181,130),(146,118),(86,14),(178,69),(284,45),
103:(159,22),(97,46),(147,118),(105,54),(310,136),(40,61),(95,62),(193,122),(310,114),(72,62),(135,118),(181,122),(68,126),(266,77),(89,114),(181,129),(146,117),(86,14),(178,69),(284,45),
104:(160,22),(98,46),(147,118),(104,54),(310,136),(39,61),(95,62),(193,121),(310,113),(73,62),(135,118),(181,123),(68,126),(266,76),(90,114),(180,129),(147,117),(86,14),(178,69),(284,45),
105:(161,22),(99,46),(147,118),(103,54),(310,136),(38,61),(95,62),(193,120),(310,112),(73,63),(135,118),(181,124),(68,126),(266,75),(91,114),(179,129),(148,117),(86,14),(178,69),(284,45),
106:(162,22),(100,46),(147,118),(102,54),(310,136),(38,62),(95,62),(193,119),(310,111),(73,64),(135,118),(181,125),(68,126),(266,74),(92,114),(178,129),(149,117),(86,14),(178,69),(284,45),
107:(163,22),(101,46),(147,118),(101,54),(310,136),(38,63),(95,62),(193,118),(311,111),(74,64),(135,118),(181,126),(68,126),(266,73),(93,114),(177,129),(150,117),(86,14),(178,69),(284,45),
108:(164,22),(102,46),(147,118),(100,54),(310,136),(37,63),(95,62),(192,118),(312,111),(74,65),(135,118),(181,127),(68,126),(266,72),(94,114),(176,129),(151,117),(86,14),(178,69),(284,45),
109:(165,22),(103,46),(147,118),(99,54),(310,136),(36,63),(95,62),(192,117),(312,110),(75,65),(135,118),(181,128),(68,126),(266,71),(95,114),(175,129),(152,117),(86,14),(178,69),(284,45),
110:(166,22),(104,46),(147,118),(98,54),(310,136),(36,64),(95,62),(191,117),(313,110),(76,65),(135,118),(181,128),(68,126),(266,70),(96,114),(174,129),(153,117),(86,14),(178,69),(284,45),
111:(167,22),(105,46),(147,118),(97,54),(310,136),(36,65),(95,62),(190,117),(314,110),(77,65),(135,118),(181,128),(68,126),(266,69),(97,114),(173,129),(154,117),(86,14),(178,69),(284,45),
112:(168,22),(106,46),(147,118),(96,54),(310,136),(36,66),(95,62),(189,117),(315,110),(78,65),(135,118),(181,128),(68,126),(266,68),(98,114),(172,129),(155,117),(86,14),(178,69),(284,45),
113:(169,22),(107,46),(147,118),(95,54),(310,136),(36,67),(95,62),(188,117),(315,109),(79,65),(135,118),(181,128),(68,126),(266,67),(99,114),(171,129),(156,117),(86,14),(178,69),(284,45),
114:(170,22),(108,46),(147,118),(94,54),(310,136),(36,68),(95,62),(187,117),(315,108),(79,66),(135,118),(181,128),(68,126),(266,66),(100,114),(170,129),(157,117),(86,14),(178,69),(284,45),
115:(171,22),(109,46),(147,118),(93,54),(310,136),(35,68),(95,62),(186,117),(316,108),(80,66),(135,118),(181,128),(68,126),(266,65),(101,114),(170,128),(157,116),(86,14),(178,69),(284,45),
116:(172,22),(110,46),(147,118),(92,54),(310,136),(34,68),(95,62),(185,117),(317,108),(81,66),(135,118),(181,128),(68,126),(266,64),(102,114),(170,127),(158,116),(86,14),(178,69),(284,45),
117:(173,22),(111,46),(147,118),(91,54),(310,136),(34,69),(95,62),(184,117),(318,108),(82,66),(135,118),(181,128),(68,126),(266,63),(103,114),(169,127),(158,115),(86,14),(178,69),(284,45),
118:(174,22),(112,46),(147,118),(90,54),(310,136),(34,70),(95,62),(183,117),(318,107),(83,66),(135,118),(181,128),(68,126),(266,62),(104,114),(169,126),(158,114),(86,14),(178,69),(284,45),
119:(175,22),(113,46),(147,118),(89,54),(310,136),(34,71),(95,62),(182,117),(318,106),(84,66),(135,118),(181,128),(68,126),(266,61),(105,114),(168,126),(158,113),(86,14),(178,69),(284,45),
120:(176,22),(114,46),(147,118),(88,54),(310,136),(34,72),(95,62),(181,117),(319,106),(85,66),(135,118),(181,128),(68,126),(266,60),(106,114),(167,126),(158,112),(86,14),(178,69),(284,45),
121:(177,22),(115,46),(147,118),(87,54),(310,136),(34,73),(95,62),(181,116),(320,106),(86,66),(135,118),(181,128),(68,126),(266,59),(107,114),(167,125),(158,111),(86,14),(178,69),(284,45),
122:(178,22),(116,46),(147,118),(86,54),(310,136),(33,73),(95,62),(181,115),(320,105),(86,67),(135,118),(181,128),(68,126),(266,58),(108,114),(166,125),(158,110),(86,14),(178,69),(284,45),
123:(179,22),(117,46),(147,118),(86,55),(310,136),(33,74),(95,62),(181,114),(321,105),(86,68),(135,118),(181,128),(68,126),(266,57),(109,114),(165,125),(158,109),(86,14),(178,69),(284,45),
124:(180,22),(118,46),(147,118),(85,55),(310,136),(33,75),(95,62),(180,114),(321,104),(86,69),(135,118),(181,128),(68,126),(266,56),(110,114),(164,125),(158,108),(86,14),(178,69),(284,45),
125:(181,22),(119,46),(147,118),(85,56),(310,136),(33,76),(95,62),(180,113),(321,103),(86,70),(135,118),(181,128),(68,126),(266,55),(111,114),(163,125),(158,107),(86,14),(178,69),(284,45),
126:(182,22),(120,46),(147,118),(85,57),(310,136),(32,76),(95,62),(179,113),(321,102),(87,70),(135,118),(181,128),(68,126),(266,54),(112,114),(162,125),(158,106),(86,14),(178,69),(284,45),
127:(183,22),(121,46),(147,118),(85,58),(310,136),(32,77),(95,62),(178,113),(321,101),(88,70),(135,118),(181,128),(68,126),(266,53),(113,114),(161,125),(158,105),(86,14),(178,69),(284,45),
128:(184,22),(122,46),(147,118),(84,58),(310,136),(31,77),(95,62),(177,113),(322,101),(89,70),(135,118),(181,128),(68,126),(266,52),(114,114),(160,125),(158,104),(86,14),(178,69),(284,45),
129:(185,22),(123,46),(147,118),(83,58),(310,136),(31,78),(95,62),(176,113),(323,101),(90,70),(135,118),(181,128),(68,126),(266,51),(115,114),(159,125),(158,103),(86,14),(178,69),(284,45),
130:(186,22),(124,46),(147,118),(82,58),(310,136),(30,78),(95,62),(175,113),(323,100),(91,70),(135,118),(181,128),(68,126),(266,50),(116,114),(158,125),(158,102),(86,14),(178,69),(284,45),
131:(187,22),(125,46),(147,118),(81,58),(310,136),(30,79),(95,62),(174,113),(323,99),(92,70),(135,118),(181,128),(68,126),(266,49),(117,114),(157,125),(158,101),(86,14),(178,69),(284,45),
132:(188,22),(126,46),(147,118),(80,58),(310,136),(30,80),(95,62),(173,113),(324,99),(93,70),(135,118),(181,128),(68,126),(266,48),(118,114),(156,125),(158,100),(86,14),(178,69),(284,45),
133:(189,22),(127,46),(147,118),(79,58),(310,136),(30,81),(95,62),(172,113),(324,98),(94,70),(135,118),(181,128),(68,126),(266,47),(119,114),(155,125),(158,99),(86,14),(178,69),(284,45),
134:(190,22),(128,46),(147,118),(78,58),(310,136),(30,82),(95,62),(171,113),(324,97),(95,70),(135,118),(181,128),(68,126),(266,46),(120,114),(154,125),(158,98),(86,14),(178,69),(284,45),
135:(191,22),(129,46),(147,118),(77,58),(310,136),(30,83),(95,62),(170,113),(325,97),(96,70),(135,118),(181,128),(68,126),(266,45),(121,114),(153,125),(158,97),(86,14),(178,69),(284,45),
136:(192,22),(130,46),(147,118),(76,58),(310,136),(30,84),(95,62),(170,112),(326,97),(97,70),(135,118),(181,128),(68,126),(266,44),(122,114),(152,125),(158,96),(86,14),(178,69),(284,45),
137:(193,22),(131,46),(147,118),(75,58),(310,136),(29,84),(95,62),(170,111),(326,96),(97,71),(135,118),(181,128),(68,126),(266,43),(123,114),(151,125),(158,95),(86,14),(178,69),(284,45),
138:(194,22),(132,46),(147,118),(74,58),(310,136),(28,84),(95,62),(169,111),(327,96),(97,72),(135,118),(181,128),(68,126),(266,42),(124,114),(150,125),(158,94),(86,14),(178,69),(284,45),
139:(195,22),(133,46),(147,118),(73,58),(310,136),(28,85),(95,62),(169,110),(327,95),(98,72),(135,118),(181,128),(68,126),(266,41),(125,114),(149,125),(159,94),(86,14),(178,69),(284,45),
140:(196,22),(134,46),(147,118),(72,58),(310,136),(28,86),(95,62),(169,109),(327,94),(98,73),(135,118),(181,128),(68,126),(266,40),(126,114),(148,125),(159,93),(86,14),(178,69),(284,45),
141:(197,22),(135,46),(147,118),(71,58),(310,136),(28,87),(95,62),(169,108),(328,94),(98,74),(135,118),(181,128),(68,126),(266,39),(127,114),(147,125),(160,93),(86,14),(178,69),(284,45),
142:(198,22),(136,46),(147,118),(70,58),(310,136),(27,87),(95,62),(169,107),(329,94),(98,75),(135,118),(181,128),(68,126),(266,38),(128,114),(146,125),(161,93),(86,14),(178,69),(284,45),
143:(199,22),(137,46),(147,118),(69,58),(310,136),(27,88),(95,62),(169,106),(329,93),(98,76),(135,118),(181,128),(68,126),(266,37),(129,114),(145,125),(162,93),(86,14),(178,69),(284,45),
144:(200,22),(138,46),(147,118),(68,58),(310,136),(26,88),(95,62),(168,106),(330,93),(98,77),(135,118),(181,128),(68,126),(266,36),(130,114),(145,124),(163,93),(86,14),(178,69),(284,45),
145:(201,22),(139,46),(147,118),(67,58),(310,136),(26,89),(95,62),(168,105),(331,93),(98,78),(135,118),(181,128),(68,126),(266,35),(131,114),(145,123),(164,93),(86,14),(178,69),(284,45),
146:(202,22),(140,46),(147,118),(66,58),(310,136),(26,90),(95,62),(167,105),(331,92),(99,78),(135,118),(181,128),(68,126),(266,34),(132,114),(145,122),(165,93),(86,14),(178,69),(284,45),
147:(203,22),(141,46),(147,118),(65,58),(310,136),(25,90),(95,62),(166,105),(332,92),(100,78),(135,118),(181,128),(68,126),(266,33),(133,114),(144,122),(166,93),(86,14),(178,69),(284,45),
148:(204,22),(142,46),(147,118),(64,58),(310,136),(25,91),(95,62),(165,105),(332,91),(101,78),(135,118),(181,128),(68,126),(266,32),(134,114),(144,121),(167,93),(86,14),(178,69),(284,45),
149:(205,22),(143,46),(147,118),(63,58),(310,136),(25,92),(95,62),(164,105),(333,91),(102,78),(135,118),(181,128),(68,126),(266,31),(135,114),(143,121),(168,93),(86,14),(178,69),(284,45),
150:(206,22),(144,46),(147,118),(62,58),(310,136),(24,92),(95,62),(163,105),(334,91),(103,78),(135,118),(181,128),(68,126),(266,30),(136,114),(142,121),(169,93),(86,14),(178,69),(284,45),
151:(207,22),(145,46),(147,118),(61,58),(310,136),(24,93),(95,62),(162,105),(334,90),(104,78),(135,118),(181,128),(68,126),(266,29),(137,114),(141,121),(170,93),(86,14),(178,69),(284,45),
152:(208,22),(146,46),(147,118),(61,59),(310,136),(24,94),(95,62),(161,105),(335,90),(105,78),(135,118),(181,128),(68,126),(266,28),(138,114),(140,121),(171,93),(86,14),(178,69),(284,45),
153:(209,22),(147,46),(147,118),(61,60),(310,136),(23,94),(95,62),(160,105),(335,89),(106,78),(135,118),(181,128),(68,126),(266,27),(139,114),(139,121),(172,93),(86,14),(178,69),(284,45),
154:(210,22),(148,46),(147,118),(61,61),(310,136),(22,94),(95,62),(159,105),(336,89),(107,78),(135,118),(181,128),(68,126),(266,26),(140,114),(138,121),(173,93),(86,14),(178,69),(284,45),
155:(211,22),(149,46),(147,118),(60,61),(310,136),(21,94),(95,62),(158,105),(336,88),(108,78),(135,118),(181,128),(68,126),(266,25),(141,114),(137,121),(174,93),(86,14),(178,69),(284,45),
156:(212,22),(150,46),(147,118),(59,61),(310,136),(20,94),(95,62),(157,105),(336,87),(109,78),(135,118),(181,128),(68,126),(266,24),(142,114),(136,121),(175,93),(86,14),(178,69),(284,45),
157:(213,22),(151,46),(147,118),(58,61),(310,136),(20,95),(95,62),(156,105),(336,86),(109,79),(135,118),(181,128),(68,126),(266,23),(143,114),(135,121),(176,93),(86,14),(178,69),(284,45),
158:(214,22),(152,46),(147,118),(58,62),(310,136),(19,95),(95,62),(155,105),(336,85),(110,79),(135,118),(181,128),(68,126),(266,22),(144,114),(134,121),(177,93),(86,14),(178,69),(284,45),
159:(215,22),(153,46),(147,118),(57,62),(310,136),(18,95),(95,62),(154,105),(336,84),(110,80),(135,118),(181,128),(68,126),(266,21),(145,114),(134,120),(178,93),(86,14),(178,69),(284,45),
160:(216,22),(154,46),(147,118),(56,62),(310,136),(17,95),(95,62),(153,105),(336,83),(110,81),(135,118),(181,128),(68,126),(266,20),(146,114),(133,120),(179,93),(86,14),(178,69),(284,45),
161:(217,22),(155,46),(147,118),(55,62),(310,136),(17,96),(95,62),(152,105),(336,82),(110,82),(135,118),(181,128),(68,126),(266,19),(147,114),(133,119),(180,93),(86,14),(178,69),(284,45),
162:(218,22),(156,46),(147,118),(54,62),(310,136),(16,96),(95,62),(151,105),(336,81),(111,82),(135,118),(181,128),(68,126),(266,18),(148,114),(133,118),(181,93),(86,14),(178,69),(284,45),
163:(218,23),(157,46),(147,118),(53,62),(310,136),(16,97),(95,62),(150,105),(336,80),(112,82),(135,118),(181,128),(68,126),(266,17),(149,114),(133,117),(182,93),(86,14),(178,69),(284,45),
164:(218,23),(158,46),(147,118),(52,62),(310,136),(16,98),(95,62),(149,105),(336,79),(113,82),(135,118),(181,128),(68,126),(266,16),(150,114),(132,117),(183,93),(86,14),(178,69),(284,45),
165:(218,23),(159,46),(147,118),(51,62),(310,136),(16,99),(95,62),(148,105),(336,78),(114,82),(135,118),(181,128),(68,126),(266,15),(151,114),(131,117),(184,93),(86,14),(178,69),(284,45),
166:(218,23),(160,46),(147,118),(50,62),(310,136),(16,100),(95,62),(147,105),(336,77),(115,82),(135,118),(181,128),(68,126),(266,14),(152,114),(130,117),(185,93),(86,14),(178,69),(284,45),
167:(218,23),(161,46),(147,118),(49,62),(310,136),(16,101),(95,62),(146,105),(336,76),(116,82),(135,118),(181,128),(68,126),(266,13),(153,114),(129,117),(186,93),(86,14),(178,69),(284,45),
168:(218,23),(162,46),(147,118),(48,62),(310,136),(16,102),(95,62),(145,105),(336,75),(117,82),(135,118),(181,128),(68,126),(267,13),(154,114),(128,117),(187,93),(86,14),(178,69),(284,45),
169:(218,23),(163,46),(147,118),(47,62),(310,136),(16,103),(95,62),(144,105),(336,74),(118,82),(135,118),(181,128),(68,126),(268,13),(155,114),(127,117),(188,93),(86,14),(178,69),(284,45),
170:(218,23),(164,46),(147,118),(47,63),(310,136),(16,104),(95,62),(143,105),(336,73),(119,82),(135,118),(181,128),(68,126),(269,13),(156,114),(126,117),(189,93),(86,14),(178,69),(284,45),
171:(218,23),(165,46),(147,118),(47,64),(310,136),(16,105),(95,62),(142,105),(336,72),(120,82),(135,118),(181,128),(68,126),(270,13),(157,114),(125,117),(190,93),(86,14),(178,69),(284,45),
172:(218,23),(166,46),(147,118),(46,64),(310,136),(16,106),(95,62),(141,105),(336,71),(121,82),(135,118),(181,128),(68,126),(270,13),(158,114),(124,117),(191,93),(86,14),(178,69),(284,45),
173:(218,23),(167,46),(147,118),(46,65),(310,136),(16,107),(95,62),(140,105),(336,70),(122,82),(135,118),(181,128),(68,126),(270,13),(159,114),(123,117),(192,93),(86,14),(178,69),(284,45),
174:(218,23),(168,46),(147,118),(46,66),(310,136),(16,108),(95,62),(139,105),(336,69),(122,83),(135,118),(181,128),(68,126),(270,13),(160,114),(122,117),(193,93),(86,14),(178,69),(284,45),
175:(218,23),(169,46),(147,118),(46,67),(310,136),(16,109),(95,62),(138,105),(336,68),(122,84),(135,118),(181,128),(68,126),(270,13),(161,114),(122,116),(193,92),(86,14),(178,69),(284,45),
176:(218,23),(170,46),(147,118),(46,68),(310,136),(16,110),(95,62),(137,105),(336,67),(122,85),(135,118),(181,128),(68,126),(270,13),(162,114),(121,116),(193,91),(86,14),(178,69),(284,45),
177:(218,23),(171,46),(147,118),(45,68),(310,136),(16,111),(95,62),(136,105),(336,66),(123,85),(135,118),(181,128),(68,126),(270,13),(163,114),(121,115),(194,91),(86,14),(178,69),(284,45),
178:(218,23),(172,46),(147,118),(45,69),(310,136),(16,112),(95,62),(135,105),(336,65),(123,86),(135,118),(181,128),(68,126),(270,13),(164,114),(121,114),(194,90),(86,14),(178,69),(284,45),
179:(218,23),(173,46),(147,118),(44,69),(310,136),(16,113),(95,62),(134,105),(336,64),(124,86),(135,118),(181,128),(68,126),(270,13),(165,114),(121,113),(195,90),(86,14),(178,69),(284,45),
180:(218,23),(174,46),(147,118),(44,70),(310,136),(16,114),(95,62),(134,104),(336,63),(125,86),(135,118),(181,128),(68,126),(270,13),(166,114),(121,112),(196,90),(86,14),(178,69),(284,45),
181:(218,23),(175,46),(147,118),(44,71),(310,136),(16,115),(95,62),(134,103),(336,62),(126,86),(135,118),(181,128),(68,126),(270,13),(167,114),(121,111),(196,89),(86,14),(178,69),(284,45),
182:(218,23),(176,46),(147,118),(43,71),(310,136),(16,116),(95,62),(134,102),(336,61),(127,86),(135,118),(181,128),(68,126),(270,13),(168,114),(121,110),(197,89),(86,14),(178,69),(284,45),
183:(218,23),(177,46),(147,118),(42,71),(310,136),(16,117),(95,62),(133,102),(336,60),(128,86),(135,118),(181,128),(68,126),(270,13),(169,114),(120,110),(198,89),(86,14),(178,69),(284,45),
184:(218,23),(178,46),(147,118),(42,72),(310,136),(16,118),(95,62),(133,101),(336,59),(129,86),(135,118),(181,128),(68,126),(270,13),(170,114),(120,109),(199,89),(86,14),(178,69),(284,45),
185:(218,23),(179,46),(147,118),(41,72),(310,136),(16,119),(95,62),(133,100),(336,58),(130,86),(135,118),(181,128),(68,126),(270,13),(171,114),(119,109),(200,89),(86,14),(178,69),(284,45),
186:(218,23),(180,46),(147,118),(40,72),(310,136),(16,120),(95,62),(133,99),(336,57),(131,86),(135,118),(181,128),(68,126),(270,13),(172,114),(118,109),(201,89),(86,14),(178,69),(284,45),
187:(218,23),(181,46),(147,118),(39,72),(310,136),(16,121),(95,62),(133,98),(336,56),(132,86),(135,118),(181,128),(68,126),(270,13),(173,114),(117,109),(202,89),(86,14),(178,69),(284,45),
188:(218,23),(182,46),(147,118),(39,73),(310,136),(16,122),(95,62),(132,98),(336,55),(133,86),(135,118),(181,128),(68,126),(270,13),(174,114),(116,109),(203,89),(86,14),(178,69),(284,45),
189:(218,23),(183,46),(147,118),(38,73),(310,136),(16,123),(95,62),(131,98),(336,54),(133,87),(135,118),(181,128),(68,126),(270,13),(175,114),(115,109),(204,89),(86,14),(178,69),(284,45),
190:(218,23),(184,46),(147,118),(38,74),(310,136),(16,124),(95,62),(131,97),(336,53),(134,87),(135,118),(181,128),(68,126),(270,13),(176,114),(114,109),(205,89),(86,14),(178,69),(284,45),
191:(218,23),(185,46),(147,118),(38,75),(310,136),(16,125),(95,62),(130,97),(336,52),(134,88),(135,118),(181,128),(68,126),(270,13),(177,114),(113,109),(205,88),(86,14),(178,69),(284,45),
192:(218,23),(186,46),(147,118),(38,76),(310,136),(16,126),(95,62),(129,97),(336,51),(134,89),(135,118),(181,128),(68,126),(270,13),(178,114),(112,109),(205,87),(86,14),(178,69),(284,45),
193:(218,23),(187,46),(147,118),(37,76),(310,136),(16,127),(95,62),(128,97),(336,50),(134,90),(135,118),(181,128),(68,126),(270,13),(179,114),(111,109),(206,87),(86,14),(178,69),(284,45),
194:(218,23),(188,46),(147,118),(36,76),(310,136),(16,128),(95,62),(127,97),(336,49),(134,91),(135,118),(181,128),(68,126),(270,13),(180,114),(110,109),(206,86),(86,14),(178,69),(284,45),
195:(218,23),(189,46),(147,118),(36,77),(310,136),(16,129),(95,62),(126,97),(336,48),(134,92),(135,118),(181,128),(68,126),(270,13),(181,114),(109,109),(206,85),(86,14),(178,69),(284,45),
196:(218,23),(190,46),(147,118),(36,78),(310,136),(16,130),(95,62),(125,97),(336,47),(134,93),(135,118),(181,128),(68,126),(270,13),(182,114),(108,109),(206,84),(86,14),(178,69),(284,45),
197:(218,23),(191,46),(147,118),(36,79),(310,136),(16,131),(95,62),(124,97),(336,46),(134,94),(135,118),(181,128),(68,126),(270,13),(183,114),(107,109),(206,83),(86,14),(178,69),(284,45),
198:(218,23),(192,46),(147,118),(36,80),(310,136),(16,132),(95,62),(123,97),(336,45),(135,94),(135,118),(181,128),(68,126),(270,13),(184,114),(106,109),(206,82),(86,14),(178,69),(284,45),
199:(218,23),(193,46),(147,118),(35,80),(310,136),(16,133),(95,62),(122,97),(336,44),(136,94),(135,118),(181,128),(68,126),(270,13),(185,114),(105,109),(206,81),(86,14),(178,69),(284,45),
200:(218,23),(194,46),(147,118),(35,81),(310,136),(16,134),(95,62),(121,97),(336,43),(137,94),(135,118),(181,128),(68,126),(270,13),(186,114),(104,109),(206,80),(86,14),(178,69),(284,45),
201:(218,23),(195,46),(147,118),(34,81),(310,136),(16,135),(95,62),(120,97),(336,42),(138,94),(135,118),(181,128),(68,126),(270,13),(187,114),(103,109),(206,79),(86,14),(178,69),(284,45),
202:(218,23),(195,46),(147,118),(34,82),(310,136),(16,136),(95,62),(119,97),(336,41),(139,94),(135,118),(181,128),(68,126),(270,13),(188,114),(102,109),(206,78),(86,14),(178,69),(284,45),
203:(218,23),(195,46),(147,118),(34,83),(310,136),(16,137),(95,62),(118,97),(336,40),(140,94),(135,118),(181,128),(68,126),(270,13),(189,114),(101,109),(207,78),(86,14),(178,69),(284,45),
204:(218,23),(195,46),(147,118),(33,83),(310,136),(16,138),(95,62),(117,97),(336,39),(141,94),(135,118),(181,128),(68,126),(270,13),(190,114),(100,109),(207,77),(86,14),(178,69),(284,45),
205:(218,23),(195,46),(147,118),(32,83),(310,136),(16,139),(95,62),(116,97),(336,38),(142,94),(135,118),(181,128),(68,126),(270,13),(191,114),(99,109),(208,77),(86,14),(178,69),(284,45),
206:(218,23),(195,46),(147,118),(31,83),(310,136),(16,140),(95,62),(115,97),(336,37),(143,94),(135,118),(181,128),(68,126),(270,13),(192,114),(98,109),(209,77),(86,14),(178,69),(284,45),
207:(218,23),(195,46),(147,118),(31,83),(310,136),(16,141),(95,62),(114,97),(336,36),(144,94),(135,118),(181,128),(68,126),(270,13),(193,114),(97,109),(210,77),(86,14),(178,69),(284,45),
208:(218,23),(195,46),(147,118),(31,83),(310,136),(16,142),(95,62),(113,97),(336,35),(145,94),(135,118),(181,128),(68,126),(270,13),(194,114),(97,108),(211,77),(86,14),(178,69),(284,45),
209:(218,23),(195,46),(147,118),(31,83),(310,136),(16,143),(95,62),(112,97),(336,34),(146,94),(135,118),(181,128),(68,126),(270,13),(195,114),(97,107),(212,77),(86,14),(178,69),(284,45),
210:(218,23),(195,46),(147,118),(31,83),(310,136),(16,144),(95,62),(111,97),(336,33),(147,94),(135,118),(181,128),(68,126),(270,13),(196,114),(97,106),(213,77),(86,14),(178,69),(284,45),
211:(218,23),(195,46),(147,118),(31,83),(310,136),(16,145),(95,62),(110,97),(336,32),(148,94),(135,118),(181,128),(68,126),(270,13),(197,114),(97,105),(214,77),(86,14),(178,69),(284,45),
212:(218,23),(195,46),(147,118),(31,83),(310,136),(16,145),(95,62),(110,96),(336,31),(149,94),(135,118),(181,128),(68,126),(270,13),(198,114),(97,104),(215,77),(86,14),(178,69),(284,45),
213:(218,23),(195,46),(147,118),(31,83),(310,136),(16,145),(95,62),(109,96),(336,30),(150,94),(135,118),(181,128),(68,126),(270,13),(199,114),(97,103),(216,77),(86,14),(178,69),(284,45),
214:(218,23),(195,46),(147,118),(31,83),(310,136),(16,145),(95,62),(109,95),(336,29),(151,94),(135,118),(181,128),(68,126),(270,13),(200,114),(97,102),(217,77),(86,14),(178,69),(284,45),
215:(218,23),(195,46),(147,118),(31,83),(310,136),(16,145),(95,62),(109,94),(336,28),(152,94),(135,118),(181,128),(68,126),(270,13),(201,114),(97,101),(218,77),(86,14),(178,69),(284,45),
216:(218,23),(195,46),(147,118),(31,83),(310,136),(16,145),(95,62),(109,93),(336,27),(153,94),(135,118),(181,128),(68,126),(270,13),(202,114),(97,100),(218,76),(86,14),(178,69),(284,45),
217:(218,23),(195,46),(147,118),(31,83),(310,136),(16,145),(95,62),(108,93),(336,26),(154,94),(135,118),(181,128),(68,126),(270,13),(203,114),(97,99),(218,75),(86,14),(178,69),(284,45),
218:(218,23),(195,46),(147,118),(31,83),(310,136),(16,145),(95,62),(107,93),(336,25),(155,94),(135,118),(181,128),(68,126),(270,13),(204,114),(97,98),(218,74),(86,14),(178,69),(284,45),
219:(218,23),(195,46),(147,118),(31,83),(310,136),(16,145),(95,62),(106,93),(336,24),(156,94),(135,118),(181,128),(68,126),(270,13),(205,114),(97,97),(218,73),(86,14),(178,69),(284,45),
220:(218,23),(195,46),(147,118),(31,83),(310,136),(16,145),(95,62),(105,93),(336,23),(157,94),(135,118),(181,128),(68,126),(270,13),(206,114),(97,96),(218,72),(86,14),(178,69),(284,45),
221:(218,23),(195,46),(147,118),(31,83),(310,136),(16,145),(95,62),(104,93),(336,22),(158,94),(135,118),(181,128),(68,126),(270,13),(207,114),(97,95),(218,71),(86,14),(178,69),(284,45),
222:(218,23),(195,46),(147,118),(31,83),(310,136),(16,145),(95,62),(103,93),(336,21),(159,94),(135,118),(181,128),(68,126),(270,13),(208,114),(97,94),(218,70),(86,14),(178,69),(284,45),
223:(218,23),(195,46),(147,118),(31,83),(310,136),(16,145),(95,62),(102,93),(336,20),(160,94),(135,118),(181,128),(68,126),(270,13),(209,114),(97,93),(218,69),(86,14),(178,69),(284,45),
224:(218,23),(195,46),(147,118),(31,83),(310,136),(16,145),(95,62),(101,93),(336,19),(161,94),(135,118),(181,128),(68,126),(270,13),(210,114),(97,92),(218,68),(86,14),(178,69),(284,45),
225:(218,23),(195,46),(147,118),(31,83),(310,136),(16,145),(95,62),(100,93),(336,18),(162,94),(135,118),(181,128),(68,126),(270,13),(211,114),(97,91),(218,67),(86,14),(178,69),(284,45),
226:(218,23),(195,46),(147,118),(31,83),(310,136),(16,145),(95,62),(99,93),(336,17),(163,94),(135,118),(181,128),(68,126),(270,13),(212,114),(97,90),(218,66),(86,14),(178,69),(284,45),
227:(218,23),(195,46),(147,118),(31,83),(310,136),(16,145),(95,62),(98,93),(336,16),(164,94),(135,118),(181,128),(68,126),(270,13),(213,114),(97,89),(218,65),(86,14),(178,69),(284,45),
228:(218,23),(195,46),(147,118),(31,83),(310,136),(16,145),(95,62),(97,93),(336,15),(165,94),(135,118),(181,128),(68,126),(270,13),(214,114),(97,88),(218,64),(86,14),(178,69),(284,45),
229:(218,23),(195,46),(147,118),(31,83),(310,136),(16,145),(95,62),(96,93),(336,14),(166,94),(135,118),(181,128),(68,126),(270,13),(215,114),(97,87),(218,63),(86,14),(178,69),(284,45),
230:(218,23),(195,46),(147,118),(31,83),(310,136),(16,145),(95,62),(95,93),(336,13),(167,94),(135,118),(181,128),(68,126),(270,13),(216,114),(97,86),(218,62),(86,14),(178,69),(284,45),
231:(218,23),(195,46),(147,118),(31,83),(310,136),(16,145),(95,62),(94,93),(336,12),(168,94),(135,118),(181,128),(68,126),(270,13),(217,114),(97,85),(218,61),(86,14),(178,69),(284,45),
232:(218,23),(195,46),(147,118),(31,83),(310,136),(16,145),(95,62),(93,93),(336,12),(169,94),(135,118),(181,128),(68,126),(270,13),(218,114),(97,84),(218,60),(86,14),(178,69),(284,45),
233:(218,23),(195,46),(147,118),(31,83),(310,136),(16,145),(95,62),(92,93),(336,12),(170,94),(135,118),(181,128),(68,126),(270,13),(219,114),(97,83),(218,59),(86,14),(178,69),(284,45),
234:(218,23),(195,46),(147,118),(31,83),(310,136),(16,145),(95,62),(91,93),(336,12),(171,94),(135,118),(181,128),(68,126),(270,13),(220,114),(97,82),(218,58),(86,14),(178,69),(284,45),
235:(218,23),(195,46),(147,118),(31,83),(310,136),(16,145),(95,62),(90,93),(336,12),(172,94),(135,118),(181,128),(68,126),(270,13),(221,114),(97,81),(218,57),(86,14),(178,69),(284,45),
236:(218,23),(195,46),(147,118),(31,83),(310,136),(16,145),(95,62),(89,93),(336,12),(173,94),(135,118),(181,128),(68,126),(270,13),(222,114),(97,80),(218,56),(86,14),(178,69),(284,45),
237:(218,23),(195,46),(147,118),(31,83),(310,136),(16,145),(95,62),(88,93),(336,12),(174,94),(135,118),(181,128),(68,126),(270,13),(223,114),(97,79),(218,55),(86,14),(178,69),(284,45),
238:(218,23),(195,46),(147,118),(31,83),(310,136),(16,145),(95,62),(87,93),(336,12),(175,94),(135,118),(181,128),(68,126),(270,13),(224,114),(97,78),(218,54),(86,14),(178,69),(284,45),
239:(218,23),(195,46),(147,118),(31,83),(310,136),(16,145),(95,62),(86,93),(336,12),(176,94),(135,118),(181,128),(68,126),(270,13),(225,114),(97,77),(219,54),(86,14),(178,69),(284,45),
240:(218,23),(195,46),(147,118),(31,83),(310,136),(16,145),(95,62),(85,93),(336,12),(177,94),(135,118),(181,128),(68,126),(270,13),(226,114),(97,76),(219,54),(86,14),(178,69),(284,45),
241:(218,23),(195,46),(147,118),(31,83),(310,136),(16,145),(95,62),(85,92),(336,12),(178,94),(135,118),(181,128),(68,126),(270,13),(227,114),(97,75),(219,54),(86,14),(178,69),(284,45),
242:(218,23),(195,46),(147,118),(31,83),(310,136),(16,145),(95,62),(85,91),(336,12),(179,94),(135,118),(181,128),(68,126),(270,13),(228,114),(97,74),(219,54),(86,14),(178,69),(284,45),
243:(218,23),(195,46),(147,118),(31,83),(310,136),(16,145),(95,62),(85,90),(336,12),(180,94),(135,118),(181,128),(68,126),(270,13),(229,114),(97,73),(219,54),(86,14),(178,69),(284,45),
244:(218,23),(195,46),(147,118),(31,83),(310,136),(16,145),(95,62),(85,89),(336,12),(181,94),(135,118),(181,128),(68,126),(270,13),(230,114),(97,72),(219,54),(86,14),(178,69),(284,45),
245:(218,23),(195,46),(147,118),(31,83),(310,136),(16,145),(95,62),(85,88),(336,12),(181,95),(135,118),(181,128),(68,126),(270,13),(231,114),(97,71),(219,54),(86,14),(178,69),(284,45),
246:(218,23),(195,46),(147,118),(31,83),(310,136),(16,145),(95,62),(85,87),(336,12),(181,96),(135,118),(181,128),(68,126),(270,13),(232,114),(97,70),(219,54),(86,14),(178,69),(284,45),
247:(218,23),(195,46),(147,118),(31,83),(310,136),(16,145),(95,62),(85,86),(336,12),(181,97),(135,118),(181,128),(68,126),(270,13),(233,114),(97,69),(219,54),(86,14),(178,69),(284,45),
248:(218,23),(195,46),(147,118),(31,83),(310,136),(16,145),(95,62),(85,85),(336,12),(182,97),(135,118),(181,128),(68,126),(270,13),(234,114),(97,68),(219,54),(86,14),(178,69),(284,45),
249:(218,23),(195,46),(147,118),(31,83),(310,136),(16,145),(95,62),(84,85),(336,12),(183,97),(135,118),(181,128),(68,126),(270,13),(235,114),(97,67),(219,54),(86,14),(178,69),(284,45),
250:(218,23),(195,46),(147,118),(31,83),(310,136),(16,145),(95,62),(83,85),(336,12),(183,98),(135,118),(181,128),(68,126),(270,13),(236,114),(97,66),(219,54),(86,14),(178,69),(284,45),
251:(218,23),(195,46),(147,118),(31,83),(310,136),(16,145),(95,62),(82,85),(336,12),(184,98),(135,118),(181,128),(68,126),(270,13),(237,114),(97,65),(219,54),(86,14),(178,69),(284,45),
252:(218,23),(195,46),(147,118),(31,83),(310,136),(16,145),(95,62),(81,85),(336,12),(185,98),(135,118),(181,128),(68,126),(270,13),(238,114),(97,64),(219,54),(86,14),(178,69),(284,45),
253:(218,23),(195,46),(147,118),(31,83),(310,136),(16,145),(95,62),(80,85),(336,12),(186,98),(135,118),(181,128),(68,126),(270,13),(239,114),(97,63),(219,54),(86,14),(178,69),(284,45),
254:(218,23),(195,46),(147,118),(31,83),(310,136),(16,145),(95,62),(79,85),(336,12),(187,98),(135,118),(181,128),(68,126),(270,13),(240,114),(97,62),(219,54),(86,14),(178,69),(284,45),
255:(218,23),(195,46),(147,118),(31,83),(310,136),(16,145),(95,62),(78,85),(336,12),(188,98),(135,118),(181,128),(68,126),(270,13),(241,114),(97,61),(219,54),(86,14),(178,69),(284,45),
256:(218,23),(195,46),(147,118),(31,83),(310,136),(16,145),(95,62),(77,85),(336,12),(189,98),(135,118),(181,128),(68,126),(270,13),(242,114),(97,60),(219,54),(86,14),(178,69),(284,45),
257:(218,23),(195,46),(147,118),(31,83),(310,136),(16,145),(95,62),(76,85),(336,12),(190,98),(135,118),(181,128),(68,126),(270,13),(243,114),(97,59),(219,54),(86,14),(178,69),(284,45),
258:(218,23),(195,46),(147,118),(31,83),(310,136),(16,145),(95,62),(75,85),(336,12),(191,98),(135,118),(181,128),(68,126),(270,13),(244,114),(97,58),(219,54),(86,14),(178,69),(284,45),
259:(218,23),(195,46),(147,118),(31,83),(310,136),(16,145),(95,62),(74,85),(336,12),(192,98),(135,118),(181,128),(68,126),(270,13),(245,114),(97,57),(219,54),(86,14),(178,69),(284,45),
260:(218,23),(195,46),(147,118),(31,83),(310,136),(16,145),(95,62),(73,85),(336,12),(193,98),(135,118),(181,128),(68,126),(270,13),(246,114),(97,56),(219,54),(86,14),(178,69),(284,45),
261:(218,23),(195,46),(147,118),(31,83),(310,136),(16,145),(95,62),(73,84),(336,12),(194,98),(135,118),(181,128),(68,126),(270,13),(247,114),(97,55),(219,54),(86,14),(178,69),(284,45),
262:(218,23),(195,46),(147,118),(31,83),(310,136),(16,145),(95,62),(73,83),(336,12),(194,99),(135,118),(181,128),(68,126),(270,13),(248,114),(97,54),(219,54),(86,14),(178,69),(284,45),
263:(218,23),(195,46),(147,118),(31,83),(310,136),(16,145),(95,62),(73,82),(336,12),(194,100),(135,118),(181,128),(68,126),(270,13),(249,114),(97,53),(219,54),(86,14),(178,69),(284,45),
264:(218,23),(195,46),(147,118),(31,83),(310,136),(16,145),(95,62),(73,81),(336,12),(194,101),(135,118),(181,128),(68,126),(270,13),(250,114),(97,52),(219,54),(86,14),(178,69),(284,45),
265:(218,23),(195,46),(147,118),(31,83),(310,136),(16,145),(95,62),(73,80),(336,12),(195,101),(135,118),(181,128),(68,126),(270,13),(251,114),(97,51),(219,54),(86,14),(178,69),(284,45),
266:(218,23),(195,46),(147,118),(31,83),(310,136),(16,145),(95,62),(73,79),(336,12),(196,101),(135,118),(181,128),(68,126),(270,13),(252,114),(97,50),(219,54),(86,14),(178,69),(284,45),
267:(218,23),(195,46),(147,118),(31,83),(310,136),(16,145),(95,62),(73,78),(336,12),(197,101),(135,118),(181,128),(68,126),(270,13),(253,114),(97,49),(219,54),(86,14),(178,69),(284,45),
268:(218,23),(195,46),(147,118),(31,83),(310,136),(16,145),(95,62),(73,77),(336,12),(198,101),(135,118),(181,128),(68,126),(270,13),(254,114),(97,48),(219,54),(86,14),(178,69),(284,45),
269:(218,23),(195,46),(147,118),(31,83),(310,136),(16,145),(95,62),(72,77),(336,12),(199,101),(135,118),(181,128),(68,126),(270,13),(255,114),(97,47),(219,54),(86,14),(178,69),(284,45),
270:(218,23),(195,46),(147,118),(31,83),(310,136),(16,145),(95,62),(71,77),(336,12),(199,102),(135,118),(181,128),(68,126),(270,13),(256,114),(97,46),(219,54),(86,14),(178,69),(284,45),
271:(218,23),(195,46),(147,118),(31,83),(310,136),(16,145),(95,62),(70,77),(336,12),(200,102),(135,118),(181,128),(68,126),(270,13),(257,114),(97,45),(219,54),(86,14),(178,69),(284,45),
272:(218,23),(195,46),(147,118),(31,83),(310,136),(16,145),(95,62),(69,77),(336,12),(201,102),(135,118),(181,128),(68,126),(270,13),(258,114),(97,44),(219,54),(86,14),(178,69),(284,45),
273:(218,23),(195,46),(147,118),(31,83),(310,136),(16,145),(95,62),(68,77),(336,12),(202,102),(135,118),(181,128),(68,126),(270,13),(259,114),(97,43),(219,54),(86,14),(178,69),(284,45),
274:(218,23),(195,46),(147,118),(31,83),(310,136),(16,145),(95,62),(67,77),(336,12),(203,102),(135,118),(181,128),(68,126),(270,13),(260,114),(97,42),(219,54),(86,14),(178,69),(284,45),
275:(218,23),(195,46),(147,118),(31,83),(310,136),(16,145),(95,62),(66,77),(336,12),(204,102),(135,118),(181,128),(68,126),(270,13),(261,114),(97,41),(219,54),(86,14),(178,69),(284,45),
276:(218,23),(195,46),(147,118),(31,83),(310,136),(16,145),(95,62),(65,77),(336,12),(205,102),(135,118),(181,128),(68,126),(270,13),(262,114),(97,40),(219,54),(86,14),(178,69),(284,45),
277:(218,23),(195,46),(147,118),(31,83),(310,136),(16,145),(95,62),(64,77),(336,12),(206,102),(135,118),(181,128),(68,126),(270,13),(263,114),(97,39),(219,54),(86,14),(178,69),(284,45),
278:(218,23),(195,46),(147,118),(31,83),(310,136),(16,145),(95,62),(63,77),(336,12),(207,102),(135,118),(181,128),(68,126),(270,13),(264,114),(97,38),(219,54),(86,14),(178,69),(284,45),
279:(218,23),(195,46),(147,118),(31,83),(310,136),(16,145),(95,62),(62,77),(336,12),(208,102),(135,118),(181,128),(68,126),(270,13),(265,114),(97,37),(219,54),(86,14),(178,69),(284,45),
280:(218,23),(195,46),(147,118),(31,83),(310,136),(16,145),(95,62),(62,76),(336,12),(209,102),(135,118),(181,128),(68,126),(270,13),(266,114),(97,36),(219,54),(86,14),(178,69),(284,45),
281:(218,23),(195,46),(147,118),(31,83),(310,136),(16,145),(95,62),(61,76),(336,12),(210,102),(135,118),(181,128),(68,126),(270,13),(267,114),(97,35),(219,54),(86,14),(178,69),(284,45),
282:(218,23),(195,46),(147,118),(31,83),(310,136),(16,145),(95,62),(61,75),(336,12),(211,102),(135,118),(181,128),(68,126),(270,13),(268,114),(97,34),(219,54),(86,14),(178,69),(284,45),
283:(218,23),(195,46),(147,118),(31,83),(310,136),(16,145),(95,62),(61,74),(336,12),(212,102),(135,118),(181,128),(68,126),(270,13),(269,114),(97,33),(219,54),(86,14),(178,69),(284,45),
284:(218,23),(195,46),(147,118),(31,83),(310,136),(16,145),(95,62),(61,73),(336,12),(213,102),(135,118),(181,128),(68,126),(270,13),(270,114),(97,32),(219,54),(86,14),(178,69),(284,45),
285:(218,23),(195,46),(147,118),(31,83),(310,136),(16,145),(95,62),(60,73),(336,12),(214,102),(135,118),(181,128),(68,126),(270,13),(271,114),(97,31),(219,54),(86,14),(178,69),(284,45),
286:(218,23),(195,46),(147,118),(31,83),(310,136),(16,145),(95,62),(59,73),(336,12),(215,102),(135,118),(181,128),(68,126),(270,13),(272,114),(97,30),(219,54),(86,14),(178,69),(284,45),
287:(218,23),(195,46),(147,118),(31,83),(310,136),(16,145),(95,62),(58,73),(336,12),(216,102),(135,118),(181,128),(68,126),(270,13),(273,114),(97,29),(219,54),(86,14),(178,69),(284,45),
288:(218,23),(195,46),(147,118),(31,83),(310,136),(16,145),(95,62),(57,73),(336,12),(217,102),(135,118),(181,128),(68,126),(270,13),(274,114),(97,28),(219,54),(86,14),(178,69),(284,45),
289:(218,23),(195,46),(147,118),(31,83),(310,136),(16,145),(95,62),(56,73),(336,12),(218,102),(135,118),(181,128),(68,126),(270,13),(275,114),(97,27),(219,54),(86,14),(178,69),(284,45),
290:(218,23),(195,46),(147,118),(31,83),(310,136),(16,145),(95,62),(55,73),(336,12),(218,103),(135,118),(181,128),(68,126),(270,13),(276,114),(97,26),(219,54),(86,14),(178,69),(284,45),
291:(218,23),(195,46),(147,118),(31,83),(310,136),(16,145),(95,62),(54,73),(336,12),(218,104),(135,118),(181,128),(68,126),(270,13),(277,114),(97,25),(219,54),(86,14),(178,69),(284,45),
292:(218,23),(195,46),(147,118),(31,83),(310,136),(16,145),(95,62),(53,73),(336,12),(218,105),(135,118),(181,128),(68,126),(270,13),(278,114),(97,24),(219,54),(86,14),(178,69),(284,45),
293:(218,23),(195,46),(147,118),(31,83),(310,136),(16,145),(95,62),(52,73),(336,12),(219,105),(135,118),(181,128),(68,126),(270,13),(279,114),(97,23),(219,54),(86,14),(178,69),(284,45),
294:(218,23),(195,46),(147,118),(31,83),(310,136),(16,145),(95,62),(51,73),(336,12),(220,105),(135,118),(181,128),(68,126),(270,13),(280,114),(97,22),(219,54),(86,14),(178,69),(284,45),
295:(218,23),(195,46),(147,118),(31,83),(310,136),(16,145),(95,62),(50,73),(336,12),(221,105),(135,118),(181,128),(68,126),(270,13),(281,114),(97,21),(219,54),(86,14),(178,69),(284,45),
296:(218,23),(195,46),(147,118),(31,83),(310,136),(16,145),(95,62),(49,73),(336,12),(222,105),(135,118),(181,128),(68,126),(270,13),(282,114),(97,20),(219,54),(86,14),(178,69),(284,45),
297:(218,23),(195,46),(147,118),(31,83),(310,136),(16,145),(95,62),(48,73),(336,12),(222,106),(135,118),(181,128),(68,126),(270,13),(283,114),(97,19),(219,54),(86,14),(178,69),(284,45),
298:(218,23),(195,46),(147,118),(31,83),(310,136),(16,145),(95,62),(47,73),(336,12),(223,106),(135,118),(181,128),(68,126),(270,13),(284,114),(97,18),(219,54),(86,14),(178,69),(284,45),
299:(218,23),(195,46),(147,118),(31,83),(310,136),(16,145),(95,62),(46,73),(336,12),(224,106),(135,118),(181,128),(68,126),(270,13),(285,114),(97,17),(219,54),(86,14),(178,69),(284,45),
300:(218,23),(195,46),(147,118),(31,83),(310,136),(16,145),(95,62),(45,73),(336,12),(225,106),(135,118),(181,128),(68,126),(270,13),(286,114),(97,16),(219,54),(86,14),(178,69),(284,45),
301:(218,23),(195,46),(147,118),(31,83),(310,136),(16,145),(95,62),(44,73),(336,12),(226,106),(135,118),(181,128),(68,126),(270,13),(287,114),(97,15),(219,54),(86,14),(178,69),(284,45),
302:(218,23),(195,46),(147,118),(31,83),(310,136),(16,145),(95,62),(43,73),(336,12),(227,106),(135,118),(181,128),(68,126),(270,13),(288,114),(97,14),(219,54),(86,14),(178,69),(284,45),
303:(218,23),(195,46),(147,118),(31,83),(310,136),(16,145),(95,62),(42,73),(336,12),(228,106),(135,118),(181,128),(68,126),(270,13),(289,114),(97,13),(219,54),(86,14),(178,69),(284,45),
304:(218,23),(195,46),(147,118),(31,83),(310,136),(16,145),(95,62),(41,73),(336,12),(229,106),(135,118),(181,128),(68,126),(270,13),(290,114),(97,12),(219,54),(86,14),(178,69),(284,45),
305:(218,23),(195,46),(147,118),(31,83),(310,136),(16,145),(95,62),(40,73),(336,12),(230,106),(135,118),(181,128),(68,126),(270,13),(291,114),(97,11),(219,54),(86,14),(178,69),(284,45),
306:(218,23),(195,46),(147,118),(31,83),(310,136),(16,145),(95,62),(39,73),(336,12),(231,106),(135,118),(181,128),(68,126),(270,13),(291,114),(97,10),(219,54),(86,14),(178,69),(284,45),
307:(218,23),(195,46),(147,118),(31,83),(310,136),(16,145),(95,62),(38,73),(336,12),(232,106),(135,118),(181,128),(68,126),(270,13),(291,114),(97,9),(219,54),(86,14),(178,69),(284,45),
308:(218,23),(195,46),(147,118),(31,83),(310,136),(16,145),(95,62),(37,73),(336,12),(233,106),(135,118),(181,128),(68,126),(270,13),(291,114),(97,8),(219,54),(86,14),(178,69),(284,45),
309:(218,23),(195,46),(147,118),(31,83),(310,136),(16,145),(95,62),(36,73),(336,12),(234,106),(135,118),(181,128),(68,126),(270,13),(291,114),(97,7),(219,54),(86,14),(178,69),(284,45),
310:(218,23),(195,46),(147,118),(31,83),(310,136),(16,145),(95,62),(35,73),(336,12),(235,106),(135,118),(181,128),(68,126),(270,13),(291,114),(97,6),(219,54),(86,14),(178,69),(284,45),
311:(218,23),(195,46),(147,118),(31,83),(310,136),(16,145),(95,62),(34,73),(336,12),(236,106),(135,118),(181,128),(68,126),(270,13),(291,114),(97,5),(219,54),(86,14),(178,69),(284,45),
312:(218,23),(195,46),(147,118),(31,83),(310,136),(16,145),(95,62),(33,73),(336,12),(237,106),(135,118),(181,128),(68,126),(270,13),(291,114),(97,4),(219,54),(86,14),(178,69),(284,45),
313:(218,23),(195,46),(147,118),(31,83),(310,136),(16,145),(95,62),(32,73),(336,12),(238,106),(135,118),(181,128),(68,126),(270,13),(291,114),(97,3),(219,54),(86,14),(178,69),(284,45),
314:(218,23),(195,46),(147,118),(31,83),(310,136),(16,145),(95,62),(31,73),(336,12),(239,106),(135,118),(181,128),(68,126),(270,13),(291,114),(97,2),(219,54),(86,14),(178,69),(284,45),
315:(218,23),(195,46),(147,118),(31,83),(310,136),(16,145),(95,62),(30,73),(336,12),(240,106),(135,118),(181,128),(68,126),(270,13),(291,114),(96,2),(219,54),(86,14),(178,69),(284,45),
316:(218,23),(195,46),(147,118),(31,83),(310,136),(16,145),(95,62),(29,73),(336,12),(241,106),(135,118),(181,128),(68,126),(270,13),(291,114),(95,2),(219,54),(86,14),(178,69),(284,45),
317:(218,23),(195,46),(147,118),(31,83),(310,136),(16,145),(95,62),(28,73),(336,12),(241,107),(135,118),(181,128),(68,126),(270,13),(291,114),(94,2),(219,54),(86,14),(178,69),(284,45),
318:(218,23),(195,46),(147,118),(31,83),(310,136),(16,145),(95,62),(28,73),(336,12),(242,107),(135,118),(181,128),(68,126),(270,13),(291,114),(93,2),(219,54),(86,14),(178,69),(284,45),
319:(218,23),(195,46),(147,118),(31,83),(310,136),(16,145),(95,62),(28,73),(336,12),(242,108),(135,118),(181,128),(68,126),(270,13),(291,114),(93,2),(219,54),(86,14),(178,69),(284,45),
320:(218,23),(195,46),(147,118),(31,83),(310,136),(16,145),(95,62),(28,73),(336,12),(242,109),(135,118),(181,128),(68,126),(270,13),(291,114),(93,2),(219,54),(86,14),(178,69),(284,45),
321:(218,23),(195,46),(147,118),(31,83),(310,136),(16,145),(95,62),(28,73),(336,12),(242,110),(135,118),(181,128),(68,126),(270,13),(291,114),(93,2),(219,54),(86,14),(178,69),(284,45),
322:(218,23),(195,46),(147,118),(31,83),(310,136),(16,145),(95,62),(28,73),(336,12),(243,110),(135,118),(181,128),(68,126),(270,13),(291,114),(93,2),(219,54),(86,14),(178,69),(284,45),
323:(218,23),(195,46),(147,118),(31,83),(310,136),(16,145),(95,62),(28,73),(336,12),(244,110),(135,118),(181,128),(68,126),(270,13),(291,114),(93,2),(219,54),(86,14),(178,69),(284,45),
324:(218,23),(195,46),(147,118),(31,83),(310,136),(16,145),(95,62),(28,73),(336,12),(245,110),(135,118),(181,128),(68,126),(270,13),(291,114),(93,2),(219,54),(86,14),(178,69),(284,45),
325:(218,23),(195,46),(147,118),(31,83),(310,136),(16,145),(95,62),(28,73),(336,12),(246,110),(135,118),(181,128),(68,126),(270,13),(291,114),(93,2),(219,54),(86,14),(178,69),(284,45),
326:(218,23),(195,46),(147,118),(31,83),(310,136),(16,145),(95,62),(28,73),(336,12),(247,110),(135,118),(181,128),(68,126),(270,13),(291,114),(93,2),(219,54),(86,14),(178,69),(284,45),
327:(218,23),(195,46),(147,118),(31,83),(310,136),(16,145),(95,62),(28,73),(336,12),(248,110),(135,118),(181,128),(68,126),(270,13),(291,114),(93,2),(219,54),(86,14),(178,69),(284,45),
328:(218,23),(195,46),(147,118),(31,83),(310,136),(16,145),(95,62),(28,73),(336,12),(249,110),(135,118),(181,128),(68,126),(270,13),(291,114),(93,2),(219,54),(86,14),(178,69),(284,45),
329:(218,23),(195,46),(147,118),(31,83),(310,136),(16,145),(95,62),(28,73),(336,12),(250,110),(135,118),(181,128),(68,126),(270,13),(291,114),(93,2),(219,54),(86,14),(178,69),(284,45),
330:(218,23),(195,46),(147,118),(31,83),(310,136),(16,145),(95,62),(28,73),(336,12),(251,110),(135,118),(181,128),(68,126),(270,13),(291,114),(93,2),(219,54),(86,14),(178,69),(284,45),
331:(218,23),(195,46),(147,118),(31,83),(310,136),(16,145),(95,62),(28,73),(336,12),(252,110),(135,118),(181,128),(68,126),(270,13),(291,114),(93,2),(219,54),(86,14),(178,69),(284,45),
332:(218,23),(195,46),(147,118),(31,83),(310,136),(16,145),(95,62),(28,73),(336,12),(253,110),(135,118),(181,128),(68,126),(270,13),(291,114),(93,2),(219,54),(86,14),(178,69),(284,45),
333:(218,23),(195,46),(147,118),(31,83),(310,136),(16,145),(95,62),(28,73),(336,12),(253,111),(135,118),(181,128),(68,126),(270,13),(291,114),(93,2),(219,54),(86,14),(178,69),(284,45),
334:(218,23),(195,46),(147,118),(31,83),(310,136),(16,145),(95,62),(28,73),(336,12),(253,112),(135,118),(181,128),(68,126),(270,13),(291,114),(93,2),(219,54),(86,14),(178,69),(284,45),
335:(218,23),(195,46),(147,118),(31,83),(310,136),(16,145),(95,62),(28,73),(336,12),(254,112),(135,118),(181,128),(68,126),(270,13),(291,114),(93,2),(219,54),(86,14),(178,69),(284,45),
336:(218,23),(195,46),(147,118),(31,83),(310,136),(16,145),(95,62),(28,73),(336,12),(254,113),(135,118),(181,128),(68,126),(270,13),(291,114),(93,2),(219,54),(86,14),(178,69),(284,45),
337:(218,23),(195,46),(147,118),(31,83),(310,136),(16,145),(95,62),(28,73),(336,12),(255,113),(135,118),(181,128),(68,126),(270,13),(291,114),(93,2),(219,54),(86,14),(178,69),(284,45),
338:(218,23),(195,46),(147,118),(31,83),(310,136),(16,145),(95,62),(28,73),(336,12),(255,114),(135,118),(181,128),(68,126),(270,13),(291,114),(93,2),(219,54),(86,14),(178,69),(284,45),
339:(218,23),(195,46),(147,118),(31,83),(310,136),(16,145),(95,62),(28,73),(336,12),(256,114),(135,118),(181,128),(68,126),(270,13),(291,114),(93,2),(219,54),(86,14),(178,69),(284,45),
340:(218,23),(195,46),(147,118),(31,83),(310,136),(16,145),(95,62),(28,73),(336,12),(257,114),(135,118),(181,128),(68,126),(270,13),(291,114),(93,2),(219,54),(86,14),(178,69),(284,45),
341:(218,23),(195,46),(147,118),(31,83),(310,136),(16,145),(95,62),(28,73),(336,12),(258,114),(135,118),(181,128),(68,126),(270,13),(291,114),(93,2),(219,54),(86,14),(178,69),(284,45),
342:(218,23),(195,46),(147,118),(31,83),(310,136),(16,145),(95,62),(28,73),(336,12),(259,114),(135,118),(181,128),(68,126),(270,13),(291,114),(93,2),(219,54),(86,14),(178,69),(284,45),
343:(218,23),(195,46),(147,118),(31,83),(310,136),(16,145),(95,62),(28,73),(336,12),(260,114),(135,118),(181,128),(68,126),(270,13),(291,114),(93,2),(219,54),(86,14),(178,69),(284,45),
344:(218,23),(195,46),(147,118),(31,83),(310,136),(16,145),(95,62),(28,73),(336,12),(261,114),(135,118),(181,128),(68,126),(270,13),(291,114),(93,2),(219,54),(86,14),(178,69),(284,45),
345:(218,23),(195,46),(147,118),(31,83),(310,136),(16,145),(95,62),(28,73),(336,12),(262,114),(135,118),(181,128),(68,126),(270,13),(291,114),(93,2),(219,54),(86,14),(178,69),(284,45),
346:(218,23),(195,46),(147,118),(31,83),(310,136),(16,145),(95,62),(28,73),(336,12),(263,114),(135,118),(181,128),(68,126),(270,13),(291,114),(93,2),(219,54),(86,14),(178,69),(284,45),
347:(218,23),(195,46),(147,118),(31,83),(310,136),(16,145),(95,62),(28,73),(336,12),(264,114),(135,118),(181,128),(68,126),(270,13),(291,114),(93,2),(219,54),(86,14),(178,69),(284,45),
348:(218,23),(195,46),(147,118),(31,83),(310,136),(16,145),(95,62),(28,73),(336,12),(265,114),(135,118),(181,128),(68,126),(270,13),(291,114),(93,2),(219,54),(86,14),(178,69),(284,45),
349:(218,23),(195,46),(147,118),(31,83),(310,136),(16,145),(95,62),(28,73),(336,12),(265,115),(135,118),(181,128),(68,126),(270,13),(291,114),(93,2),(219,54),(86,14),(178,69),(284,45),
350:(218,23),(195,46),(147,118),(31,83),(310,136),(16,145),(95,62),(28,73),(336,12),(266,115),(135,118),(181,128),(68,126),(270,13),(291,114),(93,2),(219,54),(86,14),(178,69),(284,45),
351:(218,23),(195,46),(147,118),(31,83),(310,136),(16,145),(95,62),(28,73),(336,12),(266,116),(135,118),(181,128),(68,126),(270,13),(291,114),(93,2),(219,54),(86,14),(178,69),(284,45),
352:(218,23),(195,46),(147,118),(31,83),(310,136),(16,145),(95,62),(28,73),(336,12),(266,117),(135,118),(181,128),(68,126),(270,13),(291,114),(93,2),(219,54),(86,14),(178,69),(284,45),
353:(218,23),(195,46),(147,118),(31,83),(310,136),(16,145),(95,62),(28,73),(336,12),(266,118),(135,118),(181,128),(68,126),(270,13),(291,114),(93,2),(219,54),(86,14),(178,69),(284,45),
354:(218,23),(195,46),(147,118),(31,83),(310,136),(16,145),(95,62),(28,73),(336,12),(266,119),(135,118),(181,128),(68,126),(270,13),(291,114),(93,2),(219,54),(86,14),(178,69),(284,45),
355:(218,23),(195,46),(147,118),(31,83),(310,136),(16,145),(95,62),(28,73),(336,12),(266,120),(135,118),(181,128),(68,126),(270,13),(291,114),(93,2),(219,54),(86,14),(178,69),(284,45),
356:(218,23),(195,46),(147,118),(31,83),(310,136),(16,145),(95,62),(28,73),(336,12),(266,121),(135,118),(181,128),(68,126),(270,13),(291,114),(93,2),(219,54),(86,14),(178,69),(284,45),
357:(218,23),(195,46),(147,118),(31,83),(310,136),(16,145),(95,62),(28,73),(336,12),(266,122),(135,118),(181,128),(68,126),(270,13),(291,114),(93,2),(219,54),(86,14),(178,69),(284,45),
358:(218,23),(195,46),(147,118),(31,83),(310,136),(16,145),(95,62),(28,73),(336,12),(267,122),(135,118),(181,128),(68,126),(270,13),(291,114),(93,2),(219,54),(86,14),(178,69),(284,45),
359:(218,23),(195,46),(147,118),(31,83),(310,136),(16,145),(95,62),(28,73),(336,12),(268,122),(135,118),(181,128),(68,126),(270,13),(291,114),(93,2),(219,54),(86,14),(178,69),(284,45),
360:(218,23),(195,46),(147,118),(31,83),(310,136),(16,145),(95,62),(28,73),(336,12),(269,122),(135,118),(181,128),(68,126),(270,13),(291,114),(93,2),(219,54),(86,14),(178,69),(284,45),
361:(218,23),(195,46),(147,118),(31,83),(310,136),(16,145),(95,62),(28,73),(336,12),(270,122),(135,118),(181,128),(68,126),(270,13),(291,114),(93,2),(219,54),(86,14),(178,69),(284,45),
362:(218,23),(195,46),(147,118),(31,83),(310,136),(16,145),(95,62),(28,73),(336,12),(271,122),(135,118),(181,128),(68,126),(270,13),(291,114),(93,2),(219,54),(86,14),(178,69),(284,45),
363:(218,23),(195,46),(147,118),(31,83),(310,136),(16,145),(95,62),(28,73),(336,12),(272,122),(135,118),(181,128),(68,126),(270,13),(291,114),(93,2),(219,54),(86,14),(178,69),(284,45),
364:(218,23),(195,46),(147,118),(31,83),(310,136),(16,145),(95,62),(28,73),(336,12),(273,122),(135,118),(181,128),(68,126),(270,13),(291,114),(93,2),(219,54),(86,14),(178,69),(284,45),
365:(218,23),(195,46),(147,118),(31,83),(310,136),(16,145),(95,62),(28,73),(336,12),(274,122),(135,118),(181,128),(68,126),(270,13),(291,114),(93,2),(219,54),(86,14),(178,69),(284,45),
366:(218,23),(195,46),(147,118),(31,83),(310,136),(16,145),(95,62),(28,73),(336,12),(275,122),(135,118),(181,128),(68,126),(270,13),(291,114),(93,2),(219,54),(86,14),(178,69),(284,45),
367:(218,23),(195,46),(147,118),(31,83),(310,136),(16,145),(95,62),(28,73),(336,12),(276,122),(135,118),(181,128),(68,126),(270,13),(291,114),(93,2),(219,54),(86,14),(178,69),(284,45),
368:(218,23),(195,46),(147,118),(31,83),(310,136),(16,145),(95,62),(28,73),(336,12),(277,122),(135,118),(181,128),(68,126),(270,13),(291,114),(93,2),(219,54),(86,14),(178,69),(284,45),
369:(218,23),(195,46),(147,118),(31,83),(310,136),(16,145),(95,62),(28,73),(336,12),(278,122),(135,118),(181,128),(68,126),(270,13),(291,114),(93,2),(219,54),(86,14),(178,69),(284,45),
370:(218,23),(195,46),(147,118),(31,83),(310,136),(16,145),(95,62),(28,73),(336,12),(279,122),(135,118),(181,128),(68,126),(270,13),(291,114),(93,2),(219,54),(86,14),(178,69),(284,45),
371:(218,23),(195,46),(147,118),(31,83),(310,136),(16,145),(95,62),(28,73),(336,12),(280,122),(135,118),(181,128),(68,126),(270,13),(291,114),(93,2),(219,54),(86,14),(178,69),(284,45),
372:(218,23),(195,46),(147,118),(31,83),(310,136),(16,145),(95,62),(28,73),(336,12),(281,122),(135,118),(181,128),(68,126),(270,13),(291,114),(93,2),(219,54),(86,14),(178,69),(284,45),
373:(218,23),(195,46),(147,118),(31,83),(310,136),(16,145),(95,62),(28,73),(336,12),(282,122),(135,118),(181,128),(68,126),(270,13),(291,114),(93,2),(219,54),(86,14),(178,69),(284,45),
374:(218,23),(195,46),(147,118),(31,83),(310,136),(16,145),(95,62),(28,73),(336,12),(283,122),(135,118),(181,128),(68,126),(270,13),(291,114),(93,2),(219,54),(86,14),(178,69),(284,45),
375:(218,23),(195,46),(147,118),(31,83),(310,136),(16,145),(95,62),(28,73),(336,12),(284,122),(135,118),(181,128),(68,126),(270,13),(291,114),(93,2),(219,54),(86,14),(178,69),(284,45),
376:(218,23),(195,46),(147,118),(31,83),(310,136),(16,145),(95,62),(28,73),(336,12),(285,122),(135,118),(181,128),(68,126),(270,13),(291,114),(93,2),(219,54),(86,14),(178,69),(284,45),
377:(218,23),(195,46),(147,118),(31,83),(310,136),(16,145),(95,62),(28,73),(336,12),(286,122),(135,118),(181,128),(68,126),(270,13),(291,114),(93,2),(219,54),(86,14),(178,69),(284,45),
378:(218,23),(195,46),(147,118),(31,83),(310,136),(16,145),(95,62),(28,73),(336,12),(287,122),(135,118),(181,128),(68,126),(270,13),(291,114),(93,2),(219,54),(86,14),(178,69),(284,45),
379:(218,23),(195,46),(147,118),(31,83),(310,136),(16,145),(95,62),(28,73),(336,12),(288,122),(135,118),(181,128),(68,126),(270,13),(291,114),(93,2),(219,54),(86,14),(178,69),(284,45),
380:(218,23),(195,46),(147,118),(31,83),(310,136),(16,145),(95,62),(28,73),(336,12),(289,122),(135,118),(181,128),(68,126),(270,13),(291,114),(93,2),(219,54),(86,14),(178,69),(284,45),
381:(218,23),(195,46),(147,118),(31,83),(310,136),(16,145),(95,62),(28,73),(336,12),(290,122),(135,118),(181,128),(68,126),(270,13),(291,114),(93,2),(219,54),(86,14),(178,69),(284,45),
382:(218,23),(195,46),(147,118),(31,83),(310,136),(16,145),(95,62),(28,73),(336,12),(290,123),(135,118),(181,128),(68,126),(270,13),(291,114),(93,2),(219,54),(86,14),(178,69),(284,45),
383:(218,23),(195,46),(147,118),(31,83),(310,136),(16,145),(95,62),(28,73),(336,12),(290,124),(135,118),(181,128),(68,126),(270,13),(291,114),(93,2),(219,54),(86,14),(178,69),(284,45),
384:(218,23),(195,46),(147,118),(31,83),(310,136),(16,145),(95,62),(28,73),(336,12),(290,125),(135,118),(181,128),(68,126),(270,13),(291,114),(93,2),(219,54),(86,14),(178,69),(284,45),
385:(218,23),(195,46),(147,118),(31,83),(310,136),(16,145),(95,62),(28,73),(336,12),(290,126),(135,118),(181,128),(68,126),(270,13),(291,114),(93,2),(219,54),(86,14),(178,69),(284,45),
386:(218,23),(195,46),(147,118),(31,83),(310,136),(16,145),(95,62),(28,73),(336,12),(291,126),(135,118),(181,128),(68,126),(270,13),(291,114),(93,2),(219,54),(86,14),(178,69),(284,45),
387:(218,23),(195,46),(147,118),(31,83),(310,136),(16,145),(95,62),(28,73),(336,12),(291,127),(135,118),(181,128),(68,126),(270,13),(291,114),(93,2),(219,54),(86,14),(178,69),(284,45),
388:(218,23),(195,46),(147,118),(31,83),(310,136),(16,145),(95,62),(28,73),(336,12),(292,127),(135,118),(181,128),(68,126),(270,13),(291,114),(93,2),(219,54),(86,14),(178,69),(284,45),
389:(218,23),(195,46),(147,118),(31,83),(310,136),(16,145),(95,62),(28,73),(336,12),(292,128),(135,118),(181,128),(68,126),(270,13),(291,114),(93,2),(219,54),(86,14),(178,69),(284,45),
390:(218,23),(195,46),(147,118),(31,83),(310,136),(16,145),(95,62),(28,73),(336,12),(293,128),(135,118),(181,128),(68,126),(270,13),(291,114),(93,2),(219,54),(86,14),(178,69),(284,45),
391:(218,23),(195,46),(147,118),(31,83),(310,136),(16,145),(95,62),(28,73),(336,12),(294,128),(135,118),(181,128),(68,126),(270,13),(291,114),(93,2),(219,54),(86,14),(178,69),(284,45),
392:(218,23),(195,46),(147,118),(31,83),(310,136),(16,145),(95,62),(28,73),(336,12),(294,129),(135,118),(181,128),(68,126),(270,13),(291,114),(93,2),(219,54),(86,14),(178,69),(284,45),
393:(218,23),(195,46),(147,118),(31,83),(310,136),(16,145),(95,62),(28,73),(336,12),(295,129),(135,118),(181,128),(68,126),(270,13),(291,114),(93,2),(219,54),(86,14),(178,69),(284,45),
394:(218,23),(195,46),(147,118),(31,83),(310,136),(16,145),(95,62),(28,73),(336,12),(295,130),(135,118),(181,128),(68,126),(270,13),(291,114),(93,2),(219,54),(86,14),(178,69),(284,45),
395:(218,23),(195,46),(147,118),(31,83),(310,136),(16,145),(95,62),(28,73),(336,12),(295,131),(135,118),(181,128),(68,126),(270,13),(291,114),(93,2),(219,54),(86,14),(178,69),(284,45),
396:(218,23),(195,46),(147,118),(31,83),(310,136),(16,145),(95,62),(28,73),(336,12),(296,131),(135,118),(181,128),(68,126),(270,13),(291,114),(93,2),(219,54),(86,14),(178,69),(284,45),
397:(218,23),(195,46),(147,118),(31,83),(310,136),(16,145),(95,62),(28,73),(336,12),(297,131),(135,118),(181,128),(68,126),(270,13),(291,114),(93,2),(219,54),(86,14),(178,69),(284,45),
398:(218,23),(195,46),(147,118),(31,83),(310,136),(16,145),(95,62),(28,73),(336,12),(298,131),(135,118),(181,128),(68,126),(270,13),(291,114),(93,2),(219,54),(86,14),(178,69),(284,45),
399:(218,23),(195,46),(147,118),(31,83),(310,136),(16,145),(95,62),(28,73),(336,12),(298,132),(135,118),(181,128),(68,126),(270,13),(291,114),(93,2),(219,54),(86,14),(178,69),(284,45),
400:(218,23),(195,46),(147,118),(31,83),(310,136),(16,145),(95,62),(28,73),(336,12),(298,133),(135,118),(181,128),(68,126),(270,13),(291,114),(93,2),(219,54),(86,14),(178,69),(284,45),
401:(218,23),(195,46),(147,118),(31,83),(310,136),(16,145),(95,62),(28,73),(336,12),(298,134),(135,118),(181,128),(68,126),(270,13),(291,114),(93,2),(219,54),(86,14),(178,69),(284,45),
402:(218,23),(195,46),(147,118),(31,83),(310,136),(16,145),(95,62),(28,73),(336,12),(299,134),(135,118),(181,128),(68,126),(270,13),(291,114),(93,2),(219,54),(86,14),(178,69),(284,45),
403:(218,23),(195,46),(147,118),(31,83),(310,136),(16,145),(95,62),(28,73),(336,12),(300,134),(135,118),(181,128),(68,126),(270,13),(291,114),(93,2),(219,54),(86,14),(178,69),(284,45),
404:(218,23),(195,46),(147,118),(31,83),(310,136),(16,145),(95,62),(28,73),(336,12),(301,134),(135,118),(181,128),(68,126),(270,13),(291,114),(93,2),(219,54),(86,14),(178,69),(284,45),
405:(218,23),(195,46),(147,118),(31,83),(310,136),(16,145),(95,62),(28,73),(336,12),(301,135),(135,118),(181,128),(68,126),(270,13),(291,114),(93,2),(219,54),(86,14),(178,69),(284,45),
406:(218,23),(195,46),(147,118),(31,83),(310,136),(16,145),(95,62),(28,73),(336,12),(302,135),(135,118),(181,128),(68,126),(270,13),(291,114),(93,2),(219,54),(86,14),(178,69),(284,45),
407:(218,23),(195,46),(147,118),(31,83),(310,136),(16,145),(95,62),(28,73),(336,12),(302,136),(135,118),(181,128),(68,126),(270,13),(291,114),(93,2),(219,54),(86,14),(178,69),(284,45),
408:(218,23),(195,46),(147,118),(31,83),(310,136),(16,145),(95,62),(28,73),(336,12),(303,136),(135,118),(181,128),(68,126),(270,13),(291,114),(93,2),(219,54),(86,14),(178,69),(284,45),
409:(218,23),(195,46),(147,118),(31,83),(310,136),(16,145),(95,62),(28,73),(336,12),(304,136),(135,118),(181,128),(68,126),(270,13),(291,114),(93,2),(219,54),(86,14),(178,69),(284,45),
410:(218,23),(195,46),(147,118),(31,83),(310,136),(16,145),(95,62),(28,73),(336,12),(304,137),(135,118),(181,128),(68,126),(270,13),(291,114),(93,2),(219,54),(86,14),(178,69),(284,45),
411:(218,23),(195,46),(147,118),(31,83),(310,136),(16,145),(95,62),(28,73),(336,12),(304,138),(135,118),(181,128),(68,126),(270,13),(291,114),(93,2),(219,54),(86,14),(178,69),(284,45),
412:(218,23),(195,46),(147,118),(31,83),(310,136),(16,145),(95,62),(28,73),(336,12),(304,139),(135,118),(181,128),(68,126),(270,13),(291,114),(93,2),(219,54),(86,14),(178,69),(284,45),
413:(218,23),(195,46),(147,118),(31,83),(310,136),(16,145),(95,62),(28,73),(336,12),(304,140),(135,118),(181,128),(68,126),(270,13),(291,114),(93,2),(219,54),(86,14),(178,69),(284,45),
414:(218,23),(195,46),(147,118),(31,83),(310,136),(16,145),(95,62),(28,73),(336,12),(304,141),(135,118),(181,128),(68,126),(270,13),(291,114),(93,2),(219,54),(86,14),(178,69),(284,45),
415:(218,23),(195,46),(147,118),(31,83),(310,136),(16,145),(95,62),(28,73),(336,12),(304,142),(135,118),(181,128),(68,126),(270,13),(291,114),(93,2),(219,54),(86,14),(178,69),(284,45),
416:(218,23),(195,46),(147,118),(31,83),(310,136),(16,145),(95,62),(28,73),(336,12),(304,143),(135,118),(181,128),(68,126),(270,13),(291,114),(93,2),(219,54),(86,14),(178,69),(284,45),
417:(218,23),(195,46),(147,118),(31,83),(310,136),(16,145),(95,62),(28,73),(336,12),(304,144),(135,118),(181,128),(68,126),(270,13),(291,114),(93,2),(219,54),(86,14),(178,69),(284,45),
418:(218,23),(195,46),(147,118),(31,83),(310,136),(16,145),(95,62),(28,73),(336,12),(304,145),(135,118),(181,128),(68,126),(270,13),(291,114),(93,2),(219,54),(86,14),(178,69),(284,45),
419:(218,23),(195,46),(147,118),(31,83),(310,136),(16,145),(95,62),(28,73),(336,12),(304,146),(135,118),(181,128),(68,126),(270,13),(291,114),(93,2),(219,54),(86,14),(178,69),(284,45),
420:(218,23),(195,46),(147,118),(31,83),(310,136),(16,145),(95,62),(28,73),(336,12),(304,147),(135,118),(181,128),(68,126),(270,13),(291,114),(93,2),(219,54),(86,14),(178,69),(284,45),
421:(218,23),(195,46),(147,118),(31,83),(310,136),(16,145),(95,62),(28,73),(336,12),(304,148),(135,118),(181,128),(68,126),(270,13),(291,114),(93,2),(219,54),(86,14),(178,69),(284,45),
422:(218,23),(195,46),(147,118),(31,83),(310,136),(16,145),(95,62),(28,73),(336,12),(304,149),(135,118),(181,128),(68,126),(270,13),(291,114),(93,2),(219,54),(86,14),(178,69),(284,45),
423:(218,23),(195,46),(147,118),(31,83),(310,136),(16,145),(95,62),(28,73),(336,12),(304,150),(135,118),(181,128),(68,126),(270,13),(291,114),(93,2),(219,54),(86,14),(178,69),(284,45),
424:(218,23),(195,46),(147,118),(31,83),(310,136),(16,145),(95,62),(28,73),(336,12),(304,151),(135,118),(181,128),(68,126),(270,13),(291,114),(93,2),(219,54),(86,14),(178,69),(284,45),
425:(218,23),(195,46),(147,118),(31,83),(310,136),(16,145),(95,62),(28,73),(336,12),(304,152),(135,118),(181,128),(68,126),(270,13),(291,114),(93,2),(219,54),(86,14),(178,69),(284,45),
426:(218,23),(195,46),(147,118),(31,83),(310,136),(16,145),(95,62),(28,73),(336,12),(304,153),(135,118),(181,128),(68,126),(270,13),(291,114),(93,2),(219,54),(86,14),(178,69),(284,45),
