instance=temp_instance.txt
agents=30
map_file=den520d.map
solver=PIBT
solved=1
soc=4792
lb_soc=4748
makespan=329
lb_makespan=329
comp_time=29
preprocessing_comp_time=18
starts=(32,184),(48,78),(170,69),(63,163),(244,35),(142,51),(98,87),(224,120),(178,141),(179,105),(215,101),(202,189),(233,101),(185,42),(235,48),(136,27),(74,49),(148,105),(82,202),(146,104),(230,207),(233,55),(180,84),(162,33),(109,168),(241,58),(167,51),(82,96),(150,22),(75,202),
goals=(116,155),(188,71),(231,128),(241,114),(179,80),(201,170),(198,34),(137,6),(146,162),(155,47),(204,84),(156,154),(179,99),(101,46),(83,48),(88,182),(240,48),(152,151),(71,59),(182,176),(45,63),(236,15),(190,41),(222,84),(92,34),(95,204),(207,205),(69,212),(62,96),(62,182),
solution=
0:(32,184),(48,78),(170,69),(63,163),(244,35),(142,51),(98,87),(224,120),(178,141),(179,105),(215,101),(202,189),(233,101),(185,42),(235,48),(136,27),(74,49),(148,105),(82,202),(146,104),(230,207),(233,55),(180,84),(162,33),(109,168),(241,58),(167,51),(82,96),(150,22),(75,202),
1:(32,183),(49,78),(171,69),(63,162),(244,36),(141,51),(99,87),(223,120),(177,141),(179,104),(215,100),(201,189),(232,101),(184,42),(235,49),(136,28),(74,48),(149,105),(83,202),(147,104),(229,207),(233,54),(181,84),(163,33),(109,167),(240,58),(167,52),(83,96),(151,22),(74,202),
2:(33,183),(50,78),(172,69),(64,162),(244,37),(140,51),(100,87),(223,119),(177,142),(179,103),(214,100),(200,189),(232,100),(183,42),(235,50),(136,29),(75,48),(149,106),(84,202),(147,105),(229,206),(234,54),(181,83),(164,33),(109,166),(240,59),(167,53),(83,97),(152,22),(73,202),
3:(34,183),(51,78),(172,70),(64,161),(244,38),(139,51),(101,87),(222,119),(176,142),(178,103),(214,99),(199,189),(232,99),(182,42),(234,50),(137,29),(76,48),(149,107),(84,201),(147,106),(228,206),(235,54),(182,83),(165,33),(110,166),(239,59),(168,53),(84,97),(152,23),(72,202),
4:(35,183),(51,79),(173,70),(64,160),(243,38),(138,51),(102,87),(221,119),(176,143),(177,103),(213,99),(199,188),(231,99),(182,43),(233,50),(138,29),(77,48),(150,107),(85,201),(148,106),(227,206),(236,54),(182,82),(166,33),(111,166),(238,59),(168,54),(85,97),(153,23),(71,202),
5:(36,183),(51,80),(174,70),(65,160),(242,38),(137,51),(102,88),(221,118),(175,143),(177,102),(213,98),(199,187),(230,99),(182,44),(233,51),(139,29),(78,48),(150,108),(85,200),(148,107),(226,206),(236,53),(182,81),(166,34),(112,166),(238,60),(168,55),(85,98),(154,23),(71,201),
6:(37,183),(52,80),(174,71),(65,159),(241,38),(137,50),(102,89),(220,118),(174,143),(177,101),(213,97),(199,186),(230,98),(181,44),(233,52),(140,29),(78,47),(150,109),(85,199),(148,108),(226,205),(236,52),(183,81),(166,35),(113,166),(238,61),(168,56),(86,98),(154,24),(70,201),
7:(38,183),(52,81),(175,71),(65,158),(240,38),(137,49),(102,90),(220,117),(173,143),(177,100),(213,96),(198,186),(229,98),(181,45),(233,53),(141,29),(79,47),(150,110),(85,198),(148,109),(225,205),(236,51),(183,80),(167,35),(113,165),(237,61),(169,56),(86,99),(155,24),(69,201),
8:(39,183),(53,81),(175,72),(66,158),(240,39),(137,48),(102,91),(220,116),(173,144),(176,100),(213,95),(198,185),(228,98),(181,46),(233,54),(142,29),(80,47),(151,110),(85,197),(148,110),(224,205),(236,50),(183,79),(167,36),(114,165),(237,62),(169,57),(86,100),(155,25),(69,200),
9:(40,183),(53,82),(176,72),(66,157),(240,40),(137,47),(102,92),(219,116),(173,145),(176,99),(213,94),(198,184),(228,97),(180,46),(233,55),(143,29),(81,47),(152,110),(85,196),(148,111),(224,204),(236,49),(184,79),(167,37),(114,164),(237,63),(169,58),(86,101),(155,26),(69,199),
10:(41,183),(53,83),(176,73),(67,157),(240,41),(138,47),(103,92),(219,115),(173,146),(175,99),(213,93),(198,183),(228,96),(180,47),(233,56),(144,29),(82,47),(153,110),(85,195),(149,111),(224,203),(236,48),(184,78),(168,37),(114,163),(236,63),(169,59),(87,101),(156,26),(69,198),
11:(41,182),(53,84),(176,74),(68,157),(240,42),(139,47),(103,93),(219,114),(173,147),(175,98),(213,92),(198,182),(227,96),(180,48),(232,56),(145,29),(83,47),(153,111),(85,194),(149,112),(224,202),(236,47),(185,78),(168,38),(115,163),(236,64),(169,60),(87,102),(156,27),(68,198),
12:(41,181),(53,85),(177,74),(68,156),(239,42),(140,47),(104,93),(219,113),(173,148),(174,98),(213,91),(198,181),(227,95),(180,49),(231,56),(146,29),(84,47),(153,112),(86,194),(150,112),(223,202),(236,46),(185,77),(168,39),(115,162),(235,64),(170,60),(87,103),(156,28),(68,197),
13:(41,180),(53,86),(177,75),(68,155),(239,43),(141,47),(105,93),(219,112),(172,148),(174,97),(212,91),(197,181),(226,95),(180,50),(230,56),(147,29),(85,47),(154,112),(87,194),(151,112),(222,202),(236,45),(185,76),(168,40),(115,161),(234,64),(171,60),(87,104),(157,28),(68,196),
14:(41,179),(54,86),(178,75),(68,154),(239,44),(142,47),(106,93),(219,111),(172,149),(173,97),(211,91),(196,181),(226,94),(179,50),(229,56),(148,29),(86,47),(154,113),(87,193),(151,113),(221,202),(236,44),(185,75),(168,41),(115,160),(234,65),(172,60),(88,104),(158,28),(68,195),
15:(41,178),(54,87),(179,75),(68,153),(238,44),(143,47),(107,93),(218,111),(172,150),(173,96),(210,91),(195,181),(225,94),(179,51),(228,56),(149,29),(87,47),(155,113),(88,193),(152,113),(220,202),(236,43),(185,74),(168,42),(116,160),(234,66),(173,60),(88,105),(159,28),(67,195),
16:(41,177),(54,88),(179,76),(69,153),(238,45),(143,48),(108,93),(217,111),(172,151),(172,96),(209,91),(195,180),(225,93),(179,52),(227,56),(150,29),(88,47),(155,114),(88,192),(152,114),(219,202),(236,42),(185,73),(169,42),(117,160),(233,66),(173,61),(89,105),(160,28),(67,194),
17:(41,176),(55,88),(180,76),(70,153),(237,45),(144,48),(109,93),(217,110),(171,151),(171,96),(208,91),(194,180),(224,93),(178,52),(226,56),(151,29),(89,47),(155,115),(88,191),(152,115),(218,202),(236,41),(185,72),(169,43),(118,160),(232,66),(173,62),(89,106),(161,28),(67,193),
18:(42,176),(55,89),(181,76),(71,153),(237,46),(145,48),(110,93),(217,109),(170,151),(171,95),(207,91),(194,179),(224,92),(178,53),(225,56),(151,30),(90,47),(156,115),(88,190),(152,116),(217,202),(236,40),(185,71),(170,43),(119,160),(231,66),(173,63),(89,107),(161,29),(67,192),
19:(42,175),(55,90),(182,76),(72,153),(237,47),(146,48),(111,93),(217,108),(169,151),(170,95),(207,90),(194,178),(224,91),(178,54),(224,56),(152,30),(91,47),(156,116),(88,189),(153,116),(217,201),(236,39),(185,70),(171,43),(119,159),(230,66),(173,64),(89,108),(162,29),(67,191),
20:(43,175),(56,90),(182,77),(73,153),(236,47),(147,48),(112,93),(217,107),(169,152),(169,95),(207,89),(193,178),(224,90),(178,55),(223,56),(153,30),(92,47),(157,116),(89,189),(153,117),(216,201),(236,38),(185,69),(172,43),(119,158),(230,67),(174,64),(90,108),(163,29),(67,190),
21:(43,174),(56,91),(183,77),(74,153),(235,47),(148,48),(113,93),(217,106),(168,152),(168,95),(206,89),(192,178),(223,90),(178,56),(222,56),(154,30),(93,47),(157,117),(90,189),(153,118),(216,200),(236,37),(185,68),(173,43),(119,157),(229,67),(174,65),(91,108),(163,30),(67,189),
22:(43,173),(57,91),(183,78),(75,153),(235,48),(149,48),(114,93),(216,106),(168,153),(167,95),(205,89),(192,177),(222,90),(177,56),(221,56),(155,30),(94,47),(158,117),(90,188),(153,119),(215,200),(236,36),(185,67),(174,43),(120,157),(229,68),(175,65),(92,108),(164,30),(67,188),
23:(43,172),(57,92),(184,78),(76,153),(234,48),(150,48),(115,93),(216,105),(167,153),(166,95),(204,89),(192,176),(221,90),(176,56),(220,56),(156,30),(95,47),(158,118),(90,187),(154,119),(215,199),(236,35),(185,66),(175,43),(121,157),(228,68),(175,66),(93,108),(165,30),(67,187),
24:(44,172),(57,93),(185,78),(77,153),(233,48),(151,48),(116,93),(216,104),(167,154),(166,94),(204,88),(192,175),(221,89),(175,56),(219,56),(157,30),(96,47),(159,118),(90,186),(155,119),(215,198),(236,34),(185,65),(175,44),(121,156),(227,68),(175,67),(94,108),(165,31),(66,187),
25:(44,171),(58,93),(185,79),(78,153),(233,49),(152,48),(117,93),(215,104),(166,154),(166,93),(204,87),(192,174),(220,89),(174,56),(218,56),(157,31),(97,47),(159,119),(91,186),(156,119),(215,197),(236,33),(185,64),(176,44),(121,155),(227,69),(175,68),(95,108),(165,32),(66,186),
26:(44,170),(59,93),(185,80),(79,153),(233,50),(153,48),(118,93),(214,104),(165,154),(166,92),(204,86),(191,174),(219,89),(173,56),(217,56),(157,32),(98,47),(159,120),(91,185),(157,119),(214,197),(236,32),(185,63),(177,44),(122,155),(226,69),(176,68),(96,108),(165,33),(65,186),
27:(44,169),(60,93),(186,80),(80,153),(233,51),(153,49),(119,93),(213,104),(164,154),(166,91),(204,85),(191,173),(218,89),(172,56),(216,56),(157,33),(99,47),(159,121),(91,184),(157,120),(214,196),(236,31),(185,62),(178,44),(123,155),(225,69),(177,68),(97,108),(166,33),(65,185),
28:(45,169),(61,93),(186,81),(81,153),(233,52),(153,50),(120,93),(213,103),(163,154),(166,90),(204,84),(191,172),(218,88),(171,56),(215,56),(157,34),(100,47),(159,122),(92,184),(157,121),(214,195),(236,30),(185,61),(179,44),(124,155),(225,70),(178,68),(98,108),(167,33),(64,185),
29:(45,168),(62,93),(186,82),(82,153),(233,53),(154,50),(121,93),(213,102),(162,154),(165,90),(204,84),(191,171),(218,87),(170,56),(214,56),(158,34),(101,47),(159,123),(93,184),(158,121),(213,195),(236,29),(185,60),(180,44),(125,155),(225,71),(178,69),(99,108),(167,34),(64,184),
30:(45,167),(63,93),(186,83),(83,153),(233,54),(155,50),(122,93),(213,101),(162,155),(165,89),(204,84),(190,171),(218,86),(170,55),(213,56),(158,35),(102,47),(159,124),(94,184),(159,121),(213,194),(236,28),(185,59),(180,45),(125,154),(224,71),(179,69),(100,108),(167,35),(64,183),
31:(46,167),(64,93),(186,84),(84,153),(233,55),(155,51),(123,93),(213,100),(162,156),(165,88),(204,84),(190,170),(217,86),(170,54),(212,56),(159,35),(103,47),(159,125),(94,183),(160,121),(213,193),(236,27),(185,58),(180,46),(126,154),(223,71),(179,70),(101,108),(168,35),(63,183),
32:(47,167),(65,93),(187,84),(85,153),(233,56),(155,52),(124,93),(213,99),(161,156),(165,87),(204,84),(190,169),(216,86),(170,53),(211,56),(160,35),(104,47),(159,126),(94,182),(160,122),(213,192),(236,26),(185,57),(181,46),(127,154),(222,71),(179,71),(102,108),(169,35),(63,182),
33:(48,167),(66,93),(188,84),(86,153),(233,57),(156,52),(125,93),(213,98),(160,156),(165,86),(204,84),(190,168),(215,86),(169,53),(210,56),(161,35),(105,47),(159,127),(94,181),(160,123),(212,192),(236,25),(185,56),(182,46),(128,154),(222,72),(179,72),(103,108),(169,36),(62,182),
34:(48,166),(67,93),(189,84),(87,153),(232,57),(157,52),(126,93),(213,97),(160,157),(165,85),(204,84),(190,167),(214,86),(169,52),(209,56),(162,35),(106,47),(159,128),(94,180),(160,124),(212,191),(236,24),(185,55),(182,47),(129,154),(222,73),(179,73),(104,108),(170,36),(62,182),
35:(49,166),(68,93),(189,85),(88,153),(231,57),(158,52),(127,93),(213,96),(160,158),(165,84),(204,84),(190,166),(213,86),(168,52),(208,56),(163,35),(107,47),(159,129),(95,180),(161,124),(212,190),(236,23),(185,54),(182,48),(129,153),(221,73),(179,74),(105,108),(171,36),(62,182),
36:(49,165),(69,93),(190,85),(89,153),(231,58),(158,53),(128,93),(213,95),(159,158),(165,83),(204,84),(190,165),(212,86),(167,52),(207,56),(163,36),(108,47),(159,130),(95,179),(161,125),(212,189),(236,22),(185,53),(183,48),(129,152),(221,74),(179,75),(106,108),(171,37),(62,182),
37:(50,165),(70,93),(191,85),(90,153),(230,58),(158,54),(129,93),(213,94),(159,159),(165,82),(204,84),(189,165),(211,86),(166,52),(206,56),(164,36),(109,47),(159,131),(96,179),(162,125),(211,189),(236,21),(185,52),(184,48),(130,152),(221,75),(179,76),(107,108),(171,38),(62,182),
38:(51,165),(71,93),(192,85),(91,153),(229,58),(159,54),(130,93),(213,93),(158,159),(165,81),(204,84),(188,165),(210,86),(166,51),(205,56),(165,36),(110,47),(159,132),(96,178),(162,126),(210,189),(236,20),(185,51),(185,48),(131,152),(220,75),(179,77),(108,108),(171,39),(62,182),
39:(51,164),(72,93),(193,85),(92,153),(229,59),(159,55),(131,93),(213,92),(158,160),(165,80),(204,84),(187,165),(209,86),(165,51),(204,56),(165,37),(111,47),(159,133),(97,178),(163,126),(209,189),(236,19),(185,50),(186,48),(132,152),(219,75),(179,78),(109,108),(172,39),(62,182),
40:(51,163),(73,93),(194,85),(93,153),(228,59),(159,56),(132,93),(213,91),(158,161),(165,79),(204,84),(187,164),(208,86),(165,50),(203,56),(166,37),(112,47),(159,134),(97,177),(163,127),(208,189),(236,18),(185,49),(186,49),(133,152),(218,75),(179,79),(110,108),(173,39),(62,182),
41:(52,163),(74,93),(194,86),(94,153),(228,60),(160,56),(133,93),(212,91),(158,162),(165,78),(204,84),(186,164),(207,86),(165,49),(202,56),(166,38),(113,47),(159,135),(97,176),(163,128),(207,189),(236,17),(185,48),(186,50),(133,151),(217,75),(179,80),(111,108),(173,40),(62,182),
42:(53,163),(75,93),(195,86),(95,153),(227,60),(161,56),(134,93),(211,91),(157,162),(165,77),(204,84),(185,164),(206,86),(165,48),(201,56),(167,38),(114,47),(159,136),(98,176),(164,128),(206,189),(236,16),(185,47),(186,51),(134,151),(216,75),(179,81),(112,108),(174,40),(62,182),
43:(53,162),(76,93),(196,86),(96,153),(226,60),(161,57),(135,93),(210,91),(156,162),(165,76),(204,84),(185,163),(205,86),(164,48),(200,56),(167,39),(115,47),(159,137),(98,175),(165,128),(206,188),(236,15),(185,46),(187,51),(134,150),(215,75),(179,82),(113,108),(174,41),(62,182),
44:(53,161),(77,93),(197,86),(97,153),(226,61),(162,57),(136,93),(209,91),(155,162),(165,75),(204,84),(185,162),(204,86),(163,48),(199,56),(167,40),(116,47),(158,137),(99,175),(166,128),(206,187),(236,15),(186,46),(187,52),(135,150),(214,75),(179,83),(114,108),(175,41),(62,182),
45:(54,161),(78,93),(198,86),(98,153),(226,62),(162,58),(137,93),(209,90),(154,162),(165,74),(204,84),(185,161),(203,86),(163,47),(198,56),(167,41),(117,47),(158,138),(99,174),(167,128),(206,186),(236,15),(186,45),(187,53),(136,150),(213,75),(179,84),(115,108),(176,41),(62,182),
46:(54,160),(79,93),(199,86),(99,153),(225,62),(163,58),(138,93),(208,90),(153,162),(165,73),(204,84),(185,160),(202,86),(162,47),(197,56),(168,41),(118,47),(157,138),(99,173),(168,128),(206,185),(236,15),(187,45),(187,54),(137,150),(212,75),(179,85),(116,108),(177,41),(62,182),
47:(55,160),(80,93),(200,86),(100,153),(224,62),(164,58),(139,93),(207,90),(152,162),(165,72),(204,84),(185,159),(201,86),(162,46),(196,56),(169,41),(119,47),(157,139),(99,172),(168,129),(205,185),(236,15),(187,44),(187,55),(137,149),(212,76),(179,86),(117,108),(177,42),(62,182),
48:(55,159),(81,93),(201,86),(101,153),(223,62),(165,58),(140,93),(207,89),(151,162),(165,71),(204,84),(185,158),(201,87),(161,46),(195,56),(170,41),(120,47),(156,139),(100,172),(168,130),(204,185),(236,15),(187,43),(188,55),(138,149),(211,76),(179,87),(118,108),(177,43),(62,182),
49:(56,159),(82,93),(202,86),(102,153),(222,62),(166,58),(141,93),(206,89),(150,162),(165,70),(204,84),(184,158),(201,86),(160,46),(194,56),(171,41),(121,47),(156,140),(101,172),(168,131),(203,185),(236,15),(187,42),(188,56),(139,149),(211,77),(179,88),(119,108),(178,43),(62,182),
50:(56,158),(83,93),(203,86),(103,153),(221,62),(167,58),(142,93),(206,88),(149,162),(165,69),(204,84),(183,158),(200,86),(159,46),(193,56),(171,42),(122,47),(155,140),(102,172),(169,131),(202,185),(236,15),(187,41),(189,56),(140,149),(210,77),(179,89),(120,108),(178,44),(62,182),
51:(56,157),(84,93),(203,87),(104,153),(220,62),(168,58),(143,93),(205,88),(148,162),(165,68),(204,84),(183,157),(199,86),(158,46),(192,56),(172,42),(123,47),(154,140),(103,172),(170,131),(201,185),(236,15),(188,41),(190,56),(140,148),(209,77),(179,90),(121,108),(179,44),(62,182),
52:(56,156),(85,93),(203,88),(105,153),(220,63),(168,59),(144,93),(204,88),(147,162),(165,67),(204,84),(182,157),(198,86),(157,46),(191,56),(173,42),(124,47),(154,141),(103,171),(171,131),(200,185),(236,15),(189,41),(190,57),(141,148),(208,77),(179,91),(122,108),(180,44),(62,182),
53:(56,155),(86,93),(203,89),(106,153),(219,63),(169,59),(145,93),(204,87),(146,162),(165,66),(204,84),(182,156),(197,86),(156,46),(190,56),(174,42),(125,47),(154,142),(103,170),(171,132),(200,184),(236,15),(190,41),(190,58),(142,148),(207,77),(179,92),(123,108),(180,45),(62,182),
54:(57,155),(87,93),(203,90),(107,153),(219,64),(169,60),(146,93),(204,86),(146,162),(165,65),(204,84),(181,156),(196,86),(155,46),(189,56),(175,42),(126,47),(154,143),(103,169),(172,132),(199,184),(236,15),(190,41),(190,59),(143,148),(207,78),(179,93),(124,108),(180,46),(62,182),
55:(58,155),(88,93),(204,90),(108,153),(218,64),(170,60),(146,92),(204,85),(146,162),(165,64),(204,84),(180,156),(195,86),(154,46),(188,56),(175,43),(127,47),(154,144),(103,168),(173,132),(199,183),(236,15),(190,41),(191,59),(144,148),(206,78),(179,94),(125,108),(180,47),(62,182),
56:(59,155),(89,93),(205,90),(109,153),(217,64),(170,61),(147,92),(203,85),(146,162),(165,63),(204,84),(180,155),(194,86),(153,46),(187,56),(176,43),(128,47),(154,145),(103,167),(173,133),(199,182),(236,15),(190,41),(191,60),(145,148),(206,79),(179,95),(126,108),(180,48),(62,182),
57:(60,155),(90,93),(206,90),(110,153),(217,65),(170,62),(148,92),(202,85),(146,162),(165,62),(204,84),(180,154),(193,86),(152,46),(186,56),(176,44),(129,47),(153,145),(103,166),(173,134),(198,182),(236,15),(190,41),(192,60),(146,148),(206,80),(179,96),(127,108),(180,49),(62,182),
58:(61,155),(91,93),(206,91),(111,153),(216,65),(171,62),(149,92),(201,85),(146,162),(165,61),(204,84),(179,154),(192,86),(151,46),(185,56),(177,44),(130,47),(152,145),(104,166),(174,134),(197,182),(236,15),(190,41),(193,60),(147,148),(206,81),(179,97),(128,108),(180,50),(62,182),
59:(62,155),(92,93),(207,91),(112,153),(215,65),(171,63),(150,92),(200,85),(146,162),(165,60),(204,84),(178,154),(191,86),(150,46),(184,56),(178,44),(131,47),(152,146),(105,166),(174,135),(197,181),(236,15),(190,41),(194,60),(148,148),(206,82),(179,98),(129,108),(180,51),(62,182),
60:(63,155),(93,93),(208,91),(113,153),(215,66),(171,64),(151,92),(199,85),(146,162),(165,59),(204,84),(177,154),(190,86),(149,46),(183,56),(178,45),(132,47),(152,147),(106,166),(174,136),(197,180),(236,15),(190,41),(195,60),(149,148),(205,82),(179,99),(130,108),(180,52),(62,182),
61:(64,155),(94,93),(209,91),(114,153),(214,66),(171,65),(151,91),(198,85),(146,162),(165,58),(204,84),(176,154),(189,86),(148,46),(182,56),(179,45),(133,47),(152,148),(106,165),(174,137),(197,179),(236,15),(190,41),(196,60),(150,148),(204,82),(179,100),(131,108),(180,53),(62,182),
62:(65,155),(95,93),(210,91),(115,153),(213,66),(172,65),(151,90),(197,85),(146,162),(165,57),(204,84),(175,154),(189,87),(147,46),(181,56),(180,45),(134,47),(152,149),(107,165),(175,137),(197,178),(236,15),(190,41),(196,61),(151,148),(203,82),(179,101),(132,108),(180,54),(62,182),
63:(66,155),(96,93),(211,91),(116,153),(212,66),(173,65),(152,90),(196,85),(146,162),(165,56),(204,84),(174,154),(188,87),(146,46),(180,56),(180,46),(135,47),(152,150),(108,165),(176,137),(197,177),(236,15),(190,41),(197,61),(152,148),(202,82),(179,102),(133,108),(179,54),(62,182),
64:(67,155),(97,93),(212,91),(116,152),(212,67),(174,65),(153,90),(195,85),(146,162),(165,55),(204,84),(173,154),(188,88),(145,46),(179,56),(180,47),(136,47),(152,151),(108,164),(176,138),(197,176),(236,15),(190,41),(198,61),(153,148),(202,83),(179,103),(134,108),(178,54),(62,182),
65:(68,155),(98,93),(213,91),(117,152),(211,67),(174,66),(154,90),(194,85),(146,162),(164,55),(204,84),(172,154),(188,89),(144,46),(178,56),(180,48),(137,47),(152,151),(108,163),(177,138),(196,176),(236,15),(190,41),(198,62),(153,147),(201,83),(179,104),(135,108),(177,54),(62,182),
66:(69,155),(99,93),(213,92),(118,152),(210,67),(175,66),(155,90),(194,84),(146,162),(164,54),(204,84),(171,154),(187,89),(143,46),(177,56),(180,49),(138,47),(152,151),(109,163),(177,139),(196,175),(236,15),(190,41),(199,62),(153,146),(201,84),(179,105),(136,108),(177,55),(62,182),
67:(70,155),(100,93),(214,92),(119,152),(210,68),(175,67),(156,90),(194,83),(146,162),(164,53),(204,84),(170,154),(187,90),(142,46),(176,56),(180,50),(139,47),(152,151),(110,163),(177,140),(196,174),(236,15),(190,41),(200,62),(153,145),(201,85),(179,106),(137,108),(176,55),(62,182),
68:(71,155),(101,93),(214,93),(120,152),(209,68),(175,68),(157,90),(194,82),(146,162),(163,53),(204,84),(169,154),(187,91),(141,46),(175,56),(180,51),(140,47),(152,151),(111,163),(177,141),(195,174),(236,15),(190,41),(200,63),(153,144),(200,85),(179,107),(138,108),(175,55),(62,182),
69:(72,155),(102,93),(215,93),(121,152),(208,68),(175,69),(158,90),(193,82),(146,162),(163,52),(204,84),(168,154),(186,91),(140,46),(174,56),(179,51),(141,47),(152,151),(112,163),(177,142),(195,173),(236,15),(190,41),(200,64),(154,144),(200,86),(179,108),(139,108),(174,55),(62,182),
70:(73,155),(103,93),(216,93),(122,152),(207,68),(175,70),(159,90),(192,82),(146,162),(162,52),(204,84),(167,154),(186,92),(139,46),(173,56),(178,51),(142,47),(152,151),(112,162),(177,143),(195,172),(236,15),(190,41),(201,64),(154,143),(199,86),(179,109),(139,109),(174,56),(62,182),
71:(74,155),(104,93),(216,94),(123,152),(207,69),(175,71),(160,90),(192,81),(146,162),(162,51),(204,84),(166,154),(186,93),(138,46),(172,56),(178,52),(143,47),(152,151),(112,161),(178,143),(195,171),(236,15),(190,41),(202,64),(154,142),(198,86),(179,110),(139,110),(174,57),(62,182),
72:(75,155),(105,93),(217,94),(124,152),(206,69),(176,71),(161,90),(191,81),(146,162),(162,50),(204,84),(165,154),(185,93),(137,46),(171,56),(177,52),(143,48),(152,151),(112,160),(178,144),(194,171),(236,15),(190,41),(202,65),(154,141),(197,86),(180,110),(140,110),(174,58),(62,182),
73:(76,155),(106,93),(218,94),(125,152),(205,69),(177,71),(162,90),(191,80),(146,162),(161,50),(204,84),(164,154),(184,93),(136,46),(170,56),(177,53),(144,48),(152,151),(112,159),(178,145),(194,170),(236,15),(190,41),(202,66),(154,140),(196,86),(180,111),(141,110),(173,58),(62,182),
74:(77,155),(107,93),(218,95),(126,152),(205,70),(177,72),(163,90),(190,80),(146,162),(161,49),(204,84),(163,154),(184,94),(135,46),(170,55),(177,54),(145,48),(152,151),(113,159),(179,145),(193,170),(236,15),(190,41),(202,67),(154,139),(195,86),(181,111),(141,111),(172,58),(62,182),
75:(78,155),(108,93),(218,96),(127,152),(204,70),(178,72),(164,90),(189,80),(146,162),(161,48),(204,84),(162,154),(184,95),(134,46),(170,54),(177,55),(146,48),(152,151),(113,158),(180,145),(192,170),(236,15),(190,41),(202,68),(155,139),(194,86),(181,112),(142,111),(171,58),(62,182),
76:(79,155),(109,93),(218,97),(128,152),(204,71),(179,72),(164,89),(188,80),(146,162),(161,47),(204,84),(161,154),(184,96),(133,46),(169,54),(176,55),(147,48),(152,151),(113,157),(181,145),(191,170),(236,15),(190,41),(203,68),(156,139),(193,86),(181,113),(142,112),(170,58),(62,182),
77:(80,155),(110,93),(218,98),(128,151),(204,72),(179,73),(164,88),(187,80),(146,162),(160,47),(204,84),(160,154),(183,96),(132,46),(168,54),(176,56),(148,48),(152,151),(113,156),(182,145),(191,169),(236,15),(190,41),(203,69),(157,139),(192,86),(182,113),(143,112),(170,59),(62,182),
78:(81,155),(111,93),(219,98),(128,150),(204,73),(179,74),(164,87),(187,79),(146,162),(159,47),(204,84),(159,154),(182,96),(131,46),(167,54),(176,57),(149,48),(152,151),(114,156),(182,146),(190,169),(236,15),(190,41),(203,70),(158,139),(191,86),(182,114),(144,112),(170,60),(62,182),
79:(82,155),(112,93),(219,99),(128,149),(203,73),(179,75),(165,87),(186,79),(146,162),(158,47),(204,84),(158,154),(182,97),(130,46),(167,53),(175,57),(150,48),(152,151),(115,156),(182,147),(189,169),(236,15),(190,41),(204,70),(159,139),(190,86),(183,114),(145,112),(169,60),(62,182),
80:(83,155),(113,93),(220,99),(129,149),(203,74),(179,76),(166,87),(186,78),(146,162),(157,47),(204,84),(157,154),(182,98),(129,46),(167,52),(174,57),(151,48),(152,151),(115,155),(182,148),(188,169),(236,15),(190,41),(204,71),(159,138),(189,86),(183,115),(145,113),(169,61),(62,182),
81:(84,155),(114,93),(221,99),(130,149),(203,75),(179,77),(167,87),(186,77),(146,162),(156,47),(204,84),(156,154),(182,99),(128,46),(167,51),(173,57),(151,49),(152,151),(115,154),(182,149),(188,168),(236,15),(190,41),(205,71),(160,138),(189,87),(183,116),(146,113),(169,62),(62,182),
82:(85,155),(115,93),(221,100),(131,149),(202,75),(179,78),(168,87),(185,77),(146,162),(155,47),(204,84),(156,154),(181,99),(127,46),(166,51),(172,57),(151,50),(152,151),(116,154),(182,150),(187,168),(236,15),(190,41),(206,71),(160,137),(189,88),(183,117),(147,113),(169,63),(62,182),
83:(86,155),(116,93),(221,101),(132,149),(201,75),(179,79),(169,87),(184,77),(146,162),(155,47),(204,84),(156,154),(180,99),(126,46),(165,51),(172,58),(152,50),(152,151),(117,154),(182,151),(187,167),(236,15),(190,41),(207,71),(160,136),(189,89),(183,118),(148,113),(169,64),(62,182),
84:(87,155),(117,93),(221,102),(133,149),(200,75),(179,80),(169,86),(184,76),(146,162),(155,47),(204,84),(156,154),(179,99),(125,46),(165,50),(171,58),(153,50),(152,151),(118,154),(182,152),(186,167),(236,15),(190,41),(208,71),(160,135),(189,90),(183,119),(149,113),(168,64),(62,182),
85:(88,155),(118,93),(221,103),(134,149),(199,75),(179,81),(170,86),(183,76),(146,162),(155,47),(204,84),(156,154),(179,99),(124,46),(164,50),(170,58),(154,50),(152,151),(119,154),(182,153),(186,166),(236,15),(190,41),(209,71),(160,134),(189,91),(183,120),(149,114),(167,64),(62,182),
86:(89,155),(119,93),(222,103),(135,149),(199,76),(179,82),(170,85),(182,76),(146,162),(155,47),(204,84),(156,154),(179,99),(123,46),(164,49),(170,59),(155,50),(152,151),(120,154),(182,154),(186,165),(236,15),(190,41),(210,71),(161,134),(188,91),(183,121),(150,114),(167,65),(62,182),
87:(90,155),(120,93),(222,104),(136,149),(199,77),(179,83),(170,84),(182,75),(146,162),(155,47),(204,84),(156,154),(179,99),(122,46),(164,48),(169,59),(156,50),(152,151),(120,153),(182,155),(185,165),(236,15),(190,41),(211,71),(162,134),(187,91),(183,122),(150,115),(167,66),(62,182),
88:(91,155),(121,93),(223,104),(137,149),(199,78),(179,84),(170,83),(181,75),(146,162),(155,47),(204,84),(156,154),(179,99),(121,46),(164,47),(168,59),(156,51),(152,151),(121,153),(182,156),(185,164),(236,15),(190,41),(211,72),(163,134),(187,92),(183,123),(151,115),(166,66),(62,182),
89:(92,155),(122,93),(223,105),(138,149),(198,78),(179,85),(170,82),(180,75),(146,162),(155,47),(204,84),(156,154),(179,99),(120,46),(163,47),(168,60),(157,51),(152,151),(122,153),(182,157),(185,163),(236,15),(190,41),(211,73),(164,134),(186,92),(183,124),(152,115),(166,67),(62,182),
90:(93,155),(123,93),(223,106),(139,149),(197,78),(179,86),(170,81),(180,74),(146,162),(155,47),(204,84),(156,154),(179,99),(119,46),(162,47),(168,61),(158,51),(152,151),(123,153),(182,158),(184,163),(236,15),(190,41),(212,73),(164,133),(186,93),(183,125),(153,115),(166,68),(62,182),
91:(94,155),(124,93),(224,106),(140,149),(196,78),(179,87),(171,81),(180,73),(146,162),(155,47),(204,84),(156,154),(179,99),(118,46),(161,47),(168,62),(158,52),(152,151),(123,152),(182,159),(184,162),(236,15),(190,41),(213,73),(164,132),(186,94),(183,126),(153,116),(166,69),(62,182),
92:(95,155),(125,93),(225,106),(141,149),(195,78),(179,88),(172,81),(180,72),(146,162),(155,47),(204,84),(156,154),(179,99),(117,46),(160,47),(168,63),(158,53),(152,151),(124,152),(182,160),(184,161),(236,15),(190,41),(214,73),(165,132),(185,94),(184,126),(154,116),(166,70),(62,182),
93:(96,155),(126,93),(225,107),(142,149),(194,78),(179,89),(173,81),(180,71),(146,162),(155,47),(204,84),(156,154),(179,99),(116,46),(159,47),(168,64),(159,53),(152,151),(125,152),(182,161),(183,161),(236,15),(190,41),(215,73),(165,131),(185,95),(185,126),(154,117),(165,70),(62,182),
94:(97,155),(127,93),(225,108),(143,149),(194,79),(179,90),(174,81),(180,70),(146,162),(155,47),(204,84),(156,154),(179,99),(115,46),(158,47),(167,64),(160,53),(152,151),(126,152),(182,162),(183,160),(236,15),(190,41),(216,73),(165,130),(185,96),(185,127),(154,118),(165,71),(62,182),
95:(98,155),(128,93),(226,108),(144,149),(193,79),(179,91),(175,81),(180,69),(146,162),(155,47),(204,84),(156,154),(179,99),(114,46),(157,47),(167,65),(160,54),(152,151),(127,152),(182,163),(183,159),(236,15),(190,41),(216,74),(165,129),(185,97),(185,128),(155,118),(165,72),(62,182),
96:(99,155),(129,93),(226,109),(144,148),(192,79),(179,92),(175,80),(180,68),(146,162),(155,47),(204,84),(156,154),(179,99),(113,46),(156,47),(167,66),(160,55),(152,151),(128,152),(182,164),(183,158),(236,15),(190,41),(217,74),(165,128),(184,97),(185,129),(156,118),(165,73),(62,182),
97:(100,155),(130,93),(227,109),(145,148),(192,80),(179,93),(176,80),(180,67),(146,162),(155,48),(204,84),(156,154),(179,99),(112,46),(155,47),(166,66),(160,56),(152,151),(128,151),(182,165),(183,157),(236,15),(190,41),(218,74),(165,127),(183,97),(185,130),(156,119),(165,74),(62,182),
98:(101,155),(131,93),(227,110),(146,148),(191,80),(179,94),(177,80),(180,66),(146,162),(155,47),(204,84),(156,154),(179,99),(111,46),(154,47),(165,66),(161,56),(152,151),(128,150),(182,166),(183,156),(236,15),(190,41),(218,75),(165,126),(183,98),(185,131),(156,120),(165,75),(62,182),
99:(102,155),(132,93),(227,111),(147,148),(190,80),(179,95),(177,79),(180,65),(146,162),(155,47),(204,84),(156,154),(179,99),(110,46),(153,47),(165,67),(162,56),(152,151),(128,149),(182,167),(182,156),(236,15),(190,41),(219,75),(165,125),(183,99),(185,132),(157,120),(165,76),(62,182),
100:(103,155),(133,93),(228,111),(147,147),(189,80),(179,96),(178,79),(180,64),(146,162),(155,47),(204,84),(156,154),(179,99),(109,46),(152,47),(165,68),(163,56),(152,151),(129,149),(182,168),(182,155),(236,15),(190,41),(220,75),(165,124),(183,100),(185,133),(158,120),(165,77),(62,182),
101:(104,155),(134,93),(229,111),(147,146),(188,80),(179,97),(178,78),(180,63),(146,162),(155,47),(204,84),(156,154),(179,99),(108,46),(151,47),(165,69),(164,56),(152,151),(130,149),(182,169),(181,155),(236,15),(190,41),(220,76),(165,123),(183,101),(185,134),(159,120),(165,78),(62,182),
102:(105,155),(135,93),(230,111),(147,145),(187,80),(179,98),(178,77),(180,62),(146,162),(155,47),(204,84),(156,154),(179,99),(107,46),(150,47),(165,70),(165,56),(152,151),(131,149),(182,170),(181,154),(236,15),(190,41),(221,76),(165,122),(182,101),(185,135),(159,121),(165,79),(62,182),
103:(106,155),(136,93),(231,111),(147,144),(186,80),(179,99),(178,76),(180,61),(146,162),(155,47),(204,84),(156,154),(179,100),(106,46),(149,47),(165,71),(166,56),(152,151),(132,149),(182,171),(181,153),(236,15),(190,41),(222,76),(165,121),(181,101),(185,136),(159,122),(164,79),(62,182),
104:(107,155),(137,93),(231,112),(147,143),(185,80),(179,100),(178,75),(180,60),(146,162),(155,47),(204,84),(156,154),(179,101),(105,46),(148,47),(165,72),(167,56),(152,151),(133,149),(182,172),(181,152),(236,15),(190,41),(222,77),(165,120),(181,102),(185,137),(159,123),(164,80),(62,182),
105:(108,155),(138,93),(231,113),(147,142),(184,80),(179,101),(179,75),(180,59),(146,162),(155,47),(204,84),(156,154),(180,101),(104,46),(147,47),(165,73),(168,56),(152,151),(134,149),(182,173),(180,152),(236,15),(190,41),(222,78),(165,119),(181,103),(185,138),(159,124),(163,80),(62,182),
106:(109,155),(139,93),(231,114),(147,141),(183,80),(179,102),(180,75),(180,58),(146,162),(155,47),(204,84),(156,154),(180,100),(103,46),(146,47),(165,74),(169,56),(152,151),(135,149),(182,174),(180,151),(236,15),(190,41),(222,79),(165,118),(180,103),(186,138),(159,125),(162,80),(62,182),
107:(110,155),(140,93),(231,115),(148,141),(182,80),(179,103),(181,75),(180,57),(146,162),(155,47),(204,84),(156,154),(180,99),(102,46),(145,47),(165,75),(170,56),(152,151),(136,149),(182,175),(179,151),(236,15),(190,41),(222,80),(165,117),(180,104),(186,139),(159,126),(162,81),(62,182),
108:(111,155),(141,93),(231,116),(149,141),(181,80),(179,104),(181,74),(180,56),(146,162),(155,47),(204,84),(156,154),(179,99),(101,46),(144,47),(165,76),(171,56),(152,151),(137,149),(182,176),(179,150),(236,15),(190,41),(222,81),(165,116),(180,105),(186,140),(159,127),(162,82),(62,182),
109:(112,155),(142,93),(231,117),(150,141),(180,80),(179,104),(182,74),(180,55),(146,162),(155,47),(204,84),(156,154),(179,99),(101,46),(143,47),(165,77),(172,56),(152,151),(138,149),(182,176),(178,150),(236,15),(190,41),(222,82),(165,115),(179,105),(187,140),(159,128),(162,83),(62,182),
110:(113,155),(143,93),(231,118),(151,141),(179,80),(179,105),(182,73),(180,54),(146,162),(155,47),(204,84),(156,154),(179,99),(101,46),(142,47),(165,78),(173,56),(152,151),(139,149),(182,176),(177,150),(236,15),(190,41),(222,83),(165,114),(178,105),(187,141),(159,129),(161,83),(62,182),
111:(114,155),(144,93),(231,119),(152,141),(179,80),(179,106),(182,72),(180,53),(146,162),(155,47),(204,84),(156,154),(179,99),(101,46),(141,47),(165,79),(174,56),(152,151),(140,149),(182,176),(177,149),(236,15),(190,41),(222,84),(165,113),(177,105),(187,142),(159,130),(160,83),(62,182),
112:(115,155),(145,93),(231,120),(153,141),(179,80),(179,107),(182,71),(180,52),(146,162),(155,47),(204,84),(156,154),(179,99),(101,46),(140,47),(164,79),(174,55),(152,151),(140,148),(182,176),(176,149),(236,15),(190,41),(222,84),(165,112),(177,106),(187,143),(159,131),(159,83),(62,182),
113:(116,155),(146,93),(231,121),(154,141),(179,80),(179,108),(182,70),(180,51),(146,162),(155,47),(204,84),(156,154),(179,99),(101,46),(139,47),(164,80),(175,55),(152,151),(141,148),(182,176),(176,148),(236,15),(190,41),(222,84),(165,111),(177,107),(187,144),(159,132),(158,83),(62,182),
114:(116,155),(146,92),(231,122),(154,140),(179,80),(179,109),(183,70),(180,50),(146,162),(155,47),(204,84),(156,154),(179,99),(101,46),(138,47),(163,80),(176,55),(152,151),(142,148),(182,176),(176,147),(236,15),(190,41),(222,84),(165,110),(176,107),(187,145),(159,133),(158,84),(62,182),
115:(116,155),(147,92),(231,123),(154,139),(179,80),(180,109),(183,69),(180,49),(146,162),(155,47),(204,84),(156,154),(179,99),(101,46),(137,47),(162,80),(177,55),(152,151),(143,148),(182,176),(175,147),(236,15),(190,41),(222,84),(165,109),(175,107),(187,146),(159,134),(157,84),(62,182),
116:(116,155),(148,92),(231,124),(155,139),(179,80),(181,109),(184,69),(180,48),(146,162),(155,47),(204,84),(156,154),(179,99),(101,46),(136,47),(161,80),(178,55),(152,151),(144,148),(182,176),(175,146),(236,15),(190,41),(222,84),(165,108),(174,107),(187,147),(159,135),(157,85),(62,182),
117:(116,155),(149,92),(231,125),(156,139),(179,80),(181,110),(185,69),(180,47),(146,162),(155,47),(204,84),(156,154),(179,99),(101,46),(135,47),(161,81),(179,55),(152,151),(145,148),(182,176),(175,145),(236,15),(190,41),(222,84),(165,107),(173,107),(187,148),(159,136),(157,86),(62,182),
118:(116,155),(150,92),(231,126),(156,138),(179,80),(181,111),(185,68),(180,46),(146,162),(155,47),(204,84),(156,154),(179,99),(101,46),(134,47),(161,82),(180,55),(152,151),(146,148),(182,176),(174,145),(236,15),(190,41),(222,84),(165,106),(172,107),(187,149),(159,137),(157,87),(62,182),
119:(116,155),(151,92),(231,127),(157,138),(179,80),(182,111),(185,67),(179,46),(146,162),(155,47),(204,84),(156,154),(179,99),(101,46),(133,47),(160,82),(181,55),(152,151),(147,148),(182,176),(173,145),(236,15),(190,41),(222,84),(165,105),(172,108),(187,150),(158,137),(157,88),(62,182),
120:(116,155),(152,92),(231,128),(158,138),(179,80),(183,111),(185,66),(179,45),(146,162),(155,47),(204,84),(156,154),(179,99),(101,46),(132,47),(160,83),(182,55),(152,151),(148,148),(182,176),(172,145),(236,15),(190,41),(222,84),(165,104),(172,109),(187,151),(158,137),(157,89),(62,182),
121:(116,155),(153,92),(231,128),(159,138),(179,80),(183,112),(185,65),(178,45),(146,162),(155,47),(204,84),(156,154),(179,99),(101,46),(131,47),(159,83),(183,55),(152,151),(148,147),(182,176),(171,145),(236,15),(190,41),(222,84),(165,103),(172,110),(188,151),(158,138),(157,90),(62,182),
122:(116,155),(154,92),(231,128),(159,137),(179,80),(183,113),(185,64),(178,44),(146,162),(155,47),(204,84),(156,154),(179,99),(101,46),(130,47),(159,84),(184,55),(152,151),(148,146),(182,176),(170,145),(236,15),(190,41),(222,84),(165,102),(171,110),(188,152),(157,138),(156,90),(62,182),
123:(116,155),(155,92),(231,128),(159,136),(179,80),(183,114),(185,63),(177,44),(146,162),(155,47),(204,84),(156,154),(179,99),(101,46),(129,47),(159,85),(185,55),(152,151),(149,146),(182,176),(169,145),(236,15),(190,41),(222,84),(165,101),(171,111),(188,153),(157,139),(155,90),(62,182),
124:(116,155),(155,91),(231,128),(159,135),(179,80),(183,115),(185,62),(177,43),(146,162),(155,47),(204,84),(156,154),(179,99),(101,46),(128,47),(159,86),(186,55),(152,151),(150,146),(182,176),(168,145),(236,15),(190,41),(222,84),(165,100),(170,111),(189,153),(157,140),(154,90),(62,182),
125:(116,155),(156,91),(231,128),(159,134),(179,80),(183,116),(185,61),(177,42),(146,162),(155,47),(204,84),(156,154),(179,99),(101,46),(127,47),(159,87),(187,55),(152,151),(150,145),(182,176),(168,144),(236,15),(190,41),(222,84),(165,99),(170,112),(189,154),(156,140),(153,90),(62,182),
126:(116,155),(157,91),(231,128),(159,133),(179,80),(183,117),(185,60),(176,42),(146,162),(155,47),(204,84),(156,154),(179,99),(101,46),(126,47),(159,88),(188,55),(152,151),(151,145),(182,176),(167,144),(236,15),(190,41),(222,84),(165,98),(169,112),(190,154),(155,140),(152,90),(62,182),
127:(116,155),(158,91),(231,128),(159,132),(179,80),(183,118),(185,59),(176,41),(146,162),(155,47),(204,84),(156,154),(179,99),(101,46),(125,47),(159,89),(189,55),(152,151),(152,145),(182,176),(166,144),(236,15),(190,41),(222,84),(165,97),(168,112),(191,154),(155,141),(152,91),(62,182),
128:(116,155),(159,91),(231,128),(160,132),(179,80),(183,119),(185,58),(176,40),(146,162),(155,47),(204,84),(156,154),(179,99),(101,46),(124,47),(159,90),(190,55),(152,151),(153,145),(182,176),(165,144),(236,15),(190,41),(222,84),(165,96),(167,112),(192,154),(155,142),(152,92),(62,182),
129:(116,155),(160,91),(231,128),(161,132),(179,80),(183,120),(185,57),(176,39),(146,162),(155,47),(204,84),(156,154),(179,99),(101,46),(123,47),(159,91),(191,55),(152,151),(153,144),(182,176),(164,144),(236,15),(190,41),(222,84),(165,95),(166,112),(192,155),(154,142),(152,93),(62,182),
130:(116,155),(161,91),(231,128),(162,132),(179,80),(183,121),(185,56),(175,39),(146,162),(155,47),(204,84),(156,154),(179,99),(101,46),(122,47),(159,92),(192,55),(152,151),(153,143),(182,176),(164,143),(236,15),(190,41),(222,84),(165,94),(165,112),(193,155),(154,143),(151,93),(62,182),
131:(116,155),(161,90),(231,128),(163,132),(179,80),(183,122),(185,55),(174,39),(146,162),(155,47),(204,84),(156,154),(179,99),(101,46),(121,47),(159,93),(193,55),(152,151),(153,142),(182,176),(164,142),(236,15),(190,41),(222,84),(165,93),(165,113),(194,155),(154,144),(150,93),(62,182),
132:(116,155),(162,90),(231,128),(164,132),(179,80),(183,123),(185,54),(174,38),(146,162),(155,47),(204,84),(156,154),(179,99),(101,46),(120,47),(159,94),(194,55),(152,151),(154,142),(182,176),(164,141),(236,15),(190,41),(222,84),(165,92),(165,114),(194,156),(153,144),(150,94),(62,182),
133:(116,155),(163,90),(231,128),(164,131),(179,80),(183,124),(185,53),(173,38),(146,162),(155,47),(204,84),(156,154),(179,99),(101,46),(120,48),(159,95),(195,55),(152,151),(154,141),(182,176),(163,141),(236,15),(190,41),(222,84),(165,91),(165,115),(194,157),(152,144),(150,95),(62,182),
134:(116,155),(163,89),(231,128),(164,130),(179,80),(183,125),(185,52),(172,38),(146,162),(155,47),(204,84),(156,154),(179,99),(101,46),(119,48),(159,96),(196,55),(152,151),(155,141),(182,176),(163,140),(236,15),(190,41),(222,84),(165,90),(165,116),(194,158),(151,144),(149,95),(62,182),
135:(116,155),(164,89),(231,128),(164,129),(179,80),(184,125),(185,51),(171,38),(146,162),(155,47),(204,84),(156,154),(179,99),(101,46),(118,48),(159,97),(197,55),(152,151),(156,141),(182,176),(162,140),(236,15),(190,41),(222,84),(165,89),(165,117),(194,159),(151,145),(149,96),(62,182),
136:(116,155),(164,88),(231,128),(165,129),(179,80),(184,126),(185,50),(170,38),(146,162),(155,47),(204,84),(156,154),(179,99),(101,46),(117,48),(159,98),(198,55),(152,151),(156,140),(182,176),(162,139),(236,15),(190,41),(222,84),(165,88),(165,118),(195,159),(150,145),(148,96),(62,182),
137:(116,155),(164,87),(231,128),(165,128),(179,80),(184,127),(185,49),(170,37),(146,162),(155,47),(204,84),(156,154),(179,99),(101,46),(116,48),(159,99),(199,55),(152,151),(156,139),(182,176),(161,139),(236,15),(190,41),(222,84),(165,87),(165,119),(195,160),(149,145),(147,96),(62,182),
138:(116,155),(164,86),(231,128),(166,128),(179,80),(185,127),(185,48),(170,36),(146,162),(155,47),(204,84),(156,154),(179,99),(101,46),(115,48),(159,100),(200,55),(152,151),(156,138),(182,176),(161,138),(236,15),(190,41),(222,84),(165,86),(165,120),(196,160),(149,146),(146,96),(62,182),
139:(116,155),(164,85),(231,128),(166,127),(179,80),(185,128),(185,47),(170,35),(146,162),(155,47),(204,84),(156,154),(179,99),(101,46),(114,48),(159,101),(201,55),(152,151),(157,138),(182,176),(161,137),(236,15),(190,41),(222,84),(165,85),(164,120),(196,161),(148,146),(145,96),(62,182),
140:(116,155),(164,84),(231,128),(167,127),(179,80),(185,129),(185,46),(169,35),(146,162),(155,47),(204,84),(156,154),(179,99),(101,46),(113,48),(159,102),(202,55),(152,151),(158,138),(182,176),(161,136),(236,15),(190,41),(222,84),(165,84),(164,121),(197,161),(148,147),(144,96),(62,182),
141:(116,155),(164,83),(231,128),(168,127),(179,80),(185,130),(185,45),(168,35),(146,162),(155,47),(204,84),(156,154),(179,99),(101,46),(112,48),(159,103),(203,55),(152,151),(159,138),(182,176),(161,135),(236,15),(190,41),(222,84),(165,83),(164,122),(198,161),(147,147),(143,96),(62,182),
142:(116,155),(164,82),(231,128),(169,127),(179,80),(185,131),(185,44),(168,34),(146,162),(155,47),(204,84),(156,154),(179,99),(101,46),(111,48),(159,104),(204,55),(152,151),(159,137),(182,176),(160,135),(236,15),(190,41),(222,84),(165,82),(163,122),(199,161),(147,148),(142,96),(62,182),
143:(116,155),(164,81),(231,128),(170,127),(179,80),(185,132),(185,43),(167,34),(146,162),(155,47),(204,84),(156,154),(179,99),(101,46),(110,48),(159,105),(205,55),(152,151),(159,136),(182,176),(160,134),(236,15),(190,41),(222,84),(165,81),(162,122),(200,161),(146,148),(141,96),(62,182),
144:(116,155),(164,80),(231,128),(171,127),(179,80),(185,133),(186,43),(166,34),(146,162),(155,47),(204,84),(156,154),(179,99),(101,46),(109,48),(159,106),(206,55),(152,151),(159,135),(182,176),(159,134),(236,15),(190,41),(222,84),(165,80),(162,123),(200,162),(145,148),(140,96),(62,182),
145:(116,155),(164,79),(231,128),(171,126),(179,80),(185,134),(187,43),(165,34),(146,162),(155,47),(204,84),(156,154),(179,99),(101,46),(108,48),(159,107),(207,55),(152,151),(159,134),(182,176),(159,133),(236,15),(190,41),(222,84),(165,79),(162,124),(200,163),(145,149),(139,96),(62,182),
146:(116,155),(165,79),(231,128),(172,126),(179,80),(185,135),(187,42),(165,33),(146,162),(155,47),(204,84),(156,154),(179,99),(101,46),(107,48),(159,108),(208,55),(152,151),(159,133),(182,176),(159,132),(236,15),(190,41),(222,84),(165,78),(161,124),(200,164),(145,150),(138,96),(62,182),
147:(116,155),(166,79),(231,128),(173,126),(179,80),(185,136),(188,42),(165,32),(146,162),(155,47),(204,84),(156,154),(179,99),(101,46),(106,48),(159,109),(209,55),(152,151),(159,132),(182,176),(158,132),(236,15),(190,41),(222,84),(165,77),(161,125),(200,165),(145,151),(137,96),(62,182),
148:(116,155),(166,78),(231,128),(174,126),(179,80),(185,137),(188,41),(164,32),(146,162),(155,47),(204,84),(156,154),(179,99),(101,46),(105,48),(159,110),(210,55),(152,151),(159,131),(182,176),(158,131),(236,15),(190,41),(222,84),(165,76),(161,126),(200,166),(145,152),(136,96),(62,182),
149:(116,155),(167,78),(231,128),(175,126),(179,80),(185,138),(188,40),(163,32),(146,162),(155,47),(204,84),(156,154),(179,99),(101,46),(104,48),(159,111),(211,55),(152,151),(159,130),(182,176),(158,130),(236,15),(190,41),(222,84),(165,75),(161,127),(200,167),(144,152),(135,96),(62,182),
150:(116,155),(168,78),(231,128),(175,125),(179,80),(185,139),(188,39),(162,32),(146,162),(155,47),(204,84),(156,154),(179,99),(101,46),(103,48),(159,112),(212,55),(152,151),(159,129),(182,176),(158,129),(236,15),(190,41),(222,84),(165,74),(161,128),(200,168),(143,152),(134,96),(62,182),
151:(116,155),(169,78),(231,128),(175,124),(179,80),(186,139),(189,39),(162,31),(146,162),(155,47),(204,84),(156,154),(179,99),(101,46),(102,48),(159,113),(213,55),(152,151),(159,128),(182,176),(157,129),(236,15),(190,41),(222,84),(165,73),(160,128),(200,169),(142,152),(133,96),(62,182),
152:(116,155),(170,78),(231,128),(176,124),(179,80),(186,140),(189,38),(161,31),(146,162),(155,47),(204,84),(156,154),(179,99),(101,46),(101,48),(159,114),(214,55),(152,151),(159,127),(182,176),(157,128),(236,15),(190,41),(222,84),(165,72),(160,129),(201,169),(142,153),(132,96),(62,182),
153:(116,155),(171,78),(231,128),(176,123),(179,80),(186,141),(190,38),(160,31),(146,162),(155,47),(204,84),(156,154),(179,99),(101,46),(100,48),(159,115),(215,55),(152,151),(159,126),(182,176),(157,127),(236,15),(190,41),(222,84),(165,71),(160,130),(201,170),(141,153),(131,96),(62,182),
154:(116,155),(171,77),(231,128),(176,122),(179,80),(186,142),(191,38),(160,30),(146,162),(155,47),(204,84),(156,154),(179,99),(101,46),(99,48),(159,116),(216,55),(152,151),(158,126),(182,176),(157,126),(236,15),(190,41),(222,84),(165,70),(159,130),(201,171),(140,153),(130,96),(62,182),
155:(116,155),(172,77),(231,128),(176,121),(179,80),(187,142),(191,37),(160,29),(146,162),(155,47),(204,84),(156,154),(179,99),(101,46),(98,48),(159,117),(217,55),(152,151),(158,125),(182,176),(156,126),(236,15),(190,41),(222,84),(165,69),(159,131),(202,171),(139,153),(129,96),(62,182),
156:(116,155),(173,77),(231,128),(177,121),(179,80),(187,143),(192,37),(160,28),(146,162),(155,47),(204,84),(156,154),(179,99),(101,46),(97,48),(159,118),(218,55),(152,151),(158,124),(182,176),(156,125),(236,15),(190,41),(222,84),(165,68),(159,132),(202,172),(138,153),(128,96),(62,182),
157:(116,155),(174,77),(231,128),(178,121),(179,80),(187,144),(192,36),(160,27),(146,162),(155,47),(204,84),(156,154),(179,99),(101,46),(96,48),(159,119),(219,55),(152,151),(158,123),(182,176),(156,124),(236,15),(190,41),(222,84),(165,67),(159,133),(203,172),(138,154),(127,96),(62,182),
158:(116,155),(175,77),(231,128),(179,121),(179,80),(187,145),(193,36),(160,26),(146,162),(155,47),(204,84),(156,154),(179,99),(101,46),(95,48),(159,120),(220,55),(152,151),(157,123),(182,176),(156,123),(236,15),(190,41),(222,84),(165,66),(159,134),(203,173),(138,155),(126,96),(62,182),
159:(116,155),(175,76),(231,128),(179,120),(179,80),(187,146),(193,35),(160,25),(146,162),(155,47),(204,84),(156,154),(179,99),(101,46),(94,48),(159,121),(221,55),(152,151),(157,122),(182,176),(156,122),(236,15),(190,41),(222,84),(165,65),(159,135),(203,174),(137,155),(125,96),(62,182),
160:(116,155),(175,75),(231,128),(179,119),(179,80),(187,147),(194,35),(160,24),(146,162),(155,47),(204,84),(156,154),(179,99),(101,46),(93,48),(159,122),(222,55),(152,151),(157,121),(182,176),(155,122),(236,15),(190,41),(222,84),(165,64),(159,136),(203,175),(137,156),(124,96),(62,182),
161:(116,155),(175,74),(231,128),(179,118),(179,80),(187,148),(194,34),(160,23),(146,162),(155,47),(204,84),(156,154),(179,99),(101,46),(92,48),(159,123),(223,55),(152,151),(157,120),(182,176),(155,121),(236,15),(190,41),(222,84),(165,63),(159,137),(204,175),(137,157),(123,96),(62,182),
162:(116,155),(176,74),(231,128),(179,117),(179,80),(187,149),(195,34),(159,23),(146,162),(155,47),(204,84),(156,154),(179,99),(101,46),(91,48),(159,124),(224,55),(152,151),(157,119),(182,176),(155,120),(236,15),(190,41),(222,84),(165,62),(159,138),(205,175),(136,157),(122,96),(62,182),
163:(116,155),(177,74),(231,128),(179,116),(179,80),(187,150),(196,34),(158,23),(146,162),(155,47),(204,84),(156,154),(179,99),(101,46),(90,48),(159,125),(225,55),(152,151),(156,119),(182,176),(155,119),(236,15),(190,41),(222,84),(165,61),(158,138),(206,175),(135,157),(121,96),(62,182),
164:(116,155),(178,74),(231,128),(179,115),(179,80),(187,151),(197,34),(158,22),(146,162),(155,47),(204,84),(156,154),(179,99),(101,46),(89,48),(159,126),(226,55),(152,151),(156,118),(182,176),(154,119),(236,15),(190,41),(222,84),(165,60),(157,138),(206,176),(135,158),(120,96),(62,182),
165:(116,155),(179,74),(231,128),(179,114),(179,80),(188,151),(198,34),(157,22),(146,162),(155,47),(204,84),(156,154),(179,99),(101,46),(88,48),(159,127),(227,55),(152,151),(155,118),(182,176),(153,119),(236,15),(190,41),(222,84),(165,59),(157,139),(207,176),(134,158),(119,96),(62,182),
166:(116,155),(180,74),(231,128),(179,113),(179,80),(188,152),(198,34),(156,22),(146,162),(155,47),(204,84),(156,154),(179,99),(101,46),(87,48),(159,128),(228,55),(152,151),(154,118),(182,176),(153,118),(236,15),(190,41),(222,84),(165,58),(156,139),(207,177),(133,158),(118,96),(62,182),
167:(116,155),(181,74),(231,128),(179,112),(179,80),(188,153),(198,34),(155,22),(146,162),(155,47),(204,84),(156,154),(179,99),(101,46),(86,48),(159,129),(229,55),(152,151),(154,117),(182,176),(153,117),(236,15),(190,41),(222,84),(164,58),(156,140),(207,178),(132,158),(117,96),(62,182),
168:(116,155),(182,74),(231,128),(179,111),(179,80),(188,154),(198,34),(155,21),(146,162),(155,47),(204,84),(156,154),(179,99),(101,46),(85,48),(159,130),(230,55),(152,151),(154,116),(182,176),(152,117),(236,15),(190,41),(222,84),(164,57),(156,141),(207,179),(132,159),(116,96),(62,182),
169:(116,155),(183,74),(231,128),(179,110),(179,80),(188,155),(198,34),(154,21),(146,162),(155,47),(204,84),(156,154),(179,99),(101,46),(84,48),(159,131),(231,55),(152,151),(154,115),(182,176),(151,117),(236,15),(190,41),(222,84),(163,57),(155,141),(207,180),(131,159),(115,96),(62,182),
170:(116,155),(183,73),(231,128),(179,109),(179,80),(188,156),(198,34),(153,21),(146,162),(155,47),(204,84),(156,154),(179,99),(101,46),(83,48),(159,132),(232,55),(152,151),(153,115),(182,176),(150,117),(236,15),(190,41),(222,84),(163,56),(154,141),(207,181),(131,160),(114,96),(62,182),
171:(116,155),(184,73),(231,128),(179,108),(179,80),(188,157),(198,34),(152,21),(146,162),(155,47),(204,84),(156,154),(179,99),(101,46),(83,48),(159,133),(232,54),(152,151),(153,114),(182,176),(150,116),(236,15),(190,41),(222,84),(163,55),(153,141),(207,182),(131,161),(113,96),(62,182),
172:(116,155),(185,73),(231,128),(179,107),(179,80),(188,158),(198,34),(152,20),(146,162),(155,47),(204,84),(156,154),(179,99),(101,46),(83,48),(159,134),(232,53),(152,151),(152,114),(182,176),(150,115),(236,15),(190,41),(222,84),(162,55),(152,141),(207,183),(130,161),(112,96),(62,182),
173:(116,155),(186,73),(231,128),(179,106),(179,80),(189,158),(198,34),(152,19),(146,162),(155,47),(204,84),(156,154),(179,99),(101,46),(83,48),(159,135),(233,53),(152,151),(151,114),(182,176),(150,114),(236,15),(190,41),(222,84),(162,54),(151,141),(207,184),(129,161),(111,96),(62,182),
174:(116,155),(187,73),(231,128),(179,105),(179,80),(190,158),(198,34),(152,18),(146,162),(155,47),(204,84),(156,154),(179,99),(101,46),(83,48),(159,136),(233,52),(152,151),(151,113),(182,176),(149,114),(236,15),(190,41),(222,84),(162,53),(150,141),(207,185),(128,161),(110,96),(62,182),
175:(116,155),(188,73),(231,128),(179,104),(179,80),(191,158),(198,34),(152,17),(146,162),(155,47),(204,84),(156,154),(179,99),(101,46),(83,48),(159,137),(234,52),(152,151),(150,113),(182,176),(148,114),(236,15),(190,41),(222,84),(162,52),(150,142),(207,186),(128,162),(109,96),(62,182),
176:(116,155),(188,72),(231,128),(180,104),(179,80),(191,159),(198,34),(151,17),(146,162),(155,47),(204,84),(156,154),(179,99),(101,46),(83,48),(158,137),(235,52),(152,151),(149,113),(182,176),(148,113),(236,15),(190,41),(222,84),(162,51),(149,142),(207,187),(127,162),(108,96),(62,182),
177:(116,155),(188,71),(231,128),(181,104),(179,80),(192,159),(198,34),(150,17),(146,162),(155,47),(204,84),(156,154),(179,99),(101,46),(83,48),(158,138),(235,51),(152,151),(149,112),(182,176),(147,113),(236,15),(190,41),(222,84),(161,51),(149,143),(207,188),(127,163),(107,96),(62,182),
178:(116,155),(188,71),(231,128),(181,103),(179,80),(193,159),(198,34),(149,17),(146,162),(155,47),(204,84),(156,154),(179,99),(101,46),(83,48),(158,139),(235,50),(152,151),(149,111),(182,176),(147,112),(236,15),(190,41),(222,84),(161,50),(148,143),(207,189),(126,163),(106,96),(62,182),
179:(116,155),(188,71),(231,128),(181,102),(179,80),(193,160),(198,34),(148,17),(146,162),(155,47),(204,84),(156,154),(179,99),(101,46),(83,48),(157,139),(236,50),(152,151),(148,111),(182,176),(146,112),(236,15),(190,41),(222,84),(160,50),(148,144),(207,190),(125,163),(105,96),(62,182),
180:(116,155),(188,71),(231,128),(182,102),(179,80),(194,160),(198,34),(147,17),(146,162),(155,47),(204,84),(156,154),(179,99),(101,46),(83,48),(156,139),(237,50),(152,151),(147,111),(182,176),(146,111),(236,15),(190,41),(222,84),(160,49),(148,145),(207,191),(125,164),(104,96),(62,182),
181:(116,155),(188,71),(231,128),(183,102),(179,80),(195,160),(198,34),(146,17),(146,162),(155,47),(204,84),(156,154),(179,99),(101,46),(83,48),(155,139),(237,49),(152,151),(147,110),(182,176),(145,111),(236,15),(190,41),(222,84),(160,48),(148,146),(207,192),(125,165),(103,96),(62,182),
182:(116,155),(188,71),(231,128),(183,101),(179,80),(196,160),(198,34),(145,17),(146,162),(155,47),(204,84),(156,154),(179,99),(101,46),(83,48),(154,139),(237,48),(152,151),(147,109),(182,176),(145,110),(236,15),(190,41),(222,84),(159,48),(148,147),(207,193),(125,166),(102,96),(62,182),
183:(116,155),(188,71),(231,128),(183,100),(179,80),(197,160),(198,34),(144,17),(146,162),(155,47),(204,84),(156,154),(179,99),(101,46),(83,48),(153,139),(238,48),(152,151),(146,109),(182,176),(144,110),(236,15),(190,41),(222,84),(159,47),(148,148),(207,194),(124,166),(101,96),(62,182),
184:(116,155),(188,71),(231,128),(184,100),(179,80),(198,160),(198,34),(143,17),(146,162),(155,47),(204,84),(156,154),(179,99),(101,46),(83,48),(153,140),(239,48),(152,151),(146,108),(182,176),(144,109),(236,15),(190,41),(222,84),(159,46),(147,148),(207,195),(124,167),(100,96),(62,182),
185:(116,155),(188,71),(231,128),(184,99),(179,80),(198,161),(198,34),(142,17),(146,162),(155,47),(204,84),(156,154),(179,99),(101,46),(83,48),(152,140),(240,48),(152,151),(146,107),(182,176),(144,108),(236,15),(190,41),(222,84),(159,45),(146,148),(207,196),(123,167),(99,96),(62,182),
186:(116,155),(188,71),(231,128),(184,98),(179,80),(199,161),(198,34),(141,17),(146,162),(155,47),(204,84),(156,154),(179,99),(101,46),(83,48),(152,141),(240,48),(152,151),(146,106),(182,176),(144,107),(236,15),(190,41),(222,84),(159,44),(145,148),(207,197),(122,167),(98,96),(62,182),
187:(116,155),(188,71),(231,128),(184,97),(179,80),(199,162),(198,34),(141,16),(146,162),(155,47),(204,84),(156,154),(179,99),(101,46),(83,48),(151,141),(240,48),(152,151),(145,106),(182,176),(144,106),(236,15),(190,41),(222,84),(158,44),(145,149),(207,198),(121,167),(97,96),(62,182),
188:(116,155),(188,71),(231,128),(185,97),(179,80),(199,163),(198,34),(140,16),(146,162),(155,47),(204,84),(156,154),(179,99),(101,46),(83,48),(151,142),(240,48),(152,151),(145,105),(182,176),(144,105),(236,15),(190,41),(222,84),(158,43),(144,149),(207,199),(120,167),(96,96),(62,182),
189:(116,155),(188,71),(231,128),(185,96),(179,80),(200,163),(198,34),(139,16),(146,162),(155,47),(204,84),(156,154),(179,99),(101,46),(83,48),(150,142),(240,48),(152,151),(145,104),(182,176),(143,105),(236,15),(190,41),(222,84),(157,43),(143,149),(207,200),(120,168),(95,96),(62,182),
190:(116,155),(188,71),(231,128),(185,95),(179,80),(200,164),(198,34),(139,15),(146,162),(155,47),(204,84),(156,154),(179,99),(101,46),(83,48),(150,143),(240,48),(152,151),(144,104),(182,176),(142,105),(236,15),(190,41),(222,84),(156,43),(143,150),(207,201),(120,169),(94,96),(62,182),
191:(116,155),(188,71),(231,128),(185,94),(179,80),(200,165),(198,34),(138,15),(146,162),(155,47),(204,84),(156,154),(179,99),(101,46),(83,48),(149,143),(240,48),(152,151),(143,104),(182,176),(142,104),(236,15),(190,41),(222,84),(156,42),(143,151),(207,202),(120,170),(93,96),(62,182),
192:(116,155),(188,71),(231,128),(186,94),(179,80),(200,166),(198,34),(138,14),(146,162),(155,47),(204,84),(156,154),(179,99),(101,46),(83,48),(148,143),(240,48),(152,151),(143,103),(182,176),(142,103),(236,15),(190,41),(222,84),(156,41),(143,152),(207,203),(119,170),(92,96),(62,182),
193:(116,155),(188,71),(231,128),(186,93),(179,80),(200,167),(198,34),(138,13),(146,162),(155,47),(204,84),(156,154),(179,99),(101,46),(83,48),(147,143),(240,48),(152,151),(143,102),(182,176),(142,102),(236,15),(190,41),(222,84),(155,41),(143,153),(207,204),(119,171),(91,96),(62,182),
194:(116,155),(188,71),(231,128),(187,93),(179,80),(200,168),(198,34),(137,13),(146,162),(155,47),(204,84),(156,154),(179,99),(101,46),(83,48),(147,144),(240,48),(152,151),(143,101),(182,176),(141,102),(236,15),(190,41),(222,84),(154,41),(143,154),(207,205),(119,172),(90,96),(62,182),
195:(116,155),(188,71),(231,128),(187,92),(179,80),(200,169),(198,34),(137,12),(146,162),(155,47),(204,84),(156,154),(179,99),(101,46),(83,48),(147,145),(240,48),(152,151),(143,100),(182,176),(140,102),(236,15),(190,41),(222,84),(153,41),(142,154),(207,205),(119,173),(89,96),(62,182),
196:(116,155),(188,71),(231,128),(187,91),(179,80),(200,170),(198,34),(137,11),(146,162),(155,47),(204,84),(156,154),(179,99),(101,46),(83,48),(147,146),(240,48),(152,151),(143,99),(182,176),(140,101),(236,15),(190,41),(222,84),(152,41),(141,154),(207,205),(118,173),(88,96),(62,182),
197:(116,155),(188,71),(231,128),(188,91),(179,80),(201,170),(198,34),(137,10),(146,162),(155,47),(204,84),(156,154),(179,99),(101,46),(83,48),(147,147),(240,48),(152,151),(143,98),(182,176),(139,101),(236,15),(190,41),(222,84),(152,40),(141,155),(207,205),(117,173),(87,96),(62,182),
198:(116,155),(188,71),(231,128),(188,90),(179,80),(201,170),(198,34),(137,9),(146,162),(155,47),(204,84),(156,154),(179,99),(101,46),(83,48),(147,148),(240,48),(152,151),(142,98),(182,176),(138,101),(236,15),(190,41),(222,84),(152,39),(141,156),(207,205),(116,173),(86,96),(62,182),
199:(116,155),(188,71),(231,128),(189,90),(179,80),(201,170),(198,34),(137,8),(146,162),(155,47),(204,84),(156,154),(179,99),(101,46),(83,48),(147,149),(240,48),(152,151),(141,98),(182,176),(137,101),(236,15),(190,41),(222,84),(152,38),(141,157),(207,205),(115,173),(85,96),(62,182),
200:(116,155),(188,71),(231,128),(190,90),(179,80),(201,170),(198,34),(137,7),(146,162),(155,47),(204,84),(156,154),(179,99),(101,46),(83,48),(147,150),(240,48),(152,151),(141,97),(182,176),(136,101),(236,15),(190,41),(222,84),(151,38),(140,157),(207,205),(114,173),(84,96),(62,182),
201:(116,155),(188,71),(231,128),(190,89),(179,80),(201,170),(198,34),(137,6),(146,162),(155,47),(204,84),(156,154),(179,99),(101,46),(83,48),(147,151),(240,48),(152,151),(141,96),(182,176),(135,101),(236,15),(190,41),(222,84),(151,37),(140,158),(207,205),(113,173),(83,96),(62,182),
202:(116,155),(188,71),(231,128),(191,89),(179,80),(201,170),(198,34),(137,6),(146,162),(155,47),(204,84),(156,154),(179,99),(101,46),(83,48),(146,151),(240,48),(152,151),(141,95),(182,176),(134,101),(236,15),(190,41),(222,84),(150,37),(140,159),(207,205),(112,173),(82,96),(62,182),
203:(116,155),(188,71),(231,128),(191,88),(179,80),(201,170),(198,34),(137,6),(146,162),(155,47),(204,84),(156,154),(179,99),(101,46),(83,48),(146,152),(240,48),(152,151),(141,94),(182,176),(133,101),(236,15),(190,41),(222,84),(149,37),(140,160),(207,205),(111,173),(81,96),(62,182),
204:(116,155),(188,71),(231,128),(191,87),(179,80),(201,170),(198,34),(137,6),(146,162),(155,47),(204,84),(156,154),(179,99),(101,46),(83,48),(145,152),(240,48),(152,151),(141,93),(182,176),(133,100),(236,15),(190,41),(222,84),(148,37),(139,160),(207,205),(110,173),(80,96),(62,182),
205:(116,155),(188,71),(231,128),(191,86),(179,80),(201,170),(198,34),(137,6),(146,162),(155,47),(204,84),(156,154),(179,99),(101,46),(83,48),(145,153),(240,48),(152,151),(140,93),(182,176),(133,99),(236,15),(190,41),(222,84),(148,36),(139,161),(207,205),(109,173),(79,96),(62,182),
206:(116,155),(188,71),(231,128),(192,86),(179,80),(201,170),(198,34),(137,6),(146,162),(155,47),(204,84),(156,154),(179,99),(101,46),(83,48),(145,154),(240,48),(152,151),(139,93),(182,176),(132,99),(236,15),(190,41),(222,84),(147,36),(139,162),(207,205),(108,173),(78,96),(62,182),
207:(116,155),(188,71),(231,128),(193,86),(179,80),(201,170),(198,34),(137,6),(146,162),(155,47),(204,84),(156,154),(179,99),(101,46),(83,48),(144,154),(240,48),(152,151),(139,92),(182,176),(131,99),(236,15),(190,41),(222,84),(146,36),(139,163),(207,205),(107,173),(77,96),(62,182),
208:(116,155),(188,71),(231,128),(194,86),(179,80),(201,170),(198,34),(137,6),(146,162),(155,47),(204,84),(156,154),(179,99),(101,46),(83,48),(143,154),(240,48),(152,151),(139,91),(182,176),(131,98),(236,15),(190,41),(222,84),(145,36),(138,163),(207,205),(106,173),(76,96),(62,182),
209:(116,155),(188,71),(231,128),(195,86),(179,80),(201,170),(198,34),(137,6),(146,162),(155,47),(204,84),(156,154),(179,99),(101,46),(83,48),(142,154),(240,48),(152,151),(139,90),(182,176),(130,98),(236,15),(190,41),(222,84),(145,35),(138,164),(207,205),(105,173),(75,96),(62,182),
210:(116,155),(188,71),(231,128),(196,86),(179,80),(201,170),(198,34),(137,6),(146,162),(155,47),(204,84),(156,154),(179,99),(101,46),(83,48),(142,155),(240,48),(152,151),(138,90),(182,176),(129,98),(236,15),(190,41),(222,84),(144,35),(137,164),(207,205),(104,173),(74,96),(62,182),
211:(116,155),(188,71),(231,128),(197,86),(179,80),(201,170),(198,34),(137,6),(146,162),(155,47),(204,84),(156,154),(179,99),(101,46),(83,48),(141,155),(240,48),(152,151),(137,90),(182,176),(129,97),(236,15),(190,41),(222,84),(143,35),(137,165),(207,205),(103,173),(73,96),(62,182),
212:(116,155),(188,71),(231,128),(198,86),(179,80),(201,170),(198,34),(137,6),(146,162),(155,47),(204,84),(156,154),(179,99),(101,46),(83,48),(141,156),(240,48),(152,151),(136,90),(182,176),(129,96),(236,15),(190,41),(222,84),(142,35),(136,165),(207,205),(102,173),(72,96),(62,182),
213:(116,155),(188,71),(231,128),(199,86),(179,80),(201,170),(198,34),(137,6),(146,162),(155,47),(204,84),(156,154),(179,99),(101,46),(83,48),(141,157),(240,48),(152,151),(135,90),(182,176),(128,96),(236,15),(190,41),(222,84),(141,35),(135,165),(207,205),(101,173),(71,96),(62,182),
214:(116,155),(188,71),(231,128),(200,86),(179,80),(201,170),(198,34),(137,6),(146,162),(155,47),(204,84),(156,154),(179,99),(101,46),(83,48),(141,158),(240,48),(152,151),(134,90),(182,176),(127,96),(236,15),(190,41),(222,84),(140,35),(134,165),(207,205),(100,173),(70,96),(62,182),
215:(116,155),(188,71),(231,128),(201,86),(179,80),(201,170),(198,34),(137,6),(146,162),(155,47),(204,84),(156,154),(179,99),(101,46),(83,48),(140,158),(240,48),(152,151),(133,90),(182,176),(126,96),(236,15),(190,41),(222,84),(139,35),(134,166),(207,205),(100,174),(69,96),(62,182),
216:(116,155),(188,71),(231,128),(201,87),(179,80),(201,170),(198,34),(137,6),(146,162),(155,47),(204,84),(156,154),(179,99),(101,46),(83,48),(139,158),(240,48),(152,151),(132,90),(182,176),(126,95),(236,15),(190,41),(222,84),(138,35),(133,166),(207,205),(99,174),(68,96),(62,182),
217:(116,155),(188,71),(231,128),(201,88),(179,80),(201,170),(198,34),(137,6),(146,162),(155,47),(204,84),(156,154),(179,99),(101,46),(83,48),(139,159),(240,48),(152,151),(131,90),(182,176),(126,94),(236,15),(190,41),(222,84),(137,35),(132,166),(207,205),(99,175),(67,96),(62,182),
218:(116,155),(188,71),(231,128),(201,89),(179,80),(201,170),(198,34),(137,6),(146,162),(155,47),(204,84),(156,154),(179,99),(101,46),(83,48),(139,160),(240,48),(152,151),(130,90),(182,176),(126,93),(236,15),(190,41),(222,84),(136,35),(132,167),(207,205),(98,175),(66,96),(62,182),
219:(116,155),(188,71),(231,128),(202,89),(179,80),(201,170),(198,34),(137,6),(146,162),(155,47),(204,84),(156,154),(179,99),(101,46),(83,48),(138,160),(240,48),(152,151),(129,90),(182,176),(125,93),(236,15),(190,41),(222,84),(135,35),(132,168),(207,205),(97,175),(65,96),(62,182),
220:(116,155),(188,71),(231,128),(203,89),(179,80),(201,170),(198,34),(137,6),(146,162),(155,47),(204,84),(156,154),(179,99),(101,46),(83,48),(138,161),(240,48),(152,151),(129,89),(182,176),(124,93),(236,15),(190,41),(222,84),(134,35),(132,169),(207,205),(96,175),(64,96),(62,182),
221:(116,155),(188,71),(231,128),(203,90),(179,80),(201,170),(198,34),(137,6),(146,162),(155,47),(204,84),(156,154),(179,99),(101,46),(83,48),(137,161),(240,48),(152,151),(129,88),(182,176),(124,92),(236,15),(190,41),(222,84),(133,35),(131,169),(207,205),(95,175),(63,96),(62,182),
222:(116,155),(188,71),(231,128),(204,90),(179,80),(201,170),(198,34),(137,6),(146,162),(155,47),(204,84),(156,154),(179,99),(101,46),(83,48),(137,162),(240,48),(152,151),(128,88),(182,176),(123,92),(236,15),(190,41),(222,84),(132,35),(130,169),(207,205),(94,175),(62,96),(62,182),
223:(116,155),(188,71),(231,128),(205,90),(179,80),(201,170),(198,34),(137,6),(146,162),(155,47),(204,84),(156,154),(179,99),(101,46),(83,48),(136,162),(240,48),(152,151),(127,88),(182,176),(123,91),(236,15),(190,41),(222,84),(132,34),(129,169),(207,205),(94,176),(62,96),(62,182),
224:(116,155),(188,71),(231,128),(206,90),(179,80),(201,170),(198,34),(137,6),(146,162),(155,47),(204,84),(156,154),(179,99),(101,46),(83,48),(136,163),(240,48),(152,151),(126,88),(182,176),(123,90),(236,15),(190,41),(222,84),(131,34),(129,170),(207,205),(93,176),(62,96),(62,182),
225:(116,155),(188,71),(231,128),(207,90),(179,80),(201,170),(198,34),(137,6),(146,162),(155,47),(204,84),(156,154),(179,99),(101,46),(83,48),(136,164),(240,48),(152,151),(125,88),(182,176),(123,89),(236,15),(190,41),(222,84),(130,34),(129,171),(207,205),(93,177),(62,96),(62,182),
226:(116,155),(188,71),(231,128),(208,90),(179,80),(201,170),(198,34),(137,6),(146,162),(155,47),(204,84),(156,154),(179,99),(101,46),(83,48),(135,164),(240,48),(152,151),(125,87),(182,176),(123,88),(236,15),(190,41),(222,84),(129,34),(128,171),(207,205),(92,177),(62,96),(62,182),
227:(116,155),(188,71),(231,128),(209,90),(179,80),(201,170),(198,34),(137,6),(146,162),(155,47),(204,84),(156,154),(179,99),(101,46),(83,48),(134,164),(240,48),(152,151),(125,86),(182,176),(123,87),(236,15),(190,41),(222,84),(128,34),(127,171),(207,205),(92,178),(62,96),(62,182),
228:(116,155),(188,71),(231,128),(209,91),(179,80),(201,170),(198,34),(137,6),(146,162),(155,47),(204,84),(156,154),(179,99),(101,46),(83,48),(134,165),(240,48),(152,151),(125,85),(182,176),(122,87),(236,15),(190,41),(222,84),(127,34),(127,172),(207,205),(91,178),(62,96),(62,182),
229:(116,155),(188,71),(231,128),(210,91),(179,80),(201,170),(198,34),(137,6),(146,162),(155,47),(204,84),(156,154),(179,99),(101,46),(83,48),(133,165),(240,48),(152,151),(124,85),(182,176),(122,86),(236,15),(190,41),(222,84),(126,34),(127,173),(207,205),(91,179),(62,96),(62,182),
230:(116,155),(188,71),(231,128),(211,91),(179,80),(201,170),(198,34),(137,6),(146,162),(155,47),(204,84),(156,154),(179,99),(101,46),(83,48),(132,165),(240,48),(152,151),(123,85),(182,176),(122,85),(236,15),(190,41),(222,84),(125,34),(126,173),(207,205),(91,180),(62,96),(62,182),
231:(116,155),(188,71),(231,128),(212,91),(179,80),(201,170),(198,34),(137,6),(146,162),(155,47),(204,84),(156,154),(179,99),(101,46),(83,48),(132,166),(240,48),(152,151),(122,85),(182,176),(121,85),(236,15),(190,41),(222,84),(124,34),(125,173),(207,205),(91,181),(62,96),(62,182),
232:(116,155),(188,71),(231,128),(213,91),(179,80),(201,170),(198,34),(137,6),(146,162),(155,47),(204,84),(156,154),(179,99),(101,46),(83,48),(132,167),(240,48),(152,151),(121,85),(182,176),(120,85),(236,15),(190,41),(222,84),(123,34),(124,173),(207,205),(91,182),(62,96),(62,182),
233:(116,155),(188,71),(231,128),(214,91),(179,80),(201,170),(198,34),(137,6),(146,162),(155,47),(204,84),(156,154),(179,99),(101,46),(83,48),(131,167),(240,48),(152,151),(120,85),(182,176),(119,85),(236,15),(190,41),(222,84),(122,34),(123,173),(207,205),(90,182),(62,96),(62,182),
234:(116,155),(188,71),(231,128),(214,92),(179,80),(201,170),(198,34),(137,6),(146,162),(155,47),(204,84),(156,154),(179,99),(101,46),(83,48),(130,167),(240,48),(152,151),(119,85),(182,176),(118,85),(236,15),(190,41),(222,84),(121,34),(122,173),(207,205),(90,183),(62,96),(62,182),
235:(116,155),(188,71),(231,128),(215,92),(179,80),(201,170),(198,34),(137,6),(146,162),(155,47),(204,84),(156,154),(179,99),(101,46),(83,48),(129,167),(240,48),(152,151),(118,85),(182,176),(117,85),(236,15),(190,41),(222,84),(120,34),(121,173),(207,205),(89,183),(62,96),(62,182),
236:(116,155),(188,71),(231,128),(215,93),(179,80),(201,170),(198,34),(137,6),(146,162),(155,47),(204,84),(156,154),(179,99),(101,46),(83,48),(128,167),(240,48),(152,151),(117,85),(182,176),(116,85),(236,15),(190,41),(222,84),(119,34),(120,173),(207,205),(89,184),(62,96),(62,182),
237:(116,155),(188,71),(231,128),(216,93),(179,80),(201,170),(198,34),(137,6),(146,162),(155,47),(204,84),(156,154),(179,99),(101,46),(83,48),(128,168),(240,48),(152,151),(116,85),(182,176),(115,85),(236,15),(190,41),(222,84),(118,34),(119,173),(207,205),(88,184),(62,96),(62,182),
238:(116,155),(188,71),(231,128),(216,94),(179,80),(201,170),(198,34),(137,6),(146,162),(155,47),(204,84),(156,154),(179,99),(101,46),(83,48),(127,168),(240,48),(152,151),(115,85),(182,176),(114,85),(236,15),(190,41),(222,84),(117,34),(118,173),(207,205),(88,185),(62,96),(62,182),
239:(116,155),(188,71),(231,128),(217,94),(179,80),(201,170),(198,34),(137,6),(146,162),(155,47),(204,84),(156,154),(179,99),(101,46),(83,48),(127,169),(240,48),(152,151),(114,85),(182,176),(113,85),(236,15),(190,41),(222,84),(116,34),(117,173),(207,205),(88,186),(62,96),(62,182),
240:(116,155),(188,71),(231,128),(218,94),(179,80),(201,170),(198,34),(137,6),(146,162),(155,47),(204,84),(156,154),(179,99),(101,46),(83,48),(126,169),(240,48),(152,151),(113,85),(182,176),(112,85),(236,15),(190,41),(222,84),(115,34),(116,173),(207,205),(88,187),(62,96),(62,182),
241:(116,155),(188,71),(231,128),(219,94),(179,80),(201,170),(198,34),(137,6),(146,162),(155,47),(204,84),(156,154),(179,99),(101,46),(83,48),(126,170),(240,48),(152,151),(112,85),(182,176),(111,85),(236,15),(190,41),(222,84),(114,34),(115,173),(207,205),(87,187),(62,96),(62,182),
242:(116,155),(188,71),(231,128),(219,95),(179,80),(201,170),(198,34),(137,6),(146,162),(155,47),(204,84),(156,154),(179,99),(101,46),(83,48),(126,171),(240,48),(152,151),(111,85),(182,176),(110,85),(236,15),(190,41),(222,84),(113,34),(114,173),(207,205),(87,188),(62,96),(62,182),
243:(116,155),(188,71),(231,128),(219,96),(179,80),(201,170),(198,34),(137,6),(146,162),(155,47),(204,84),(156,154),(179,99),(101,46),(83,48),(126,172),(240,48),(152,151),(110,85),(182,176),(109,85),(236,15),(190,41),(222,84),(112,34),(113,173),(207,205),(87,189),(62,96),(62,182),
244:(116,155),(188,71),(231,128),(219,97),(179,80),(201,170),(198,34),(137,6),(146,162),(155,47),(204,84),(156,154),(179,99),(101,46),(83,48),(125,172),(240,48),(152,151),(109,85),(182,176),(108,85),(236,15),(190,41),(222,84),(111,34),(112,173),(207,205),(87,190),(62,96),(62,182),
245:(116,155),(188,71),(231,128),(219,98),(179,80),(201,170),(198,34),(137,6),(146,162),(155,47),(204,84),(156,154),(179,99),(101,46),(83,48),(125,173),(240,48),(152,151),(108,85),(182,176),(107,85),(236,15),(190,41),(222,84),(110,34),(111,173),(207,205),(87,191),(62,96),(62,182),
246:(116,155),(188,71),(231,128),(219,99),(179,80),(201,170),(198,34),(137,6),(146,162),(155,47),(204,84),(156,154),(179,99),(101,46),(83,48),(124,173),(240,48),(152,151),(107,85),(182,176),(106,85),(236,15),(190,41),(222,84),(109,34),(110,173),(207,205),(86,191),(62,96),(62,182),
247:(116,155),(188,71),(231,128),(219,100),(179,80),(201,170),(198,34),(137,6),(146,162),(155,47),(204,84),(156,154),(179,99),(101,46),(83,48),(123,173),(240,48),(152,151),(106,85),(182,176),(105,85),(236,15),(190,41),(222,84),(108,34),(109,173),(207,205),(86,192),(62,96),(62,182),
248:(116,155),(188,71),(231,128),(219,101),(179,80),(201,170),(198,34),(137,6),(146,162),(155,47),(204,84),(156,154),(179,99),(101,46),(83,48),(122,173),(240,48),(152,151),(105,85),(182,176),(104,85),(236,15),(190,41),(222,84),(107,34),(108,173),(207,205),(86,193),(62,96),(62,182),
249:(116,155),(188,71),(231,128),(219,102),(179,80),(201,170),(198,34),(137,6),(146,162),(155,47),(204,84),(156,154),(179,99),(101,46),(83,48),(121,173),(240,48),(152,151),(104,85),(182,176),(103,85),(236,15),(190,41),(222,84),(106,34),(107,173),(207,205),(86,194),(62,96),(62,182),
250:(116,155),(188,71),(231,128),(220,102),(179,80),(201,170),(198,34),(137,6),(146,162),(155,47),(204,84),(156,154),(179,99),(101,46),(83,48),(120,173),(240,48),(152,151),(103,85),(182,176),(102,85),(236,15),(190,41),(222,84),(105,34),(106,173),(207,205),(85,194),(62,96),(62,182),
251:(116,155),(188,71),(231,128),(220,103),(179,80),(201,170),(198,34),(137,6),(146,162),(155,47),(204,84),(156,154),(179,99),(101,46),(83,48),(119,173),(240,48),(152,151),(102,85),(182,176),(101,85),(236,15),(190,41),(222,84),(104,34),(105,173),(207,205),(85,195),(62,96),(62,182),
252:(116,155),(188,71),(231,128),(221,103),(179,80),(201,170),(198,34),(137,6),(146,162),(155,47),(204,84),(156,154),(179,99),(101,46),(83,48),(118,173),(240,48),(152,151),(101,85),(182,176),(100,85),(236,15),(190,41),(222,84),(103,34),(104,173),(207,205),(84,195),(62,96),(62,182),
253:(116,155),(188,71),(231,128),(222,103),(179,80),(201,170),(198,34),(137,6),(146,162),(155,47),(204,84),(156,154),(179,99),(101,46),(83,48),(117,173),(240,48),(152,151),(100,85),(182,176),(99,85),(236,15),(190,41),(222,84),(102,34),(103,173),(207,205),(84,196),(62,96),(62,182),
254:(116,155),(188,71),(231,128),(222,104),(179,80),(201,170),(198,34),(137,6),(146,162),(155,47),(204,84),(156,154),(179,99),(101,46),(83,48),(116,173),(240,48),(152,151),(99,85),(182,176),(98,85),(236,15),(190,41),(222,84),(101,34),(102,173),(207,205),(83,196),(62,96),(62,182),
255:(116,155),(188,71),(231,128),(222,105),(179,80),(201,170),(198,34),(137,6),(146,162),(155,47),(204,84),(156,154),(179,99),(101,46),(83,48),(115,173),(240,48),(152,151),(98,85),(182,176),(97,85),(236,15),(190,41),(222,84),(100,34),(101,173),(207,205),(83,197),(62,96),(62,182),
256:(116,155),(188,71),(231,128),(222,106),(179,80),(201,170),(198,34),(137,6),(146,162),(155,47),(204,84),(156,154),(179,99),(101,46),(83,48),(114,173),(240,48),(152,151),(97,85),(182,176),(96,85),(236,15),(190,41),(222,84),(99,34),(100,173),(207,205),(82,197),(62,96),(62,182),
257:(116,155),(188,71),(231,128),(222,107),(179,80),(201,170),(198,34),(137,6),(146,162),(155,47),(204,84),(156,154),(179,99),(101,46),(83,48),(113,173),(240,48),(152,151),(97,84),(182,176),(96,84),(236,15),(190,41),(222,84),(98,34),(99,173),(207,205),(81,197),(62,96),(62,182),
258:(116,155),(188,71),(231,128),(223,107),(179,80),(201,170),(198,34),(137,6),(146,162),(155,47),(204,84),(156,154),(179,99),(101,46),(83,48),(112,173),(240,48),(152,151),(96,84),(182,176),(95,84),(236,15),(190,41),(222,84),(97,34),(99,174),(207,205),(80,197),(62,96),(62,182),
259:(116,155),(188,71),(231,128),(224,107),(179,80),(201,170),(198,34),(137,6),(146,162),(155,47),(204,84),(156,154),(179,99),(101,46),(83,48),(111,173),(240,48),(152,151),(95,84),(182,176),(94,84),(236,15),(190,41),(222,84),(96,34),(98,174),(207,205),(79,197),(62,96),(62,182),
260:(116,155),(188,71),(231,128),(225,107),(179,80),(201,170),(198,34),(137,6),(146,162),(155,47),(204,84),(156,154),(179,99),(101,46),(83,48),(110,173),(240,48),(152,151),(94,84),(182,176),(93,84),(236,15),(190,41),(222,84),(95,34),(97,174),(207,205),(78,197),(62,96),(62,182),
261:(116,155),(188,71),(231,128),(225,108),(179,80),(201,170),(198,34),(137,6),(146,162),(155,47),(204,84),(156,154),(179,99),(101,46),(83,48),(109,173),(240,48),(152,151),(93,84),(182,176),(93,83),(236,15),(190,41),(222,84),(94,34),(96,174),(207,205),(78,198),(62,96),(62,182),
262:(116,155),(188,71),(231,128),(225,109),(179,80),(201,170),(198,34),(137,6),(146,162),(155,47),(204,84),(156,154),(179,99),(101,46),(83,48),(108,173),(240,48),(152,151),(92,84),(182,176),(93,82),(236,15),(190,41),(222,84),(93,34),(96,175),(207,205),(78,199),(62,96),(62,182),
263:(116,155),(188,71),(231,128),(226,109),(179,80),(201,170),(198,34),(137,6),(146,162),(155,47),(204,84),(156,154),(179,99),(101,46),(83,48),(107,173),(240,48),(152,151),(91,84),(182,176),(92,82),(236,15),(190,41),(222,84),(92,34),(95,175),(207,205),(78,200),(62,96),(62,182),
264:(116,155),(188,71),(231,128),(227,109),(179,80),(201,170),(198,34),(137,6),(146,162),(155,47),(204,84),(156,154),(179,99),(101,46),(83,48),(106,173),(240,48),(152,151),(90,84),(182,176),(91,82),(236,15),(190,41),(222,84),(92,34),(95,176),(207,205),(77,200),(62,96),(62,182),
265:(116,155),(188,71),(231,128),(228,109),(179,80),(201,170),(198,34),(137,6),(146,162),(155,47),(204,84),(156,154),(179,99),(101,46),(83,48),(105,173),(240,48),(152,151),(89,84),(182,176),(90,82),(236,15),(190,41),(222,84),(92,34),(95,177),(207,205),(76,200),(62,96),(62,182),
266:(116,155),(188,71),(231,128),(229,109),(179,80),(201,170),(198,34),(137,6),(146,162),(155,47),(204,84),(156,154),(179,99),(101,46),(83,48),(104,173),(240,48),(152,151),(88,84),(182,176),(89,82),(236,15),(190,41),(222,84),(92,34),(95,178),(207,205),(75,200),(62,96),(62,182),
267:(116,155),(188,71),(231,128),(230,109),(179,80),(201,170),(198,34),(137,6),(146,162),(155,47),(204,84),(156,154),(179,99),(101,46),(83,48),(103,173),(240,48),(152,151),(87,84),(182,176),(88,82),(236,15),(190,41),(222,84),(92,34),(95,179),(207,205),(74,200),(62,96),(62,182),
268:(116,155),(188,71),(231,128),(230,110),(179,80),(201,170),(198,34),(137,6),(146,162),(155,47),(204,84),(156,154),(179,99),(101,46),(83,48),(102,173),(240,48),(152,151),(86,84),(182,176),(87,82),(236,15),(190,41),(222,84),(92,34),(95,180),(207,205),(74,201),(62,96),(62,182),
269:(116,155),(188,71),(231,128),(231,110),(179,80),(201,170),(198,34),(137,6),(146,162),(155,47),(204,84),(156,154),(179,99),(101,46),(83,48),(101,173),(240,48),(152,151),(85,84),(182,176),(87,81),(236,15),(190,41),(222,84),(92,34),(95,181),(207,205),(74,202),(62,96),(62,182),
270:(116,155),(188,71),(231,128),(231,111),(179,80),(201,170),(198,34),(137,6),(146,162),(155,47),(204,84),(156,154),(179,99),(101,46),(83,48),(100,173),(240,48),(152,151),(85,83),(182,176),(87,80),(236,15),(190,41),(222,84),(92,34),(95,182),(207,205),(74,203),(62,96),(62,182),
271:(116,155),(188,71),(231,128),(232,111),(179,80),(201,170),(198,34),(137,6),(146,162),(155,47),(204,84),(156,154),(179,99),(101,46),(83,48),(99,173),(240,48),(152,151),(85,82),(182,176),(86,80),(236,15),(190,41),(222,84),(92,34),(95,183),(207,205),(73,203),(62,96),(62,182),
272:(116,155),(188,71),(231,128),(233,111),(179,80),(201,170),(198,34),(137,6),(146,162),(155,47),(204,84),(156,154),(179,99),(101,46),(83,48),(98,173),(240,48),(152,151),(84,82),(182,176),(85,80),(236,15),(190,41),(222,84),(92,34),(95,184),(207,205),(72,203),(62,96),(62,182),
273:(116,155),(188,71),(231,128),(234,111),(179,80),(201,170),(198,34),(137,6),(146,162),(155,47),(204,84),(156,154),(179,99),(101,46),(83,48),(98,174),(240,48),(152,151),(83,82),(182,176),(85,79),(236,15),(190,41),(222,84),(92,34),(95,185),(207,205),(72,204),(62,96),(62,182),
274:(116,155),(188,71),(231,128),(235,111),(179,80),(201,170),(198,34),(137,6),(146,162),(155,47),(204,84),(156,154),(179,99),(101,46),(83,48),(97,174),(240,48),(152,151),(82,82),(182,176),(85,78),(236,15),(190,41),(222,84),(92,34),(95,186),(207,205),(71,204),(62,96),(62,182),
275:(116,155),(188,71),(231,128),(235,112),(179,80),(201,170),(198,34),(137,6),(146,162),(155,47),(204,84),(156,154),(179,99),(101,46),(83,48),(96,174),(240,48),(152,151),(82,81),(182,176),(85,77),(236,15),(190,41),(222,84),(92,34),(95,187),(207,205),(71,205),(62,96),(62,182),
276:(116,155),(188,71),(231,128),(236,112),(179,80),(201,170),(198,34),(137,6),(146,162),(155,47),(204,84),(156,154),(179,99),(101,46),(83,48),(95,174),(240,48),(152,151),(82,80),(182,176),(84,77),(236,15),(190,41),(222,84),(92,34),(95,188),(207,205),(70,205),(62,96),(62,182),
277:(116,155),(188,71),(231,128),(236,113),(179,80),(201,170),(198,34),(137,6),(146,162),(155,47),(204,84),(156,154),(179,99),(101,46),(83,48),(95,175),(240,48),(152,151),(81,80),(182,176),(83,77),(236,15),(190,41),(222,84),(92,34),(95,189),(207,205),(70,206),(62,96),(62,182),
278:(116,155),(188,71),(231,128),(237,113),(179,80),(201,170),(198,34),(137,6),(146,162),(155,47),(204,84),(156,154),(179,99),(101,46),(83,48),(95,176),(240,48),(152,151),(81,79),(182,176),(83,76),(236,15),(190,41),(222,84),(92,34),(95,190),(207,205),(70,207),(62,96),(62,182),
279:(116,155),(188,71),(231,128),(238,113),(179,80),(201,170),(198,34),(137,6),(146,162),(155,47),(204,84),(156,154),(179,99),(101,46),(83,48),(94,176),(240,48),(152,151),(80,79),(182,176),(82,76),(236,15),(190,41),(222,84),(92,34),(95,191),(207,205),(69,207),(62,96),(62,182),
280:(116,155),(188,71),(231,128),(239,113),(179,80),(201,170),(198,34),(137,6),(146,162),(155,47),(204,84),(156,154),(179,99),(101,46),(83,48),(93,176),(240,48),(152,151),(79,79),(182,176),(81,76),(236,15),(190,41),(222,84),(92,34),(95,192),(207,205),(69,208),(62,96),(62,182),
281:(116,155),(188,71),(231,128),(240,113),(179,80),(201,170),(198,34),(137,6),(146,162),(155,47),(204,84),(156,154),(179,99),(101,46),(83,48),(92,176),(240,48),(152,151),(78,79),(182,176),(81,75),(236,15),(190,41),(222,84),(92,34),(95,193),(207,205),(69,209),(62,96),(62,182),
282:(116,155),(188,71),(231,128),(240,114),(179,80),(201,170),(198,34),(137,6),(146,162),(155,47),(204,84),(156,154),(179,99),(101,46),(83,48),(92,177),(240,48),(152,151),(77,79),(182,176),(80,75),(236,15),(190,41),(222,84),(92,34),(95,194),(207,205),(69,210),(62,96),(62,182),
283:(116,155),(188,71),(231,128),(241,114),(179,80),(201,170),(198,34),(137,6),(146,162),(155,47),(204,84),(156,154),(179,99),(101,46),(83,48),(92,178),(240,48),(152,151),(77,78),(182,176),(79,75),(236,15),(190,41),(222,84),(92,34),(95,195),(207,205),(69,211),(62,96),(62,182),
284:(116,155),(188,71),(231,128),(241,114),(179,80),(201,170),(198,34),(137,6),(146,162),(155,47),(204,84),(156,154),(179,99),(101,46),(83,48),(91,178),(240,48),(152,151),(76,78),(182,176),(78,75),(236,15),(190,41),(222,84),(92,34),(95,196),(207,205),(69,212),(62,96),(62,182),
285:(116,155),(188,71),(231,128),(241,114),(179,80),(201,170),(198,34),(137,6),(146,162),(155,47),(204,84),(156,154),(179,99),(101,46),(83,48),(90,178),(240,48),(152,151),(75,78),(182,176),(77,75),(236,15),(190,41),(222,84),(92,34),(95,197),(207,205),(69,212),(62,96),(62,182),
286:(116,155),(188,71),(231,128),(241,114),(179,80),(201,170),(198,34),(137,6),(146,162),(155,47),(204,84),(156,154),(179,99),(101,46),(83,48),(89,178),(240,48),(152,151),(75,77),(182,176),(76,75),(236,15),(190,41),(222,84),(92,34),(95,198),(207,205),(69,212),(62,96),(62,182),
287:(116,155),(188,71),(231,128),(241,114),(179,80),(201,170),(198,34),(137,6),(146,162),(155,47),(204,84),(156,154),(179,99),(101,46),(83,48),(89,179),(240,48),(152,151),(75,76),(182,176),(76,74),(236,15),(190,41),(222,84),(92,34),(95,199),(207,205),(69,212),(62,96),(62,182),
288:(116,155),(188,71),(231,128),(241,114),(179,80),(201,170),(198,34),(137,6),(146,162),(155,47),(204,84),(156,154),(179,99),(101,46),(83,48),(89,180),(240,48),(152,151),(75,75),(182,176),(75,74),(236,15),(190,41),(222,84),(92,34),(95,200),(207,205),(69,212),(62,96),(62,182),
289:(116,155),(188,71),(231,128),(241,114),(179,80),(201,170),(198,34),(137,6),(146,162),(155,47),(204,84),(156,154),(179,99),(101,46),(83,48),(88,180),(240,48),(152,151),(74,75),(182,176),(74,74),(236,15),(190,41),(222,84),(92,34),(95,201),(207,205),(69,212),(62,96),(62,182),
290:(116,155),(188,71),(231,128),(241,114),(179,80),(201,170),(198,34),(137,6),(146,162),(155,47),(204,84),(156,154),(179,99),(101,46),(83,48),(88,181),(240,48),(152,151),(73,75),(182,176),(74,73),(236,15),(190,41),(222,84),(92,34),(95,202),(207,205),(69,212),(62,96),(62,182),
291:(116,155),(188,71),(231,128),(241,114),(179,80),(201,170),(198,34),(137,6),(146,162),(155,47),(204,84),(156,154),(179,99),(101,46),(83,48),(88,182),(240,48),(152,151),(72,75),(182,176),(73,73),(236,15),(190,41),(222,84),(92,34),(95,203),(207,205),(69,212),(62,96),(62,182),
292:(116,155),(188,71),(231,128),(241,114),(179,80),(201,170),(198,34),(137,6),(146,162),(155,47),(204,84),(156,154),(179,99),(101,46),(83,48),(88,182),(240,48),(152,151),(72,74),(182,176),(72,73),(236,15),(190,41),(222,84),(92,34),(95,204),(207,205),(69,212),(62,96),(62,182),
293:(116,155),(188,71),(231,128),(241,114),(179,80),(201,170),(198,34),(137,6),(146,162),(155,47),(204,84),(156,154),(179,99),(101,46),(83,48),(88,182),(240,48),(152,151),(71,74),(182,176),(71,73),(236,15),(190,41),(222,84),(92,34),(95,204),(207,205),(69,212),(62,96),(62,182),
294:(116,155),(188,71),(231,128),(241,114),(179,80),(201,170),(198,34),(137,6),(146,162),(155,47),(204,84),(156,154),(179,99),(101,46),(83,48),(88,182),(240,48),(152,151),(71,73),(182,176),(71,72),(236,15),(190,41),(222,84),(92,34),(95,204),(207,205),(69,212),(62,96),(62,182),
295:(116,155),(188,71),(231,128),(241,114),(179,80),(201,170),(198,34),(137,6),(146,162),(155,47),(204,84),(156,154),(179,99),(101,46),(83,48),(88,182),(240,48),(152,151),(71,72),(182,176),(70,72),(236,15),(190,41),(222,84),(92,34),(95,204),(207,205),(69,212),(62,96),(62,182),
296:(116,155),(188,71),(231,128),(241,114),(179,80),(201,170),(198,34),(137,6),(146,162),(155,47),(204,84),(156,154),(179,99),(101,46),(83,48),(88,182),(240,48),(152,151),(71,71),(182,176),(69,72),(236,15),(190,41),(222,84),(92,34),(95,204),(207,205),(69,212),(62,96),(62,182),
297:(116,155),(188,71),(231,128),(241,114),(179,80),(201,170),(198,34),(137,6),(146,162),(155,47),(204,84),(156,154),(179,99),(101,46),(83,48),(88,182),(240,48),(152,151),(71,70),(182,176),(68,72),(236,15),(190,41),(222,84),(92,34),(95,204),(207,205),(69,212),(62,96),(62,182),
298:(116,155),(188,71),(231,128),(241,114),(179,80),(201,170),(198,34),(137,6),(146,162),(155,47),(204,84),(156,154),(179,99),(101,46),(83,48),(88,182),(240,48),(152,151),(71,69),(182,176),(67,72),(236,15),(190,41),(222,84),(92,34),(95,204),(207,205),(69,212),(62,96),(62,182),
299:(116,155),(188,71),(231,128),(241,114),(179,80),(201,170),(198,34),(137,6),(146,162),(155,47),(204,84),(156,154),(179,99),(101,46),(83,48),(88,182),(240,48),(152,151),(71,68),(182,176),(67,71),(236,15),(190,41),(222,84),(92,34),(95,204),(207,205),(69,212),(62,96),(62,182),
300:(116,155),(188,71),(231,128),(241,114),(179,80),(201,170),(198,34),(137,6),(146,162),(155,47),(204,84),(156,154),(179,99),(101,46),(83,48),(88,182),(240,48),(152,151),(71,67),(182,176),(67,70),(236,15),(190,41),(222,84),(92,34),(95,204),(207,205),(69,212),(62,96),(62,182),
301:(116,155),(188,71),(231,128),(241,114),(179,80),(201,170),(198,34),(137,6),(146,162),(155,47),(204,84),(156,154),(179,99),(101,46),(83,48),(88,182),(240,48),(152,151),(71,66),(182,176),(66,70),(236,15),(190,41),(222,84),(92,34),(95,204),(207,205),(69,212),(62,96),(62,182),
302:(116,155),(188,71),(231,128),(241,114),(179,80),(201,170),(198,34),(137,6),(146,162),(155,47),(204,84),(156,154),(179,99),(101,46),(83,48),(88,182),(240,48),(152,151),(71,65),(182,176),(66,69),(236,15),(190,41),(222,84),(92,34),(95,204),(207,205),(69,212),(62,96),(62,182),
303:(116,155),(188,71),(231,128),(241,114),(179,80),(201,170),(198,34),(137,6),(146,162),(155,47),(204,84),(156,154),(179,99),(101,46),(83,48),(88,182),(240,48),(152,151),(71,64),(182,176),(65,69),(236,15),(190,41),(222,84),(92,34),(95,204),(207,205),(69,212),(62,96),(62,182),
304:(116,155),(188,71),(231,128),(241,114),(179,80),(201,170),(198,34),(137,6),(146,162),(155,47),(204,84),(156,154),(179,99),(101,46),(83,48),(88,182),(240,48),(152,151),(71,63),(182,176),(64,69),(236,15),(190,41),(222,84),(92,34),(95,204),(207,205),(69,212),(62,96),(62,182),
305:(116,155),(188,71),(231,128),(241,114),(179,80),(201,170),(198,34),(137,6),(146,162),(155,47),(204,84),(156,154),(179,99),(101,46),(83,48),(88,182),(240,48),(152,151),(71,62),(182,176),(63,69),(236,15),(190,41),(222,84),(92,34),(95,204),(207,205),(69,212),(62,96),(62,182),
306:(116,155),(188,71),(231,128),(241,114),(179,80),(201,170),(198,34),(137,6),(146,162),(155,47),(204,84),(156,154),(179,99),(101,46),(83,48),(88,182),(240,48),(152,151),(71,61),(182,176),(62,69),(236,15),(190,41),(222,84),(92,34),(95,204),(207,205),(69,212),(62,96),(62,182),
307:(116,155),(188,71),(231,128),(241,114),(179,80),(201,170),(198,34),(137,6),(146,162),(155,47),(204,84),(156,154),(179,99),(101,46),(83,48),(88,182),(240,48),(152,151),(71,60),(182,176),(61,69),(236,15),(190,41),(222,84),(92,34),(95,204),(207,205),(69,212),(62,96),(62,182),
308:(116,155),(188,71),(231,128),(241,114),(179,80),(201,170),(198,34),(137,6),(146,162),(155,47),(204,84),(156,154),(179,99),(101,46),(83,48),(88,182),(240,48),(152,151),(71,59),(182,176),(60,69),(236,15),(190,41),(222,84),(92,34),(95,204),(207,205),(69,212),(62,96),(62,182),
309:(116,155),(188,71),(231,128),(241,114),(179,80),(201,170),(198,34),(137,6),(146,162),(155,47),(204,84),(156,154),(179,99),(101,46),(83,48),(88,182),(240,48),(152,151),(71,59),(182,176),(59,69),(236,15),(190,41),(222,84),(92,34),(95,204),(207,205),(69,212),(62,96),(62,182),
310:(116,155),(188,71),(231,128),(241,114),(179,80),(201,170),(198,34),(137,6),(146,162),(155,47),(204,84),(156,154),(179,99),(101,46),(83,48),(88,182),(240,48),(152,151),(71,59),(182,176),(59,68),(236,15),(190,41),(222,84),(92,34),(95,204),(207,205),(69,212),(62,96),(62,182),
311:(116,155),(188,71),(231,128),(241,114),(179,80),(201,170),(198,34),(137,6),(146,162),(155,47),(204,84),(156,154),(179,99),(101,46),(83,48),(88,182),(240,48),(152,151),(71,59),(182,176),(58,68),(236,15),(190,41),(222,84),(92,34),(95,204),(207,205),(69,212),(62,96),(62,182),
312:(116,155),(188,71),(231,128),(241,114),(179,80),(201,170),(198,34),(137,6),(146,162),(155,47),(204,84),(156,154),(179,99),(101,46),(83,48),(88,182),(240,48),(152,151),(71,59),(182,176),(57,68),(236,15),(190,41),(222,84),(92,34),(95,204),(207,205),(69,212),(62,96),(62,182),
313:(116,155),(188,71),(231,128),(241,114),(179,80),(201,170),(198,34),(137,6),(146,162),(155,47),(204,84),(156,154),(179,99),(101,46),(83,48),(88,182),(240,48),(152,151),(71,59),(182,176),(56,68),(236,15),(190,41),(222,84),(92,34),(95,204),(207,205),(69,212),(62,96),(62,182),
314:(116,155),(188,71),(231,128),(241,114),(179,80),(201,170),(198,34),(137,6),(146,162),(155,47),(204,84),(156,154),(179,99),(101,46),(83,48),(88,182),(240,48),(152,151),(71,59),(182,176),(55,68),(236,15),(190,41),(222,84),(92,34),(95,204),(207,205),(69,212),(62,96),(62,182),
315:(116,155),(188,71),(231,128),(241,114),(179,80),(201,170),(198,34),(137,6),(146,162),(155,47),(204,84),(156,154),(179,99),(101,46),(83,48),(88,182),(240,48),(152,151),(71,59),(182,176),(55,67),(236,15),(190,41),(222,84),(92,34),(95,204),(207,205),(69,212),(62,96),(62,182),
316:(116,155),(188,71),(231,128),(241,114),(179,80),(201,170),(198,34),(137,6),(146,162),(155,47),(204,84),(156,154),(179,99),(101,46),(83,48),(88,182),(240,48),(152,151),(71,59),(182,176),(54,67),(236,15),(190,41),(222,84),(92,34),(95,204),(207,205),(69,212),(62,96),(62,182),
317:(116,155),(188,71),(231,128),(241,114),(179,80),(201,170),(198,34),(137,6),(146,162),(155,47),(204,84),(156,154),(179,99),(101,46),(83,48),(88,182),(240,48),(152,151),(71,59),(182,176),(53,67),(236,15),(190,41),(222,84),(92,34),(95,204),(207,205),(69,212),(62,96),(62,182),
318:(116,155),(188,71),(231,128),(241,114),(179,80),(201,170),(198,34),(137,6),(146,162),(155,47),(204,84),(156,154),(179,99),(101,46),(83,48),(88,182),(240,48),(152,151),(71,59),(182,176),(52,67),(236,15),(190,41),(222,84),(92,34),(95,204),(207,205),(69,212),(62,96),(62,182),
319:(116,155),(188,71),(231,128),(241,114),(179,80),(201,170),(198,34),(137,6),(146,162),(155,47),(204,84),(156,154),(179,99),(101,46),(83,48),(88,182),(240,48),(152,151),(71,59),(182,176),(51,67),(236,15),(190,41),(222,84),(92,34),(95,204),(207,205),(69,212),(62,96),(62,182),
320:(116,155),(188,71),(231,128),(241,114),(179,80),(201,170),(198,34),(137,6),(146,162),(155,47),(204,84),(156,154),(179,99),(101,46),(83,48),(88,182),(240,48),(152,151),(71,59),(182,176),(51,66),(236,15),(190,41),(222,84),(92,34),(95,204),(207,205),(69,212),(62,96),(62,182),
321:(116,155),(188,71),(231,128),(241,114),(179,80),(201,170),(198,34),(137,6),(146,162),(155,47),(204,84),(156,154),(179,99),(101,46),(83,48),(88,182),(240,48),(152,151),(71,59),(182,176),(51,65),(236,15),(190,41),(222,84),(92,34),(95,204),(207,205),(69,212),(62,96),(62,182),
322:(116,155),(188,71),(231,128),(241,114),(179,80),(201,170),(198,34),(137,6),(146,162),(155,47),(204,84),(156,154),(179,99),(101,46),(83,48),(88,182),(240,48),(152,151),(71,59),(182,176),(51,64),(236,15),(190,41),(222,84),(92,34),(95,204),(207,205),(69,212),(62,96),(62,182),
323:(116,155),(188,71),(231,128),(241,114),(179,80),(201,170),(198,34),(137,6),(146,162),(155,47),(204,84),(156,154),(179,99),(101,46),(83,48),(88,182),(240,48),(152,151),(71,59),(182,176),(50,64),(236,15),(190,41),(222,84),(92,34),(95,204),(207,205),(69,212),(62,96),(62,182),
324:(116,155),(188,71),(231,128),(241,114),(179,80),(201,170),(198,34),(137,6),(146,162),(155,47),(204,84),(156,154),(179,99),(101,46),(83,48),(88,182),(240,48),(152,151),(71,59),(182,176),(49,64),(236,15),(190,41),(222,84),(92,34),(95,204),(207,205),(69,212),(62,96),(62,182),
325:(116,155),(188,71),(231,128),(241,114),(179,80),(201,170),(198,34),(137,6),(146,162),(155,47),(204,84),(156,154),(179,99),(101,46),(83,48),(88,182),(240,48),(152,151),(71,59),(182,176),(48,64),(236,15),(190,41),(222,84),(92,34),(95,204),(207,205),(69,212),(62,96),(62,182),
326:(116,155),(188,71),(231,128),(241,114),(179,80),(201,170),(198,34),(137,6),(146,162),(155,47),(204,84),(156,154),(179,99),(101,46),(83,48),(88,182),(240,48),(152,151),(71,59),(182,176),(48,63),(236,15),(190,41),(222,84),(92,34),(95,204),(207,205),(69,212),(62,96),(62,182),
327:(116,155),(188,71),(231,128),(241,114),(179,80),(201,170),(198,34),(137,6),(146,162),(155,47),(204,84),(156,154),(179,99),(101,46),(83,48),(88,182),(240,48),(152,151),(71,59),(182,176),(47,63),(236,15),(190,41),(222,84),(92,34),(95,204),(207,205),(69,212),(62,96),(62,182),
328:(116,155),(188,71),(231,128),(241,114),(179,80),(201,170),(198,34),(137,6),(146,162),(155,47),(204,84),(156,154),(179,99),(101,46),(83,48),(88,182),(240,48),(152,151),(71,59),(182,176),(46,63),(236,15),(190,41),(222,84),(92,34),(95,204),(207,205),(69,212),(62,96),(62,182),
329:(116,155),(188,71),(231,128),(241,114),(179,80),(201,170),(198,34),(137,6),(146,162),(155,47),(204,84),(156,154),(179,99),(101,46),(83,48),(88,182),(240,48),(152,151),(71,59),(182,176),(45,63),(236,15),(190,41),(222,84),(92,34),(95,204),(207,205),(69,212),(62,96),(62,182),
