instance=temp_instance.txt
agents=20
map_file=warehouse-20-40-10-2-2.map
solver=PIBTOLD
solved=1
soc=3610
lb_soc=3609
makespan=421
lb_makespan=421
comp_time=11
preprocessing_comp_time=10
starts=(327,162),(328,41),(5,66),(8,15),(177,98),(270,18),(102,57),(221,86),(335,72),(192,109),(42,46),(37,97),(46,39),(69,66),(312,122),(44,138),(241,61),(87,133),(144,30),(333,52),
goals=(32,36),(161,149),(88,162),(238,150),(177,74),(254,116),(41,9),(108,90),(172,21),(177,57),(273,17),(315,152),(77,86),(29,56),(152,34),(17,153),(236,70),(301,5),(247,93),(203,105),
solution=
0:(327,162),(328,41),(5,66),(8,15),(177,98),(270,18),(102,57),(221,86),(335,72),(192,109),(42,46),(37,97),(46,39),(69,66),(312,122),(44,138),(241,61),(87,133),(144,30),(333,52),
1:(326,162),(327,41),(5,67),(9,15),(178,98),(269,18),(101,57),(220,86),(335,71),(191,109),(43,46),(38,97),(46,40),(68,66),(312,121),(43,138),(241,62),(88,133),(145,30),(333,53),
2:(326,161),(327,42),(6,67),(9,16),(178,97),(268,18),(100,57),(219,86),(335,70),(190,109),(44,46),(38,98),(46,41),(68,65),(312,120),(43,139),(241,63),(89,133),(145,31),(332,53),
3:(325,161),(326,42),(6,68),(9,17),(179,97),(267,18),(99,57),(218,86),(335,69),(189,109),(44,45),(38,99),(46,42),(67,65),(311,120),(43,140),(241,64),(90,133),(146,31),(331,53),
4:(325,160),(325,42),(7,68),(9,18),(180,97),(266,18),(98,57),(217,86),(335,68),(188,109),(44,44),(39,99),(47,42),(66,65),(311,119),(43,141),(241,65),(91,133),(146,32),(331,54),
5:(324,160),(324,42),(8,68),(9,19),(181,97),(265,18),(98,56),(216,86),(335,67),(187,109),(45,44),(39,100),(47,43),(65,65),(310,119),(42,141),(241,66),(92,133),(146,33),(331,55),
6:(324,159),(323,42),(9,68),(9,20),(181,96),(265,19),(98,55),(215,86),(335,66),(186,109),(45,43),(39,101),(48,43),(64,65),(310,118),(41,141),(241,67),(93,133),(147,33),(331,56),
7:(323,159),(322,42),(10,68),(9,21),(181,95),(265,20),(98,54),(214,86),(335,65),(185,109),(46,43),(39,102),(49,43),(63,65),(309,118),(41,142),(241,68),(94,133),(147,34),(330,56),
8:(323,158),(322,43),(11,68),(9,22),(181,94),(265,21),(98,53),(213,86),(334,65),(184,109),(46,42),(40,102),(49,44),(62,65),(308,118),(40,142),(241,69),(95,133),(148,34),(330,57),
9:(322,158),(322,44),(12,68),(10,22),(181,93),(264,21),(98,52),(212,86),(333,65),(183,109),(47,42),(41,102),(49,45),(62,64),(308,117),(40,143),(240,69),(96,133),(149,34),(330,58),
10:(322,157),(322,45),(12,69),(10,23),(181,92),(264,22),(97,52),(211,86),(332,65),(182,109),(47,41),(41,103),(49,46),(61,64),(307,117),(39,143),(239,69),(97,133),(150,34),(330,59),
11:(322,156),(321,45),(13,69),(10,24),(181,91),(263,22),(97,51),(210,86),(331,65),(181,109),(48,41),(41,104),(49,47),(61,63),(306,117),(39,144),(238,69),(97,132),(151,34),(330,60),
12:(321,156),(320,45),(14,69),(10,25),(181,90),(262,22),(97,50),(209,86),(331,64),(181,108),(49,41),(42,104),(49,48),(61,62),(305,117),(39,145),(238,70),(97,131),(152,34),(330,61),
13:(320,156),(320,46),(14,70),(11,25),(181,89),(261,22),(97,49),(208,86),(331,63),(181,107),(50,41),(43,104),(50,48),(60,62),(305,116),(39,146),(237,70),(97,130),(153,34),(330,62),
14:(319,156),(320,47),(14,71),(12,25),(181,88),(260,22),(96,49),(207,86),(330,63),(181,106),(51,41),(44,104),(50,49),(59,62),(304,116),(38,146),(236,70),(97,129),(154,34),(329,62),
15:(318,156),(319,47),(15,71),(12,26),(181,87),(259,22),(95,49),(206,86),(330,62),(181,105),(52,41),(44,105),(51,49),(59,61),(304,115),(38,147),(236,70),(97,128),(155,34),(328,62),
16:(317,156),(319,48),(15,72),(12,27),(181,86),(258,22),(94,49),(206,87),(330,61),(181,104),(53,41),(45,105),(51,50),(58,61),(303,115),(37,147),(236,70),(98,128),(156,34),(327,62),
17:(317,155),(318,48),(16,72),(13,27),(181,85),(257,22),(93,49),(205,87),(330,60),(181,103),(54,41),(45,106),(52,50),(57,61),(303,114),(36,147),(236,70),(98,127),(157,34),(326,62),
18:(316,155),(317,48),(16,73),(14,27),(181,84),(256,22),(92,49),(205,88),(330,59),(181,102),(55,41),(46,106),(53,50),(56,61),(302,114),(35,147),(236,70),(98,126),(157,35),(326,63),
19:(316,154),(317,49),(16,74),(15,27),(181,83),(255,22),(91,49),(205,89),(329,59),(181,101),(56,41),(47,106),(54,50),(55,61),(301,114),(34,147),(236,70),(99,126),(157,36),(326,64),
20:(316,153),(317,50),(17,74),(15,28),(181,82),(254,22),(90,49),(205,90),(328,59),(181,100),(57,41),(47,107),(55,50),(54,61),(300,114),(33,147),(236,70),(99,125),(158,36),(325,64),
21:(315,153),(317,51),(18,74),(15,29),(181,81),(254,23),(89,49),(204,90),(327,59),(181,99),(58,41),(47,108),(56,50),(53,61),(300,113),(32,147),(236,70),(100,125),(158,37),(325,65),
22:(314,153),(316,51),(19,74),(16,29),(181,80),(254,24),(88,49),(203,90),(326,59),(181,98),(59,41),(48,108),(57,50),(52,61),(299,113),(32,148),(236,70),(101,125),(159,37),(325,66),
23:(313,153),(315,51),(19,75),(16,30),(181,79),(254,25),(87,49),(202,90),(325,59),(181,97),(60,41),(49,108),(58,50),(51,61),(298,113),(31,148),(236,70),(102,125),(160,37),(325,67),
24:(312,153),(314,51),(20,75),(16,31),(181,78),(254,26),(86,49),(201,90),(325,58),(181,96),(61,41),(49,109),(59,50),(50,61),(297,113),(31,149),(236,70),(103,125),(160,38),(324,67),
25:(312,152),(313,51),(21,75),(16,32),(181,77),(254,27),(86,48),(200,90),(324,58),(181,95),(61,40),(49,110),(60,50),(50,60),(297,112),(31,150),(236,70),(104,125),(161,38),(324,68),
26:(312,151),(312,51),(21,76),(17,32),(181,76),(254,28),(86,47),(199,90),(324,57),(181,94),(61,39),(49,111),(61,50),(49,60),(296,112),(31,151),(236,70),(105,125),(162,38),(323,68),
27:(312,150),(311,51),(22,76),(17,33),(181,75),(254,29),(86,46),(198,90),(324,56),(181,93),(61,38),(50,111),(61,51),(49,59),(296,111),(31,152),(236,70),(106,125),(163,38),(322,68),
28:(311,150),(311,52),(23,76),(17,34),(181,74),(254,30),(86,45),(197,90),(323,56),(181,92),(61,37),(50,112),(62,51),(48,59),(296,110),(30,152),(236,70),(107,125),(164,38),(322,69),
29:(310,150),(310,52),(23,77),(17,35),(180,74),(254,31),(85,45),(196,90),(323,55),(181,91),(62,37),(50,113),(62,52),(48,58),(295,110),(30,153),(236,70),(108,125),(165,38),(321,69),
30:(309,150),(310,53),(24,77),(18,35),(179,74),(254,32),(85,44),(195,90),(323,54),(181,90),(62,36),(50,114),(62,53),(48,57),(294,110),(29,153),(236,70),(109,125),(166,38),(320,69),
31:(309,149),(309,53),(25,77),(18,36),(178,74),(254,33),(85,43),(194,90),(322,54),(181,89),(62,35),(50,115),(62,54),(47,57),(293,110),(28,153),(236,70),(109,124),(167,38),(320,70),
32:(309,148),(309,54),(25,78),(18,37),(177,74),(254,34),(85,42),(193,90),(321,54),(181,88),(62,34),(50,116),(62,55),(47,56),(293,109),(27,153),(236,70),(110,124),(168,38),(319,70),
33:(308,148),(309,55),(26,78),(18,38),(177,74),(254,35),(84,42),(192,90),(320,54),(181,87),(63,34),(50,117),(62,56),(46,56),(292,109),(26,153),(236,70),(110,123),(169,38),(319,71),
34:(308,147),(309,56),(26,79),(19,38),(177,74),(254,36),(83,42),(191,90),(319,54),(181,86),(63,33),(50,118),(62,57),(45,56),(291,109),(25,153),(236,70),(110,122),(170,38),(318,71),
35:(307,147),(308,56),(26,80),(20,38),(177,74),(254,37),(83,41),(190,90),(319,53),(181,85),(64,33),(50,119),(63,57),(44,56),(291,108),(24,153),(236,70),(111,122),(171,38),(318,72),
36:(307,146),(308,57),(26,81),(20,39),(177,74),(254,38),(82,41),(189,90),(319,52),(181,84),(65,33),(50,120),(63,58),(43,56),(291,107),(23,153),(236,70),(111,121),(172,38),(317,72),
37:(307,145),(308,58),(27,81),(20,40),(177,74),(254,39),(81,41),(188,90),(318,52),(181,83),(66,33),(50,121),(64,58),(42,56),(290,107),(22,153),(236,70),(112,121),(173,38),(316,72),
38:(306,145),(308,59),(27,82),(20,41),(177,74),(254,40),(80,41),(187,90),(318,51),(181,82),(67,33),(50,122),(65,58),(41,56),(289,107),(21,153),(236,70),(113,121),(174,38),(315,72),
39:(305,145),(307,59),(28,82),(20,42),(177,74),(254,41),(79,41),(186,90),(318,50),(181,81),(68,33),(50,123),(66,58),(40,56),(289,106),(20,153),(236,70),(114,121),(175,38),(315,73),
40:(304,145),(306,59),(29,82),(20,43),(177,74),(254,42),(78,41),(185,90),(318,49),(181,80),(69,33),(50,124),(67,58),(39,56),(289,105),(19,153),(236,70),(115,121),(176,38),(314,73),
41:(303,145),(305,59),(29,83),(21,43),(177,74),(254,43),(77,41),(184,90),(317,49),(181,79),(70,33),(50,125),(68,58),(38,56),(289,104),(18,153),(236,70),(116,121),(177,38),(314,74),
42:(302,145),(305,60),(30,83),(21,44),(177,74),(254,44),(76,41),(183,90),(316,49),(181,78),(71,33),(50,126),(69,58),(37,56),(289,103),(17,153),(236,70),(117,121),(178,38),(314,75),
43:(302,144),(304,60),(31,83),(22,44),(177,74),(254,45),(75,41),(182,90),(316,48),(181,77),(72,33),(51,126),(70,58),(36,56),(289,102),(17,153),(236,70),(118,121),(179,38),(314,76),
44:(301,144),(304,61),(31,84),(23,44),(177,74),(254,46),(74,41),(181,90),(316,47),(181,76),(73,33),(52,126),(71,58),(35,56),(288,102),(17,153),(236,70),(119,121),(180,38),(313,76),
45:(300,144),(303,61),(31,85),(23,45),(177,74),(254,47),(73,41),(180,90),(315,47),(181,75),(73,32),(53,126),(72,58),(34,56),(287,102),(17,153),(236,70),(120,121),(181,38),(313,77),
46:(299,144),(302,61),(31,86),(23,46),(177,74),(254,48),(72,41),(179,90),(315,46),(181,74),(74,32),(54,126),(73,58),(33,56),(287,101),(17,153),(236,70),(121,121),(182,38),(313,78),
47:(299,143),(302,62),(31,87),(23,47),(177,74),(254,49),(71,41),(178,90),(315,45),(181,73),(74,31),(55,126),(74,58),(32,56),(286,101),(17,153),(236,70),(122,121),(182,39),(313,79),
48:(298,143),(302,63),(31,88),(24,47),(177,74),(254,50),(70,41),(177,90),(314,45),(181,72),(74,30),(56,126),(74,59),(31,56),(285,101),(17,153),(236,70),(122,120),(182,40),(312,79),
49:(297,143),(301,63),(32,88),(25,47),(177,74),(254,51),(69,41),(176,90),(314,44),(181,71),(75,30),(57,126),(74,60),(30,56),(284,101),(17,153),(236,70),(122,119),(182,41),(312,80),
50:(296,143),(301,64),(33,88),(25,48),(177,74),(254,52),(68,41),(175,90),(313,44),(181,70),(76,30),(58,126),(74,61),(29,56),(283,101),(17,153),(236,70),(122,118),(183,41),(311,80),
51:(296,142),(300,64),(34,88),(25,49),(177,74),(254,53),(67,41),(174,90),(313,43),(181,69),(76,29),(59,126),(74,62),(29,56),(282,101),(17,153),(236,70),(122,117),(184,41),(311,81),
52:(295,142),(300,65),(35,88),(26,49),(177,74),(254,54),(66,41),(173,90),(312,43),(181,68),(77,29),(60,126),(74,63),(29,56),(281,101),(17,153),(236,70),(122,116),(184,42),(311,82),
53:(295,141),(299,65),(36,88),(27,49),(177,74),(254,55),(65,41),(172,90),(312,42),(181,67),(78,29),(61,126),(74,64),(29,56),(280,101),(17,153),(236,70),(122,115),(185,42),(311,83),
54:(294,141),(298,65),(37,88),(28,49),(177,74),(254,56),(64,41),(171,90),(311,42),(181,66),(79,29),(61,127),(74,65),(29,56),(279,101),(17,153),(236,70),(122,114),(186,42),(311,84),
55:(294,140),(297,65),(37,89),(28,50),(177,74),(254,57),(63,41),(170,90),(311,41),(181,65),(80,29),(61,128),(74,66),(29,56),(278,101),(17,153),(236,70),(123,114),(187,42),(310,84),
56:(294,139),(297,66),(37,90),(28,51),(177,74),(254,58),(62,41),(169,90),(310,41),(181,64),(81,29),(61,129),(74,67),(29,56),(277,101),(17,153),(236,70),(124,114),(188,42),(309,84),
57:(294,138),(297,67),(37,91),(29,51),(177,74),(254,59),(62,40),(168,90),(310,40),(181,63),(82,29),(61,130),(74,68),(29,56),(276,101),(17,153),(236,70),(124,113),(189,42),(308,84),
58:(294,137),(296,67),(37,92),(29,52),(177,74),(254,60),(61,40),(167,90),(309,40),(181,62),(83,29),(61,131),(74,69),(29,56),(275,101),(17,153),(236,70),(125,113),(190,42),(307,84),
59:(293,137),(296,68),(38,92),(29,53),(177,74),(254,61),(61,39),(166,90),(308,40),(181,61),(84,29),(61,132),(74,70),(29,56),(274,101),(17,153),(236,70),(126,113),(191,42),(307,85),
60:(292,137),(295,68),(39,92),(30,53),(177,74),(254,62),(61,38),(165,90),(307,40),(181,60),(85,29),(61,133),(74,71),(29,56),(273,101),(17,153),(236,70),(127,113),(192,42),(306,85),
61:(291,137),(295,69),(40,92),(31,53),(177,74),(254,63),(60,38),(164,90),(307,39),(181,59),(86,29),(61,134),(74,72),(29,56),(272,101),(17,153),(236,70),(128,113),(193,42),(306,86),
62:(291,136),(295,70),(41,92),(32,53),(177,74),(254,64),(60,37),(163,90),(307,38),(181,58),(86,28),(61,135),(74,73),(29,56),(271,101),(17,153),(236,70),(129,113),(193,43),(305,86),
63:(291,135),(294,70),(42,92),(33,53),(177,74),(254,65),(59,37),(162,90),(307,37),(181,57),(86,27),(62,135),(74,74),(29,56),(270,101),(17,153),(236,70),(130,113),(194,43),(305,87),
64:(291,134),(294,71),(43,92),(34,53),(177,74),(254,66),(58,37),(161,90),(307,36),(180,57),(86,26),(62,136),(74,75),(29,56),(269,101),(17,153),(236,70),(131,113),(194,44),(304,87),
65:(291,133),(293,71),(44,92),(35,53),(177,74),(254,67),(57,37),(160,90),(306,36),(179,57),(87,26),(62,137),(74,76),(29,56),(268,101),(17,153),(236,70),(132,113),(194,45),(304,88),
66:(290,133),(293,72),(45,92),(36,53),(177,74),(254,68),(56,37),(159,90),(305,36),(178,57),(87,25),(63,137),(74,77),(29,56),(267,101),(17,153),(236,70),(133,113),(195,45),(303,88),
67:(289,133),(293,73),(45,93),(36,54),(177,74),(254,69),(55,37),(158,90),(304,36),(177,57),(88,25),(63,138),(74,78),(29,56),(266,101),(17,153),(236,70),(133,112),(195,46),(302,88),
68:(289,132),(293,74),(46,93),(36,55),(177,74),(254,70),(54,37),(157,90),(303,36),(177,57),(89,25),(64,138),(74,79),(29,56),(265,101),(17,153),(236,70),(134,112),(196,46),(301,88),
69:(289,131),(293,75),(47,93),(37,55),(177,74),(254,71),(53,37),(156,90),(303,35),(177,57),(90,25),(65,138),(74,80),(29,56),(265,100),(17,153),(236,70),(134,111),(197,46),(300,88),
70:(289,130),(293,76),(47,94),(37,56),(177,74),(254,72),(52,37),(155,90),(302,35),(177,57),(91,25),(66,138),(74,81),(29,56),(265,99),(17,153),(236,70),(134,110),(198,46),(300,89),
71:(288,130),(293,77),(48,94),(38,56),(177,74),(254,73),(51,37),(154,90),(301,35),(177,57),(92,25),(67,138),(74,82),(29,56),(265,98),(17,153),(236,70),(135,110),(199,46),(299,89),
72:(287,130),(292,77),(48,95),(38,57),(177,74),(254,74),(50,37),(153,90),(300,35),(177,57),(93,25),(68,138),(74,83),(29,56),(264,98),(17,153),(236,70),(135,109),(200,46),(299,90),
73:(287,129),(292,78),(48,96),(38,58),(177,74),(254,75),(50,36),(152,90),(299,35),(177,57),(94,25),(69,138),(74,84),(29,56),(264,97),(17,153),(236,70),(136,109),(201,46),(298,90),
74:(286,129),(291,78),(48,97),(38,59),(177,74),(254,76),(49,36),(151,90),(298,35),(177,57),(95,25),(70,138),(74,85),(29,56),(263,97),(17,153),(236,70),(137,109),(202,46),(297,90),
75:(285,129),(291,79),(49,97),(39,59),(177,74),(254,77),(49,35),(150,90),(297,35),(177,57),(96,25),(71,138),(74,86),(29,56),(262,97),(17,153),(236,70),(138,109),(203,46),(297,91),
76:(284,129),(290,79),(50,97),(40,59),(177,74),(254,78),(49,34),(149,90),(297,34),(177,57),(97,25),(72,138),(75,86),(29,56),(261,97),(17,153),(236,70),(139,109),(204,46),(296,91),
77:(283,129),(289,79),(50,98),(41,59),(177,74),(254,79),(49,33),(148,90),(296,34),(177,57),(97,24),(73,138),(76,86),(29,56),(260,97),(17,153),(236,70),(140,109),(205,46),(296,92),
78:(282,129),(289,80),(50,99),(42,59),(177,74),(254,80),(48,33),(147,90),(296,33),(177,57),(97,23),(74,138),(77,86),(29,56),(259,97),(17,153),(236,70),(141,109),(205,47),(296,93),
79:(281,129),(289,81),(50,100),(42,60),(177,74),(254,81),(48,32),(146,90),(295,33),(177,57),(98,23),(75,138),(77,86),(29,56),(258,97),(17,153),(236,70),(142,109),(205,48),(296,94),
80:(280,129),(288,81),(50,101),(43,60),(177,74),(254,82),(47,32),(145,90),(294,33),(177,57),(98,22),(76,138),(77,86),(29,56),(257,97),(17,153),(236,70),(143,109),(205,49),(295,94),
81:(279,129),(287,81),(50,102),(43,61),(177,74),(254,83),(46,32),(144,90),(294,32),(177,57),(99,22),(77,138),(77,86),(29,56),(256,97),(17,153),(236,70),(144,109),(206,49),(294,94),
82:(278,129),(286,81),(50,103),(44,61),(177,74),(254,84),(46,31),(143,90),(294,31),(177,57),(99,21),(78,138),(77,86),(29,56),(255,97),(17,153),(236,70),(145,109),(206,50),(294,95),
83:(277,129),(285,81),(50,104),(44,62),(177,74),(254,85),(45,31),(142,90),(293,31),(177,57),(100,21),(79,138),(77,86),(29,56),(254,97),(17,153),(236,70),(146,109),(206,51),(294,96),
84:(276,129),(284,81),(50,105),(45,62),(177,74),(254,86),(44,31),(141,90),(293,30),(177,57),(101,21),(80,138),(77,86),(29,56),(253,97),(17,153),(236,70),(146,108),(206,52),(294,97),
85:(275,129),(283,81),(50,106),(46,62),(177,74),(254,87),(43,31),(140,90),(292,30),(177,57),(102,21),(81,138),(77,86),(29,56),(253,96),(17,153),(236,70),(146,107),(206,53),(294,98),
86:(274,129),(283,82),(50,107),(47,62),(177,74),(254,88),(42,31),(139,90),(291,30),(177,57),(103,21),(82,138),(77,86),(29,56),(253,95),(17,153),(236,70),(146,106),(207,53),(293,98),
87:(273,129),(282,82),(50,108),(48,62),(177,74),(254,89),(41,31),(138,90),(290,30),(177,57),(104,21),(83,138),(77,86),(29,56),(253,94),(17,153),(236,70),(146,105),(208,53),(292,98),
88:(272,129),(281,82),(50,109),(48,63),(177,74),(254,90),(41,30),(137,90),(289,30),(177,57),(105,21),(84,138),(77,86),(29,56),(253,93),(17,153),(236,70),(147,105),(208,54),(292,99),
89:(271,129),(280,82),(51,109),(48,64),(177,74),(254,91),(41,29),(136,90),(288,30),(177,57),(106,21),(85,138),(77,86),(29,56),(252,93),(17,153),(236,70),(148,105),(209,54),(292,100),
90:(270,129),(279,82),(51,110),(49,64),(177,74),(254,92),(41,28),(135,90),(287,30),(177,57),(107,21),(86,138),(77,86),(29,56),(251,93),(17,153),(236,70),(149,105),(210,54),(291,100),
91:(269,129),(278,82),(52,110),(49,65),(177,74),(254,93),(41,27),(134,90),(286,30),(177,57),(108,21),(87,138),(77,86),(29,56),(250,93),(17,153),(236,70),(150,105),(211,54),(290,100),
92:(268,129),(277,82),(53,110),(49,66),(177,74),(254,94),(41,26),(133,90),(285,30),(177,57),(109,21),(88,138),(77,86),(29,56),(249,93),(17,153),(236,70),(151,105),(212,54),(290,101),
93:(267,129),(277,83),(54,110),(49,67),(177,74),(254,95),(41,25),(132,90),(285,29),(177,57),(110,21),(89,138),(77,86),(29,56),(248,93),(17,153),(236,70),(152,105),(213,54),(289,101),
94:(266,129),(277,84),(55,110),(50,67),(177,74),(254,96),(41,24),(131,90),(284,29),(177,57),(111,21),(90,138),(77,86),(29,56),(247,93),(17,153),(236,70),(153,105),(214,54),(288,101),
95:(265,129),(277,85),(56,110),(50,68),(177,74),(254,97),(41,23),(130,90),(283,29),(177,57),(112,21),(91,138),(77,86),(29,56),(246,93),(17,153),(236,70),(154,105),(215,54),(287,101),
96:(264,129),(276,85),(57,110),(50,69),(177,74),(254,98),(41,22),(129,90),(282,29),(177,57),(113,21),(92,138),(77,86),(29,56),(245,93),(17,153),(236,70),(155,105),(216,54),(286,101),
97:(263,129),(275,85),(58,110),(51,69),(177,74),(254,99),(41,21),(128,90),(281,29),(177,57),(114,21),(93,138),(77,86),(29,56),(244,93),(17,153),(236,70),(156,105),(217,54),(286,102),
98:(262,129),(275,86),(59,110),(52,69),(177,74),(254,100),(41,20),(127,90),(280,29),(177,57),(115,21),(94,138),(77,86),(29,56),(243,93),(17,153),(236,70),(157,105),(217,55),(285,102),
99:(261,129),(274,86),(60,110),(52,70),(177,74),(254,101),(41,19),(126,90),(279,29),(177,57),(116,21),(95,138),(77,86),(29,56),(242,93),(17,153),(236,70),(158,105),(218,55),(284,102),
100:(260,129),(273,86),(61,110),(53,70),(177,74),(254,102),(41,18),(125,90),(278,29),(177,57),(117,21),(96,138),(77,86),(29,56),(242,92),(17,153),(236,70),(158,104),(218,56),(283,102),
101:(259,129),(272,86),(62,110),(54,70),(177,74),(254,103),(41,17),(124,90),(277,29),(177,57),(118,21),(97,138),(77,86),(29,56),(242,91),(17,153),(236,70),(158,103),(218,57),(282,102),
102:(258,129),(271,86),(62,111),(55,70),(177,74),(254,104),(41,16),(123,90),(277,28),(177,57),(119,21),(98,138),(77,86),(29,56),(242,90),(17,153),(236,70),(158,102),(218,58),(281,102),
103:(257,129),(270,86),(62,112),(56,70),(177,74),(254,105),(41,15),(122,90),(277,27),(177,57),(120,21),(98,139),(77,86),(29,56),(241,90),(17,153),(236,70),(158,101),(219,58),(280,102),
104:(256,129),(269,86),(62,113),(57,70),(177,74),(254,106),(41,14),(121,90),(277,26),(177,57),(121,21),(98,140),(77,86),(29,56),(240,90),(17,153),(236,70),(158,100),(220,58),(279,102),
105:(255,129),(268,86),(62,114),(58,70),(177,74),(254,107),(41,13),(120,90),(277,25),(177,57),(121,20),(98,141),(77,86),(29,56),(239,90),(17,153),(236,70),(158,99),(221,58),(278,102),
106:(254,129),(267,86),(63,114),(59,70),(177,74),(254,108),(41,12),(119,90),(277,24),(177,57),(121,19),(98,142),(77,86),(29,56),(238,90),(17,153),(236,70),(158,98),(222,58),(277,102),
107:(253,129),(266,86),(64,114),(60,70),(177,74),(254,109),(41,11),(118,90),(277,23),(177,57),(121,18),(99,142),(77,86),(29,56),(238,89),(17,153),(236,70),(159,98),(223,58),(277,103),
108:(253,128),(265,86),(65,114),(61,70),(177,74),(254,110),(41,10),(117,90),(277,22),(177,57),(121,17),(100,142),(77,86),(29,56),(237,89),(17,153),(236,70),(160,98),(224,58),(277,104),
109:(253,127),(264,86),(66,114),(61,71),(177,74),(254,111),(41,9),(116,90),(277,21),(177,57),(122,17),(101,142),(77,86),(29,56),(236,89),(17,153),(236,70),(161,98),(225,58),(277,105),
110:(253,126),(263,86),(67,114),(62,71),(177,74),(254,112),(41,9),(115,90),(276,21),(177,57),(123,17),(102,142),(77,86),(29,56),(235,89),(17,153),(236,70),(162,98),(226,58),(276,105),
111:(253,125),(262,86),(68,114),(62,72),(177,74),(254,113),(41,9),(114,90),(275,21),(177,57),(124,17),(103,142),(77,86),(29,56),(234,89),(17,153),(236,70),(163,98),(227,58),(275,105),
112:(252,125),(261,86),(69,114),(62,73),(177,74),(254,114),(41,9),(113,90),(274,21),(177,57),(125,17),(104,142),(77,86),(29,56),(233,89),(17,153),(236,70),(163,97),(228,58),(274,105),
113:(251,125),(260,86),(70,114),(63,73),(177,74),(254,115),(41,9),(112,90),(273,21),(177,57),(126,17),(105,142),(77,86),(29,56),(232,89),(17,153),(236,70),(164,97),(229,58),(273,105),
114:(250,125),(259,86),(71,114),(63,74),(177,74),(254,116),(41,9),(111,90),(272,21),(177,57),(127,17),(106,142),(77,86),(29,56),(231,89),(17,153),(236,70),(165,97),(229,59),(272,105),
115:(249,125),(258,86),(72,114),(64,74),(177,74),(254,116),(41,9),(110,90),(271,21),(177,57),(128,17),(107,142),(77,86),(29,56),(230,89),(17,153),(236,70),(166,97),(230,59),(271,105),
116:(248,125),(257,86),(73,114),(65,74),(177,74),(254,116),(41,9),(109,90),(270,21),(177,57),(129,17),(108,142),(77,86),(29,56),(230,88),(17,153),(236,70),(167,97),(230,60),(270,105),
117:(247,125),(256,86),(74,114),(66,74),(177,74),(254,116),(41,9),(108,90),(269,21),(177,57),(130,17),(109,142),(77,86),(29,56),(230,87),(17,153),(236,70),(168,97),(230,61),(269,105),
118:(246,125),(255,86),(74,115),(67,74),(177,74),(254,116),(41,9),(108,90),(268,21),(177,57),(131,17),(110,142),(77,86),(29,56),(230,86),(17,153),(236,70),(169,97),(231,61),(268,105),
119:(245,125),(254,86),(74,116),(68,74),(177,74),(254,116),(41,9),(108,90),(267,21),(177,57),(132,17),(111,142),(77,86),(29,56),(229,86),(17,153),(236,70),(169,96),(231,62),(267,105),
120:(244,125),(253,86),(74,117),(69,74),(177,74),(254,116),(41,9),(108,90),(266,21),(177,57),(133,17),(112,142),(77,86),(29,56),(228,86),(17,153),(236,70),(169,95),(232,62),(266,105),
121:(243,125),(253,87),(74,118),(70,74),(177,74),(254,116),(41,9),(108,90),(265,21),(177,57),(134,17),(113,142),(77,86),(29,56),(228,85),(17,153),(236,70),(169,94),(233,62),(265,105),
122:(242,125),(253,88),(74,119),(71,74),(177,74),(254,116),(41,9),(108,90),(264,21),(177,57),(135,17),(114,142),(77,86),(29,56),(227,85),(17,153),(236,70),(169,93),(234,62),(264,105),
123:(242,124),(253,89),(74,120),(72,74),(177,74),(254,116),(41,9),(108,90),(263,21),(177,57),(136,17),(115,142),(77,86),(29,56),(226,85),(17,153),(236,70),(170,93),(235,62),(263,105),
124:(241,124),(253,90),(74,121),(73,74),(177,74),(254,116),(41,9),(108,90),(262,21),(177,57),(137,17),(116,142),(77,86),(29,56),(225,85),(17,153),(236,70),(171,93),(236,62),(262,105),
125:(241,123),(253,91),(74,122),(74,74),(177,74),(254,116),(41,9),(108,90),(261,21),(177,57),(138,17),(117,142),(77,86),(29,56),(224,85),(17,153),(236,70),(172,93),(237,62),(261,105),
126:(241,122),(253,92),(74,123),(75,74),(177,74),(254,116),(41,9),(108,90),(260,21),(177,57),(139,17),(118,142),(77,86),(29,56),(223,85),(17,153),(236,70),(173,93),(238,62),(260,105),
127:(240,122),(253,93),(74,124),(76,74),(177,74),(254,116),(41,9),(108,90),(259,21),(177,57),(140,17),(119,142),(77,86),(29,56),(222,85),(17,153),(236,70),(174,93),(239,62),(259,105),
128:(239,122),(252,93),(74,125),(77,74),(177,74),(254,116),(41,9),(108,90),(258,21),(177,57),(141,17),(120,142),(77,86),(29,56),(221,85),(17,153),(236,70),(175,93),(240,62),(258,105),
129:(238,122),(252,94),(75,125),(78,74),(177,74),(254,116),(41,9),(108,90),(257,21),(177,57),(142,17),(121,142),(77,86),(29,56),(220,85),(17,153),(236,70),(176,93),(241,62),(257,105),
130:(238,121),(251,94),(76,125),(79,74),(177,74),(254,116),(41,9),(108,90),(256,21),(177,57),(143,17),(122,142),(77,86),(29,56),(219,85),(17,153),(236,70),(177,93),(241,63),(256,105),
131:(237,121),(250,94),(77,125),(80,74),(177,74),(254,116),(41,9),(108,90),(255,21),(177,57),(144,17),(122,143),(77,86),(29,56),(218,85),(17,153),(236,70),(178,93),(242,63),(255,105),
132:(236,121),(249,94),(77,126),(81,74),(177,74),(254,116),(41,9),(108,90),(254,21),(177,57),(145,17),(122,144),(77,86),(29,56),(218,84),(17,153),(236,70),(179,93),(242,64),(254,105),
133:(235,121),(248,94),(78,126),(82,74),(177,74),(254,116),(41,9),(108,90),(253,21),(177,57),(146,17),(122,145),(77,86),(29,56),(217,84),(17,153),(236,70),(180,93),(242,65),(253,105),
134:(234,121),(247,94),(79,126),(83,74),(177,74),(254,116),(41,9),(108,90),(252,21),(177,57),(147,17),(122,146),(77,86),(29,56),(217,83),(17,153),(236,70),(181,93),(242,66),(252,105),
135:(233,121),(246,94),(80,126),(84,74),(177,74),(254,116),(41,9),(108,90),(251,21),(177,57),(148,17),(122,147),(77,86),(29,56),(217,82),(17,153),(236,70),(182,93),(242,67),(251,105),
136:(232,121),(245,94),(81,126),(85,74),(177,74),(254,116),(41,9),(108,90),(250,21),(177,57),(149,17),(122,148),(77,86),(29,56),(217,81),(17,153),(236,70),(183,93),(242,68),(250,105),
137:(231,121),(244,94),(82,126),(86,74),(177,74),(254,116),(41,9),(108,90),(249,21),(177,57),(150,17),(122,149),(77,86),(29,56),(216,81),(17,153),(236,70),(184,93),(242,69),(249,105),
138:(230,121),(243,94),(83,126),(87,74),(177,74),(254,116),(41,9),(108,90),(248,21),(177,57),(151,17),(122,150),(77,86),(29,56),(215,81),(17,153),(236,70),(185,93),(242,70),(248,105),
139:(230,120),(242,94),(84,126),(88,74),(177,74),(254,116),(41,9),(108,90),(247,21),(177,57),(152,17),(123,150),(77,86),(29,56),(214,81),(17,153),(236,70),(186,93),(242,71),(247,105),
140:(229,120),(241,94),(85,126),(89,74),(177,74),(254,116),(41,9),(108,90),(246,21),(177,57),(153,17),(124,150),(77,86),(29,56),(213,81),(17,153),(236,70),(187,93),(242,72),(246,105),
141:(229,119),(240,94),(85,127),(90,74),(177,74),(254,116),(41,9),(108,90),(245,21),(177,57),(154,17),(125,150),(77,86),(29,56),(212,81),(17,153),(236,70),(188,93),(242,73),(245,105),
142:(229,118),(239,94),(85,128),(91,74),(177,74),(254,116),(41,9),(108,90),(244,21),(177,57),(155,17),(126,150),(77,86),(29,56),(211,81),(17,153),(236,70),(189,93),(242,74),(244,105),
143:(229,117),(238,94),(86,128),(92,74),(177,74),(254,116),(41,9),(108,90),(243,21),(177,57),(156,17),(127,150),(77,86),(29,56),(210,81),(17,153),(236,70),(190,93),(242,75),(243,105),
144:(229,116),(237,94),(86,129),(93,74),(177,74),(254,116),(41,9),(108,90),(242,21),(177,57),(157,17),(128,150),(77,86),(29,56),(209,81),(17,153),(236,70),(191,93),(242,76),(242,105),
145:(229,115),(236,94),(86,130),(94,74),(177,74),(254,116),(41,9),(108,90),(241,21),(177,57),(158,17),(129,150),(77,86),(29,56),(208,81),(17,153),(236,70),(192,93),(242,77),(241,105),
146:(229,114),(235,94),(86,131),(95,74),(177,74),(254,116),(41,9),(108,90),(240,21),(177,57),(159,17),(130,150),(77,86),(29,56),(207,81),(17,153),(236,70),(193,93),(242,78),(240,105),
147:(229,113),(234,94),(86,132),(96,74),(177,74),(254,116),(41,9),(108,90),(239,21),(177,57),(160,17),(131,150),(77,86),(29,56),(206,81),(17,153),(236,70),(193,92),(242,79),(239,105),
148:(229,112),(233,94),(86,133),(97,74),(177,74),(254,116),(41,9),(108,90),(238,21),(177,57),(161,17),(132,150),(77,86),(29,56),(206,80),(17,153),(236,70),(194,92),(242,80),(238,105),
149:(229,111),(232,94),(86,134),(98,74),(177,74),(254,116),(41,9),(108,90),(237,21),(177,57),(162,17),(133,150),(77,86),(29,56),(206,79),(17,153),(236,70),(194,91),(242,81),(237,105),
150:(229,110),(231,94),(86,135),(98,75),(177,74),(254,116),(41,9),(108,90),(236,21),(177,57),(163,17),(134,150),(77,86),(29,56),(205,79),(17,153),(236,70),(194,90),(242,82),(236,105),
151:(229,109),(230,94),(86,136),(98,76),(177,74),(254,116),(41,9),(108,90),(235,21),(177,57),(164,17),(135,150),(77,86),(29,56),(205,78),(17,153),(236,70),(195,90),(242,83),(235,105),
152:(229,108),(230,95),(86,137),(98,77),(177,74),(254,116),(41,9),(108,90),(234,21),(177,57),(165,17),(136,150),(77,86),(29,56),(205,77),(17,153),(236,70),(195,89),(242,84),(234,105),
153:(229,107),(229,95),(86,138),(98,78),(177,74),(254,116),(41,9),(108,90),(233,21),(177,57),(166,17),(137,150),(77,86),(29,56),(204,77),(17,153),(236,70),(196,89),(242,85),(233,105),
154:(229,106),(229,96),(86,139),(98,79),(177,74),(254,116),(41,9),(108,90),(232,21),(177,57),(167,17),(138,150),(77,86),(29,56),(203,77),(17,153),(236,70),(197,89),(242,86),(232,105),
155:(229,105),(229,97),(86,140),(98,80),(177,74),(254,116),(41,9),(108,90),(231,21),(177,57),(168,17),(139,150),(77,86),(29,56),(202,77),(17,153),(236,70),(198,89),(242,87),(231,105),
156:(229,104),(228,97),(86,141),(98,81),(177,74),(254,116),(41,9),(108,90),(230,21),(177,57),(169,17),(140,150),(77,86),(29,56),(201,77),(17,153),(236,70),(199,89),(242,88),(230,105),
157:(229,103),(228,98),(86,142),(98,82),(177,74),(254,116),(41,9),(108,90),(229,21),(177,57),(170,17),(141,150),(77,86),(29,56),(200,77),(17,153),(236,70),(200,89),(242,89),(229,105),
158:(229,102),(227,98),(86,143),(99,82),(177,74),(254,116),(41,9),(108,90),(228,21),(177,57),(171,17),(142,150),(77,86),(29,56),(199,77),(17,153),(236,70),(201,89),(242,90),(228,105),
159:(228,102),(226,98),(86,144),(100,82),(177,74),(254,116),(41,9),(108,90),(227,21),(177,57),(172,17),(143,150),(77,86),(29,56),(198,77),(17,153),(236,70),(202,89),(242,91),(227,105),
160:(228,101),(225,98),(86,145),(101,82),(177,74),(254,116),(41,9),(108,90),(226,21),(177,57),(173,17),(144,150),(77,86),(29,56),(197,77),(17,153),(236,70),(203,89),(242,92),(226,105),
161:(227,101),(224,98),(86,146),(102,82),(177,74),(254,116),(41,9),(108,90),(225,21),(177,57),(174,17),(145,150),(77,86),(29,56),(196,77),(17,153),(236,70),(204,89),(242,93),(225,105),
162:(226,101),(223,98),(86,147),(103,82),(177,74),(254,116),(41,9),(108,90),(224,21),(177,57),(175,17),(146,150),(77,86),(29,56),(195,77),(17,153),(236,70),(205,89),(243,93),(224,105),
163:(225,101),(222,98),(86,148),(104,82),(177,74),(254,116),(41,9),(108,90),(223,21),(177,57),(176,17),(147,150),(77,86),(29,56),(194,77),(17,153),(236,70),(206,89),(244,93),(223,105),
164:(224,101),(221,98),(86,149),(105,82),(177,74),(254,116),(41,9),(108,90),(222,21),(177,57),(177,17),(148,150),(77,86),(29,56),(193,77),(17,153),(236,70),(207,89),(245,93),(222,105),
165:(223,101),(220,98),(86,150),(106,82),(177,74),(254,116),(41,9),(108,90),(221,21),(177,57),(178,17),(149,150),(77,86),(29,56),(192,77),(17,153),(236,70),(208,89),(246,93),(221,105),
166:(222,101),(219,98),(86,151),(107,82),(177,74),(254,116),(41,9),(108,90),(220,21),(177,57),(179,17),(150,150),(77,86),(29,56),(191,77),(17,153),(236,70),(209,89),(247,93),(220,105),
167:(221,101),(218,98),(86,152),(108,82),(177,74),(254,116),(41,9),(108,90),(219,21),(177,57),(180,17),(151,150),(77,86),(29,56),(190,77),(17,153),(236,70),(210,89),(247,93),(219,105),
168:(220,101),(218,99),(86,153),(109,82),(177,74),(254,116),(41,9),(108,90),(218,21),(177,57),(181,17),(152,150),(77,86),(29,56),(189,77),(17,153),(236,70),(211,89),(247,93),(218,105),
169:(219,101),(217,99),(86,154),(109,83),(177,74),(254,116),(41,9),(108,90),(217,21),(177,57),(182,17),(153,150),(77,86),(29,56),(188,77),(17,153),(236,70),(212,89),(247,93),(217,105),
170:(218,101),(217,100),(86,155),(109,84),(177,74),(254,116),(41,9),(108,90),(216,21),(177,57),(183,17),(154,150),(77,86),(29,56),(187,77),(17,153),(236,70),(213,89),(247,93),(216,105),
171:(217,101),(217,100),(86,156),(110,84),(177,74),(254,116),(41,9),(108,90),(215,21),(177,57),(184,17),(155,150),(77,86),(29,56),(186,77),(17,153),(236,70),(214,89),(247,93),(215,105),
172:(216,101),(217,101),(86,157),(110,85),(177,74),(254,116),(41,9),(108,90),(214,21),(177,57),(185,17),(156,150),(77,86),(29,56),(185,77),(17,153),(236,70),(215,89),(247,93),(214,105),
173:(215,101),(217,102),(86,158),(110,86),(177,74),(254,116),(41,9),(108,90),(213,21),(177,57),(186,17),(157,150),(77,86),(29,56),(184,77),(17,153),(236,70),(216,89),(247,93),(213,105),
174:(214,101),(216,102),(86,159),(110,87),(177,74),(254,116),(41,9),(108,90),(212,21),(177,57),(187,17),(158,150),(77,86),(29,56),(183,77),(17,153),(236,70),(217,89),(247,93),(212,105),
175:(213,101),(215,102),(86,160),(110,88),(177,74),(254,116),(41,9),(108,90),(211,21),(177,57),(188,17),(159,150),(77,86),(29,56),(182,77),(17,153),(236,70),(217,88),(247,93),(211,105),
176:(212,101),(214,102),(86,161),(110,89),(177,74),(254,116),(41,9),(108,90),(210,21),(177,57),(189,17),(160,150),(77,86),(29,56),(181,77),(17,153),(236,70),(218,88),(247,93),(210,105),
177:(211,101),(213,102),(87,161),(110,90),(177,74),(254,116),(41,9),(108,90),(209,21),(177,57),(190,17),(161,150),(77,86),(29,56),(181,76),(17,153),(236,70),(218,87),(247,93),(209,105),
178:(210,101),(212,102),(87,162),(110,91),(177,74),(254,116),(41,9),(108,90),(208,21),(177,57),(191,17),(162,150),(77,86),(29,56),(181,75),(17,153),(236,70),(218,86),(247,93),(208,105),
179:(209,101),(211,102),(88,162),(110,92),(177,74),(254,116),(41,9),(108,90),(207,21),(177,57),(192,17),(163,150),(77,86),(29,56),(181,74),(17,153),(236,70),(218,85),(247,93),(207,105),
180:(208,101),(210,102),(88,162),(110,93),(177,74),(254,116),(41,9),(108,90),(206,21),(177,57),(193,17),(164,150),(77,86),(29,56),(180,74),(17,153),(236,70),(219,85),(247,93),(206,105),
181:(207,101),(209,102),(88,162),(110,94),(177,74),(254,116),(41,9),(108,90),(205,21),(177,57),(194,17),(165,150),(77,86),(29,56),(179,74),(17,153),(236,70),(220,85),(247,93),(205,105),
182:(206,101),(208,102),(88,162),(110,95),(177,74),(254,116),(41,9),(108,90),(204,21),(177,57),(195,17),(166,150),(77,86),(29,56),(178,74),(17,153),(236,70),(221,85),(247,93),(204,105),
183:(206,100),(207,102),(88,162),(110,96),(177,74),(254,116),(41,9),(108,90),(203,21),(177,57),(196,17),(167,150),(77,86),(29,56),(178,73),(17,153),(236,70),(222,85),(247,93),(203,105),
184:(206,99),(206,102),(88,162),(110,97),(177,74),(254,116),(41,9),(108,90),(202,21),(177,57),(197,17),(168,150),(77,86),(29,56),(177,73),(17,153),(236,70),(223,85),(247,93),(203,105),
185:(205,99),(205,102),(88,162),(111,97),(177,74),(254,116),(41,9),(108,90),(201,21),(177,57),(198,17),(169,150),(77,86),(29,56),(176,73),(17,153),(236,70),(224,85),(247,93),(203,105),
186:(205,98),(205,103),(88,162),(112,97),(177,74),(254,116),(41,9),(108,90),(200,21),(177,57),(199,17),(170,150),(77,86),(29,56),(175,73),(17,153),(236,70),(225,85),(247,93),(203,105),
187:(205,97),(205,104),(88,162),(113,97),(177,74),(254,116),(41,9),(108,90),(199,21),(177,57),(200,17),(171,150),(77,86),(29,56),(174,73),(17,153),(236,70),(226,85),(247,93),(203,105),
188:(205,96),(205,105),(88,162),(113,98),(177,74),(254,116),(41,9),(108,90),(198,21),(177,57),(201,17),(172,150),(77,86),(29,56),(173,73),(17,153),(236,70),(227,85),(247,93),(203,105),
189:(205,95),(205,106),(88,162),(114,98),(177,74),(254,116),(41,9),(108,90),(197,21),(177,57),(202,17),(173,150),(77,86),(29,56),(172,73),(17,153),(236,70),(228,85),(247,93),(203,105),
190:(205,94),(204,106),(88,162),(115,98),(177,74),(254,116),(41,9),(108,90),(196,21),(177,57),(203,17),(174,150),(77,86),(29,56),(171,73),(17,153),(236,70),(229,85),(247,93),(203,105),
191:(205,93),(203,106),(88,162),(116,98),(177,74),(254,116),(41,9),(108,90),(195,21),(177,57),(204,17),(175,150),(77,86),(29,56),(170,73),(17,153),(236,70),(229,84),(247,93),(203,105),
192:(204,93),(202,106),(88,162),(117,98),(177,74),(254,116),(41,9),(108,90),(194,21),(177,57),(205,17),(176,150),(77,86),(29,56),(170,72),(17,153),(236,70),(229,83),(247,93),(203,105),
193:(203,93),(201,106),(88,162),(118,98),(177,74),(254,116),(41,9),(108,90),(193,21),(177,57),(206,17),(177,150),(77,86),(29,56),(170,71),(17,153),(236,70),(230,83),(247,93),(203,105),
194:(202,93),(200,106),(88,162),(119,98),(177,74),(254,116),(41,9),(108,90),(192,21),(177,57),(207,17),(178,150),(77,86),(29,56),(169,71),(17,153),(236,70),(230,82),(247,93),(203,105),
195:(201,93),(199,106),(88,162),(120,98),(177,74),(254,116),(41,9),(108,90),(191,21),(177,57),(208,17),(179,150),(77,86),(29,56),(169,70),(17,153),(236,70),(230,81),(247,93),(203,105),
196:(200,93),(198,106),(88,162),(121,98),(177,74),(254,116),(41,9),(108,90),(190,21),(177,57),(209,17),(180,150),(77,86),(29,56),(169,69),(17,153),(236,70),(230,80),(247,93),(203,105),
197:(199,93),(197,106),(88,162),(122,98),(177,74),(254,116),(41,9),(108,90),(189,21),(177,57),(210,17),(181,150),(77,86),(29,56),(169,68),(17,153),(236,70),(230,79),(247,93),(203,105),
198:(198,93),(196,106),(88,162),(123,98),(177,74),(254,116),(41,9),(108,90),(188,21),(177,57),(211,17),(182,150),(77,86),(29,56),(169,67),(17,153),(236,70),(230,78),(247,93),(203,105),
199:(197,93),(195,106),(88,162),(124,98),(177,74),(254,116),(41,9),(108,90),(187,21),(177,57),(212,17),(183,150),(77,86),(29,56),(169,66),(17,153),(236,70),(231,78),(247,93),(203,105),
200:(196,93),(194,106),(88,162),(125,98),(177,74),(254,116),(41,9),(108,90),(186,21),(177,57),(213,17),(184,150),(77,86),(29,56),(169,65),(17,153),(236,70),(231,77),(247,93),(203,105),
201:(195,93),(193,106),(88,162),(126,98),(177,74),(254,116),(41,9),(108,90),(185,21),(177,57),(214,17),(185,150),(77,86),(29,56),(168,65),(17,153),(236,70),(232,77),(247,93),(203,105),
202:(194,93),(192,106),(88,162),(127,98),(177,74),(254,116),(41,9),(108,90),(184,21),(177,57),(215,17),(186,150),(77,86),(29,56),(167,65),(17,153),(236,70),(233,77),(247,93),(203,105),
203:(194,92),(191,106),(88,162),(128,98),(177,74),(254,116),(41,9),(108,90),(183,21),(177,57),(216,17),(187,150),(77,86),(29,56),(166,65),(17,153),(236,70),(234,77),(247,93),(203,105),
204:(194,91),(190,106),(88,162),(129,98),(177,74),(254,116),(41,9),(108,90),(182,21),(177,57),(217,17),(188,150),(77,86),(29,56),(165,65),(17,153),(236,70),(235,77),(247,93),(203,105),
205:(193,91),(189,106),(88,162),(130,98),(177,74),(254,116),(41,9),(108,90),(181,21),(177,57),(218,17),(189,150),(77,86),(29,56),(164,65),(17,153),(236,70),(236,77),(247,93),(203,105),
206:(193,90),(188,106),(88,162),(131,98),(177,74),(254,116),(41,9),(108,90),(180,21),(177,57),(219,17),(190,150),(77,86),(29,56),(163,65),(17,153),(236,70),(237,77),(247,93),(203,105),
207:(193,89),(187,106),(88,162),(132,98),(177,74),(254,116),(41,9),(108,90),(179,21),(177,57),(220,17),(191,150),(77,86),(29,56),(162,65),(17,153),(236,70),(238,77),(247,93),(203,105),
208:(192,89),(186,106),(88,162),(133,98),(177,74),(254,116),(41,9),(108,90),(178,21),(177,57),(221,17),(192,150),(77,86),(29,56),(161,65),(17,153),(236,70),(239,77),(247,93),(203,105),
209:(191,89),(185,106),(88,162),(133,99),(177,74),(254,116),(41,9),(108,90),(177,21),(177,57),(222,17),(193,150),(77,86),(29,56),(160,65),(17,153),(236,70),(240,77),(247,93),(203,105),
210:(190,89),(184,106),(88,162),(134,99),(177,74),(254,116),(41,9),(108,90),(176,21),(177,57),(223,17),(194,150),(77,86),(29,56),(159,65),(17,153),(236,70),(241,77),(247,93),(203,105),
211:(189,89),(183,106),(88,162),(134,100),(177,74),(254,116),(41,9),(108,90),(175,21),(177,57),(224,17),(195,150),(77,86),(29,56),(158,65),(17,153),(236,70),(241,76),(247,93),(203,105),
212:(188,89),(182,106),(88,162),(134,101),(177,74),(254,116),(41,9),(108,90),(174,21),(177,57),(225,17),(196,150),(77,86),(29,56),(158,64),(17,153),(236,70),(241,75),(247,93),(203,105),
213:(187,89),(182,107),(88,162),(135,101),(177,74),(254,116),(41,9),(108,90),(173,21),(177,57),(226,17),(197,150),(77,86),(29,56),(158,63),(17,153),(236,70),(241,74),(247,93),(203,105),
214:(186,89),(181,107),(88,162),(136,101),(177,74),(254,116),(41,9),(108,90),(172,21),(177,57),(227,17),(198,150),(77,86),(29,56),(157,63),(17,153),(236,70),(242,74),(247,93),(203,105),
215:(185,89),(181,108),(88,162),(136,102),(177,74),(254,116),(41,9),(108,90),(172,21),(177,57),(228,17),(199,150),(77,86),(29,56),(157,62),(17,153),(236,70),(243,74),(247,93),(203,105),
216:(184,89),(181,109),(88,162),(137,102),(177,74),(254,116),(41,9),(108,90),(172,21),(177,57),(229,17),(200,150),(77,86),(29,56),(157,61),(17,153),(236,70),(244,74),(247,93),(203,105),
217:(183,89),(181,110),(88,162),(138,102),(177,74),(254,116),(41,9),(108,90),(172,21),(177,57),(230,17),(201,150),(77,86),(29,56),(157,60),(17,153),(236,70),(245,74),(247,93),(203,105),
218:(182,89),(180,110),(88,162),(139,102),(177,74),(254,116),(41,9),(108,90),(172,21),(177,57),(231,17),(202,150),(77,86),(29,56),(157,59),(17,153),(236,70),(246,74),(247,93),(203,105),
219:(181,89),(179,110),(88,162),(140,102),(177,74),(254,116),(41,9),(108,90),(172,21),(177,57),(232,17),(203,150),(77,86),(29,56),(157,58),(17,153),(236,70),(246,73),(247,93),(203,105),
220:(180,89),(178,110),(88,162),(141,102),(177,74),(254,116),(41,9),(108,90),(172,21),(177,57),(233,17),(204,150),(77,86),(29,56),(157,57),(17,153),(236,70),(247,73),(247,93),(203,105),
221:(179,89),(177,110),(88,162),(142,102),(177,74),(254,116),(41,9),(108,90),(172,21),(177,57),(234,17),(205,150),(77,86),(29,56),(157,56),(17,153),(236,70),(248,73),(247,93),(203,105),
222:(178,89),(176,110),(88,162),(143,102),(177,74),(254,116),(41,9),(108,90),(172,21),(177,57),(235,17),(206,150),(77,86),(29,56),(157,55),(17,153),(236,70),(249,73),(247,93),(203,105),
223:(177,89),(175,110),(88,162),(144,102),(177,74),(254,116),(41,9),(108,90),(172,21),(177,57),(236,17),(207,150),(77,86),(29,56),(157,54),(17,153),(236,70),(250,73),(247,93),(203,105),
224:(176,89),(174,110),(88,162),(145,102),(177,74),(254,116),(41,9),(108,90),(172,21),(177,57),(237,17),(208,150),(77,86),(29,56),(157,53),(17,153),(236,70),(251,73),(247,93),(203,105),
225:(175,89),(173,110),(88,162),(146,102),(177,74),(254,116),(41,9),(108,90),(172,21),(177,57),(238,17),(209,150),(77,86),(29,56),(157,52),(17,153),(236,70),(252,73),(247,93),(203,105),
226:(174,89),(172,110),(88,162),(147,102),(177,74),(254,116),(41,9),(108,90),(172,21),(177,57),(239,17),(210,150),(77,86),(29,56),(157,51),(17,153),(236,70),(253,73),(247,93),(203,105),
227:(173,89),(171,110),(88,162),(148,102),(177,74),(254,116),(41,9),(108,90),(172,21),(177,57),(240,17),(211,150),(77,86),(29,56),(157,50),(17,153),(236,70),(253,72),(247,93),(203,105),
228:(172,89),(170,110),(88,162),(149,102),(177,74),(254,116),(41,9),(108,90),(172,21),(177,57),(241,17),(212,150),(77,86),(29,56),(157,49),(17,153),(236,70),(253,71),(247,93),(203,105),
229:(171,89),(170,111),(88,162),(150,102),(177,74),(254,116),(41,9),(108,90),(172,21),(177,57),(242,17),(213,150),(77,86),(29,56),(157,48),(17,153),(236,70),(253,70),(247,93),(203,105),
230:(170,89),(170,112),(88,162),(151,102),(177,74),(254,116),(41,9),(108,90),(172,21),(177,57),(243,17),(214,150),(77,86),(29,56),(157,47),(17,153),(236,70),(253,69),(247,93),(203,105),
231:(169,89),(170,113),(88,162),(152,102),(177,74),(254,116),(41,9),(108,90),(172,21),(177,57),(244,17),(215,150),(77,86),(29,56),(157,46),(17,153),(236,70),(254,69),(247,93),(203,105),
232:(169,88),(170,114),(88,162),(153,102),(177,74),(254,116),(41,9),(108,90),(172,21),(177,57),(245,17),(216,150),(77,86),(29,56),(157,45),(17,153),(236,70),(254,68),(247,93),(203,105),
233:(169,87),(169,114),(88,162),(154,102),(177,74),(254,116),(41,9),(108,90),(172,21),(177,57),(246,17),(217,150),(77,86),(29,56),(157,44),(17,153),(236,70),(254,67),(247,93),(203,105),
234:(169,86),(169,115),(88,162),(155,102),(177,74),(254,116),(41,9),(108,90),(172,21),(177,57),(247,17),(218,150),(77,86),(29,56),(157,43),(17,153),(236,70),(254,66),(247,93),(203,105),
235:(169,85),(169,116),(88,162),(156,102),(177,74),(254,116),(41,9),(108,90),(172,21),(177,57),(248,17),(219,150),(77,86),(29,56),(157,42),(17,153),(236,70),(254,65),(247,93),(203,105),
236:(168,85),(169,117),(88,162),(157,102),(177,74),(254,116),(41,9),(108,90),(172,21),(177,57),(249,17),(220,150),(77,86),(29,56),(157,41),(17,153),(236,70),(254,64),(247,93),(203,105),
237:(167,85),(169,118),(88,162),(157,103),(177,74),(254,116),(41,9),(108,90),(172,21),(177,57),(250,17),(221,150),(77,86),(29,56),(157,40),(17,153),(236,70),(254,63),(247,93),(203,105),
238:(166,85),(169,119),(88,162),(158,103),(177,74),(254,116),(41,9),(108,90),(172,21),(177,57),(251,17),(222,150),(77,86),(29,56),(157,39),(17,153),(236,70),(254,62),(247,93),(203,105),
239:(165,85),(169,120),(88,162),(158,104),(177,74),(254,116),(41,9),(108,90),(172,21),(177,57),(252,17),(223,150),(77,86),(29,56),(157,38),(17,153),(236,70),(255,62),(247,93),(203,105),
240:(164,85),(169,121),(88,162),(158,105),(177,74),(254,116),(41,9),(108,90),(172,21),(177,57),(253,17),(224,150),(77,86),(29,56),(157,37),(17,153),(236,70),(255,61),(247,93),(203,105),
241:(163,85),(169,122),(88,162),(159,105),(177,74),(254,116),(41,9),(108,90),(172,21),(177,57),(254,17),(225,150),(77,86),(29,56),(157,36),(17,153),(236,70),(256,61),(247,93),(203,105),
242:(162,85),(169,123),(88,162),(160,105),(177,74),(254,116),(41,9),(108,90),(172,21),(177,57),(255,17),(226,150),(77,86),(29,56),(157,35),(17,153),(236,70),(257,61),(247,93),(203,105),
243:(161,85),(169,124),(88,162),(161,105),(177,74),(254,116),(41,9),(108,90),(172,21),(177,57),(256,17),(227,150),(77,86),(29,56),(157,34),(17,153),(236,70),(258,61),(247,93),(203,105),
244:(160,85),(169,125),(88,162),(162,105),(177,74),(254,116),(41,9),(108,90),(172,21),(177,57),(257,17),(228,150),(77,86),(29,56),(156,34),(17,153),(236,70),(259,61),(247,93),(203,105),
245:(159,85),(169,126),(88,162),(162,106),(177,74),(254,116),(41,9),(108,90),(172,21),(177,57),(258,17),(229,150),(77,86),(29,56),(155,34),(17,153),(236,70),(260,61),(247,93),(203,105),
246:(158,85),(169,127),(88,162),(163,106),(177,74),(254,116),(41,9),(108,90),(172,21),(177,57),(259,17),(230,150),(77,86),(29,56),(154,34),(17,153),(236,70),(261,61),(247,93),(203,105),
247:(158,84),(169,128),(88,162),(164,106),(177,74),(254,116),(41,9),(108,90),(172,21),(177,57),(260,17),(231,150),(77,86),(29,56),(153,34),(17,153),(236,70),(262,61),(247,93),(203,105),
248:(157,84),(169,129),(88,162),(165,106),(177,74),(254,116),(41,9),(108,90),(172,21),(177,57),(261,17),(232,150),(77,86),(29,56),(152,34),(17,153),(236,70),(263,61),(247,93),(203,105),
249:(157,83),(169,130),(88,162),(166,106),(177,74),(254,116),(41,9),(108,90),(172,21),(177,57),(262,17),(233,150),(77,86),(29,56),(152,34),(17,153),(236,70),(264,61),(247,93),(203,105),
250:(157,82),(169,131),(88,162),(167,106),(177,74),(254,116),(41,9),(108,90),(172,21),(177,57),(263,17),(234,150),(77,86),(29,56),(152,34),(17,153),(236,70),(265,61),(247,93),(203,105),
251:(157,81),(169,132),(88,162),(168,106),(177,74),(254,116),(41,9),(108,90),(172,21),(177,57),(264,17),(235,150),(77,86),(29,56),(152,34),(17,153),(236,70),(266,61),(247,93),(203,105),
252:(157,80),(169,133),(88,162),(169,106),(177,74),(254,116),(41,9),(108,90),(172,21),(177,57),(265,17),(236,150),(77,86),(29,56),(152,34),(17,153),(236,70),(267,61),(247,93),(203,105),
253:(157,79),(169,134),(88,162),(170,106),(177,74),(254,116),(41,9),(108,90),(172,21),(177,57),(266,17),(237,150),(77,86),(29,56),(152,34),(17,153),(236,70),(268,61),(247,93),(203,105),
254:(157,78),(169,135),(88,162),(171,106),(177,74),(254,116),(41,9),(108,90),(172,21),(177,57),(267,17),(238,150),(77,86),(29,56),(152,34),(17,153),(236,70),(269,61),(247,93),(203,105),
255:(156,78),(169,136),(88,162),(172,106),(177,74),(254,116),(41,9),(108,90),(172,21),(177,57),(268,17),(239,150),(77,86),(29,56),(152,34),(17,153),(236,70),(270,61),(247,93),(203,105),
256:(156,77),(169,137),(88,162),(173,106),(177,74),(254,116),(41,9),(108,90),(172,21),(177,57),(269,17),(240,150),(77,86),(29,56),(152,34),(17,153),(236,70),(271,61),(247,93),(203,105),
257:(155,77),(169,138),(88,162),(174,106),(177,74),(254,116),(41,9),(108,90),(172,21),(177,57),(270,17),(241,150),(77,86),(29,56),(152,34),(17,153),(236,70),(272,61),(247,93),(203,105),
258:(154,77),(169,139),(88,162),(175,106),(177,74),(254,116),(41,9),(108,90),(172,21),(177,57),(271,17),(242,150),(77,86),(29,56),(152,34),(17,153),(236,70),(273,61),(247,93),(203,105),
259:(153,77),(169,140),(88,162),(176,106),(177,74),(254,116),(41,9),(108,90),(172,21),(177,57),(272,17),(243,150),(77,86),(29,56),(152,34),(17,153),(236,70),(274,61),(247,93),(203,105),
260:(152,77),(169,141),(88,162),(177,106),(177,74),(254,116),(41,9),(108,90),(172,21),(177,57),(273,17),(244,150),(77,86),(29,56),(152,34),(17,153),(236,70),(275,61),(247,93),(203,105),
261:(151,77),(169,142),(88,162),(178,106),(177,74),(254,116),(41,9),(108,90),(172,21),(177,57),(273,17),(245,150),(77,86),(29,56),(152,34),(17,153),(236,70),(276,61),(247,93),(203,105),
262:(150,77),(169,143),(88,162),(179,106),(177,74),(254,116),(41,9),(108,90),(172,21),(177,57),(273,17),(246,150),(77,86),(29,56),(152,34),(17,153),(236,70),(277,61),(247,93),(203,105),
263:(149,77),(169,144),(88,162),(180,106),(177,74),(254,116),(41,9),(108,90),(172,21),(177,57),(273,17),(247,150),(77,86),(29,56),(152,34),(17,153),(236,70),(278,61),(247,93),(203,105),
264:(148,77),(169,145),(88,162),(181,106),(177,74),(254,116),(41,9),(108,90),(172,21),(177,57),(273,17),(248,150),(77,86),(29,56),(152,34),(17,153),(236,70),(278,60),(247,93),(203,105),
265:(147,77),(169,146),(88,162),(182,106),(177,74),(254,116),(41,9),(108,90),(172,21),(177,57),(273,17),(249,150),(77,86),(29,56),(152,34),(17,153),(236,70),(278,59),(247,93),(203,105),
266:(146,77),(169,147),(88,162),(183,106),(177,74),(254,116),(41,9),(108,90),(172,21),(177,57),(273,17),(250,150),(77,86),(29,56),(152,34),(17,153),(236,70),(278,58),(247,93),(203,105),
267:(145,77),(169,148),(88,162),(184,106),(177,74),(254,116),(41,9),(108,90),(172,21),(177,57),(273,17),(251,150),(77,86),(29,56),(152,34),(17,153),(236,70),(278,57),(247,93),(203,105),
268:(145,76),(169,149),(88,162),(185,106),(177,74),(254,116),(41,9),(108,90),(172,21),(177,57),(273,17),(252,150),(77,86),(29,56),(152,34),(17,153),(236,70),(278,56),(247,93),(203,105),
269:(145,75),(168,149),(88,162),(186,106),(177,74),(254,116),(41,9),(108,90),(172,21),(177,57),(273,17),(253,150),(77,86),(29,56),(152,34),(17,153),(236,70),(278,55),(247,93),(203,105),
270:(145,74),(167,149),(88,162),(187,106),(177,74),(254,116),(41,9),(108,90),(172,21),(177,57),(273,17),(254,150),(77,86),(29,56),(152,34),(17,153),(236,70),(278,54),(247,93),(203,105),
271:(144,74),(166,149),(88,162),(188,106),(177,74),(254,116),(41,9),(108,90),(172,21),(177,57),(273,17),(255,150),(77,86),(29,56),(152,34),(17,153),(236,70),(278,53),(247,93),(203,105),
272:(144,73),(165,149),(88,162),(189,106),(177,74),(254,116),(41,9),(108,90),(172,21),(177,57),(273,17),(256,150),(77,86),(29,56),(152,34),(17,153),(236,70),(279,53),(247,93),(203,105),
273:(143,73),(164,149),(88,162),(190,106),(177,74),(254,116),(41,9),(108,90),(172,21),(177,57),(273,17),(257,150),(77,86),(29,56),(152,34),(17,153),(236,70),(280,53),(247,93),(203,105),
274:(142,73),(163,149),(88,162),(191,106),(177,74),(254,116),(41,9),(108,90),(172,21),(177,57),(273,17),(258,150),(77,86),(29,56),(152,34),(17,153),(236,70),(281,53),(247,93),(203,105),
275:(141,73),(162,149),(88,162),(192,106),(177,74),(254,116),(41,9),(108,90),(172,21),(177,57),(273,17),(259,150),(77,86),(29,56),(152,34),(17,153),(236,70),(282,53),(247,93),(203,105),
276:(140,73),(161,149),(88,162),(193,106),(177,74),(254,116),(41,9),(108,90),(172,21),(177,57),(273,17),(260,150),(77,86),(29,56),(152,34),(17,153),(236,70),(283,53),(247,93),(203,105),
277:(139,73),(161,149),(88,162),(194,106),(177,74),(254,116),(41,9),(108,90),(172,21),(177,57),(273,17),(261,150),(77,86),(29,56),(152,34),(17,153),(236,70),(284,53),(247,93),(203,105),
278:(138,73),(161,149),(88,162),(194,107),(177,74),(254,116),(41,9),(108,90),(172,21),(177,57),(273,17),(262,150),(77,86),(29,56),(152,34),(17,153),(236,70),(285,53),(247,93),(203,105),
279:(137,73),(161,149),(88,162),(194,108),(177,74),(254,116),(41,9),(108,90),(172,21),(177,57),(273,17),(263,150),(77,86),(29,56),(152,34),(17,153),(236,70),(286,53),(247,93),(203,105),
280:(136,73),(161,149),(88,162),(194,109),(177,74),(254,116),(41,9),(108,90),(172,21),(177,57),(273,17),(264,150),(77,86),(29,56),(152,34),(17,153),(236,70),(287,53),(247,93),(203,105),
281:(135,73),(161,149),(88,162),(194,110),(177,74),(254,116),(41,9),(108,90),(172,21),(177,57),(273,17),(265,150),(77,86),(29,56),(152,34),(17,153),(236,70),(288,53),(247,93),(203,105),
282:(134,73),(161,149),(88,162),(195,110),(177,74),(254,116),(41,9),(108,90),(172,21),(177,57),(273,17),(266,150),(77,86),(29,56),(152,34),(17,153),(236,70),(289,53),(247,93),(203,105),
283:(133,73),(161,149),(88,162),(196,110),(177,74),(254,116),(41,9),(108,90),(172,21),(177,57),(273,17),(267,150),(77,86),(29,56),(152,34),(17,153),(236,70),(290,53),(247,93),(203,105),
284:(132,73),(161,149),(88,162),(197,110),(177,74),(254,116),(41,9),(108,90),(172,21),(177,57),(273,17),(268,150),(77,86),(29,56),(152,34),(17,153),(236,70),(291,53),(247,93),(203,105),
285:(131,73),(161,149),(88,162),(198,110),(177,74),(254,116),(41,9),(108,90),(172,21),(177,57),(273,17),(269,150),(77,86),(29,56),(152,34),(17,153),(236,70),(291,52),(247,93),(203,105),
286:(130,73),(161,149),(88,162),(199,110),(177,74),(254,116),(41,9),(108,90),(172,21),(177,57),(273,17),(270,150),(77,86),(29,56),(152,34),(17,153),(236,70),(291,51),(247,93),(203,105),
287:(129,73),(161,149),(88,162),(200,110),(177,74),(254,116),(41,9),(108,90),(172,21),(177,57),(273,17),(271,150),(77,86),(29,56),(152,34),(17,153),(236,70),(292,51),(247,93),(203,105),
288:(128,73),(161,149),(88,162),(201,110),(177,74),(254,116),(41,9),(108,90),(172,21),(177,57),(273,17),(272,150),(77,86),(29,56),(152,34),(17,153),(236,70),(293,51),(247,93),(203,105),
289:(127,73),(161,149),(88,162),(202,110),(177,74),(254,116),(41,9),(108,90),(172,21),(177,57),(273,17),(273,150),(77,86),(29,56),(152,34),(17,153),(236,70),(294,51),(247,93),(203,105),
290:(126,73),(161,149),(88,162),(203,110),(177,74),(254,116),(41,9),(108,90),(172,21),(177,57),(273,17),(274,150),(77,86),(29,56),(152,34),(17,153),(236,70),(294,50),(247,93),(203,105),
291:(125,73),(161,149),(88,162),(204,110),(177,74),(254,116),(41,9),(108,90),(172,21),(177,57),(273,17),(275,150),(77,86),(29,56),(152,34),(17,153),(236,70),(295,50),(247,93),(203,105),
292:(124,73),(161,149),(88,162),(205,110),(177,74),(254,116),(41,9),(108,90),(172,21),(177,57),(273,17),(276,150),(77,86),(29,56),(152,34),(17,153),(236,70),(296,50),(247,93),(203,105),
293:(123,73),(161,149),(88,162),(205,111),(177,74),(254,116),(41,9),(108,90),(172,21),(177,57),(273,17),(277,150),(77,86),(29,56),(152,34),(17,153),(236,70),(297,50),(247,93),(203,105),
294:(122,73),(161,149),(88,162),(206,111),(177,74),(254,116),(41,9),(108,90),(172,21),(177,57),(273,17),(278,150),(77,86),(29,56),(152,34),(17,153),(236,70),(298,50),(247,93),(203,105),
295:(122,72),(161,149),(88,162),(206,112),(177,74),(254,116),(41,9),(108,90),(172,21),(177,57),(273,17),(279,150),(77,86),(29,56),(152,34),(17,153),(236,70),(299,50),(247,93),(203,105),
296:(121,72),(161,149),(88,162),(206,113),(177,74),(254,116),(41,9),(108,90),(172,21),(177,57),(273,17),(280,150),(77,86),(29,56),(152,34),(17,153),(236,70),(300,50),(247,93),(203,105),
297:(121,71),(161,149),(88,162),(207,113),(177,74),(254,116),(41,9),(108,90),(172,21),(177,57),(273,17),(281,150),(77,86),(29,56),(152,34),(17,153),(236,70),(301,50),(247,93),(203,105),
298:(121,70),(161,149),(88,162),(208,113),(177,74),(254,116),(41,9),(108,90),(172,21),(177,57),(273,17),(282,150),(77,86),(29,56),(152,34),(17,153),(236,70),(301,49),(247,93),(203,105),
299:(121,69),(161,149),(88,162),(208,114),(177,74),(254,116),(41,9),(108,90),(172,21),(177,57),(273,17),(283,150),(77,86),(29,56),(152,34),(17,153),(236,70),(301,48),(247,93),(203,105),
300:(121,68),(161,149),(88,162),(209,114),(177,74),(254,116),(41,9),(108,90),(172,21),(177,57),(273,17),(284,150),(77,86),(29,56),(152,34),(17,153),(236,70),(301,47),(247,93),(203,105),
301:(121,67),(161,149),(88,162),(210,114),(177,74),(254,116),(41,9),(108,90),(172,21),(177,57),(273,17),(285,150),(77,86),(29,56),(152,34),(17,153),(236,70),(301,46),(247,93),(203,105),
302:(121,66),(161,149),(88,162),(211,114),(177,74),(254,116),(41,9),(108,90),(172,21),(177,57),(273,17),(286,150),(77,86),(29,56),(152,34),(17,153),(236,70),(301,45),(247,93),(203,105),
303:(120,66),(161,149),(88,162),(212,114),(177,74),(254,116),(41,9),(108,90),(172,21),(177,57),(273,17),(287,150),(77,86),(29,56),(152,34),(17,153),(236,70),(301,44),(247,93),(203,105),
304:(120,65),(161,149),(88,162),(213,114),(177,74),(254,116),(41,9),(108,90),(172,21),(177,57),(273,17),(288,150),(77,86),(29,56),(152,34),(17,153),(236,70),(301,43),(247,93),(203,105),
305:(119,65),(161,149),(88,162),(214,114),(177,74),(254,116),(41,9),(108,90),(172,21),(177,57),(273,17),(289,150),(77,86),(29,56),(152,34),(17,153),(236,70),(301,42),(247,93),(203,105),
306:(118,65),(161,149),(88,162),(215,114),(177,74),(254,116),(41,9),(108,90),(172,21),(177,57),(273,17),(289,151),(77,86),(29,56),(152,34),(17,153),(236,70),(301,41),(247,93),(203,105),
307:(117,65),(161,149),(88,162),(216,114),(177,74),(254,116),(41,9),(108,90),(172,21),(177,57),(273,17),(289,152),(77,86),(29,56),(152,34),(17,153),(236,70),(301,40),(247,93),(203,105),
308:(116,65),(161,149),(88,162),(217,114),(177,74),(254,116),(41,9),(108,90),(172,21),(177,57),(273,17),(290,152),(77,86),(29,56),(152,34),(17,153),(236,70),(301,39),(247,93),(203,105),
309:(115,65),(161,149),(88,162),(218,114),(177,74),(254,116),(41,9),(108,90),(172,21),(177,57),(273,17),(291,152),(77,86),(29,56),(152,34),(17,153),(236,70),(301,38),(247,93),(203,105),
310:(114,65),(161,149),(88,162),(218,115),(177,74),(254,116),(41,9),(108,90),(172,21),(177,57),(273,17),(292,152),(77,86),(29,56),(152,34),(17,153),(236,70),(301,37),(247,93),(203,105),
311:(113,65),(161,149),(88,162),(218,116),(177,74),(254,116),(41,9),(108,90),(172,21),(177,57),(273,17),(293,152),(77,86),(29,56),(152,34),(17,153),(236,70),(301,36),(247,93),(203,105),
312:(112,65),(161,149),(88,162),(218,117),(177,74),(254,116),(41,9),(108,90),(172,21),(177,57),(273,17),(294,152),(77,86),(29,56),(152,34),(17,153),(236,70),(301,35),(247,93),(203,105),
313:(111,65),(161,149),(88,162),(219,117),(177,74),(254,116),(41,9),(108,90),(172,21),(177,57),(273,17),(295,152),(77,86),(29,56),(152,34),(17,153),(236,70),(301,34),(247,93),(203,105),
314:(110,65),(161,149),(88,162),(219,118),(177,74),(254,116),(41,9),(108,90),(172,21),(177,57),(273,17),(296,152),(77,86),(29,56),(152,34),(17,153),(236,70),(301,33),(247,93),(203,105),
315:(109,65),(161,149),(88,162),(220,118),(177,74),(254,116),(41,9),(108,90),(172,21),(177,57),(273,17),(297,152),(77,86),(29,56),(152,34),(17,153),(236,70),(301,32),(247,93),(203,105),
316:(108,65),(161,149),(88,162),(221,118),(177,74),(254,116),(41,9),(108,90),(172,21),(177,57),(273,17),(298,152),(77,86),(29,56),(152,34),(17,153),(236,70),(301,31),(247,93),(203,105),
317:(107,65),(161,149),(88,162),(222,118),(177,74),(254,116),(41,9),(108,90),(172,21),(177,57),(273,17),(299,152),(77,86),(29,56),(152,34),(17,153),(236,70),(301,30),(247,93),(203,105),
318:(106,65),(161,149),(88,162),(223,118),(177,74),(254,116),(41,9),(108,90),(172,21),(177,57),(273,17),(300,152),(77,86),(29,56),(152,34),(17,153),(236,70),(301,29),(247,93),(203,105),
319:(105,65),(161,149),(88,162),(224,118),(177,74),(254,116),(41,9),(108,90),(172,21),(177,57),(273,17),(301,152),(77,86),(29,56),(152,34),(17,153),(236,70),(301,28),(247,93),(203,105),
320:(104,65),(161,149),(88,162),(225,118),(177,74),(254,116),(41,9),(108,90),(172,21),(177,57),(273,17),(302,152),(77,86),(29,56),(152,34),(17,153),(236,70),(301,27),(247,93),(203,105),
321:(103,65),(161,149),(88,162),(226,118),(177,74),(254,116),(41,9),(108,90),(172,21),(177,57),(273,17),(303,152),(77,86),(29,56),(152,34),(17,153),(236,70),(301,26),(247,93),(203,105),
322:(102,65),(161,149),(88,162),(227,118),(177,74),(254,116),(41,9),(108,90),(172,21),(177,57),(273,17),(304,152),(77,86),(29,56),(152,34),(17,153),(236,70),(301,25),(247,93),(203,105),
323:(101,65),(161,149),(88,162),(228,118),(177,74),(254,116),(41,9),(108,90),(172,21),(177,57),(273,17),(305,152),(77,86),(29,56),(152,34),(17,153),(236,70),(301,24),(247,93),(203,105),
324:(100,65),(161,149),(88,162),(229,118),(177,74),(254,116),(41,9),(108,90),(172,21),(177,57),(273,17),(306,152),(77,86),(29,56),(152,34),(17,153),(236,70),(301,23),(247,93),(203,105),
325:(99,65),(161,149),(88,162),(230,118),(177,74),(254,116),(41,9),(108,90),(172,21),(177,57),(273,17),(307,152),(77,86),(29,56),(152,34),(17,153),(236,70),(301,22),(247,93),(203,105),
326:(98,65),(161,149),(88,162),(230,119),(177,74),(254,116),(41,9),(108,90),(172,21),(177,57),(273,17),(308,152),(77,86),(29,56),(152,34),(17,153),(236,70),(301,21),(247,93),(203,105),
327:(97,65),(161,149),(88,162),(230,120),(177,74),(254,116),(41,9),(108,90),(172,21),(177,57),(273,17),(309,152),(77,86),(29,56),(152,34),(17,153),(236,70),(301,20),(247,93),(203,105),
328:(96,65),(161,149),(88,162),(230,121),(177,74),(254,116),(41,9),(108,90),(172,21),(177,57),(273,17),(310,152),(77,86),(29,56),(152,34),(17,153),(236,70),(301,19),(247,93),(203,105),
329:(95,65),(161,149),(88,162),(230,122),(177,74),(254,116),(41,9),(108,90),(172,21),(177,57),(273,17),(311,152),(77,86),(29,56),(152,34),(17,153),(236,70),(301,18),(247,93),(203,105),
330:(94,65),(161,149),(88,162),(230,123),(177,74),(254,116),(41,9),(108,90),(172,21),(177,57),(273,17),(312,152),(77,86),(29,56),(152,34),(17,153),(236,70),(301,17),(247,93),(203,105),
331:(93,65),(161,149),(88,162),(230,124),(177,74),(254,116),(41,9),(108,90),(172,21),(177,57),(273,17),(313,152),(77,86),(29,56),(152,34),(17,153),(236,70),(301,16),(247,93),(203,105),
332:(92,65),(161,149),(88,162),(230,125),(177,74),(254,116),(41,9),(108,90),(172,21),(177,57),(273,17),(314,152),(77,86),(29,56),(152,34),(17,153),(236,70),(301,15),(247,93),(203,105),
333:(91,65),(161,149),(88,162),(230,126),(177,74),(254,116),(41,9),(108,90),(172,21),(177,57),(273,17),(315,152),(77,86),(29,56),(152,34),(17,153),(236,70),(301,14),(247,93),(203,105),
334:(90,65),(161,149),(88,162),(230,127),(177,74),(254,116),(41,9),(108,90),(172,21),(177,57),(273,17),(315,152),(77,86),(29,56),(152,34),(17,153),(236,70),(301,13),(247,93),(203,105),
335:(89,65),(161,149),(88,162),(230,128),(177,74),(254,116),(41,9),(108,90),(172,21),(177,57),(273,17),(315,152),(77,86),(29,56),(152,34),(17,153),(236,70),(301,12),(247,93),(203,105),
336:(88,65),(161,149),(88,162),(230,129),(177,74),(254,116),(41,9),(108,90),(172,21),(177,57),(273,17),(315,152),(77,86),(29,56),(152,34),(17,153),(236,70),(301,11),(247,93),(203,105),
337:(87,65),(161,149),(88,162),(230,130),(177,74),(254,116),(41,9),(108,90),(172,21),(177,57),(273,17),(315,152),(77,86),(29,56),(152,34),(17,153),(236,70),(301,10),(247,93),(203,105),
338:(86,65),(161,149),(88,162),(230,131),(177,74),(254,116),(41,9),(108,90),(172,21),(177,57),(273,17),(315,152),(77,86),(29,56),(152,34),(17,153),(236,70),(301,9),(247,93),(203,105),
339:(86,64),(161,149),(88,162),(230,132),(177,74),(254,116),(41,9),(108,90),(172,21),(177,57),(273,17),(315,152),(77,86),(29,56),(152,34),(17,153),(236,70),(301,8),(247,93),(203,105),
340:(85,64),(161,149),(88,162),(230,133),(177,74),(254,116),(41,9),(108,90),(172,21),(177,57),(273,17),(315,152),(77,86),(29,56),(152,34),(17,153),(236,70),(301,7),(247,93),(203,105),
341:(85,63),(161,149),(88,162),(230,134),(177,74),(254,116),(41,9),(108,90),(172,21),(177,57),(273,17),(315,152),(77,86),(29,56),(152,34),(17,153),(236,70),(301,6),(247,93),(203,105),
342:(85,62),(161,149),(88,162),(230,135),(177,74),(254,116),(41,9),(108,90),(172,21),(177,57),(273,17),(315,152),(77,86),(29,56),(152,34),(17,153),(236,70),(301,5),(247,93),(203,105),
343:(84,62),(161,149),(88,162),(230,136),(177,74),(254,116),(41,9),(108,90),(172,21),(177,57),(273,17),(315,152),(77,86),(29,56),(152,34),(17,153),(236,70),(301,5),(247,93),(203,105),
344:(84,61),(161,149),(88,162),(230,137),(177,74),(254,116),(41,9),(108,90),(172,21),(177,57),(273,17),(315,152),(77,86),(29,56),(152,34),(17,153),(236,70),(301,5),(247,93),(203,105),
345:(83,61),(161,149),(88,162),(230,138),(177,74),(254,116),(41,9),(108,90),(172,21),(177,57),(273,17),(315,152),(77,86),(29,56),(152,34),(17,153),(236,70),(301,5),(247,93),(203,105),
346:(82,61),(161,149),(88,162),(230,139),(177,74),(254,116),(41,9),(108,90),(172,21),(177,57),(273,17),(315,152),(77,86),(29,56),(152,34),(17,153),(236,70),(301,5),(247,93),(203,105),
347:(81,61),(161,149),(88,162),(230,140),(177,74),(254,116),(41,9),(108,90),(172,21),(177,57),(273,17),(315,152),(77,86),(29,56),(152,34),(17,153),(236,70),(301,5),(247,93),(203,105),
348:(80,61),(161,149),(88,162),(230,141),(177,74),(254,116),(41,9),(108,90),(172,21),(177,57),(273,17),(315,152),(77,86),(29,56),(152,34),(17,153),(236,70),(301,5),(247,93),(203,105),
349:(79,61),(161,149),(88,162),(230,142),(177,74),(254,116),(41,9),(108,90),(172,21),(177,57),(273,17),(315,152),(77,86),(29,56),(152,34),(17,153),(236,70),(301,5),(247,93),(203,105),
350:(78,61),(161,149),(88,162),(230,143),(177,74),(254,116),(41,9),(108,90),(172,21),(177,57),(273,17),(315,152),(77,86),(29,56),(152,34),(17,153),(236,70),(301,5),(247,93),(203,105),
351:(77,61),(161,149),(88,162),(230,144),(177,74),(254,116),(41,9),(108,90),(172,21),(177,57),(273,17),(315,152),(77,86),(29,56),(152,34),(17,153),(236,70),(301,5),(247,93),(203,105),
352:(76,61),(161,149),(88,162),(230,145),(177,74),(254,116),(41,9),(108,90),(172,21),(177,57),(273,17),(315,152),(77,86),(29,56),(152,34),(17,153),(236,70),(301,5),(247,93),(203,105),
353:(75,61),(161,149),(88,162),(230,146),(177,74),(254,116),(41,9),(108,90),(172,21),(177,57),(273,17),(315,152),(77,86),(29,56),(152,34),(17,153),(236,70),(301,5),(247,93),(203,105),
354:(74,61),(161,149),(88,162),(230,147),(177,74),(254,116),(41,9),(108,90),(172,21),(177,57),(273,17),(315,152),(77,86),(29,56),(152,34),(17,153),(236,70),(301,5),(247,93),(203,105),
355:(73,61),(161,149),(88,162),(230,148),(177,74),(254,116),(41,9),(108,90),(172,21),(177,57),(273,17),(315,152),(77,86),(29,56),(152,34),(17,153),(236,70),(301,5),(247,93),(203,105),
356:(72,61),(161,149),(88,162),(230,149),(177,74),(254,116),(41,9),(108,90),(172,21),(177,57),(273,17),(315,152),(77,86),(29,56),(152,34),(17,153),(236,70),(301,5),(247,93),(203,105),
357:(71,61),(161,149),(88,162),(230,150),(177,74),(254,116),(41,9),(108,90),(172,21),(177,57),(273,17),(315,152),(77,86),(29,56),(152,34),(17,153),(236,70),(301,5),(247,93),(203,105),
358:(70,61),(161,149),(88,162),(231,150),(177,74),(254,116),(41,9),(108,90),(172,21),(177,57),(273,17),(315,152),(77,86),(29,56),(152,34),(17,153),(236,70),(301,5),(247,93),(203,105),
359:(69,61),(161,149),(88,162),(232,150),(177,74),(254,116),(41,9),(108,90),(172,21),(177,57),(273,17),(315,152),(77,86),(29,56),(152,34),(17,153),(236,70),(301,5),(247,93),(203,105),
360:(68,61),(161,149),(88,162),(233,150),(177,74),(254,116),(41,9),(108,90),(172,21),(177,57),(273,17),(315,152),(77,86),(29,56),(152,34),(17,153),(236,70),(301,5),(247,93),(203,105),
361:(67,61),(161,149),(88,162),(234,150),(177,74),(254,116),(41,9),(108,90),(172,21),(177,57),(273,17),(315,152),(77,86),(29,56),(152,34),(17,153),(236,70),(301,5),(247,93),(203,105),
362:(66,61),(161,149),(88,162),(235,150),(177,74),(254,116),(41,9),(108,90),(172,21),(177,57),(273,17),(315,152),(77,86),(29,56),(152,34),(17,153),(236,70),(301,5),(247,93),(203,105),
363:(65,61),(161,149),(88,162),(236,150),(177,74),(254,116),(41,9),(108,90),(172,21),(177,57),(273,17),(315,152),(77,86),(29,56),(152,34),(17,153),(236,70),(301,5),(247,93),(203,105),
364:(64,61),(161,149),(88,162),(237,150),(177,74),(254,116),(41,9),(108,90),(172,21),(177,57),(273,17),(315,152),(77,86),(29,56),(152,34),(17,153),(236,70),(301,5),(247,93),(203,105),
365:(63,61),(161,149),(88,162),(238,150),(177,74),(254,116),(41,9),(108,90),(172,21),(177,57),(273,17),(315,152),(77,86),(29,56),(152,34),(17,153),(236,70),(301,5),(247,93),(203,105),
366:(62,61),(161,149),(88,162),(238,150),(177,74),(254,116),(41,9),(108,90),(172,21),(177,57),(273,17),(315,152),(77,86),(29,56),(152,34),(17,153),(236,70),(301,5),(247,93),(203,105),
367:(62,60),(161,149),(88,162),(238,150),(177,74),(254,116),(41,9),(108,90),(172,21),(177,57),(273,17),(315,152),(77,86),(29,56),(152,34),(17,153),(236,70),(301,5),(247,93),(203,105),
368:(62,59),(161,149),(88,162),(238,150),(177,74),(254,116),(41,9),(108,90),(172,21),(177,57),(273,17),(315,152),(77,86),(29,56),(152,34),(17,153),(236,70),(301,5),(247,93),(203,105),
369:(62,58),(161,149),(88,162),(238,150),(177,74),(254,116),(41,9),(108,90),(172,21),(177,57),(273,17),(315,152),(77,86),(29,56),(152,34),(17,153),(236,70),(301,5),(247,93),(203,105),
370:(62,57),(161,149),(88,162),(238,150),(177,74),(254,116),(41,9),(108,90),(172,21),(177,57),(273,17),(315,152),(77,86),(29,56),(152,34),(17,153),(236,70),(301,5),(247,93),(203,105),
371:(61,57),(161,149),(88,162),(238,150),(177,74),(254,116),(41,9),(108,90),(172,21),(177,57),(273,17),(315,152),(77,86),(29,56),(152,34),(17,153),(236,70),(301,5),(247,93),(203,105),
372:(61,56),(161,149),(88,162),(238,150),(177,74),(254,116),(41,9),(108,90),(172,21),(177,57),(273,17),(315,152),(77,86),(29,56),(152,34),(17,153),(236,70),(301,5),(247,93),(203,105),
373:(61,55),(161,149),(88,162),(238,150),(177,74),(254,116),(41,9),(108,90),(172,21),(177,57),(273,17),(315,152),(77,86),(29,56),(152,34),(17,153),(236,70),(301,5),(247,93),(203,105),
374:(61,54),(161,149),(88,162),(238,150),(177,74),(254,116),(41,9),(108,90),(172,21),(177,57),(273,17),(315,152),(77,86),(29,56),(152,34),(17,153),(236,70),(301,5),(247,93),(203,105),
375:(61,53),(161,149),(88,162),(238,150),(177,74),(254,116),(41,9),(108,90),(172,21),(177,57),(273,17),(315,152),(77,86),(29,56),(152,34),(17,153),(236,70),(301,5),(247,93),(203,105),
376:(60,53),(161,149),(88,162),(238,150),(177,74),(254,116),(41,9),(108,90),(172,21),(177,57),(273,17),(315,152),(77,86),(29,56),(152,34),(17,153),(236,70),(301,5),(247,93),(203,105),
377:(59,53),(161,149),(88,162),(238,150),(177,74),(254,116),(41,9),(108,90),(172,21),(177,57),(273,17),(315,152),(77,86),(29,56),(152,34),(17,153),(236,70),(301,5),(247,93),(203,105),
378:(58,53),(161,149),(88,162),(238,150),(177,74),(254,116),(41,9),(108,90),(172,21),(177,57),(273,17),(315,152),(77,86),(29,56),(152,34),(17,153),(236,70),(301,5),(247,93),(203,105),
379:(57,53),(161,149),(88,162),(238,150),(177,74),(254,116),(41,9),(108,90),(172,21),(177,57),(273,17),(315,152),(77,86),(29,56),(152,34),(17,153),(236,70),(301,5),(247,93),(203,105),
380:(56,53),(161,149),(88,162),(238,150),(177,74),(254,116),(41,9),(108,90),(172,21),(177,57),(273,17),(315,152),(77,86),(29,56),(152,34),(17,153),(236,70),(301,5),(247,93),(203,105),
381:(55,53),(161,149),(88,162),(238,150),(177,74),(254,116),(41,9),(108,90),(172,21),(177,57),(273,17),(315,152),(77,86),(29,56),(152,34),(17,153),(236,70),(301,5),(247,93),(203,105),
382:(54,53),(161,149),(88,162),(238,150),(177,74),(254,116),(41,9),(108,90),(172,21),(177,57),(273,17),(315,152),(77,86),(29,56),(152,34),(17,153),(236,70),(301,5),(247,93),(203,105),
383:(53,53),(161,149),(88,162),(238,150),(177,74),(254,116),(41,9),(108,90),(172,21),(177,57),(273,17),(315,152),(77,86),(29,56),(152,34),(17,153),(236,70),(301,5),(247,93),(203,105),
384:(52,53),(161,149),(88,162),(238,150),(177,74),(254,116),(41,9),(108,90),(172,21),(177,57),(273,17),(315,152),(77,86),(29,56),(152,34),(17,153),(236,70),(301,5),(247,93),(203,105),
385:(51,53),(161,149),(88,162),(238,150),(177,74),(254,116),(41,9),(108,90),(172,21),(177,57),(273,17),(315,152),(77,86),(29,56),(152,34),(17,153),(236,70),(301,5),(247,93),(203,105),
386:(50,53),(161,149),(88,162),(238,150),(177,74),(254,116),(41,9),(108,90),(172,21),(177,57),(273,17),(315,152),(77,86),(29,56),(152,34),(17,153),(236,70),(301,5),(247,93),(203,105),
387:(50,52),(161,149),(88,162),(238,150),(177,74),(254,116),(41,9),(108,90),(172,21),(177,57),(273,17),(315,152),(77,86),(29,56),(152,34),(17,153),(236,70),(301,5),(247,93),(203,105),
388:(50,51),(161,149),(88,162),(238,150),(177,74),(254,116),(41,9),(108,90),(172,21),(177,57),(273,17),(315,152),(77,86),(29,56),(152,34),(17,153),(236,70),(301,5),(247,93),(203,105),
389:(49,51),(161,149),(88,162),(238,150),(177,74),(254,116),(41,9),(108,90),(172,21),(177,57),(273,17),(315,152),(77,86),(29,56),(152,34),(17,153),(236,70),(301,5),(247,93),(203,105),
390:(49,50),(161,149),(88,162),(238,150),(177,74),(254,116),(41,9),(108,90),(172,21),(177,57),(273,17),(315,152),(77,86),(29,56),(152,34),(17,153),(236,70),(301,5),(247,93),(203,105),
391:(48,50),(161,149),(88,162),(238,150),(177,74),(254,116),(41,9),(108,90),(172,21),(177,57),(273,17),(315,152),(77,86),(29,56),(152,34),(17,153),(236,70),(301,5),(247,93),(203,105),
392:(47,50),(161,149),(88,162),(238,150),(177,74),(254,116),(41,9),(108,90),(172,21),(177,57),(273,17),(315,152),(77,86),(29,56),(152,34),(17,153),(236,70),(301,5),(247,93),(203,105),
393:(47,49),(161,149),(88,162),(238,150),(177,74),(254,116),(41,9),(108,90),(172,21),(177,57),(273,17),(315,152),(77,86),(29,56),(152,34),(17,153),(236,70),(301,5),(247,93),(203,105),
394:(47,48),(161,149),(88,162),(238,150),(177,74),(254,116),(41,9),(108,90),(172,21),(177,57),(273,17),(315,152),(77,86),(29,56),(152,34),(17,153),(236,70),(301,5),(247,93),(203,105),
395:(46,48),(161,149),(88,162),(238,150),(177,74),(254,116),(41,9),(108,90),(172,21),(177,57),(273,17),(315,152),(77,86),(29,56),(152,34),(17,153),(236,70),(301,5),(247,93),(203,105),
396:(46,47),(161,149),(88,162),(238,150),(177,74),(254,116),(41,9),(108,90),(172,21),(177,57),(273,17),(315,152),(77,86),(29,56),(152,34),(17,153),(236,70),(301,5),(247,93),(203,105),
397:(46,46),(161,149),(88,162),(238,150),(177,74),(254,116),(41,9),(108,90),(172,21),(177,57),(273,17),(315,152),(77,86),(29,56),(152,34),(17,153),(236,70),(301,5),(247,93),(203,105),
398:(46,45),(161,149),(88,162),(238,150),(177,74),(254,116),(41,9),(108,90),(172,21),(177,57),(273,17),(315,152),(77,86),(29,56),(152,34),(17,153),(236,70),(301,5),(247,93),(203,105),
399:(45,45),(161,149),(88,162),(238,150),(177,74),(254,116),(41,9),(108,90),(172,21),(177,57),(273,17),(315,152),(77,86),(29,56),(152,34),(17,153),(236,70),(301,5),(247,93),(203,105),
400:(45,44),(161,149),(88,162),(238,150),(177,74),(254,116),(41,9),(108,90),(172,21),(177,57),(273,17),(315,152),(77,86),(29,56),(152,34),(17,153),(236,70),(301,5),(247,93),(203,105),
401:(45,43),(161,149),(88,162),(238,150),(177,74),(254,116),(41,9),(108,90),(172,21),(177,57),(273,17),(315,152),(77,86),(29,56),(152,34),(17,153),(236,70),(301,5),(247,93),(203,105),
402:(44,43),(161,149),(88,162),(238,150),(177,74),(254,116),(41,9),(108,90),(172,21),(177,57),(273,17),(315,152),(77,86),(29,56),(152,34),(17,153),(236,70),(301,5),(247,93),(203,105),
403:(43,43),(161,149),(88,162),(238,150),(177,74),(254,116),(41,9),(108,90),(172,21),(177,57),(273,17),(315,152),(77,86),(29,56),(152,34),(17,153),(236,70),(301,5),(247,93),(203,105),
404:(42,43),(161,149),(88,162),(238,150),(177,74),(254,116),(41,9),(108,90),(172,21),(177,57),(273,17),(315,152),(77,86),(29,56),(152,34),(17,153),(236,70),(301,5),(247,93),(203,105),
405:(42,42),(161,149),(88,162),(238,150),(177,74),(254,116),(41,9),(108,90),(172,21),(177,57),(273,17),(315,152),(77,86),(29,56),(152,34),(17,153),(236,70),(301,5),(247,93),(203,105),
406:(42,41),(161,149),(88,162),(238,150),(177,74),(254,116),(41,9),(108,90),(172,21),(177,57),(273,17),(315,152),(77,86),(29,56),(152,34),(17,153),(236,70),(301,5),(247,93),(203,105),
407:(41,41),(161,149),(88,162),(238,150),(177,74),(254,116),(41,9),(108,90),(172,21),(177,57),(273,17),(315,152),(77,86),(29,56),(152,34),(17,153),(236,70),(301,5),(247,93),(203,105),
408:(40,41),(161,149),(88,162),(238,150),(177,74),(254,116),(41,9),(108,90),(172,21),(177,57),(273,17),(315,152),(77,86),(29,56),(152,34),(17,153),(236,70),(301,5),(247,93),(203,105),
409:(40,40),(161,149),(88,162),(238,150),(177,74),(254,116),(41,9),(108,90),(172,21),(177,57),(273,17),(315,152),(77,86),(29,56),(152,34),(17,153),(236,70),(301,5),(247,93),(203,105),
410:(39,40),(161,149),(88,162),(238,150),(177,74),(254,116),(41,9),(108,90),(172,21),(177,57),(273,17),(315,152),(77,86),(29,56),(152,34),(17,153),(236,70),(301,5),(247,93),(203,105),
411:(38,40),(161,149),(88,162),(238,150),(177,74),(254,116),(41,9),(108,90),(172,21),(177,57),(273,17),(315,152),(77,86),(29,56),(152,34),(17,153),(236,70),(301,5),(247,93),(203,105),
412:(38,39),(161,149),(88,162),(238,150),(177,74),(254,116),(41,9),(108,90),(172,21),(177,57),(273,17),(315,152),(77,86),(29,56),(152,34),(17,153),(236,70),(301,5),(247,93),(203,105),
413:(38,38),(161,149),(88,162),(238,150),(177,74),(254,116),(41,9),(108,90),(172,21),(177,57),(273,17),(315,152),(77,86),(29,56),(152,34),(17,153),(236,70),(301,5),(247,93),(203,105),
414:(37,38),(161,149),(88,162),(238,150),(177,74),(254,116),(41,9),(108,90),(172,21),(177,57),(273,17),(315,152),(77,86),(29,56),(152,34),(17,153),(236,70),(301,5),(247,93),(203,105),
415:(37,37),(161,149),(88,162),(238,150),(177,74),(254,116),(41,9),(108,90),(172,21),(177,57),(273,17),(315,152),(77,86),(29,56),(152,34),(17,153),(236,70),(301,5),(247,93),(203,105),
416:(37,36),(161,149),(88,162),(238,150),(177,74),(254,116),(41,9),(108,90),(172,21),(177,57),(273,17),(315,152),(77,86),(29,56),(152,34),(17,153),(236,70),(301,5),(247,93),(203,105),
417:(36,36),(161,149),(88,162),(238,150),(177,74),(254,116),(41,9),(108,90),(172,21),(177,57),(273,17),(315,152),(77,86),(29,56),(152,34),(17,153),(236,70),(301,5),(247,93),(203,105),
418:(35,36),(161,149),(88,162),(238,150),(177,74),(254,116),(41,9),(108,90),(172,21),(177,57),(273,17),(315,152),(77,86),(29,56),(152,34),(17,153),(236,70),(301,5),(247,93),(203,105),
419:(34,36),(161,149),(88,162),(238,150),(177,74),(254,116),(41,9),(108,90),(172,21),(177,57),(273,17),(315,152),(77,86),(29,56),(152,34),(17,153),(236,70),(301,5),(247,93),(203,105),
420:(33,36),(161,149),(88,162),(238,150),(177,74),(254,116),(41,9),(108,90),(172,21),(177,57),(273,17),(315,152),(77,86),(29,56),(152,34),(17,153),(236,70),(301,5),(247,93),(203,105),
421:(32,36),(161,149),(88,162),(238,150),(177,74),(254,116),(41,9),(108,90),(172,21),(177,57),(273,17),(315,152),(77,86),(29,56),(152,34),(17,153),(236,70),(301,5),(247,93),(203,105),
